id,vehicle_id,stop_id,delay,scheduled_time,actual_time,scheduled_time_12hr,actual_time_12hr,actual_delay
2101012,3024,BASEWES2,928,1730228038,1730228966,02:53:58 PM,03:09:26 PM,928
2101012,3024,BASEWES4,906,1730228084,1730228990,02:54:44 PM,03:09:50 PM,906
2101012,3024,BASECOTS,880,1730228142,1730229022,02:55:42 PM,03:10:22 PM,880
2101012,3024,BEACBAS2,866,1730228215,1730229081,02:56:55 PM,03:11:21 PM,866
2101012,3024,ANDOCOM2,868,1730228256,1730229124,02:57:36 PM,03:12:04 PM,868
2101012,3024,ANDOVIG2,854,1730228300,1730229154,02:58:20 PM,03:12:34 PM,854
2101012,3024,ANDOELMG,839,1730228339,1730229178,02:58:59 PM,03:12:58 PM,839
2101012,3024,ANDOVIS2,813,1730228412,1730229225,03:00:12 PM,03:13:45 PM,813
2101012,3024,VISCGARD,774,1730228510,1730229284,03:01:50 PM,03:14:44 PM,774
2101012,3024,VISCFOXM,753,1730228556,1730229309,03:02:36 PM,03:15:09 PM,753
2101012,3024,VISCWON2,731,1730228624,1730229355,03:03:44 PM,03:15:55 PM,731
2101012,3024,WESTMAL2,685,1730228700,1730229385,03:05:00 PM,03:16:25 PM,685
2101085,3024,WESTMAL2,625,1730228820,1730229445,03:07:00 PM,03:17:25 PM,625
2101085,3024,VISCWON1,596,1730228867,1730229463,03:07:47 PM,03:17:43 PM,596
2101085,3024,VISCWON5,593,1730228893,1730229486,03:08:13 PM,03:18:06 PM,593
2101085,3024,WONDMMA4,569,1730228958,1730229527,03:09:18 PM,03:18:47 PM,569
2101085,3024,MCMAWON2,557,1730228996,1730229553,03:09:56 PM,03:19:13 PM,557
2101085,3024,DALHMCM1,531,1730229057,1730229588,03:10:57 PM,03:19:48 PM,531
2101085,3024,DALHBRI2,504,1730229120,1730229624,03:12:00 PM,03:20:24 PM,504
2101085,3024,SOUTSWCC,482,1730229234,1730229716,03:13:54 PM,03:21:56 PM,482
2101085,3024,SOUTPINE,460,1730229309,1730229769,03:15:09 PM,03:22:49 PM,460
2101085,3024,WONDSDA1,470,1730229357,1730229827,03:15:57 PM,03:23:47 PM,470
2101085,3024,WONDPVA1,431,1730229428,1730229859,03:17:08 PM,03:24:19 PM,431
2101085,3024,WONDMMA3,414,1730229459,1730229873,03:17:39 PM,03:24:33 PM,414
2101085,3024,WONDMMA1,390,1730229506,1730229896,03:18:26 PM,03:24:56 PM,390
2101085,3024,VISCWON3,372,1730229600,1730229972,03:20:00 PM,03:26:12 PM,372
2101085,3024,VISCSTEE,342,1730229656,1730229998,03:20:56 PM,03:26:38 PM,342
2101085,3024,VISCPIVA,325,1730229699,1730230024,03:21:39 PM,03:27:04 PM,325
2101085,3024,ANDOVIS3,305,1730229790,1730230095,03:23:10 PM,03:28:15 PM,305
2101085,3024,ANDONOVE,280,1730229880,1730230160,03:24:40 PM,03:29:20 PM,280
2101085,3024,ANDOVIG1,277,1730229896,1730230173,03:24:56 PM,03:29:33 PM,277
2101085,3024,ANDOCOM1,279,1730229936,1730230215,03:25:36 PM,03:30:15 PM,279
2101085,3024,BEACBAS1,296,1730229975,1730230271,03:26:15 PM,03:31:11 PM,296
2101085,3024,BASEWES3,278,1730230033,1730230311,03:27:13 PM,03:31:51 PM,278
2101085,3024,BASEWES1,265,1730230087,1730230352,03:28:07 PM,03:32:32 PM,265
2101085,3024,BASEMGR1,262,1730230137,1730230399,03:28:57 PM,03:33:19 PM,262
2101085,3024,BASEWHA1,282,1730230200,1730230482,03:30:00 PM,03:34:42 PM,282
2101085,3024,BASEDUND,269,1730230236,1730230505,03:30:36 PM,03:35:05 PM,269
2101085,3024,CATHBASE,245,1730230303,1730230548,03:31:43 PM,03:35:48 PM,245
2101085,3024,CATHDEVO,224,1730230359,1730230583,03:32:39 PM,03:36:23 PM,224
2101085,3024,CATHLANG,211,1730230405,1730230616,03:33:25 PM,03:36:56 PM,211
2101085,3024,CATHTECU,202,1730230455,1730230657,03:34:15 PM,03:37:37 PM,202
2101085,3024,CATHELMW,195,1730230509,1730230704,03:35:09 PM,03:38:24 PM,195
2101085,3024,BRUCWORT,197,1730230566,1730230763,03:36:06 PM,03:39:23 PM,197
2101085,3024,BRUCMARL,190,1730230597,1730230787,03:36:37 PM,03:39:47 PM,190
2101085,3024,RIDOCRA1,192,1730230643,1730230835,03:37:23 PM,03:40:35 PM,192
2101085,3024,RIDOING1,170,1730230677,1730230847,03:37:57 PM,03:40:47 PM,170
2101085,3024,HORTRID1,149,1730230727,1730230876,03:38:47 PM,03:41:16 PM,149
2101085,3024,RICHHOT1,149,1730230792,1730230941,03:39:52 PM,03:42:21 PM,149
2101085,3024,RICHKIN1,196,1730230860,1730231056,03:41:00 PM,03:44:16 PM,196
2101085,3024,RICHQUEE,107,1730230980,1730231087,03:43:00 PM,03:44:47 PM,107
2101085,3024,RICHQUEE,167,1730230980,1730231147,03:43:00 PM,03:45:47 PM,167
2101085,3024,RICHKEN1,112,1730231068,1730231180,03:44:28 PM,03:46:20 PM,112
2101085,3024,RICHHYM1,86,1730231148,1730231234,03:45:48 PM,03:47:14 PM,86
2101085,3024,RICHPALL,81,1730231194,1730231275,03:46:34 PM,03:47:55 PM,81
2101085,3024,RICHOXF1,103,1730231290,1730231393,03:48:10 PM,03:49:53 PM,103
2101085,3024,RICHJAM1,73,1730231336,1730231409,03:48:56 PM,03:50:09 PM,73
2101085,3024,RICHGRO1,39,1730231412,1730231451,03:50:12 PM,03:50:51 PM,39
2101085,3024,RICHCHE1,33,1730231460,1730231493,03:51:00 PM,03:51:33 PM,33
2101085,3024,CHEAWAT1,12,1730231546,1730231558,03:52:26 PM,03:52:38 PM,12
2101085,3024,CHEACOLB,-7,1730231602,1730231595,03:53:22 PM,03:53:15 PM,-7
2101085,3024,CHEAMAI1,-30,1730231654,1730231624,03:54:14 PM,03:53:44 PM,-30
2101085,3024,CHEAWIL1,-50,1730231702,1730231652,03:55:02 PM,03:54:12 PM,-50
2101085,3024,CHEAADE1,0,1730231760,1730231760,03:56:00 PM,03:56:00 PM,0
2101085,3024,CHEABRA1,-46,1730231842,1730231796,03:57:22 PM,03:56:36 PM,-46
2101085,3024,CHEAGAM1,-60,1730231889,1730231829,03:58:09 PM,03:57:09 PM,-60
2101085,3024,CHEABARK,-66,1730231934,1730231868,03:58:54 PM,03:57:48 PM,-66
2101085,3024,CHEABOU1,-67,1730231972,1730231905,03:59:32 PM,03:58:25 PM,-67
2101085,3024,CHEAMCNA,-62,1730232039,1730231977,04:00:39 PM,03:59:37 PM,-62
2101085,3024,MCNAVIC3,-74,1730232095,1730232021,04:01:35 PM,04:00:21 PM,-74
2101085,3024,MCNAVIC1,-73,1730232116,1730232043,04:01:56 PM,04:00:43 PM,-73
2101085,3024,MCNAHUR1,-59,1730232166,1730232107,04:02:46 PM,04:01:47 PM,-59
2101085,3024,HUROVES1,-63,1730232232,1730232169,04:03:52 PM,04:02:49 PM,-63
2101085,3024,HUROHIG1,0,1730232300,1730232300,04:05:00 PM,04:05:00 PM,0
2101085,3024,HUROWEB1,-18,1730232383,1730232365,04:06:23 PM,04:06:05 PM,-18
2101085,3024,HUROSAN1,-20,1730232437,1730232417,04:07:17 PM,04:06:57 PM,-20
2101085,3024,BECKTOUK,-30,1730232502,1730232472,04:08:22 PM,04:07:52 PM,-30
2101085,3024,BECKLANC,-38,1730232532,1730232494,04:08:52 PM,04:08:14 PM,-38
2101085,3024,BECKLANG,-46,1730232554,1730232508,04:09:14 PM,04:08:28 PM,-46
2101085,3024,BECKTUDO,-53,1730232575,1730232522,04:09:35 PM,04:08:42 PM,-53
2101085,3024,BECKSORR,-48,1730232602,1730232554,04:10:02 PM,04:09:14 PM,-48
2101085,3024,SORRPERT,-54,1730232653,1730232599,04:10:53 PM,04:09:59 PM,-54
2101085,3024,SORRHURO,-51,1730232685,1730232634,04:11:25 PM,04:10:34 PM,-51
2101085,3024,OAKVHURO,-84,1730232720,1730232636,04:12:00 PM,04:10:36 PM,-84
2110361,3030,SARNWES2,245,1730229121,1730229366,03:12:01 PM,03:16:06 PM,245
2110361,3030,SARNBRES,166,1730229239,1730229405,03:13:59 PM,03:16:45 PM,166
2110361,3030,SARNSLEI,93,1730229355,1730229448,03:15:55 PM,03:17:28 PM,93
2110361,3030,SARNLEYT,11,1730229490,1730229501,03:18:10 PM,03:18:21 PM,11
2110361,3030,WONDSAR2,0,1730229660,1730229660,03:21:00 PM,03:21:00 PM,0
2110361,3030,WONDBEA2,-89,1730229807,1730229718,03:23:27 PM,03:21:58 PM,-89
2110361,3030,WONDFAR4,-89,1730229876,1730229787,03:24:36 PM,03:23:07 PM,-89
2110361,3030,WONDFAR2,-66,1730229911,1730229845,03:25:11 PM,03:24:05 PM,-66
2110361,3030,WONDOXF2,0,1730229960,1730229960,03:26:00 PM,03:26:00 PM,0
2110361,3030,WONDOXF4,-5,1730229999,1730229994,03:26:39 PM,03:26:34 PM,-5
2110361,3030,WONDKIW2,-25,1730230045,1730230020,03:27:25 PM,03:27:00 PM,-25
2110361,3030,WONDRIV2,-52,1730230097,1730230045,03:28:17 PM,03:27:25 PM,-52
2110361,3030,WONDSPRI,-146,1730230310,1730230164,03:31:50 PM,03:29:24 PM,-146
2110361,3030,WONDROSE,-163,1730230368,1730230205,03:32:48 PM,03:30:05 PM,-163
2110361,3030,WONDCOM2,-138,1730230468,1730230330,03:34:28 PM,03:32:10 PM,-138
2110361,3030,WONDVIL2,-133,1730230505,1730230372,03:35:05 PM,03:32:52 PM,-133
2110361,3030,WONDVIS4,-142,1730230564,1730230422,03:36:04 PM,03:33:42 PM,-142
2110361,3030,WESTMAL4,0,1730230620,1730230620,03:37:00 PM,03:37:00 PM,0
2110361,3030,VISCWON1,-2,1730230680,1730230678,03:38:00 PM,03:37:58 PM,-2
2110361,3030,VISCWON5,-15,1730230714,1730230699,03:38:34 PM,03:38:19 PM,-15
2110361,3030,WONDMMA4,-52,1730230798,1730230746,03:39:58 PM,03:39:06 PM,-52
2110361,3030,WONDMMA2,-69,1730230849,1730230780,03:40:49 PM,03:39:40 PM,-69
2110361,3030,WONDPVA2,-70,1730230905,1730230835,03:41:45 PM,03:40:35 PM,-70
2110361,3030,WONDPVA4,-91,1730230946,1730230855,03:42:26 PM,03:40:55 PM,-91
2110361,3030,SOUTWON1,-79,1730231016,1730230937,03:43:36 PM,03:42:17 PM,-79
2110361,3030,SOUTSING,-138,1730231091,1730230953,03:44:51 PM,03:42:33 PM,-138
2110361,3030,SOUTAND1,0,1730231160,1730231160,03:46:00 PM,03:46:00 PM,0
2110361,3030,SOUTSPRI,-17,1730231198,1730231181,03:46:38 PM,03:46:21 PM,-17
2110361,3030,SOUTNOD1,-28,1730231238,1730231210,03:47:18 PM,03:46:50 PM,-28
2110361,3030,SOUTNOD3,-49,1730231267,1730231218,03:47:47 PM,03:46:58 PM,-49
2110361,3030,SOUTWHA1,-26,1730231335,1730231309,03:48:55 PM,03:48:29 PM,-26
2110361,3030,SOUTWHA3,-35,1730231361,1730231326,03:49:21 PM,03:48:46 PM,-35
2110361,3030,SOUTWHOK,-57,1730231423,1730231366,03:50:23 PM,03:49:26 PM,-57
2110361,3030,SOUTJAL1,-48,1730231526,1730231478,03:52:06 PM,03:51:18 PM,-48
2110361,3030,SOUTDUL1,-54,1730231557,1730231503,03:52:37 PM,03:51:43 PM,-54
2110361,3030,SOUTNIX1,-73,1730231595,1730231522,03:53:15 PM,03:52:02 PM,-73
2110361,3030,SOUTVER1,-99,1730231689,1730231590,03:54:49 PM,03:53:10 PM,-99
2110361,3030,WELLHARL,,,,,,
2110361,3030,WELLMON4,,,,,,
2110361,3030,WELLMON2,,,,,,
2110361,3030,WELLBRA2,-27,1730231894,1730231867,03:58:14 PM,03:57:47 PM,-27
2110361,3030,WHITOMA3,-72,1730231940,1730231868,03:59:00 PM,03:57:48 PM,-72
2110361,3030,WHITOMA3,0,1730232840,1730232840,04:14:00 PM,04:14:00 PM,0
2110361,3030,BRADWEL3,0,1730232981,1730232981,04:16:21 PM,04:16:21 PM,0
2110361,3030,BRADWIL1,0,1730233028,1730233028,04:17:08 PM,04:17:08 PM,0
2110361,3030,BRADAGN1,0,1730233054,1730233054,04:17:34 PM,04:17:34 PM,0
2110361,3030,BRADADE1,0,1730233104,1730233104,04:18:24 PM,04:18:24 PM,0
2110361,3030,BRADADE3,0,1730233157,1730233157,04:19:17 PM,04:19:17 PM,0
2110361,3030,ADELOSG5,0,1730233197,1730233197,04:19:57 PM,04:19:57 PM,0
2110361,3030,ADELOSG7,0,1730233239,1730233239,04:20:39 PM,04:20:39 PM,0
2110361,3030,ADELOSG3,0,1730233314,1730233314,04:21:54 PM,04:21:54 PM,0
2110361,3030,SOUTADE1,0,1730233366,1730233366,04:22:46 PM,04:22:46 PM,0
2110361,3030,SOUTMIL5,0,1730233394,1730233394,04:23:14 PM,04:23:14 PM,0
2110361,3030,SOUTMIL3,0,1730233433,1730233433,04:23:53 PM,04:23:53 PM,0
2110361,3030,SOUTMIL1,0,1730233500,1730233500,04:25:00 PM,04:25:00 PM,0
2110361,3030,SOUTKOR1,0,1730233555,1730233555,04:25:55 PM,04:25:55 PM,0
2110361,3030,SOUTPOM1,0,1730233592,1730233592,04:26:32 PM,04:26:32 PM,0
2110361,3030,PONDPONV,0,1730233674,1730233674,04:27:54 PM,04:27:54 PM,0
2110361,3030,PONDMIR3,0,1730233712,1730233712,04:28:32 PM,04:28:32 PM,0
2110361,3030,PONDMIR1,0,1730233740,1730233740,04:29:00 PM,04:29:00 PM,0
2110361,3030,PONDDEV1,0,1730233790,1730233790,04:29:50 PM,04:29:50 PM,0
2110361,3030,PONDBAN1,0,1730233814,1730233814,04:30:14 PM,04:30:14 PM,0
2110361,3030,PONDOLDH,0,1730233880,1730233880,04:31:20 PM,04:31:20 PM,0
2110361,3030,COMMPOM3,0,1730233935,1730233935,04:32:15 PM,04:32:15 PM,0
2110361,3030,COMMDEV1,0,1730233980,1730233980,04:33:00 PM,04:33:00 PM,0
2110361,3030,COMMHIG1,0,1730234032,1730234032,04:33:52 PM,04:33:52 PM,0
2110361,3030,HIGBHAM1,0,1730234268,1730234268,04:37:48 PM,04:37:48 PM,0
2110361,3030,HIGBMAGE,0,1730234291,1730234291,04:38:11 PM,04:38:11 PM,0
2110361,3030,HIGBTRA1,0,1730234338,1730234338,04:38:58 PM,04:38:58 PM,0
2110361,3030,HIGBBRY1,0,1730234400,1730234400,04:40:00 PM,04:40:00 PM,0
2110361,3030,HIGBWIL1,0,1730234450,1730234450,04:40:50 PM,04:40:50 PM,0
2110361,3030,HIGBBEA1,0,1730234499,1730234499,04:41:39 PM,04:41:39 PM,0
2110361,3030,HIGBDUN1,0,1730234580,1730234580,04:43:00 PM,04:43:00 PM,0
2110361,3030,HIGBLPH1,,,,,,
2110361,3030,HIGBOXF1,,,,,,
2110361,3030,HIGBOXF3,,,,,,
2110361,3030,HIGBLAN1,0,1730234879,1730234879,04:47:59 PM,04:47:59 PM,0
2110361,3030,HIGBCHE1,0,1730234920,1730234920,04:48:40 PM,04:48:40 PM,0
2110361,3030,HIGBGOD1,0,1730234965,1730234965,04:49:25 PM,04:49:25 PM,0
2110361,3030,HIGBHURO,0,1730235019,1730235019,04:50:19 PM,04:50:19 PM,0
2110361,3030,HIGBHIC1,0,1730235068,1730235068,04:51:08 PM,04:51:08 PM,0
2110361,3030,HIGBFUL1,0,1730235102,1730235102,04:51:42 PM,04:51:42 PM,0
2110361,3030,FULLVES2,0,1730235179,1730235179,04:52:59 PM,04:52:59 PM,0
2110361,3030,FULLREGA,0,1730235222,1730235222,04:53:42 PM,04:53:42 PM,0
2110361,3030,MCNAMEL2,0,1730235272,1730235272,04:54:32 PM,04:54:32 PM,0
2110361,3030,MELSBRIA,0,1730235304,1730235304,04:55:04 PM,04:55:04 PM,0
2110361,3030,MELSSUSS,0,1730235358,1730235358,04:55:58 PM,04:55:58 PM,0
2110361,3030,BARKHURO,0,1730235420,1730235420,04:57:00 PM,04:57:00 PM,0
2096741,3031,RIDOTEC1,359,1730228859,1730229218,03:07:39 PM,03:13:38 PM,359
2096741,3031,RIDOGRAN,342,1730228902,1730229244,03:08:22 PM,03:14:04 PM,342
2096741,3031,RIDOCRA1,318,1730228962,1730229280,03:09:22 PM,03:14:40 PM,318
2096741,3031,RIDOING1,297,1730228996,1730229293,03:09:56 PM,03:14:53 PM,297
2096741,3031,HORTRID1,280,1730229047,1730229327,03:10:47 PM,03:15:27 PM,280
2096741,3031,RICHHOT1,263,1730229113,1730229376,03:11:53 PM,03:16:16 PM,263
2096741,3031,RICHKIN1,275,1730229180,1730229455,03:13:00 PM,03:17:35 PM,275
2096741,3031,RICHQUEE,126,1730229360,1730229486,03:16:00 PM,03:18:06 PM,126
2096741,3031,RICHQUEE,186,1730229360,1730229546,03:16:00 PM,03:19:06 PM,186
2096741,3031,RICHKEN1,117,1730229463,1730229580,03:17:43 PM,03:19:40 PM,117
2096741,3031,RICHHYM1,75,1730229556,1730229631,03:19:16 PM,03:20:31 PM,75
2096741,3031,RICHPALL,53,1730229610,1730229663,03:20:10 PM,03:21:03 PM,53
2096741,3031,OXFORIC1,43,1730229720,1730229763,03:22:00 PM,03:22:43 PM,43
2096741,3031,OXFOWEL1,22,1730229751,1730229773,03:22:31 PM,03:22:53 PM,22
2096741,3031,OXFOWAT1,-3,1730229806,1730229803,03:23:26 PM,03:23:23 PM,-3
2096741,3031,OXFOCOL1,-28,1730229859,1730229831,03:24:19 PM,03:23:51 PM,-28
2096741,3031,OXFOMAI1,-59,1730229926,1730229867,03:25:26 PM,03:24:27 PM,-59
2096741,3031,OXFOWIL1,-77,1730229971,1730229894,03:26:11 PM,03:24:54 PM,-77
2096741,3031,OXFOADE1,0,1730230020,1730230020,03:27:00 PM,03:27:00 PM,0
2096741,3031,OXFOELI1,-12,1730230059,1730230047,03:27:39 PM,03:27:27 PM,-12
2096741,3031,OXFOELL1,-26,1730230094,1730230068,03:28:14 PM,03:27:48 PM,-26
2096741,3031,OXFOGAM1,-38,1730230138,1730230100,03:28:58 PM,03:28:20 PM,-38
2096741,3031,OXFOSTE1,-44,1730230171,1730230127,03:29:31 PM,03:28:47 PM,-44
2096741,3031,OXFOQUE1,-38,1730230190,1730230152,03:29:50 PM,03:29:12 PM,-38
2096741,3031,OXFOSTRA,-40,1730230222,1730230182,03:30:22 PM,03:29:42 PM,-40
2096741,3031,OXFOSPIT,-43,1730230260,1730230217,03:31:00 PM,03:30:17 PM,-43
2096741,3031,OXFOCLE1,-50,1730230295,1730230245,03:31:35 PM,03:30:45 PM,-50
2096741,3031,OXFOEMPI,1,1730230332,1730230333,03:32:12 PM,03:32:13 PM,1
2096741,3031,OXFOMORN,,,,,,
2096741,3031,OXFOHIG1,,,,,,
2096741,3031,OXFOHIG3,,,,,,
2096741,3031,FANCOLL2,126,1730230500,1730230626,03:35:00 PM,03:37:06 PM,126
2096680,3031,FANCOLL2,0,1730230860,1730230860,03:41:00 PM,03:41:00 PM,0
2096680,3031,OXFOROE2,0,1730230909,1730230909,03:41:49 PM,03:41:49 PM,0
2096680,3031,OXFOHIG4,,,,,,
2096680,3031,OXFOHIG2,,,,,,
2096680,3031,OXFOWIST,,,,,,
2096680,3031,OXFOOAKS,181,1730231039,1730231220,03:43:59 PM,03:47:00 PM,181
2096680,3031,OXFOCLE2,185,1730231083,1730231268,03:44:43 PM,03:47:48 PM,185
2096680,3031,OXFOLYMA,165,1730231126,1730231291,03:45:26 PM,03:48:11 PM,165
2096680,3031,OXFOSTUA,150,1730231156,1730231306,03:45:56 PM,03:48:26 PM,150
2096680,3031,OXFOQUE2,156,1730231196,1730231352,03:46:36 PM,03:49:12 PM,156
2096680,3031,OXFOSTE2,152,1730231226,1730231378,03:47:06 PM,03:49:38 PM,152
2096680,3031,OXFOGAM2,160,1730231249,1730231409,03:47:29 PM,03:50:09 PM,160
2096680,3031,OXFOELL2,140,1730231303,1730231443,03:48:23 PM,03:50:43 PM,140
2096680,3031,OXFOELI2,120,1730231343,1730231463,03:49:03 PM,03:51:03 PM,120
2096680,3031,OXFOADE2,177,1730231400,1730231577,03:50:00 PM,03:52:57 PM,177
2096680,3031,OXFOWIL2,163,1730231445,1730231608,03:50:45 PM,03:53:28 PM,163
2096680,3031,OXFOMAI2,130,1730231496,1730231626,03:51:36 PM,03:53:46 PM,130
2096680,3031,OXFOCOL2,118,1730231537,1730231655,03:52:17 PM,03:54:15 PM,118
2096680,3031,OXFOWAT2,98,1730231583,1730231681,03:53:03 PM,03:54:41 PM,98
2096680,3031,OXFOWEL2,75,1730231638,1730231713,03:53:58 PM,03:55:13 PM,75
2096680,3031,RICHOXF2,119,1730231700,1730231819,03:55:00 PM,03:56:59 PM,119
2096680,3031,RICHMILL,83,1730231773,1730231856,03:56:13 PM,03:57:36 PM,83
2096680,3031,RICHCENT,41,1730231877,1730231918,03:57:57 PM,03:58:38 PM,41
2096680,3031,RICHKEN2,0,1730231948,1730231948,03:59:08 PM,03:59:08 PM,0
2096680,3031,RICHDUF2,-19,1730231990,1730231971,03:59:50 PM,03:59:31 PM,-19
2096680,3031,RICHQUE1,0,1730232060,1730232060,04:01:00 PM,04:01:00 PM,0
2096680,3031,RICHKIN4,-48,1730232120,1730232072,04:02:00 PM,04:01:12 PM,-48
2096680,3031,RICHKIN4,124,1730232120,1730232244,04:02:00 PM,04:04:04 PM,124
2096680,3031,HORTRIC2,60,1730232254,1730232314,04:04:14 PM,04:05:14 PM,60
2096680,3031,RIDOHORT,12,1730232360,1730232372,04:06:00 PM,04:06:12 PM,12
2096680,3031,RIDOCRA2,-8,1730232419,1730232410,04:06:59 PM,04:06:50 PM,-9
2096680,3031,RIDOELMW,-4,1730232452,1730232448,04:07:32 PM,04:07:28 PM,-4
2096680,3031,RIDOTEC2,-12,1730232510,1730232498,04:08:30 PM,04:08:18 PM,-12
2096680,3031,RIDOWINS,-24,1730232558,1730232534,04:09:18 PM,04:08:54 PM,-24
2096680,3031,RIDOEME2,-28,1730232594,1730232566,04:09:54 PM,04:09:26 PM,-28
2096680,3031,RIDOROSE,-46,1730232639,1730232592,04:10:39 PM,04:09:52 PM,-47
2096680,3031,RIDOBAS2,-50,1730232671,1730232620,04:11:11 PM,04:10:20 PM,-51
2096680,3031,RIDOMOU2,-50,1730232704,1730232654,04:11:44 PM,04:10:54 PM,-50
2096680,3031,UPPECOM2,-34,1730232750,1730232716,04:12:30 PM,04:11:56 PM,-34
2096680,3031,UPPECHI4,-48,1730232815,1730232768,04:13:35 PM,04:12:48 PM,-47
2096680,3031,CHIDHUN1,-60,1730232869,1730232808,04:14:29 PM,04:13:28 PM,-61
2096680,3031,CHIDCHID,-56,1730232928,1730232872,04:15:28 PM,04:14:32 PM,-56
2096680,3031,WILKCHI2,0,1730232960,1730232960,04:16:00 PM,04:16:00 PM,0
2096680,3031,SANDWIL2,0,1730233009,1730233009,04:16:49 PM,04:16:49 PM,0
2096680,3031,SANDVER1,0,1730233050,1730233050,04:17:30 PM,04:17:30 PM,0
2096680,3031,VERUEDEN,0,1730233072,1730233072,04:17:52 PM,04:17:52 PM,0
2096680,3031,EDENEAS2,0,1730233120,1730233120,04:18:40 PM,04:18:40 PM,0
2096680,3031,EDENNIX,0,1730233160,1730233160,04:19:20 PM,04:19:20 PM,0
2096680,3031,NIXOCRE2,0,1730233202,1730233202,04:20:02 PM,04:20:02 PM,0
2096680,3031,NIXOSDAL,0,1730233232,1730233232,04:20:32 PM,04:20:32 PM,0
2096680,3031,JALNERN3,0,1730233281,1730233281,04:21:21 PM,04:21:21 PM,0
2096680,3031,JALNBEE2,0,1730233361,1730233361,04:22:41 PM,04:22:41 PM,0
2096680,3031,JALNTUMB,0,1730233405,1730233405,04:23:25 PM,04:23:25 PM,0
2096680,3031,JALNBEM2,0,1730233465,1730233465,04:24:25 PM,04:24:25 PM,0
2096680,3031,JALNBRA4,0,1730233516,1730233516,04:25:16 PM,04:25:16 PM,0
2096680,3031,WHOKMASB,0,1730233560,1730233560,04:26:00 PM,04:26:00 PM,0
2103200,3032,FANCOLL3,624,1730228580,1730229204,03:03:00 PM,03:13:24 PM,624
2103200,3032,OXFOROE2,594,1730228630,1730229224,03:03:50 PM,03:13:44 PM,594
2103200,3032,OXFOHIG4,,,,,,
2103200,3032,OXFOHIG2,,,,,,
2103200,3032,MORNOXF2,745,1730228765,1730229510,03:06:05 PM,03:18:30 PM,745
2103200,3032,MORNOXF4,738,1730228788,1730229526,03:06:28 PM,03:18:46 PM,738
2103200,3032,MORNCON2,723,1730228829,1730229552,03:07:09 PM,03:19:12 PM,723
2103200,3032,MORNMOR4,727,1730228855,1730229582,03:07:35 PM,03:19:42 PM,727
2103200,3032,MORNSAL2,730,1730228880,1730229610,03:08:00 PM,03:20:10 PM,730
2103200,3032,MORNCURR,718,1730228912,1730229630,03:08:32 PM,03:20:30 PM,718
2103200,3032,MORNGLAS,705,1730228973,1730229678,03:09:33 PM,03:21:18 PM,705
2103200,3032,QUEBMORN,713,1730229008,1730229721,03:10:08 PM,03:22:01 PM,713
2103200,3032,QUEBELI2,673,1730229079,1730229752,03:11:19 PM,03:22:32 PM,673
2103200,3032,QUEBLOR2,662,1730229111,1730229773,03:11:51 PM,03:22:53 PM,662
2103200,3032,QUEBDUFF,657,1730229128,1730229785,03:12:08 PM,03:23:05 PM,657
2103200,3032,DUNDQUE2,649,1730229180,1730229829,03:13:00 PM,03:23:49 PM,649
2103200,3032,DUNDONT2,617,1730229240,1730229857,03:14:00 PM,03:24:17 PM,617
2103200,3032,DUNDREC2,585,1730229296,1730229881,03:14:56 PM,03:24:41 PM,585
2103200,3032,DUNDENGL,566,1730229355,1730229921,03:15:55 PM,03:25:21 PM,566
2103200,3032,DUNDELIZ,546,1730229417,1730229963,03:16:57 PM,03:26:03 PM,546
2103200,3032,DUNDADE2,571,1730229480,1730230051,03:18:00 PM,03:27:31 PM,571
2103200,3032,DUNDWIL2,555,1730229524,1730230079,03:18:44 PM,03:27:59 PM,555
2103200,3032,DUNDMAI2,537,1730229586,1730230123,03:19:46 PM,03:28:43 PM,537
2103200,3032,DUNDCOL2,524,1730229649,1730230173,03:20:49 PM,03:29:33 PM,524
2103200,3032,DUNDWAT2,505,1730229713,1730230218,03:21:53 PM,03:30:18 PM,505
2103200,3032,DUNDWEL2,486,1730229780,1730230266,03:23:00 PM,03:31:06 PM,486
2103200,3032,QUEECLAR,420,1730229909,1730230329,03:25:09 PM,03:32:09 PM,420
2103200,3032,QUEERIC2,369,1730229960,1730230329,03:26:00 PM,03:32:09 PM,369
2103200,3032,QUEERIC2,429,1730229960,1730230389,03:26:00 PM,03:33:09 PM,429
2103200,3032,QUENRIDO,398,1730230049,1730230447,03:27:29 PM,03:34:07 PM,398
2103200,3032,RIVEWIL2,356,1730230138,1730230494,03:28:58 PM,03:34:54 PM,356
2103200,3032,RIVEWHA4,349,1730230198,1730230547,03:29:58 PM,03:35:47 PM,349
2103200,3032,RIVEMTPL,325,1730230250,1730230575,03:30:50 PM,03:36:15 PM,325
2103200,3032,WOODRIVE,324,1730230298,1730230622,03:31:38 PM,03:37:02 PM,324
2103200,3032,WOODEDI1,287,1730230367,1730230654,03:32:47 PM,03:37:34 PM,287
2103200,3032,WOODCAM1,273,1730230398,1730230671,03:33:18 PM,03:37:51 PM,273
2103200,3032,PLATOXF1,282,1730230450,1730230732,03:34:10 PM,03:38:52 PM,282
2103200,3032,CHERPLA2,277,1730230488,1730230765,03:34:48 PM,03:39:25 PM,277
2103200,3032,CHERCHC4,271,1730230520,1730230791,03:35:20 PM,03:39:51 PM,271
2103200,3032,CHERCHBL,265,1730230561,1730230826,03:36:01 PM,03:40:26 PM,265
2103200,3032,CHEROXF2,261,1730230620,1730230881,03:37:00 PM,03:41:21 PM,261
2103200,3032,BEAVOXF2,230,1730230717,1730230947,03:38:37 PM,03:42:27 PM,230
2103200,3032,PROUBEA2,206,1730230791,1730230997,03:39:51 PM,03:43:17 PM,206
2103200,3032,FOREHIL2,199,1730230837,1730231036,03:40:37 PM,03:43:56 PM,199
2103200,3032,PROUOXF3,181,1730230896,1730231077,03:41:36 PM,03:44:37 PM,181
2103200,3032,PROUOXF1,173,1730230927,1730231100,03:42:07 PM,03:45:00 PM,173
2103200,3032,PROUFAR3,165,1730230949,1730231114,03:42:29 PM,03:45:14 PM,165
2103200,3032,PROUFAR1,147,1730230985,1730231132,03:43:05 PM,03:45:32 PM,147
2103200,3032,BEAVHORI,120,1730231056,1730231176,03:44:16 PM,03:46:16 PM,120
2103200,3032,BEAVWOND,130,1730231095,1730231225,03:44:55 PM,03:47:05 PM,130
2103200,3032,BEAVBLYT,81,1730231160,1730231241,03:46:00 PM,03:47:21 PM,81
2103136,3032,BEAVBLYT,21,1730231280,1730231301,03:48:00 PM,03:48:21 PM,21
2103136,3032,BEAVCAP1,21,1730231334,1730231355,03:48:54 PM,03:49:15 PM,21
2103136,3032,BEAVOAKC,21,1730231405,1730231426,03:50:05 PM,03:50:26 PM,21
2103136,3032,BEAVOAK2,10,1730231483,1730231493,03:51:23 PM,03:51:33 PM,10
2103136,3032,BEAVWILR,2,1730231521,1730231523,03:52:01 PM,03:52:03 PM,2
2103136,3032,BEAVSARN,13,1730231566,1730231579,03:52:46 PM,03:52:59 PM,13
2103136,3032,OAKCOAKC,14,1730231640,1730231654,03:54:00 PM,03:54:14 PM,14
2103136,3032,OAKCMAP1,-2,1730231696,1730231694,03:54:56 PM,03:54:54 PM,-2
2103136,3032,OAKCMAP2,-25,1730231748,1730231723,03:55:48 PM,03:55:23 PM,-25
2103136,3032,BEAVWHET,-33,1730231784,1730231751,03:56:24 PM,03:55:51 PM,-33
2103136,3032,BEAVCAP2,-35,1730231833,1730231798,03:57:13 PM,03:56:38 PM,-35
2103136,3032,BEAVWON1,-73,1730231880,1730231807,03:58:00 PM,03:56:47 PM,-73
2103136,3032,BEAVWON1,72,1730231880,1730231952,03:58:00 PM,03:59:12 PM,72
2103136,3032,BEAVHOR2,53,1730231936,1730231989,03:58:56 PM,03:59:49 PM,53
2103136,3032,BEAVPROU,45,1730231966,1730232011,03:59:26 PM,04:00:11 PM,45
2103136,3032,PROUBEA3,28,1730232015,1730232043,04:00:15 PM,04:00:43 PM,28
2103136,3032,PROUFAR2,-5,1730232087,1730232082,04:01:27 PM,04:01:22 PM,-5
2103136,3032,PROUOXF2,-6,1730232119,1730232113,04:01:59 PM,04:01:53 PM,-6
2103136,3032,FOREHIL1,0,1730232180,1730232180,04:03:00 PM,04:03:00 PM,0
2103136,3032,PROUBEA1,-26,1730232235,1730232209,04:03:55 PM,04:03:29 PM,-26
2103136,3032,BEAVOXF1,-47,1730232317,1730232270,04:05:17 PM,04:04:30 PM,-47
2103136,3032,OXFOCHE1,-71,1730232376,1730232305,04:06:16 PM,04:05:05 PM,-71
2103136,3032,CHEROXF1,0,1730232420,1730232420,04:07:00 PM,04:07:00 PM,0
2103136,3032,CHERCHC1,-20,1730232470,1730232450,04:07:50 PM,04:07:30 PM,-20
2103136,3032,CHERCHC3,-41,1730232521,1730232480,04:08:41 PM,04:08:00 PM,-41
2103136,3032,CHERPLA1,-56,1730232568,1730232512,04:09:28 PM,04:08:32 PM,-56
2103136,3032,PLATOXF2,-12,1730232625,1730232613,04:10:25 PM,04:10:13 PM,-12
2103136,3032,WOODCAM2,-44,1730232683,1730232639,04:11:23 PM,04:10:39 PM,-44
2103136,3032,WOODEDI2,-77,1730232730,1730232653,04:12:10 PM,04:10:53 PM,-77
2103136,3032,WOODTOZ2,-102,1730232777,1730232675,04:12:57 PM,04:11:15 PM,-102
2103136,3032,RIVEWOO1,0,1730232840,1730232840,04:14:00 PM,04:14:00 PM,0
2103136,3032,RIVECAVE,0,1730232871,1730232871,04:14:31 PM,04:14:31 PM,0
2103136,3032,RIVEWHA1,0,1730232934,1730232934,04:15:34 PM,04:15:34 PM,0
2103136,3032,RIVEWIL1,0,1730232964,1730232964,04:16:04 PM,04:16:04 PM,0
2103136,3032,DUNDRIDO,0,1730233043,1730233043,04:17:23 PM,04:17:23 PM,0
2103136,3032,KINGTALB,0,1730233087,1730233087,04:18:07 PM,04:18:07 PM,0
2103136,3032,KINGRICH,0,1730233140,1730233140,04:19:00 PM,04:19:00 PM,0
2103136,3032,KINGRICH,0,1730233140,1730233140,04:19:00 PM,04:19:00 PM,0
2103136,3032,WELLDUN3,0,1730233440,1730233440,04:24:00 PM,04:24:00 PM,0
2103136,3032,DUNDWAT1,0,1730233504,1730233504,04:25:04 PM,04:25:04 PM,0
2103136,3032,DUNDCOL1,0,1730233549,1730233549,04:25:49 PM,04:25:49 PM,0
2103136,3032,DUNDMAI1,0,1730233620,1730233620,04:27:00 PM,04:27:00 PM,0
2103136,3032,DUNDWIL1,0,1730233685,1730233685,04:28:05 PM,04:28:05 PM,0
2103136,3032,DUNDADE1,0,1730233740,1730233740,04:29:00 PM,04:29:00 PM,0
2103136,3032,DUNDLYLE,0,1730233800,1730233800,04:30:00 PM,04:30:00 PM,0
2103136,3032,DUNDHEWI,0,1730233840,1730233840,04:30:40 PM,04:30:40 PM,0
2103136,3032,DUNDREC1,0,1730233881,1730233881,04:31:21 PM,04:31:21 PM,0
2103136,3032,DUNDONT1,0,1730233909,1730233909,04:31:49 PM,04:31:49 PM,0
2103136,3032,QUEBDUND,0,1730233963,1730233963,04:32:43 PM,04:32:43 PM,0
2103136,3032,QUEBQUEE,0,1730233985,1730233985,04:33:05 PM,04:33:05 PM,0
2103136,3032,QUEBLOR1,0,1730234029,1730234029,04:33:49 PM,04:33:49 PM,0
2103136,3032,QUEBELI1,0,1730234056,1730234056,04:34:16 PM,04:34:16 PM,0
2103136,3032,SALIQUEB,0,1730234123,1730234123,04:35:23 PM,04:35:23 PM,0
2103136,3032,GLASMORN,0,1730234155,1730234155,04:35:55 PM,04:35:55 PM,0
2103136,3032,MORNSTRA,0,1730234189,1730234189,04:36:29 PM,04:36:29 PM,0
2103136,3032,MORNSAL1,0,1730234280,1730234280,04:38:00 PM,04:38:00 PM,0
2103136,3032,MORNCON1,0,1730234332,1730234332,04:38:52 PM,04:38:52 PM,0
2103136,3032,MORNCON3,0,1730234357,1730234357,04:39:17 PM,04:39:17 PM,0
2103136,3032,OXFOMORN,0,1730234431,1730234431,04:40:31 PM,04:40:31 PM,0
2103136,3032,OXFOHIG1,0,1730234460,1730234460,04:41:00 PM,04:41:00 PM,0
2103136,3032,OXFOHIG3,0,1730234496,1730234496,04:41:36 PM,04:41:36 PM,0
2103136,3032,FANCOLL3,0,1730234640,1730234640,04:44:00 PM,04:44:00 PM,0
2100455,3034,GRANHIG2,2661,1730226595,1730229256,02:29:55 PM,03:14:16 PM,2661
2100455,3034,GRANHIG4,2649,1730226624,1730229273,02:30:24 PM,03:14:33 PM,2649
2100455,3034,CARFGRAN,2633,1730226669,1730229302,02:31:09 PM,03:15:02 PM,2633
2100455,3034,CARFCAR1,2614,1730226717,1730229331,02:31:57 PM,03:15:31 PM,2614
2100455,3034,RICHSIM1,2578,1730226783,1730229361,02:33:03 PM,03:16:01 PM,2578
2100455,3034,RICHHOT3,2628,1730226813,1730229441,02:33:33 PM,03:17:21 PM,2628
2100455,3034,RICHKIN1,2654,1730226892,1730229546,02:34:52 PM,03:19:06 PM,2654
2100455,3034,RICHQUEE,2617,1730226960,1730229577,02:36:00 PM,03:19:37 PM,2617
2100455,3034,RICHQUEE,2557,1730227080,1730229637,02:38:00 PM,03:20:37 PM,2557
2100455,3034,RICHKEN1,2491,1730227182,1730229673,02:39:42 PM,03:21:13 PM,2491
2100455,3034,RICHHYM1,2456,1730227274,1730229730,02:41:14 PM,03:22:10 PM,2456
2100455,3034,RICHPALL,2473,1730227327,1730229800,02:42:07 PM,03:23:20 PM,2473
2100455,3034,RICHOXF1,2512,1730227440,1730229952,02:44:00 PM,03:25:52 PM,2512
2100455,3034,RICHJAM1,2486,1730227480,1730229966,02:44:40 PM,03:26:06 PM,2486
2100455,3034,RICHGRO1,2451,1730227546,1730229997,02:45:46 PM,03:26:37 PM,2451
2100455,3034,RICHCHE1,2443,1730227585,1730230028,02:46:25 PM,03:27:08 PM,2443
2100455,3034,RICHVIC1,2415,1730227639,1730230054,02:47:19 PM,03:27:34 PM,2415
2100455,3034,RICHREG1,2387,1730227693,1730230080,02:48:13 PM,03:28:00 PM,2387
2100455,3034,RICHHUR1,2366,1730227737,1730230103,02:48:57 PM,03:28:23 PM,2366
2100455,3034,UNIVRIC2,2371,1730227807,1730230178,02:50:07 PM,03:29:38 PM,2371
2100455,3034,UNIVSUN2,2357,1730227869,1730230226,02:51:09 PM,03:30:26 PM,2357
2100455,3034,DELAHALL,2371,1730227980,1730230351,02:53:00 PM,03:32:31 PM,2371
2100455,3034,UNIVHOS1,2360,1730228103,1730230463,02:55:03 PM,03:34:23 PM,2360
2100455,3034,PERTWIN1,2358,1730228131,1730230489,02:55:31 PM,03:34:49 PM,2358
2100455,3034,RICHWIN1,2374,1730228204,1730230578,02:56:44 PM,03:36:18 PM,2374
2100455,3034,RICHWEC1,2353,1730228245,1730230598,02:57:25 PM,03:36:38 PM,2353
2100455,3034,RICHCANT,2341,1730228283,1730230624,02:58:03 PM,03:37:04 PM,2341
2100455,3034,RICHSUNN,2352,1730228349,1730230701,02:59:09 PM,03:38:21 PM,2352
2100455,3034,MASOSTO5,2270,1730228460,1730230730,03:01:00 PM,03:38:50 PM,2270
2100389,3034,MASOSTO5,2060,1730228880,1730230940,03:08:00 PM,03:42:20 PM,2060
2100389,3034,RICHJACK,2024,1730228938,1730230962,03:08:58 PM,03:42:42 PM,2024
2100389,3034,RICHSHAV,2023,1730228976,1730230999,03:09:36 PM,03:43:19 PM,2023
2100389,3034,RICHWES2,2012,1730229020,1730231032,03:10:20 PM,03:43:52 PM,2012
2100389,3034,RICHWES4,2003,1730229042,1730231045,03:10:42 PM,03:44:05 PM,2003
2100389,3034,RICHWYND,1985,1730229075,1730231060,03:11:15 PM,03:44:20 PM,1985
2100389,3034,WINDRIC2,1956,1730229145,1730231101,03:12:25 PM,03:45:01 PM,1956
2100389,3034,PERTWIN2,1950,1730229188,1730231138,03:13:08 PM,03:45:38 PM,1950
2100389,3034,UNIVHOS2,1956,1730229240,1730231196,03:14:00 PM,03:46:36 PM,1956
2100389,3034,DELAHAL2,1938,1730229368,1730231306,03:16:08 PM,03:48:26 PM,1938
2100389,3034,UNIVSUN1,1931,1730229456,1730231387,03:17:36 PM,03:49:47 PM,1931
2100389,3034,UNIVRIC1,1911,1730229531,1730231442,03:18:51 PM,03:50:42 PM,1911
2100389,3034,RICHHUR2,1892,1730229591,1730231483,03:19:51 PM,03:51:23 PM,1892
2100389,3034,RICHVIC2,1846,1730229675,1730231521,03:21:15 PM,03:52:01 PM,1846
2100389,3034,RICHCHE2,1816,1730229726,1730231542,03:22:06 PM,03:52:22 PM,1816
2100389,3034,RICHGRO2,1799,1730229787,1730231586,03:23:07 PM,03:53:06 PM,1799
2100389,3034,RICHJAM2,1790,1730229827,1730231617,03:23:47 PM,03:53:37 PM,1790
2100389,3034,RICHOXF2,1813,1730229900,1730231713,03:25:00 PM,03:55:13 PM,1813
2100389,3034,RICHMILL,1806,1730229946,1730231752,03:25:46 PM,03:55:52 PM,1806
2100389,3034,RICHCENT,1806,1730230011,1730231817,03:26:51 PM,03:56:57 PM,1806
2100389,3034,RICHKEN2,1798,1730230055,1730231853,03:27:35 PM,03:57:33 PM,1798
2100389,3034,RICHDUF2,1810,1730230081,1730231891,03:28:01 PM,03:58:11 PM,1810
2100389,3034,RICHQUE2,1787,1730230140,1730231927,03:29:00 PM,03:58:47 PM,1787
2100389,3034,RICHQUE2,1847,1730230140,1730231987,03:29:00 PM,03:59:47 PM,1847
2100389,3034,RICHKIN4,1850,1730230187,1730232037,03:29:47 PM,04:00:37 PM,1850
2100389,3034,RICHSIM2,1851,1730230314,1730232165,03:31:54 PM,04:02:45 PM,1851
2100389,3034,RICHGREY,1831,1730230345,1730232176,03:32:25 PM,04:02:56 PM,1831
2100389,3034,CARFCAR2,1790,1730230413,1730232203,03:33:33 PM,04:03:23 PM,1790
2100389,3034,CARFWOOD,1781,1730230467,1730232248,03:34:27 PM,04:04:08 PM,1781
2100389,3034,GRANHIG1,1751,1730230552,1730232303,03:35:52 PM,04:05:03 PM,1751
2100389,3034,WELLGRA2,1768,1730230611,1730232379,03:36:51 PM,04:06:19 PM,1768
2100389,3034,WELLCOLG,1737,1730230669,1730232406,03:37:49 PM,04:06:46 PM,1737
2100389,3034,WELLWELL,1698,1730230732,1730232430,03:38:52 PM,04:07:10 PM,1698
2100389,3034,WELLTHJA,1647,1730230821,1730232468,03:40:21 PM,04:07:48 PM,1647
2100389,3034,WELLBAS2,1674,1730230920,1730232594,03:42:00 PM,04:09:54 PM,1674
2100389,3034,WELLCOM4,1639,1730231017,1730232656,03:43:37 PM,04:10:56 PM,1639
2100389,3034,WELLWAT2,1584,1730231097,1730232681,03:44:57 PM,04:11:21 PM,1584
2100389,3034,WELLWIL4,1589,1730231178,1730232767,03:46:18 PM,04:12:47 PM,1589
2100389,3034,WELLNAD1,1567,1730231239,1730232806,03:47:19 PM,04:13:26 PM,1567
2100389,3034,WELLNADI,1547,1730231274,1730232821,03:47:54 PM,04:13:41 PM,1547
2100389,3034,WELLSDA2,1527,1730231340,1730232867,03:49:00 PM,04:14:27 PM,1527
2100389,3034,WELLHARL,1499,1730231396,1730232895,03:49:56 PM,04:14:55 PM,1499
2100389,3034,WELLMON4,,,,,,
2100389,3034,WELLMON2,1486,1730231502,1730232988,03:51:42 PM,04:16:28 PM,1486
2100389,3034,WELLBRA2,1544,1730231566,1730233110,03:52:46 PM,04:18:30 PM,1544
2100389,3034,WHITOMA1,1485,1730231640,1730233125,03:54:00 PM,04:18:45 PM,1485
2103133,3035,BEAVSARN,411,1730228806,1730229217,03:06:46 PM,03:13:37 PM,411
2103133,3035,OAKCOAKC,411,1730228880,1730229291,03:08:00 PM,03:14:51 PM,411
2103133,3035,OAKCMAP1,393,1730228936,1730229329,03:08:56 PM,03:15:29 PM,393
2103133,3035,OAKCMAP2,370,1730228988,1730229358,03:09:48 PM,03:15:58 PM,370
2103133,3035,BEAVWHET,361,1730229024,1730229385,03:10:24 PM,03:16:25 PM,361
2103133,3035,BEAVCAP2,359,1730229073,1730229432,03:11:13 PM,03:17:12 PM,359
2103133,3035,BEAVWON1,321,1730229120,1730229441,03:12:00 PM,03:17:21 PM,321
2103133,3035,BEAVWON1,381,1730229120,1730229501,03:12:00 PM,03:18:21 PM,381
2103133,3035,BEAVHOR2,362,1730229176,1730229538,03:12:56 PM,03:18:58 PM,362
2103133,3035,BEAVPROU,354,1730229206,1730229560,03:13:26 PM,03:19:20 PM,354
2103133,3035,PROUBEA3,337,1730229255,1730229592,03:14:15 PM,03:19:52 PM,337
2103133,3035,PROUFAR2,303,1730229327,1730229630,03:15:27 PM,03:20:30 PM,303
2103133,3035,PROUOXF2,302,1730229359,1730229661,03:15:59 PM,03:21:01 PM,302
2103133,3035,FOREHIL1,286,1730229420,1730229706,03:17:00 PM,03:21:46 PM,286
2103133,3035,PROUBEA1,248,1730229488,1730229736,03:18:08 PM,03:22:16 PM,248
2103133,3035,BEAVOXF1,200,1730229591,1730229791,03:19:51 PM,03:23:11 PM,200
2103133,3035,OXFOCHE1,163,1730229665,1730229828,03:21:05 PM,03:23:48 PM,163
2103133,3035,CHEROXF1,176,1730229720,1730229896,03:22:00 PM,03:24:56 PM,176
2103133,3035,CHERCHC1,156,1730229770,1730229926,03:22:50 PM,03:25:26 PM,156
2103133,3035,CHERCHC3,135,1730229821,1730229956,03:23:41 PM,03:25:56 PM,135
2103133,3035,CHERPLA1,120,1730229868,1730229988,03:24:28 PM,03:26:28 PM,120
2103133,3035,PLATOXF2,118,1730229925,1730230043,03:25:25 PM,03:27:23 PM,118
2103133,3035,WOODCAM2,85,1730229983,1730230068,03:26:23 PM,03:27:48 PM,85
2103133,3035,WOODEDI2,53,1730230030,1730230083,03:27:10 PM,03:28:03 PM,53
2103133,3035,WOODTOZ2,28,1730230077,1730230105,03:27:57 PM,03:28:25 PM,28
2103133,3035,RIVEWOO1,24,1730230140,1730230164,03:29:00 PM,03:29:24 PM,24
2103133,3035,RIVECAVE,6,1730230171,1730230177,03:29:31 PM,03:29:37 PM,6
2103133,3035,RIVEWHA1,12,1730230234,1730230246,03:30:34 PM,03:30:46 PM,12
2103133,3035,RIVEWIL1,4,1730230264,1730230268,03:31:04 PM,03:31:08 PM,4
2103133,3035,DUNDRIDO,-25,1730230343,1730230318,03:32:23 PM,03:31:58 PM,-25
2103133,3035,KINGTALB,23,1730230387,1730230410,03:33:07 PM,03:33:30 PM,23
2103133,3035,KINGRICH,21,1730230440,1730230461,03:34:00 PM,03:34:21 PM,21
2103133,3035,KINGRICH,107,1730230440,1730230547,03:34:00 PM,03:35:47 PM,107
2103133,3035,WELLDUN3,0,1730230740,1730230740,03:39:00 PM,03:39:00 PM,0
2103133,3035,DUNDWAT1,-2,1730230804,1730230802,03:40:04 PM,03:40:02 PM,-2
2103133,3035,DUNDCOL1,-5,1730230849,1730230844,03:40:49 PM,03:40:44 PM,-5
2103133,3035,DUNDMAI1,-37,1730230920,1730230883,03:42:00 PM,03:41:23 PM,-37
2103133,3035,DUNDWIL1,-60,1730230985,1730230925,03:43:05 PM,03:42:05 PM,-60
2103133,3035,DUNDADE1,0,1730231040,1730231040,03:44:00 PM,03:44:00 PM,0
2103133,3035,DUNDLYLE,-34,1730231100,1730231066,03:45:00 PM,03:44:26 PM,-34
2103133,3035,DUNDHEWI,-19,1730231140,1730231121,03:45:40 PM,03:45:21 PM,-19
2103133,3035,DUNDREC1,-35,1730231181,1730231146,03:46:21 PM,03:45:46 PM,-35
2103133,3035,DUNDONT1,-29,1730231209,1730231180,03:46:49 PM,03:46:20 PM,-29
2103133,3035,QUEBDUND,-38,1730231263,1730231225,03:47:43 PM,03:47:05 PM,-38
2103133,3035,QUEBQUEE,-48,1730231285,1730231237,03:48:05 PM,03:47:17 PM,-48
2103133,3035,QUEBLOR1,-69,1730231329,1730231260,03:48:49 PM,03:47:40 PM,-69
2103133,3035,QUEBELI1,-75,1730231356,1730231281,03:49:16 PM,03:48:01 PM,-75
2103133,3035,SALIQUEB,-96,1730231423,1730231327,03:50:23 PM,03:48:47 PM,-96
2103133,3035,GLASMORN,-102,1730231455,1730231353,03:50:55 PM,03:49:13 PM,-102
2103133,3035,MORNSTRA,-113,1730231489,1730231376,03:51:29 PM,03:49:36 PM,-113
2103133,3035,MORNSAL1,0,1730231580,1730231580,03:53:00 PM,03:53:00 PM,0
2103133,3035,MORNCON1,-26,1730231632,1730231606,03:53:52 PM,03:53:26 PM,-26
2103133,3035,MORNCON3,-39,1730231657,1730231618,03:54:17 PM,03:53:38 PM,-39
2103133,3035,OXFOMORN,24,1730231731,1730231755,03:55:31 PM,03:55:55 PM,24
2103133,3035,OXFOHIG1,123,1730231760,1730231883,03:56:00 PM,03:58:03 PM,123
2103133,3035,OXFOHIG3,110,1730231796,1730231906,03:56:36 PM,03:58:26 PM,110
2103133,3035,FANCOLL3,30,1730231940,1730231970,03:59:00 PM,03:59:30 PM,30
2103204,3035,FANCOLL3,118,1730232120,1730232238,04:02:00 PM,04:03:58 PM,118
2103204,3035,OXFOROE2,63,1730232195,1730232258,04:03:15 PM,04:04:18 PM,63
2103204,3035,OXFOHIG4,,,,,,
2103204,3035,OXFOHIG2,,,,,,
2103204,3035,MORNOXF2,154,1730232386,1730232540,04:06:26 PM,04:09:00 PM,154
2103204,3035,MORNOXF4,139,1730232417,1730232556,04:06:57 PM,04:09:16 PM,139
2103204,3035,MORNCON2,110,1730232472,1730232582,04:07:52 PM,04:09:42 PM,110
2103204,3035,MORNMOR4,104,1730232507,1730232611,04:08:27 PM,04:10:11 PM,104
2103204,3035,MORNSAL2,99,1730232540,1730232639,04:09:00 PM,04:10:39 PM,99
2103204,3035,MORNCURR,86,1730232572,1730232658,04:09:32 PM,04:10:58 PM,86
2103204,3035,MORNGLAS,73,1730232633,1730232706,04:10:33 PM,04:11:46 PM,73
2103204,3035,QUEBMORN,81,1730232668,1730232749,04:11:08 PM,04:12:29 PM,81
2103204,3035,QUEBELI2,40,1730232739,1730232779,04:12:19 PM,04:12:59 PM,40
2103204,3035,QUEBLOR2,29,1730232771,1730232800,04:12:51 PM,04:13:20 PM,29
2103204,3035,QUEBDUFF,24,1730232788,1730232812,04:13:08 PM,04:13:32 PM,24
2103204,3035,DUNDQUE2,13,1730232840,1730232853,04:14:00 PM,04:14:13 PM,13
2103204,3035,DUNDONT2,-21,1730232900,1730232879,04:15:00 PM,04:14:39 PM,-21
2103204,3035,DUNDREC2,-53,1730232956,1730232903,04:15:56 PM,04:15:03 PM,-53
2103204,3035,DUNDENGL,-72,1730233015,1730232943,04:16:55 PM,04:15:43 PM,-72
2103204,3035,DUNDELIZ,-93,1730233077,1730232984,04:17:57 PM,04:16:24 PM,-93
2103204,3035,DUNDADE2,0,1730233140,1730233140,04:19:00 PM,04:19:00 PM,0
2103204,3035,DUNDWIL2,0,1730233193,1730233193,04:19:53 PM,04:19:53 PM,0
2103204,3035,DUNDMAI2,0,1730233268,1730233268,04:21:08 PM,04:21:08 PM,0
2103204,3035,DUNDCOL2,0,1730233344,1730233344,04:22:24 PM,04:22:24 PM,0
2103204,3035,DUNDWAT2,0,1730233421,1730233421,04:23:41 PM,04:23:41 PM,0
2103204,3035,DUNDWEL2,0,1730233500,1730233500,04:25:00 PM,04:25:00 PM,0
2103204,3035,QUEECLAR,0,1730233629,1730233629,04:27:09 PM,04:27:09 PM,0
2103204,3035,QUEERIC2,0,1730233680,1730233680,04:28:00 PM,04:28:00 PM,0
2103204,3035,QUEERIC2,0,1730233680,1730233680,04:28:00 PM,04:28:00 PM,0
2103204,3035,QUENRIDO,0,1730233777,1730233777,04:29:37 PM,04:29:37 PM,0
2103204,3035,RIVEWIL2,0,1730233874,1730233874,04:31:14 PM,04:31:14 PM,0
2103204,3035,RIVEWHA4,0,1730233939,1730233939,04:32:19 PM,04:32:19 PM,0
2103204,3035,RIVEMTPL,0,1730233995,1730233995,04:33:15 PM,04:33:15 PM,0
2103204,3035,WOODRIVE,0,1730234047,1730234047,04:34:07 PM,04:34:07 PM,0
2103204,3035,WOODEDI1,0,1730234122,1730234122,04:35:22 PM,04:35:22 PM,0
2103204,3035,WOODCAM1,0,1730234156,1730234156,04:35:56 PM,04:35:56 PM,0
2103204,3035,PLATOXF1,0,1730234213,1730234213,04:36:53 PM,04:36:53 PM,0
2103204,3035,CHERPLA2,0,1730234255,1730234255,04:37:35 PM,04:37:35 PM,0
2103204,3035,CHERCHC4,0,1730234290,1730234290,04:38:10 PM,04:38:10 PM,0
2103204,3035,CHERCHBL,0,1730234335,1730234335,04:38:55 PM,04:38:55 PM,0
2103204,3035,CHEROXF2,0,1730234400,1730234400,04:40:00 PM,04:40:00 PM,0
2103204,3035,BEAVOXF2,0,1730234497,1730234497,04:41:37 PM,04:41:37 PM,0
2103204,3035,PROUBEA2,0,1730234571,1730234571,04:42:51 PM,04:42:51 PM,0
2103204,3035,FOREHIL2,0,1730234617,1730234617,04:43:37 PM,04:43:37 PM,0
2103204,3035,PROUOXF3,0,1730234676,1730234676,04:44:36 PM,04:44:36 PM,0
2103204,3035,PROUOXF1,0,1730234707,1730234707,04:45:07 PM,04:45:07 PM,0
2103204,3035,PROUFAR3,0,1730234729,1730234729,04:45:29 PM,04:45:29 PM,0
2103204,3035,PROUFAR1,0,1730234765,1730234765,04:46:05 PM,04:46:05 PM,0
2103204,3035,BEAVHORI,0,1730234836,1730234836,04:47:16 PM,04:47:16 PM,0
2103204,3035,BEAVWOND,0,1730234875,1730234875,04:47:55 PM,04:47:55 PM,0
2103204,3035,BEAVBLYT,0,1730234940,1730234940,04:49:00 PM,04:49:00 PM,0
2108397,3036,FCBLFLE1,211,1730229060,1730229271,03:11:00 PM,03:14:31 PM,211
2108397,3036,FCBLCHE1,186,1730229135,1730229321,03:12:15 PM,03:15:21 PM,186
2108397,3036,SANDBEC1,132,1730229245,1730229377,03:14:05 PM,03:16:17 PM,132
2108397,3036,SANDHUR1,138,1730229280,1730229418,03:14:40 PM,03:16:58 PM,138
2108397,3036,HUROSAN2,163,1730229339,1730229502,03:15:39 PM,03:18:22 PM,163
2108397,3036,HUROWEB2,151,1730229411,1730229562,03:16:51 PM,03:19:22 PM,151
2108397,3036,HUROHIG4,169,1730229540,1730229709,03:19:00 PM,03:21:49 PM,169
2108397,3036,HUROVES2,157,1730229589,1730229746,03:19:49 PM,03:22:26 PM,157
2108397,3036,HUROMCN2,132,1730229672,1730229804,03:21:12 PM,03:23:24 PM,132
2108397,3036,HUROBRI2,126,1730229715,1730229841,03:21:55 PM,03:24:01 PM,126
2108397,3036,BARKHUR1,131,1730229780,1730229911,03:23:00 PM,03:25:11 PM,131
2108397,3036,BARKMEL1,115,1730229839,1730229954,03:23:59 PM,03:25:54 PM,115
2108397,3036,BARKKIPP,107,1730229902,1730230009,03:25:02 PM,03:26:49 PM,107
2108397,3036,KIPPBEL1,102,1730229968,1730230070,03:26:08 PM,03:27:50 PM,102
2108397,3036,KIPPADE1,117,1730230020,1730230137,03:27:00 PM,03:28:57 PM,117
2108397,3036,ADELKIP6,90,1730230125,1730230215,03:28:45 PM,03:30:15 PM,90
2108397,3036,HUROADE4,107,1730230203,1730230310,03:30:03 PM,03:31:50 PM,107
2108397,3036,WILLREGE,80,1730230274,1730230354,03:31:14 PM,03:32:34 PM,80
2108397,3036,REGEMAIT,65,1730230324,1730230389,03:32:04 PM,03:33:09 PM,65
2108397,3036,HUROFRAS,38,1730230387,1730230425,03:33:07 PM,03:33:45 PM,38
2108397,3036,HUROWAT2,26,1730230446,1730230472,03:34:06 PM,03:34:32 PM,26
2108397,3036,HURORIC2,5,1730230534,1730230539,03:35:34 PM,03:35:39 PM,5
2108397,3036,UNIVRIC2,13,1730230620,1730230633,03:37:00 PM,03:37:13 PM,13
2108397,3036,UNIVSUN2,1,1730230682,1730230683,03:38:02 PM,03:38:03 PM,1
2108397,3036,MIDDPERT,-11,1730230779,1730230768,03:39:39 PM,03:39:28 PM,-11
2108397,3036,NATSCI,105,1730230860,1730230965,03:41:00 PM,03:42:45 PM,105
2108397,3036,WESTELG2,12,1730231069,1730231081,03:44:29 PM,03:44:41 PM,12
2108397,3036,WESTLAM2,20,1730231178,1730231198,03:46:18 PM,03:46:38 PM,20
2108397,3036,SARNWES2,87,1730231340,1730231427,03:49:00 PM,03:50:27 PM,87
2108397,3036,SARNBRES,67,1730231397,1730231464,03:49:57 PM,03:51:04 PM,67
2108397,3036,SARNSLEI,62,1730231453,1730231515,03:50:53 PM,03:51:55 PM,62
2108397,3036,SARNLEYT,64,1730231518,1730231582,03:51:58 PM,03:53:02 PM,64
2108397,3036,WONDSAR2,63,1730231599,1730231662,03:53:19 PM,03:54:22 PM,63
2108397,3036,BEAVBLYT,51,1730231699,1730231750,03:54:59 PM,03:55:50 PM,51
2108397,3036,BEAVCAP1,65,1730231721,1730231786,03:55:21 PM,03:56:26 PM,65
2108397,3036,CAPUBLSM,68,1730231736,1730231804,03:55:36 PM,03:56:44 PM,68
2108397,3036,CAPUCAPW,68,1730231773,1730231841,03:56:13 PM,03:57:21 PM,68
2108397,3036,CAPUOXFO,32,1730231820,1730231852,03:57:00 PM,03:57:32 PM,32
2108473,3036,CAPUOXFO,0,1730232180,1730232180,04:03:00 PM,04:03:00 PM,0
2108473,3036,WONDOXF1,0,1730232300,1730232300,04:05:00 PM,04:05:00 PM,0
2108473,3036,WONDFAR1,-24,1730232374,1730232350,04:06:14 PM,04:05:50 PM,-24
2108473,3036,WONDFAR3,-50,1730232440,1730232390,04:07:20 PM,04:06:30 PM,-50
2108473,3036,WONDBEA1,0,1730232540,1730232540,04:09:00 PM,04:09:00 PM,0
2108473,3036,SARNCAS1,-30,1730232726,1730232696,04:12:06 PM,04:11:36 PM,-30
2108473,3036,SARNRIPP,0,1730232840,1730232840,04:14:00 PM,04:14:00 PM,0
2108473,3036,SARNCAS3,0,1730232889,1730232889,04:14:49 PM,04:14:49 PM,0
2108473,3036,SARNCOOM,0,1730232932,1730232932,04:15:32 PM,04:15:32 PM,0
2108473,3036,SARNWES1,0,1730232960,1730232960,04:16:00 PM,04:16:00 PM,0
2108473,3036,WESTPHA3,0,1730233028,1730233028,04:17:08 PM,04:17:08 PM,0
2108473,3036,ALUMHAL1,0,1730233170,1730233170,04:19:30 PM,04:19:30 PM,0
2108473,3036,LAMBMID1,0,1730233320,1730233320,04:22:00 PM,04:22:00 PM,0
2108473,3036,UNIVSUN1,0,1730233396,1730233396,04:23:16 PM,04:23:16 PM,0
2108473,3036,UNIVRIC1,0,1730233463,1730233463,04:24:23 PM,04:24:23 PM,0
2108473,3036,HURORIC1,0,1730233531,1730233531,04:25:31 PM,04:25:31 PM,0
2108473,3036,HUROWAT1,0,1730233597,1730233597,04:26:37 PM,04:26:37 PM,0
2108473,3036,HUROCOLB,0,1730233643,1730233643,04:27:23 PM,04:27:23 PM,0
2108473,3036,MAITREGE,0,1730233710,1730233710,04:28:30 PM,04:28:30 PM,0
2108473,3036,REGEWILL,0,1730233758,1730233758,04:29:18 PM,04:29:18 PM,0
2108473,3036,ADELHUR1,0,1730233860,1730233860,04:31:00 PM,04:31:00 PM,0
2108473,3036,ADELHUR5,0,1730233920,1730233920,04:32:00 PM,04:32:00 PM,0
2108473,3036,KIPPADEL,0,1730233980,1730233980,04:33:00 PM,04:33:00 PM,0
2108473,3036,KIPPBELF,0,1730234035,1730234035,04:33:55 PM,04:33:55 PM,0
2108473,3036,KIPPBARK,0,1730234122,1730234122,04:35:22 PM,04:35:22 PM,0
2108473,3036,BARKMELS,0,1730234215,1730234215,04:36:55 PM,04:36:55 PM,0
2108473,3036,BARKHURO,0,1730234277,1730234277,04:37:57 PM,04:37:57 PM,0
2108473,3036,HUROBRI3,0,1730234366,1730234366,04:39:26 PM,04:39:26 PM,0
2108473,3036,HUROBRI1,0,1730234400,1730234400,04:40:00 PM,04:40:00 PM,0
2108473,3036,HUROMCN1,0,1730234457,1730234457,04:40:57 PM,04:40:57 PM,0
2108473,3036,HUROVES1,0,1730234506,1730234506,04:41:46 PM,04:41:46 PM,0
2108473,3036,HUROHIG1,0,1730234580,1730234580,04:43:00 PM,04:43:00 PM,0
2108473,3036,HUROHIG3,0,1730234618,1730234618,04:43:38 PM,04:43:38 PM,0
2108473,3036,HUROWEB1,0,1730234688,1730234688,04:44:48 PM,04:44:48 PM,0
2108473,3036,HUROSAN1,0,1730234759,1730234759,04:45:59 PM,04:45:59 PM,0
2108473,3036,SANDBEC2,0,1730234812,1730234812,04:46:52 PM,04:46:52 PM,0
2108473,3036,FCBLCHE2,0,1730234907,1730234907,04:48:27 PM,04:48:27 PM,0
2108473,3036,FCBLFLE2,0,1730234965,1730234965,04:49:25 PM,04:49:25 PM,0
2108473,3036,FANCOLL4,0,1730235060,1730235060,04:51:00 PM,04:51:00 PM,0
2108396,3037,FCBLFLE1,0,1730228280,1730228280,02:58:00 PM,02:58:00 PM,0
2108396,3037,FCBLCHE1,0,1730228355,1730228355,02:59:15 PM,02:59:15 PM,0
2108396,3037,SANDBEC1,0,1730228465,1730228465,03:01:05 PM,03:01:05 PM,0
2108396,3037,SANDHUR1,0,1730228500,1730228500,03:01:40 PM,03:01:40 PM,0
2108396,3037,HUROSAN2,0,1730228559,1730228559,03:02:39 PM,03:02:39 PM,0
2108396,3037,HUROWEB2,0,1730228631,1730228631,03:03:51 PM,03:03:51 PM,0
2108396,3037,BARKMEL1,-30,1730229059,1730229029,03:10:59 PM,03:10:29 PM,-30
2108396,3037,BARKKIPP,-38,1730229122,1730229084,03:12:02 PM,03:11:24 PM,-38
2108396,3037,KIPPBEL1,-48,1730229188,1730229140,03:13:08 PM,03:12:20 PM,-48
2108396,3037,KIPPADE1,0,1730229240,1730229240,03:14:00 PM,03:14:00 PM,0
2108396,3037,ADELKIP6,-28,1730229345,1730229317,03:15:45 PM,03:15:17 PM,-28
2108396,3037,HUROADE4,-11,1730229423,1730229412,03:17:03 PM,03:16:52 PM,-11
2108396,3037,WILLREGE,-39,1730229494,1730229455,03:18:14 PM,03:17:35 PM,-39
2108396,3037,REGEMAIT,-55,1730229544,1730229489,03:19:04 PM,03:18:09 PM,-55
2108396,3037,HUROFRAS,-82,1730229607,1730229525,03:20:07 PM,03:18:45 PM,-82
2108396,3037,HUROWAT2,-93,1730229666,1730229573,03:21:06 PM,03:19:33 PM,-93
2108396,3037,HURORIC2,-115,1730229754,1730229639,03:22:34 PM,03:20:39 PM,-115
2108396,3037,UNIVRIC2,0,1730229840,1730229840,03:24:00 PM,03:24:00 PM,0
2108396,3037,UNIVSUN2,-12,1730229902,1730229890,03:25:02 PM,03:24:50 PM,-12
2108396,3037,MIDDPERT,-16,1730229999,1730229983,03:26:39 PM,03:26:23 PM,-16
2108396,3037,NATSCI,101,1730230080,1730230181,03:28:00 PM,03:29:41 PM,101
2108396,3037,WESTELG2,-2,1730230289,1730230287,03:31:29 PM,03:31:27 PM,-2
2108396,3037,WESTLAM2,-13,1730230398,1730230385,03:33:18 PM,03:33:05 PM,-13
2108396,3037,SARNWES2,51,1730230560,1730230611,03:36:00 PM,03:36:51 PM,51
2108396,3037,SARNBRES,27,1730230617,1730230644,03:36:57 PM,03:37:24 PM,27
2108396,3037,SARNSLEI,14,1730230673,1730230687,03:37:53 PM,03:38:07 PM,14
2108396,3037,SARNLEYT,12,1730230738,1730230750,03:38:58 PM,03:39:10 PM,12
2108396,3037,WONDSAR2,11,1730230819,1730230830,03:40:19 PM,03:40:30 PM,11
2108396,3037,BEAVBLYT,-4,1730230919,1730230915,03:41:59 PM,03:41:55 PM,-4
2108396,3037,BEAVCAP1,10,1730230941,1730230951,03:42:21 PM,03:42:31 PM,10
2108396,3037,CAPUBLSM,12,1730230956,1730230968,03:42:36 PM,03:42:48 PM,12
2108396,3037,CAPUCAPW,12,1730230993,1730231005,03:43:13 PM,03:43:25 PM,12
2108396,3037,CAPUOXFO,-24,1730231040,1730231016,03:44:00 PM,03:43:36 PM,-24
2101635,3177,MASOSTO6,0,1730229240,1730229240,03:14:00 PM,03:14:00 PM,0
2101635,3177,FANSRIC1,0,1730229332,1730229332,03:15:32 PM,03:15:32 PM,0
2101635,3177,FANSNCR1,-4,1730229362,1730229358,03:16:02 PM,03:15:58 PM,-4
2101635,3177,FANSNCR3,-3,1730229408,1730229405,03:16:48 PM,03:16:45 PM,-3
2101635,3177,FANSHAS3,-31,1730229468,1730229437,03:17:48 PM,03:17:17 PM,-31
2101635,3177,FANSHAS1,-58,1730229518,1730229460,03:18:38 PM,03:17:40 PM,-58
2101635,3177,FANSSTO3,-94,1730229574,1730229480,03:19:34 PM,03:18:00 PM,-94
2101635,3177,FANSSTO1,-132,1730229636,1730229504,03:20:36 PM,03:18:24 PM,-132
2101635,3177,ADELFAN2,0,1730229720,1730229720,03:22:00 PM,03:22:00 PM,0
2101635,3177,ADELMAPL,1,1730229762,1730229763,03:22:42 PM,03:22:43 PM,1
2101635,3177,ADELWILL,-4,1730229793,1730229789,03:23:13 PM,03:23:09 PM,-4
2101635,3177,ADELWIN2,-34,1730229876,1730229842,03:24:36 PM,03:24:02 PM,-34
2101635,3177,ADELKIP2,0,1730229960,1730229960,03:26:00 PM,03:26:00 PM,0
2101635,3177,ADELKIP6,-38,1730230022,1730229984,03:27:02 PM,03:26:24 PM,-38
2101635,3177,ADELHUR2,-47,1730230093,1730230046,03:28:13 PM,03:27:26 PM,-47
2101635,3177,ADELVIC2,-70,1730230148,1730230078,03:29:08 PM,03:27:58 PM,-70
2101635,3177,ADELCHE2,0,1730230200,1730230200,03:30:00 PM,03:30:00 PM,0
2101635,3177,ADELGRO2,-2,1730230235,1730230233,03:30:35 PM,03:30:33 PM,-2
2101635,3177,ADELSJA2,-13,1730230281,1730230268,03:31:21 PM,03:31:08 PM,-13
2101635,3177,ADELOXF2,87,1730230320,1730230407,03:32:00 PM,03:33:27 PM,87
2101635,3177,ADELPIC2,56,1730230362,1730230418,03:32:42 PM,03:33:38 PM,56
2101635,3177,ADELPAMA,,,,,,
2101635,3177,ADELCEN2,-29,1730230483,1730230454,03:34:43 PM,03:34:14 PM,-29
2101635,3177,ADELROSE,-52,1730230517,1730230465,03:35:17 PM,03:34:25 PM,-52
2101635,3177,ADELPRIN,-75,1730230555,1730230480,03:35:55 PM,03:34:40 PM,-75
2101635,3177,ADELDUFR,-92,1730230587,1730230495,03:36:27 PM,03:34:55 PM,-92
2101635,3177,ADELQUEE,-100,1730230622,1730230522,03:37:02 PM,03:35:22 PM,-100
2101635,3177,ADELDUN2,0,1730230680,1730230680,03:38:00 PM,03:38:00 PM,0
2101635,3177,ADELHAMI,0,1730230800,1730230800,03:40:00 PM,03:40:00 PM,0
2101635,3177,ADELHIL2,-25,1730230841,1730230816,03:40:41 PM,03:40:16 PM,-25
2101635,3177,ADELNEL2,-55,1730230902,1730230847,03:41:42 PM,03:40:47 PM,-55
2101635,3177,ADELADA2,-91,1730230964,1730230873,03:42:44 PM,03:41:13 PM,-91
2101635,3177,ADELEDNA,-125,1730231023,1730230898,03:43:43 PM,03:41:38 PM,-125
2101635,3177,ADELTHO4,-144,1730231111,1730230967,03:45:11 PM,03:42:47 PM,-144
2101635,3177,ADELTHO6,-171,1730231149,1730230978,03:45:49 PM,03:42:58 PM,-171
2101635,3177,ADELTHO2,-195,1730231189,1730230994,03:46:29 PM,03:43:14 PM,-195
2101635,3177,ADELTHO8,-217,1730231225,1730231008,03:47:05 PM,03:43:28 PM,-217
2101635,3177,ADELLEA2,-238,1730231274,1730231036,03:47:54 PM,03:43:56 PM,-238
2101635,3177,COMMADE1,0,1730231340,1730231340,03:49:00 PM,03:49:00 PM,0
2101635,3177,COMMLEA1,-14,1730231365,1730231351,03:49:25 PM,03:49:11 PM,-14
2101635,3177,COMMFRO1,-33,1730231414,1730231381,03:50:14 PM,03:49:41 PM,-33
2101635,3177,COMMKIE1,-40,1730231442,1730231402,03:50:42 PM,03:50:02 PM,-40
2101635,3177,COMMPOM1,-45,1730231486,1730231441,03:51:26 PM,03:50:41 PM,-45
2101635,3177,COMMPOM1,15,1730231486,1730231501,03:51:26 PM,03:51:41 PM,15
2101635,3177,PONDDEV2,15,1730231511,1730231526,03:51:51 PM,03:52:06 PM,15
2101635,3177,PONDBAN2,19,1730231538,1730231557,03:52:18 PM,03:52:37 PM,19
2101635,3177,DEVEPOND,12,1730231569,1730231581,03:52:49 PM,03:53:01 PM,12
2101635,3177,DEVEGLEN,8,1730231615,1730231623,03:53:35 PM,03:53:43 PM,8
2101635,3177,DEVELYSA,-2,1730231660,1730231658,03:54:20 PM,03:54:18 PM,-2
2101635,3177,DEVEBANB,-15,1730231700,1730231685,03:55:00 PM,03:54:45 PM,-15
2101635,3177,DEVECOM1,-13,1730231740,1730231727,03:55:40 PM,03:55:27 PM,-13
2101635,3177,COMMDEV4,-80,1730231820,1730231740,03:57:00 PM,03:55:40 PM,-80
2101710,3177,COMMDEV4,0,1730232060,1730232060,04:01:00 PM,04:01:00 PM,0
2101710,3177,COMMPOM4,0,1730232109,1730232109,04:01:49 PM,04:01:49 PM,0
2101710,3177,COMMKIE2,-16,1730232155,1730232139,04:02:35 PM,04:02:19 PM,-16
2101710,3177,COMMFRO2,-17,1730232189,1730232172,04:03:09 PM,04:02:52 PM,-17
2101710,3177,COMMLEA2,-24,1730232223,1730232199,04:03:43 PM,04:03:19 PM,-24
2101710,3177,COMMADE2,-25,1730232243,1730232218,04:04:03 PM,04:03:38 PM,-25
2101710,3177,ADELLEA1,-34,1730232286,1730232252,04:04:46 PM,04:04:12 PM,-34
2101710,3177,ADELLEA3,-43,1730232331,1730232288,04:05:31 PM,04:04:48 PM,-43
2101710,3177,ADELLEA5,-47,1730232347,1730232300,04:05:47 PM,04:05:00 PM,-47
2101710,3177,ADELLEA7,-62,1730232377,1730232315,04:06:17 PM,04:05:15 PM,-62
2101710,3177,ADELTHO1,0,1730232420,1730232420,04:07:00 PM,04:07:00 PM,0
2101710,3177,ADELMAUD,-10,1730232466,1730232456,04:07:46 PM,04:07:36 PM,-10
2101710,3177,ADELTERR,-26,1730232514,1730232488,04:08:34 PM,04:08:08 PM,-26
2101710,3177,ADELADA1,-41,1730232542,1730232501,04:09:02 PM,04:08:21 PM,-41
2101710,3177,ADELNEL1,-66,1730232612,1730232546,04:10:12 PM,04:09:06 PM,-66
2101710,3177,ADELHIL1,-74,1730232660,1730232586,04:11:00 PM,04:09:46 PM,-74
2101710,3177,ADELLISI,0,1730232720,1730232720,04:12:00 PM,04:12:00 PM,0
2101710,3177,ADELDUN1,0,1730232960,1730232960,04:16:00 PM,04:16:00 PM,0
2101710,3177,ADELLORN,0,1730233058,1730233058,04:17:38 PM,04:17:38 PM,0
2101710,3177,ADELCEN1,0,1730233129,1730233129,04:18:49 PM,04:18:49 PM,0
2101710,3177,ADELMCMA,,,,,,
2101710,3177,ADELPIC1,0,1730233264,1730233264,04:21:04 PM,04:21:04 PM,0
2101710,3177,ADELOXF1,0,1730233320,1730233320,04:22:00 PM,04:22:00 PM,0
2101710,3177,ADELSJA1,0,1730233350,1730233350,04:22:30 PM,04:22:30 PM,0
2101710,3177,ADELGRO1,0,1730233396,1730233396,04:23:16 PM,04:23:16 PM,0
2101710,3177,ADELCHE1,0,1730233440,1730233440,04:24:00 PM,04:24:00 PM,0
2101710,3177,ADELVIC1,0,1730233475,1730233475,04:24:35 PM,04:24:35 PM,0
2101710,3177,ADELREG1,0,1730233529,1730233529,04:25:29 PM,04:25:29 PM,0
2101710,3177,ADELHUR1,0,1730233567,1730233567,04:26:07 PM,04:26:07 PM,0
2101710,3177,ADELHUR5,0,1730233633,1730233633,04:27:13 PM,04:27:13 PM,0
2101710,3177,ADELKIP1,0,1730233679,1730233679,04:27:59 PM,04:27:59 PM,0
2101710,3177,ADELWIN1,0,1730233790,1730233790,04:29:50 PM,04:29:50 PM,0
2101710,3177,ADELGLEN,0,1730233903,1730233903,04:31:43 PM,04:31:43 PM,0
2101710,3177,ADELTENN,0,1730233931,1730233931,04:32:11 PM,04:32:11 PM,0
2101710,3177,FANSADE4,0,1730234040,1730234040,04:34:00 PM,04:34:00 PM,0
2101710,3177,FANSSTO2,0,1730234091,1730234091,04:34:51 PM,04:34:51 PM,0
2101710,3177,FANSHAS2,0,1730234228,1730234228,04:37:08 PM,04:37:08 PM,0
2101710,3177,FANSJEN2,0,1730234277,1730234277,04:37:57 PM,04:37:57 PM,0
2101710,3177,FANSJEN4,0,1730234314,1730234314,04:38:34 PM,04:38:34 PM,0
2101710,3177,FANSNCR2,0,1730234368,1730234368,04:39:28 PM,04:39:28 PM,0
2101710,3177,MASOSTO6,0,1730234460,1730234460,04:41:00 PM,04:41:00 PM,0
2094960,3303,COLBCEN2,,,,,,
2094960,3303,COLBDUFF,186,1730229160,1730229346,03:12:40 PM,03:15:46 PM,186
2094960,3303,WATEDUF1,182,1730229227,1730229409,03:13:47 PM,03:16:49 PM,182
2094960,3303,WATEKINS,204,1730229314,1730229518,03:15:14 PM,03:18:38 PM,204
2094960,3303,YORKWAT1,208,1730229360,1730229568,03:16:00 PM,03:19:28 PM,208
2094960,3303,COLBHOR2,194,1730229482,1730229676,03:18:02 PM,03:21:16 PM,194
2094960,3303,GREYCOLB,162,1730229550,1730229712,03:19:10 PM,03:21:52 PM,162
2094960,3303,GREYWATE,136,1730229595,1730229731,03:19:55 PM,03:22:11 PM,136
2094960,3303,WELLGRE2,141,1730229673,1730229814,03:21:13 PM,03:23:34 PM,141
2094960,3303,WELLSOU2,98,1730229737,1730229835,03:22:17 PM,03:23:55 PM,98
2094960,3303,WELLGRA2,60,1730229834,1730229894,03:23:54 PM,03:24:54 PM,60
2094960,3303,WELLCOLG,26,1730229896,1730229922,03:24:56 PM,03:25:22 PM,26
2094960,3303,WELLWELL,-19,1730229964,1730229945,03:26:04 PM,03:25:45 PM,-19
2094960,3303,WELLTHJA,-83,1730230059,1730229976,03:27:39 PM,03:26:16 PM,-83
2094960,3303,WELLPERC,-115,1730230116,1730230001,03:28:36 PM,03:26:41 PM,-115
2094960,3303,BASEWEL1,-128,1730230185,1730230057,03:29:45 PM,03:27:37 PM,-128
2094960,3303,BASEFAI3,0,1730230260,1730230260,03:31:00 PM,03:31:00 PM,0
2094960,3303,WESTBAS1,-22,1730230318,1730230296,03:31:58 PM,03:31:36 PM,-22
2094960,3303,WESTWHE1,-37,1730230345,1730230308,03:32:25 PM,03:31:48 PM,-37
2094960,3303,WESTTHO1,-51,1730230381,1730230330,03:33:01 PM,03:32:10 PM,-51
2094960,3303,THOMADE1,-20,1730230426,1730230406,03:33:46 PM,03:33:26 PM,-20
2094960,3303,THOMEME1,-27,1730230456,1730230429,03:34:16 PM,03:33:49 PM,-27
2094960,3303,THOMCHE1,-49,1730230504,1730230455,03:35:04 PM,03:34:15 PM,-49
2094960,3303,THOMGLA1,-51,1730230522,1730230471,03:35:22 PM,03:34:31 PM,-51
2094960,3303,KINGTHO2,-65,1730230560,1730230495,03:36:00 PM,03:34:55 PM,-65
2094960,3303,KINGTHO2,6,1730230560,1730230566,03:36:00 PM,03:36:06 PM,6
2094960,3303,KINGDIP2,6,1730230587,1730230593,03:36:27 PM,03:36:33 PM,6
2094960,3303,KINGSCE2,0,1730230614,1730230614,03:36:54 PM,03:36:54 PM,0
2094960,3303,KINGECHO,-12,1730230643,1730230631,03:37:23 PM,03:37:11 PM,-12
2094960,3303,KINGCHI2,-22,1730230677,1730230655,03:37:57 PM,03:37:35 PM,-22
2094960,3303,KINGEAGL,-28,1730230701,1730230673,03:38:21 PM,03:37:53 PM,-28
2094960,3303,BURLCAIR,-43,1730230785,1730230742,03:39:45 PM,03:39:02 PM,-43
2094960,3303,BURLPOMI,-36,1730230821,1730230785,03:40:21 PM,03:39:45 PM,-36
2094960,3303,SHELBUR2,-31,1730230842,1730230811,03:40:42 PM,03:40:11 PM,-31
2094960,3303,SHELODEL,-26,1730230863,1730230837,03:41:03 PM,03:40:37 PM,-26
2094960,3303,SHELDEVE,-74,1730230920,1730230846,03:42:00 PM,03:40:46 PM,-74
2095029,3303,SHELDEVE,64,1730231340,1730231404,03:49:00 PM,03:50:04 PM,64
2095029,3303,COMMDEV4,38,1730231388,1730231426,03:49:48 PM,03:50:26 PM,38
2095029,3303,PONDCOMM,38,1730231443,1730231480,03:50:43 PM,03:51:20 PM,37
2095029,3303,PONDBURL,26,1730231470,1730231496,03:51:10 PM,03:51:36 PM,26
2095029,3303,PONDCLE1,-2,1730231532,1730231530,03:52:12 PM,03:52:10 PM,-2
2095029,3303,PONDAIL2,-34,1730231597,1730231564,03:53:17 PM,03:52:44 PM,-33
2095029,3303,PONDSCE1,0,1730231640,1730231640,03:54:00 PM,03:54:00 PM,0
2095029,3303,PONDEGER,-7,1730231681,1730231674,03:54:41 PM,03:54:34 PM,-7
2095029,3303,THOMKED2,-26,1730231783,1730231757,03:56:23 PM,03:55:57 PM,-26
2095029,3303,THOMGLA2,-35,1730231808,1730231773,03:56:48 PM,03:56:13 PM,-35
2095029,3303,THOMCHE2,-57,1730231840,1730231783,03:57:20 PM,03:56:23 PM,-57
2095029,3303,THOMJACQ,-63,1730231884,1730231821,03:58:04 PM,03:57:01 PM,-63
2095029,3303,THOMADE2,-55,1730231936,1730231881,03:58:56 PM,03:58:01 PM,-55
2095029,3303,WESTTHO2,-60,1730231965,1730231905,03:59:25 PM,03:58:25 PM,-60
2095029,3303,WESTWHE2,-75,1730232000,1730231925,04:00:00 PM,03:58:45 PM,-75
2095029,3303,WESTBAS2,-95,1730232041,1730231946,04:00:41 PM,03:59:06 PM,-95
2095029,3303,BASEFAI2,0,1730232120,1730232120,04:02:00 PM,04:02:00 PM,0
2095029,3303,WELLBAS3,-26,1730232198,1730232172,04:03:18 PM,04:02:52 PM,-26
2095029,3303,WELLCHES,-46,1730232252,1730232206,04:04:12 PM,04:03:26 PM,-46
2095029,3303,WELLALEX,-86,1730232325,1730232239,04:05:25 PM,04:03:59 PM,-86
2095029,3303,WELLBOND,-118,1730232377,1730232259,04:06:17 PM,04:04:19 PM,-118
2095029,3303,WELLMCL1,-148,1730232432,1730232284,04:07:12 PM,04:04:44 PM,-148
2095029,3303,WELLGRA1,-173,1730232481,1730232308,04:08:01 PM,04:05:08 PM,-173
2095029,3303,SOUTWEL3,-213,1730232572,1730232359,04:09:32 PM,04:05:59 PM,-213
2095029,3303,SOUTWATE,-232,1730232612,1730232380,04:10:12 PM,04:06:20 PM,-232
2095029,3303,SOUTHOSP,-247,1730232655,1730232408,04:10:55 PM,04:06:48 PM,-247
2095029,3303,COLBGRE1,-267,1730232739,1730232472,04:12:19 PM,04:07:52 PM,-267
2095029,3303,COLBHOR1,-236,1730232781,1730232545,04:13:01 PM,04:09:05 PM,-236
2095029,3303,YORKCOL2,-213,1730232855,1730232642,04:14:15 PM,04:10:42 PM,-213
2095029,3303,YORKWAT2,-218,1730232888,1730232670,04:14:48 PM,04:11:10 PM,-218
2095029,3303,WATEDUN1,0,1730232960,1730232960,04:16:00 PM,04:16:00 PM,0
2095029,3303,WATEQUE1,0,1730233013,1730233013,04:16:53 PM,04:16:53 PM,0
2095029,3303,DUFFCOLB,0,1730233088,1730233088,04:18:08 PM,04:18:08 PM,0
2095029,3303,COLBPRIN,,,,,,
2095029,3303,COLBCEN1,,,,,,
2095029,3303,COLBPAM1,0,1730233281,1730233281,04:21:21 PM,04:21:21 PM,0
2095029,3303,COLBOXFO,0,1730233380,1730233380,04:23:00 PM,04:23:00 PM,0
2095029,3303,COLBSJM1,0,1730233407,1730233407,04:23:27 PM,04:23:27 PM,0
2095029,3303,COLBGRO2,0,1730233448,1730233448,04:24:08 PM,04:24:08 PM,0
2095029,3303,CHEACOLB,0,1730233496,1730233496,04:24:56 PM,04:24:56 PM,0
2095029,3303,CHEAMAI1,0,1730233539,1730233539,04:25:39 PM,04:25:39 PM,0
2095029,3303,CHEAWIL1,0,1730233579,1730233579,04:26:19 PM,04:26:19 PM,0
2095029,3303,ADELCHE1,0,1730233620,1730233620,04:27:00 PM,04:27:00 PM,0
2095029,3303,ADELVIC1,0,1730233655,1730233655,04:27:35 PM,04:27:35 PM,0
2095029,3303,ADELREG1,0,1730233709,1730233709,04:28:29 PM,04:28:29 PM,0
2095029,3303,ADELHUR1,0,1730233747,1730233747,04:29:07 PM,04:29:07 PM,0
2095029,3303,ADELHUR5,0,1730233814,1730233814,04:30:14 PM,04:30:14 PM,0
2095029,3303,KIPPADEL,0,1730233920,1730233920,04:32:00 PM,04:32:00 PM,0
2105440,3304,MEADSUN1,225,1730228691,1730228916,03:04:51 PM,03:08:36 PM,225
2105440,3304,MEADQUA1,221,1730228760,1730228981,03:06:00 PM,03:09:41 PM,221
2105440,3304,QUARPLN1,189,1730228850,1730229039,03:07:30 PM,03:10:39 PM,189
2105440,3304,PLANFAI3,165,1730228906,1730229071,03:08:26 PM,03:11:11 PM,165
2105440,3304,PINNPLN1,143,1730228968,1730229111,03:09:28 PM,03:11:51 PM,143
2105440,3304,PINNMCGA,130,1730229013,1730229143,03:10:13 PM,03:12:23 PM,130
2105440,3304,PINNFANS,161,1730229060,1730229221,03:11:00 PM,03:13:41 PM,161
2105440,3304,AMBEWTHA,134,1730229147,1730229281,03:12:27 PM,03:14:41 PM,134
2105440,3304,AMBEHESK,125,1730229191,1730229316,03:13:11 PM,03:15:16 PM,125
2105440,3304,AMBEGRAN,102,1730229251,1730229353,03:14:11 PM,03:15:53 PM,102
2105440,3304,AMBECORL,77,1730229325,1730229402,03:15:25 PM,03:16:42 PM,77
2105440,3304,AMBEHILL,49,1730229392,1730229441,03:16:32 PM,03:17:21 PM,49
2105440,3304,WESTAMB2,43,1730229445,1730229488,03:17:25 PM,03:18:08 PM,43
2105440,3304,WESTELG3,-4,1730229606,1730229602,03:20:06 PM,03:20:02 PM,-4
2105440,3304,WESTELG2,-1,1730229640,1730229639,03:20:40 PM,03:20:39 PM,-1
2105440,3304,ALUMHAL1,-24,1730229720,1730229696,03:22:00 PM,03:21:36 PM,-24
2105440,3304,ALUMHAL1,65,1730229900,1730229965,03:25:00 PM,03:26:05 PM,65
2105440,3304,DELAHALL,75,1730230020,1730230095,03:27:00 PM,03:28:15 PM,75
2105440,3304,UNIVHOS1,69,1730230140,1730230209,03:29:00 PM,03:30:09 PM,69
2105440,3304,PERTWIN1,55,1730230176,1730230231,03:29:36 PM,03:30:31 PM,55
2105440,3304,WINDRIC1,94,1730230241,1730230335,03:30:41 PM,03:32:15 PM,94
2105440,3304,WINDTAL1,54,1730230316,1730230370,03:31:56 PM,03:32:50 PM,54
2105440,3304,DOONWIN1,32,1730230380,1730230412,03:33:00 PM,03:33:32 PM,32
2105440,3304,DOONCAIT,9,1730230446,1730230455,03:34:06 PM,03:34:15 PM,9
2105440,3304,DOONANGU,5,1730230465,1730230470,03:34:25 PM,03:34:30 PM,5
2105440,3304,DOONMUS2,2,1730230502,1730230504,03:35:02 PM,03:35:04 PM,2
2105440,3304,WINDDOO1,2,1730230550,1730230552,03:35:50 PM,03:35:52 PM,2
2105440,3304,WINDDOO3,-4,1730230588,1730230584,03:36:28 PM,03:36:24 PM,-4
2105440,3304,WINDADE1,-14,1730230614,1730230600,03:36:54 PM,03:36:40 PM,-14
2105440,3304,ADELWIN1,-5,1730230663,1730230658,03:37:43 PM,03:37:38 PM,-5
2105440,3304,ADELGLEN,-32,1730230749,1730230717,03:39:09 PM,03:38:37 PM,-32
2105440,3304,GLENGLE4,-54,1730230852,1730230798,03:40:52 PM,03:39:58 PM,-54
2105440,3304,GLENRID1,-74,1730230924,1730230850,03:42:04 PM,03:40:50 PM,-74
2105440,3304,GLENMCL1,-80,1730230966,1730230886,03:42:46 PM,03:41:26 PM,-80
2105440,3304,FANSGLE3,-65,1730231025,1730230960,03:43:45 PM,03:42:40 PM,-65
2105440,3304,STACFANS,-80,1730231069,1730230989,03:44:29 PM,03:43:09 PM,-80
2105440,3304,GRENSTA1,0,1730231160,1730231160,03:46:00 PM,03:46:00 PM,0
2105440,3304,GRENDEVO,-27,1730231214,1730231187,03:46:54 PM,03:46:27 PM,-27
2105440,3304,GRENTROS,-42,1730231255,1730231213,03:47:35 PM,03:46:53 PM,-42
2105440,3304,GRENMIDA,-80,1730231321,1730231241,03:48:41 PM,03:47:21 PM,-80
2105440,3304,GRENGREN,-121,1730231392,1730231271,03:49:52 PM,03:47:51 PM,-121
2105440,3304,GRENADEL,-148,1730231460,1730231312,03:51:00 PM,03:48:32 PM,-148
2105440,3304,PHILSILV,-163,1730231503,1730231340,03:51:43 PM,03:49:00 PM,-163
2105440,3304,PHILPHIL,-202,1730231576,1730231374,03:52:56 PM,03:49:34 PM,-202
2105440,3304,PHILBILL,-219,1730231627,1730231408,03:53:47 PM,03:50:08 PM,-219
2105440,3304,FANSPHIL,0,1730231700,1730231700,03:55:00 PM,03:55:00 PM,0
2105440,3304,FANSHAS2,-26,1730231754,1730231728,03:55:54 PM,03:55:28 PM,-26
2105440,3304,FANSJEN2,-41,1730231801,1730231760,03:56:41 PM,03:56:00 PM,-41
2105440,3304,FANSJEN4,-55,1730231837,1730231782,03:57:17 PM,03:56:22 PM,-55
2105440,3304,FANSNCR2,-62,1730231889,1730231827,03:58:09 PM,03:57:07 PM,-62
2105440,3304,MASOSTO1,-137,1730232000,1730231863,04:00:00 PM,03:57:43 PM,-137
2105417,3304,MASOSTO2,0,1730232000,1730232000,04:00:00 PM,04:00:00 PM,0
2105417,3304,FANSRIC1,-52,1730232083,1730232031,04:01:23 PM,04:00:31 PM,-52
2105417,3304,FANSNCR1,-63,1730232116,1730232053,04:01:56 PM,04:00:53 PM,-63
2105417,3304,FANSNCR3,-75,1730232166,1730232091,04:02:46 PM,04:01:31 PM,-75
2105417,3304,FANSHAS3,-107,1730232231,1730232124,04:03:51 PM,04:02:04 PM,-107
2105417,3304,FANSHAS1,-136,1730232285,1730232149,04:04:45 PM,04:02:29 PM,-136
2105417,3304,PHILDON2,0,1730232360,1730232360,04:06:00 PM,04:06:00 PM,0
2105417,3304,PHILBIL2,-14,1730232404,1730232390,04:06:44 PM,04:06:30 PM,-14
2105417,3304,PHILBIL3,-50,1730232460,1730232410,04:07:40 PM,04:06:50 PM,-50
2105417,3304,PHILPEN2,-78,1730232515,1730232437,04:08:35 PM,04:07:17 PM,-78
2105417,3304,GRENADE2,-93,1730232587,1730232494,04:09:47 PM,04:08:14 PM,-93
2105417,3304,GRENLAI2,-111,1730232636,1730232525,04:10:36 PM,04:08:45 PM,-111
2105417,3304,GENGRE2,-139,1730232688,1730232549,04:11:28 PM,04:09:09 PM,-139
2105417,3304,GRENMID1,-155,1730232722,1730232567,04:12:02 PM,04:09:27 PM,-155
2105417,3304,GRENTRO1,-186,1730232784,1730232598,04:13:04 PM,04:09:58 PM,-186
2105417,3304,GRENDEV1,-208,1730232835,1730232627,04:13:55 PM,04:10:27 PM,-208
2105417,3304,GRENSTAC,-235,1730232900,1730232665,04:15:00 PM,04:11:05 PM,-235
2105417,3304,STACFAN1,0,1730233020,1730233020,04:17:00 PM,04:17:00 PM,0
2105417,3304,GLENFANS,0,1730233087,1730233087,04:18:07 PM,04:18:07 PM,0
2105417,3304,GLENMCL2,0,1730233129,1730233129,04:18:49 PM,04:18:49 PM,0
2105417,3304,GLENRID2,0,1730233167,1730233167,04:19:27 PM,04:19:27 PM,0
2105417,3304,GLENGLE2,0,1730233269,1730233269,04:21:09 PM,04:21:09 PM,0
2105417,3304,ADELGLE1,0,1730233389,1730233389,04:23:09 PM,04:23:09 PM,0
2105417,3304,ADELWIN2,0,1730233484,1730233484,04:24:44 PM,04:24:44 PM,0
2105417,3304,WINDADE2,0,1730233504,1730233504,04:25:04 PM,04:25:04 PM,0
2105417,3304,WINDADE4,0,1730233547,1730233547,04:25:47 PM,04:25:47 PM,0
2105417,3304,WINDDOO4,0,1730233568,1730233568,04:26:08 PM,04:26:08 PM,0
2105417,3304,WINDDOO2,0,1730233620,1730233620,04:27:00 PM,04:27:00 PM,0
2105417,3304,DOONMUS1,0,1730233658,1730233658,04:27:38 PM,04:27:38 PM,0
2105417,3304,DOONMUS3,0,1730233681,1730233681,04:28:01 PM,04:28:01 PM,0
2105417,3304,DOONSUNY,0,1730233734,1730233734,04:28:54 PM,04:28:54 PM,0
2105417,3304,DOONRAV4,0,1730233775,1730233775,04:29:35 PM,04:29:35 PM,0
2105417,3304,DOONRAV2,0,1730233793,1730233793,04:29:53 PM,04:29:53 PM,0
2105417,3304,DOONWIN2,0,1730233840,1730233840,04:30:40 PM,04:30:40 PM,0
2105417,3304,WINDTAL2,0,1730233880,1730233880,04:31:20 PM,04:31:20 PM,0
2105417,3304,WINDRIC2,0,1730233948,1730233948,04:32:28 PM,04:32:28 PM,0
2105417,3304,PERTWIN2,0,1730233989,1730233989,04:33:09 PM,04:33:09 PM,0
2105417,3304,UNIVHOS2,0,1730234040,1730234040,04:34:00 PM,04:34:00 PM,0
2105417,3304,UNIVHOS2,0,1730234040,1730234040,04:34:00 PM,04:34:00 PM,0
2105417,3304,DELAHAL2,0,1730234175,1730234175,04:36:15 PM,04:36:15 PM,0
2105417,3304,NATSCI,0,1730234280,1730234280,04:38:00 PM,04:38:00 PM,0
2105417,3304,WESTELG1,0,1730234344,1730234344,04:39:04 PM,04:39:04 PM,0
2105417,3304,WESTAMB1,0,1730234456,1730234456,04:40:56 PM,04:40:56 PM,0
2105417,3304,AMBLHILL,0,1730234510,1730234510,04:41:50 PM,04:41:50 PM,0
2105417,3304,AMBLGRA2,0,1730234570,1730234570,04:42:50 PM,04:42:50 PM,0
2105417,3304,AMBLGRN2,0,1730234647,1730234647,04:44:07 PM,04:44:07 PM,0
2105417,3304,AMBLWHI1,0,1730234712,1730234712,04:45:12 PM,04:45:12 PM,0
2105417,3304,AMBLWHI2,0,1730234739,1730234739,04:45:39 PM,04:45:39 PM,0
2105417,3304,PINNFAN1,0,1730234820,1730234820,04:47:00 PM,04:47:00 PM,0
2105417,3304,PINNERIV,0,1730234868,1730234868,04:47:48 PM,04:47:48 PM,0
2105417,3304,PINNPLNE,0,1730234910,1730234910,04:48:30 PM,04:48:30 PM,0
2105417,3304,PLANFAIR,0,1730234971,1730234971,04:49:31 PM,04:49:31 PM,0
2105417,3304,QUARPLNE,0,1730235027,1730235027,04:50:27 PM,04:50:27 PM,0
2105417,3304,MEADQUAR,0,1730235118,1730235118,04:51:58 PM,04:51:58 PM,0
2105417,3304,MEADSUNN,0,1730235187,1730235187,04:53:07 PM,04:53:07 PM,0
2105417,3304,SUNNVILW,0,1730235240,1730235240,04:54:00 PM,04:54:00 PM,0
2105417,3304,SUNNRICH,0,1730235293,1730235293,04:54:53 PM,04:54:53 PM,0
2105417,3304,1985RICH,0,1730235357,1730235357,04:55:57 PM,04:55:57 PM,0
2105417,3304,RICHPLNE,0,1730235412,1730235412,04:56:52 PM,04:56:52 PM,0
2105417,3304,RICHNCRE,0,1730235471,1730235471,04:57:51 PM,04:57:51 PM,0
2105417,3304,MASOSTO2,0,1730235600,1730235600,05:00:00 PM,05:00:00 PM,0
2098010,3305,KINGRICH,22,1730229300,1730229322,03:15:00 PM,03:15:22 PM,22
2098010,3305,KINGWEL2,10,1730229373,1730229382,03:16:13 PM,03:16:22 PM,9
2098010,3305,WATEKINS,-2,1730229438,1730229436,03:17:18 PM,03:17:16 PM,-2
2098010,3305,YORKWAT1,-2,1730229484,1730229482,03:18:04 PM,03:18:02 PM,-2
2098010,3305,YORKCOL1,-16,1730229527,1730229512,03:18:47 PM,03:18:32 PM,-15
2098010,3305,YORKMAI1,-36,1730229575,1730229540,03:19:35 PM,03:19:00 PM,-35
2098010,3305,YORKWIL1,-56,1730229622,1730229566,03:20:22 PM,03:19:26 PM,-56
2098010,3305,YORKADE1,-98,1730229694,1730229596,03:21:34 PM,03:19:56 PM,-98
2098010,3305,YORKLYL1,-124,1730229749,1730229624,03:22:29 PM,03:20:24 PM,-125
2098010,3305,YORKREC1,0,1730229840,1730229840,03:24:00 PM,03:24:00 PM,0
2098010,3305,FLORFAI1,-21,1730229901,1730229880,03:25:01 PM,03:24:40 PM,-21
2098010,3305,FLOREGE1,-5,1730229944,1730229939,03:25:44 PM,03:25:39 PM,-5
2098010,3305,FLORKEL1,-20,1730229980,1730229960,03:26:20 PM,03:26:00 PM,-20
2098010,3305,FLORELE1,-43,1730230024,1730229981,03:27:04 PM,03:26:21 PM,-43
2098010,3305,FLORASH1,-62,1730230061,1730229999,03:27:41 PM,03:26:39 PM,-62
2098010,3305,HIGBBEA2,-92,1730230161,1730230069,03:29:21 PM,03:27:49 PM,-92
2098010,3305,HIGBWIL2,-116,1730230213,1730230097,03:30:13 PM,03:28:17 PM,-116
2098010,3305,BRYDHIG3,0,1730230260,1730230260,03:31:00 PM,03:31:00 PM,0
2098010,3305,BRYDHAL1,11,1730230313,1730230324,03:31:53 PM,03:32:04 PM,11
2098010,3305,BRYDCORN,4,1730230350,1730230354,03:32:30 PM,03:32:34 PM,4
2098010,3305,WAVEKIW1,-4,1730230392,1730230388,03:33:12 PM,03:33:08 PM,-4
2098010,3305,WAVEVANC,-13,1730230448,1730230435,03:34:08 PM,03:33:55 PM,-13
2098010,3305,WAVEEDM1,-23,1730230502,1730230479,03:35:02 PM,03:34:39 PM,-23
2098010,3305,WAVEMER1,-39,1730230563,1730230524,03:36:03 PM,03:35:24 PM,-39
2098010,3305,CLARWAV1,-35,1730230610,1730230575,03:36:50 PM,03:36:15 PM,-35
2098010,3305,CLARCHU1,-43,1730230642,1730230599,03:37:22 PM,03:36:39 PM,-43
2098010,3305,ARGYMAL2,11,1730230680,1730230691,03:38:00 PM,03:38:11 PM,11
2098010,3305,DUNDEAS3,61,1730230793,1730230854,03:39:53 PM,03:40:54 PM,61
2098010,3305,WAVEDUN6,25,1730230863,1730230888,03:41:03 PM,03:41:28 PM,25
2098010,3305,WAVEDUN2,4,1730230899,1730230903,03:41:39 PM,03:41:43 PM,4
2098010,3305,WAVEDUN4,-20,1730230942,1730230922,03:42:22 PM,03:42:02 PM,-20
2098010,3305,WAVECAS2,-53,1730231016,1730230963,03:43:36 PM,03:42:43 PM,-53
2098010,3305,CLARWAV1,-82,1730231078,1730230996,03:44:38 PM,03:43:16 PM,-82
2098010,3305,CLARCHU1,-101,1730231121,1730231020,03:45:21 PM,03:43:40 PM,-101
2098010,3305,ARGYMAL1,-185,1730231220,1730231035,03:47:00 PM,03:43:55 PM,-185
2098056,3305,ARGYMAL1,46,1730231640,1730231686,03:54:00 PM,03:54:46 PM,46
2098056,3305,CLARCHU2,13,1730231694,1730231707,03:54:54 PM,03:55:07 PM,13
2098056,3305,WAVECLA2,16,1730231731,1730231747,03:55:31 PM,03:55:47 PM,16
2098056,3305,WAVEMER2,8,1730231769,1730231777,03:56:09 PM,03:56:17 PM,8
2098056,3305,WAVEEDM2,-1,1730231815,1730231814,03:56:55 PM,03:56:54 PM,-1
2098056,3305,WAVEWIN2,-2,1730231846,1730231844,03:57:26 PM,03:57:24 PM,-2
2098056,3305,WAVESASK,-2,1730231885,1730231883,03:58:05 PM,03:58:03 PM,-2
2098056,3305,WAVEKIW2,9,1730231920,1730231929,03:58:40 PM,03:58:49 PM,9
2098056,3305,BRYDGRAY,-9,1730231955,1730231946,03:59:15 PM,03:59:06 PM,-9
2098056,3305,BRYDHAL2,-10,1730231993,1730231983,03:59:53 PM,03:59:43 PM,-10
2098056,3305,BRYDHIG2,46,1730232060,1730232106,04:01:00 PM,04:01:46 PM,46
2098056,3305,HIGBWIL1,28,1730232099,1730232127,04:01:39 PM,04:02:07 PM,28
2098056,3305,HIGBBEA1,22,1730232145,1730232167,04:02:25 PM,04:02:47 PM,22
2098056,3305,FLORHIG2,31,1730232179,1730232210,04:02:59 PM,04:03:30 PM,31
2098056,3305,FLORASH2,24,1730232241,1730232265,04:04:01 PM,04:04:25 PM,24
2098056,3305,FLORELE2,2,1730232284,1730232286,04:04:44 PM,04:04:46 PM,2
2098056,3305,FLORKEL2,-21,1730232328,1730232307,04:05:28 PM,04:05:07 PM,-21
2098056,3305,FLOREGE2,-36,1730232361,1730232325,04:06:01 PM,04:05:25 PM,-36
2098056,3305,FLORFAI2,-52,1730232408,1730232356,04:06:48 PM,04:05:56 PM,-52
2098056,3305,YORKREC2,0,1730232480,1730232480,04:08:00 PM,04:08:00 PM,0
2098056,3305,YORKLYL2,-55,1730232577,1730232522,04:09:37 PM,04:08:42 PM,-55
2098056,3305,YORKADE2,-76,1730232624,1730232548,04:10:24 PM,04:09:08 PM,-76
2098056,3305,YORKWIL2,-107,1730232685,1730232578,04:11:25 PM,04:09:38 PM,-107
2098056,3305,YORKMAI2,-150,1730232750,1730232600,04:12:30 PM,04:10:00 PM,-150
2098056,3305,YORKCOL2,-194,1730232833,1730232639,04:13:53 PM,04:10:39 PM,-194
2098056,3305,YORKWAT2,-213,1730232876,1730232663,04:14:36 PM,04:11:03 PM,-213
2098056,3305,WELLYOR1,,,,,,
2098056,3305,WELLDUN3,,,,,,
2098056,3305,QUEECLAR,-8,1730233137,1730233129,04:18:57 PM,04:18:49 PM,-8
2098056,3305,QUEERIC1,-8,1730233200,1730233192,04:20:00 PM,04:19:52 PM,-8
2098056,3305,QUEERIC1,52,1730233200,1730233252,04:20:00 PM,04:20:52 PM,52
2098056,3305,RIDOYORK,83,1730233359,1730233442,04:22:39 PM,04:24:02 PM,83
2098056,3305,YORKTHA2,64,1730233409,1730233473,04:23:29 PM,04:24:33 PM,64
2098056,3305,WHARHORT,4,1730233585,1730233589,04:26:25 PM,04:26:29 PM,4
2098056,3305,WHARBYR2,-3,1730233625,1730233622,04:27:05 PM,04:27:02 PM,-3
2098056,3305,WHARELM2,-42,1730233707,1730233665,04:28:27 PM,04:27:45 PM,-42
2098056,3305,WHARTEC2,-83,1730233779,1730233696,04:29:39 PM,04:28:16 PM,-83
2098056,3305,LANGHOLB,-98,1730233846,1730233748,04:30:46 PM,04:29:08 PM,-98
2098056,3305,MACKEMER,-105,1730233893,1730233788,04:31:33 PM,04:29:48 PM,-105
2098056,3305,EMERWIN2,-137,1730233951,1730233814,04:32:31 PM,04:30:14 PM,-137
2098056,3305,EMERHIW2,-159,1730233990,1730233831,04:33:10 PM,04:30:31 PM,-159
2098056,3305,EMERPHY2,0,1730234040,1730234040,04:34:00 PM,04:34:00 PM,0
2098056,3305,EMERRIDG,0,1730234081,1730234081,04:34:41 PM,04:34:41 PM,0
2098056,3305,SOUTBAS1,0,1730234134,1730234134,04:35:34 PM,04:35:34 PM,0
2098056,3305,SOUTGAR1,0,1730234190,1730234190,04:36:30 PM,04:36:30 PM,0
2098056,3305,BERKGAR2,0,1730234217,1730234217,04:36:57 PM,04:36:57 PM,0
2098056,3305,BERKROB2,0,1730234247,1730234247,04:37:27 PM,04:37:27 PM,0
2098056,3305,BERKTOP2,0,1730234276,1730234276,04:37:56 PM,04:37:56 PM,0
2098056,3305,COMMTOP1,0,1730234360,1730234360,04:39:20 PM,04:39:20 PM,0
2098056,3305,COMMFOE1,0,1730234407,1730234407,04:40:07 PM,04:40:07 PM,0
2098056,3305,WONDCOM2,0,1730234450,1730234450,04:40:50 PM,04:40:50 PM,0
2098056,3305,WONDVIL2,0,1730234488,1730234488,04:41:28 PM,04:41:28 PM,0
2098056,3305,WONDVIS4,0,1730234549,1730234549,04:42:29 PM,04:42:29 PM,0
2098056,3305,WESTMAL5,0,1730234640,1730234640,04:44:00 PM,04:44:00 PM,0
2108468,3306,WONDFAR1,90,1730229074,1730229164,03:11:14 PM,03:12:44 PM,90
2108468,3306,WONDFAR3,64,1730229140,1730229204,03:12:20 PM,03:13:24 PM,64
2108468,3306,WONDBEA1,51,1730229240,1730229291,03:14:00 PM,03:14:51 PM,51
2108468,3306,SARNCAS1,21,1730229426,1730229447,03:17:06 PM,03:17:27 PM,21
2108468,3306,SARNRIPP,0,1730229540,1730229540,03:19:00 PM,03:19:00 PM,0
2108468,3306,SARNCAS3,-1,1730229589,1730229588,03:19:49 PM,03:19:48 PM,-1
2108468,3306,SARNCOOM,6,1730229632,1730229638,03:20:32 PM,03:20:38 PM,6
2108468,3306,SARNWES1,28,1730229660,1730229688,03:21:00 PM,03:21:28 PM,28
2108468,3306,WESTPHA3,48,1730229728,1730229776,03:22:08 PM,03:22:56 PM,48
2108468,3306,ALUMHAL1,52,1730229870,1730229922,03:24:30 PM,03:25:22 PM,52
2108468,3306,LAMBMID1,17,1730230020,1730230037,03:27:00 PM,03:27:17 PM,17
2108468,3306,UNIVSUN1,-12,1730230096,1730230084,03:28:16 PM,03:28:04 PM,-12
2108468,3306,UNIVRIC1,-19,1730230163,1730230144,03:29:23 PM,03:29:04 PM,-19
2108468,3306,HURORIC1,-17,1730230231,1730230214,03:30:31 PM,03:30:14 PM,-17
2108468,3306,HUROWAT1,-31,1730230297,1730230266,03:31:37 PM,03:31:06 PM,-31
2108468,3306,HUROCOLB,-47,1730230343,1730230296,03:32:23 PM,03:31:36 PM,-47
2108468,3306,MAITREGE,-61,1730230410,1730230349,03:33:30 PM,03:32:29 PM,-61
2108468,3306,REGEWILL,-73,1730230458,1730230385,03:34:18 PM,03:33:05 PM,-73
2108468,3306,ADELHUR1,0,1730230560,1730230560,03:36:00 PM,03:36:00 PM,0
2108468,3306,ADELHUR5,-30,1730230620,1730230590,03:37:00 PM,03:36:30 PM,-30
2108468,3306,KIPPADEL,3,1730230680,1730230683,03:38:00 PM,03:38:03 PM,3
2108468,3306,KIPPBELF,-14,1730230735,1730230721,03:38:55 PM,03:38:41 PM,-14
2108468,3306,KIPPBARK,-39,1730230822,1730230783,03:40:22 PM,03:39:43 PM,-39
2108468,3306,BARKMELS,-71,1730230915,1730230844,03:41:55 PM,03:40:44 PM,-71
2108468,3306,BARKHURO,-90,1730230977,1730230887,03:42:57 PM,03:41:27 PM,-90
2108468,3306,HUROBRI3,-139,1730231066,1730230927,03:44:26 PM,03:42:07 PM,-139
2108468,3306,HUROBRI1,0,1730231100,1730231100,03:45:00 PM,03:45:00 PM,0
2108468,3306,HUROMCN1,-29,1730231157,1730231128,03:45:57 PM,03:45:28 PM,-29
2108468,3306,HUROVES1,-45,1730231206,1730231161,03:46:46 PM,03:46:01 PM,-45
2108468,3306,HUROHIG1,2,1730231280,1730231282,03:48:00 PM,03:48:02 PM,2
2108468,3306,HUROHIG3,-10,1730231318,1730231308,03:48:38 PM,03:48:28 PM,-10
2108468,3306,HUROWEB1,-11,1730231388,1730231377,03:49:48 PM,03:49:37 PM,-11
2108468,3306,HUROSAN1,-30,1730231459,1730231429,03:50:59 PM,03:50:29 PM,-30
2108468,3306,SANDBEC2,-38,1730231512,1730231474,03:51:52 PM,03:51:14 PM,-38
2108468,3306,FCBLCHE2,-57,1730231607,1730231550,03:53:27 PM,03:52:30 PM,-57
2108468,3306,FCBLFLE2,-79,1730231665,1730231586,03:54:25 PM,03:53:06 PM,-79
2108468,3306,FANCOLL4,-112,1730231760,1730231648,03:56:00 PM,03:54:08 PM,-112
2108402,3306,FANCOLL4,0,1730232240,1730232240,04:04:00 PM,04:04:00 PM,0
2108402,3306,FCBLFLE1,0,1730232360,1730232360,04:06:00 PM,04:06:00 PM,0
2108402,3306,FCBLCHE1,-25,1730232435,1730232410,04:07:15 PM,04:06:50 PM,-25
2108402,3306,SANDBEC1,-79,1730232545,1730232466,04:09:05 PM,04:07:46 PM,-79
2108402,3306,SANDHUR1,-73,1730232580,1730232507,04:09:40 PM,04:08:27 PM,-73
2108402,3306,HUROSAN2,-48,1730232639,1730232591,04:10:39 PM,04:09:51 PM,-48
2108402,3306,HUROWEB2,-60,1730232711,1730232651,04:11:51 PM,04:10:51 PM,-60
2108402,3306,HUROHIG4,0,1730232840,1730232840,04:14:00 PM,04:14:00 PM,0
2108402,3306,HUROVES2,0,1730232889,1730232889,04:14:49 PM,04:14:49 PM,0
2108402,3306,HUROMCN2,0,1730232972,1730232972,04:16:12 PM,04:16:12 PM,0
2108402,3306,HUROBRI2,0,1730233015,1730233015,04:16:55 PM,04:16:55 PM,0
2108402,3306,BARKHUR1,0,1730233080,1730233080,04:18:00 PM,04:18:00 PM,0
2108402,3306,BARKMEL1,0,1730233139,1730233139,04:18:59 PM,04:18:59 PM,0
2108402,3306,BARKKIPP,0,1730233202,1730233202,04:20:02 PM,04:20:02 PM,0
2108402,3306,KIPPBEL1,0,1730233268,1730233268,04:21:08 PM,04:21:08 PM,0
2108402,3306,KIPPADE1,0,1730233320,1730233320,04:22:00 PM,04:22:00 PM,0
2108402,3306,ADELKIP6,0,1730233425,1730233425,04:23:45 PM,04:23:45 PM,0
2108402,3306,HUROADE4,0,1730233503,1730233503,04:25:03 PM,04:25:03 PM,0
2108402,3306,WILLREGE,0,1730233574,1730233574,04:26:14 PM,04:26:14 PM,0
2108402,3306,REGEMAIT,0,1730233624,1730233624,04:27:04 PM,04:27:04 PM,0
2108402,3306,HUROFRAS,0,1730233687,1730233687,04:28:07 PM,04:28:07 PM,0
2108402,3306,HUROWAT2,0,1730233746,1730233746,04:29:06 PM,04:29:06 PM,0
2108402,3306,HURORIC2,0,1730233834,1730233834,04:30:34 PM,04:30:34 PM,0
2108402,3306,UNIVRIC2,0,1730233920,1730233920,04:32:00 PM,04:32:00 PM,0
2108402,3306,UNIVSUN2,0,1730233982,1730233982,04:33:02 PM,04:33:02 PM,0
2108402,3306,MIDDPERT,0,1730234079,1730234079,04:34:39 PM,04:34:39 PM,0
2108402,3306,NATSCI,0,1730234160,1730234160,04:36:00 PM,04:36:00 PM,0
2108402,3306,WESTELG2,0,1730234448,1730234448,04:40:48 PM,04:40:48 PM,0
2108402,3306,WESTLAM2,0,1730234598,1730234598,04:43:18 PM,04:43:18 PM,0
2108402,3306,SARNWES2,0,1730234820,1730234820,04:47:00 PM,04:47:00 PM,0
2108402,3306,SARNBRES,0,1730234912,1730234912,04:48:32 PM,04:48:32 PM,0
2108402,3306,SARNSLEI,0,1730235003,1730235003,04:50:03 PM,04:50:03 PM,0
2108402,3306,SARNLEYT,0,1730235109,1730235109,04:51:49 PM,04:51:49 PM,0
2108402,3306,WONDSAR2,0,1730235240,1730235240,04:54:00 PM,04:54:00 PM,0
2108402,3306,BEAVBLYT,0,1730235403,1730235403,04:56:43 PM,04:56:43 PM,0
2108402,3306,BEAVCAP1,0,1730235439,1730235439,04:57:19 PM,04:57:19 PM,0
2108402,3306,CAPUBLSM,0,1730235463,1730235463,04:57:43 PM,04:57:43 PM,0
2108402,3306,CAPUCAPW,0,1730235524,1730235524,04:58:44 PM,04:58:44 PM,0
2108402,3306,CAPUOXFO,0,1730235600,1730235600,05:00:00 PM,05:00:00 PM,0
2095581,3308,WESTHOL2,-15,1730229255,1730229240,03:14:15 PM,03:14:00 PM,-15
2095581,3308,WHARMCDO,-43,1730229331,1730229288,03:15:31 PM,03:14:48 PM,-43
2095581,3308,WHAROXF2,0,1730229420,1730229420,03:17:00 PM,03:17:00 PM,0
2095581,3308,WHARPAUL,-28,1730229485,1730229457,03:18:05 PM,03:17:37 PM,-28
2095581,3308,WHARLEXI,-41,1730229538,1730229497,03:18:58 PM,03:18:17 PM,-41
2095581,3308,WHARMPL2,-65,1730229582,1730229517,03:19:42 PM,03:18:37 PM,-65
2095581,3308,RIVEWHA1,-20,1730229620,1730229600,03:20:20 PM,03:20:00 PM,-20
2095581,3308,RIVEWIL1,-32,1730229651,1730229619,03:20:51 PM,03:20:19 PM,-32
2095581,3308,DUNDRIDO,-68,1730229735,1730229667,03:22:15 PM,03:21:07 PM,-68
2095581,3308,KINGTALB,-20,1730229782,1730229762,03:23:02 PM,03:22:42 PM,-20
2095581,3308,KINGRICH,-27,1730229840,1730229813,03:24:00 PM,03:23:33 PM,-27
2095581,3308,KINGRICH,33,1730229840,1730229873,03:24:00 PM,03:24:33 PM,33
2095581,3308,WELLDUN3,0,1730230080,1730230080,03:28:00 PM,03:28:00 PM,0
2095581,3308,DUNDWAT1,54,1730230080,1730230134,03:28:00 PM,03:28:54 PM,54
2095581,3308,DUNDCOL1,21,1730230138,1730230159,03:28:58 PM,03:29:19 PM,21
2095581,3308,DUNDMAI1,-30,1730230228,1730230198,03:30:28 PM,03:29:58 PM,-30
2095581,3308,DUNDWIL1,-68,1730230310,1730230242,03:31:50 PM,03:30:42 PM,-68
2095581,3308,DUNDADE1,0,1730230380,1730230380,03:33:00 PM,03:33:00 PM,0
2095581,3308,DUNDLYLE,-38,1730230443,1730230405,03:34:03 PM,03:33:25 PM,-38
2095581,3308,DUNDHEWI,-22,1730230485,1730230463,03:34:45 PM,03:34:23 PM,-22
2095581,3308,DUNDREC1,-37,1730230528,1730230491,03:35:28 PM,03:34:51 PM,-37
2095581,3308,DUNDONT1,-25,1730230557,1730230532,03:35:57 PM,03:35:32 PM,-25
2095581,3308,DUNDQUE1,-35,1730230602,1730230567,03:36:42 PM,03:36:07 PM,-35
2095581,3308,DUNDEGE1,,,,,,
2095581,3308,DUNDKELL,,,,,,
2095581,3308,DUNDELE1,,,,,,
2095581,3308,DUNDASH1,-106,1730230784,1730230678,03:39:44 PM,03:37:58 PM,-106
2095581,3308,DUNDHIG1,0,1730230860,1730230860,03:41:00 PM,03:41:00 PM,0
2095581,3308,DUNDFIR1,192,1730231018,1730231210,03:43:38 PM,03:46:50 PM,192
2095581,3308,DUNDSASK,182,1730231093,1730231275,03:44:53 PM,03:47:55 PM,182
2095581,3308,DUNDMANI,151,1730231161,1730231312,03:46:01 PM,03:48:32 PM,151
2095581,3308,DUNDBEA1,123,1730231253,1730231376,03:47:33 PM,03:49:36 PM,123
2095581,3308,DUNDCLK1,99,1730231315,1730231414,03:48:35 PM,03:50:14 PM,99
2095581,3308,ARGYMAL1,58,1730231400,1730231458,03:50:00 PM,03:50:58 PM,58
2095581,3308,ARGYMAL1,118,1730231400,1730231518,03:50:00 PM,03:51:58 PM,118
2095581,3308,DUNDEAS3,87,1730231510,1730231597,03:51:50 PM,03:53:17 PM,87
2095581,3308,DUNDWAV1,68,1730231558,1730231626,03:52:38 PM,03:53:46 PM,68
2095581,3308,DUNDFOR1,51,1730231592,1730231643,03:53:12 PM,03:54:03 PM,51
2095581,3308,DUNDSPE1,39,1730231614,1730231653,03:53:34 PM,03:54:13 PM,39
2095581,3308,DUNDCARL,20,1730231658,1730231678,03:54:18 PM,03:54:38 PM,20
2095581,3308,BONADUND,-14,1730231700,1730231686,03:55:00 PM,03:54:46 PM,-14
2095691,3308,BONADUND,46,1730231700,1730231746,03:55:00 PM,03:55:46 PM,46
2095691,3308,BONASIMP,46,1730231751,1730231797,03:55:51 PM,03:56:37 PM,46
2095691,3308,BONAMORE,46,1730231817,1730231863,03:56:57 PM,03:57:43 PM,46
2095691,3308,ADMIBON2,63,1730231862,1730231925,03:57:42 PM,03:58:45 PM,63
2095691,3308,ADMIVAU3,51,1730231895,1730231946,03:58:15 PM,03:59:06 PM,51
2095691,3308,ADMICAR2,40,1730231928,1730231968,03:58:48 PM,03:59:28 PM,40
2095691,3308,CARLCAPR,19,1730231974,1730231993,03:59:34 PM,03:59:53 PM,19
2095691,3308,CARLSPE3,-2,1730232025,1730232023,04:00:25 PM,04:00:23 PM,-2
2095691,3308,CARLSPE1,-10,1730232047,1730232037,04:00:47 PM,04:00:37 PM,-10
2095691,3308,CARLTIFF,-16,1730232087,1730232071,04:01:27 PM,04:01:11 PM,-16
2095691,3308,DUNDSPE2,-23,1730232140,1730232117,04:02:20 PM,04:01:57 PM,-23
2095691,3308,DUNDSPE4,-44,1730232173,1730232129,04:02:53 PM,04:02:09 PM,-44
2095691,3308,DUNDFOR2,-64,1730232202,1730232138,04:03:22 PM,04:02:18 PM,-64
2095691,3308,DUNDARVI,-82,1730232251,1730232169,04:04:11 PM,04:02:49 PM,-82
2095691,3308,DUNDEAS2,-105,1730232299,1730232194,04:04:59 PM,04:03:14 PM,-105
2095691,3308,CLARWHI2,-123,1730232404,1730232281,04:06:44 PM,04:04:41 PM,-123
2095691,3308,ARGYMAL2,-182,1730232480,1730232298,04:08:00 PM,04:04:58 PM,-182
2095691,3308,ARGYMAL2,4,1730232960,1730232964,04:16:00 PM,04:16:04 PM,4
2095691,3308,DUNDCLK4,-19,1730233061,1730233042,04:17:41 PM,04:17:22 PM,-19
2095691,3308,DUNDBEA2,-68,1730233147,1730233079,04:19:07 PM,04:17:59 PM,-68
2095691,3308,DUNDTHR,-95,1730233251,1730233156,04:20:51 PM,04:19:16 PM,-95
2095691,3308,DUNDBUR2,,,,,,
2095691,3308,DUNDFIR2,,,,,,
2095691,3308,DUNDHAL2,,,,,,
2095691,3308,DUNDHAL4,,,,,,
2095691,3308,DUNDHIG2,407,1730233620,1730234027,04:27:00 PM,04:33:47 PM,407
2095691,3308,DUNDASH4,351,1730233711,1730234062,04:28:31 PM,04:34:22 PM,351
2095691,3308,DUNDMCOR,,,,,,
2095691,3308,DUNDDORI,,,,,,
2095691,3308,DUNDEGE2,,,,,,
2095691,3308,DUNDQUE2,214,1730233944,1730234158,04:32:24 PM,04:35:58 PM,214
2095691,3308,DUNDONT2,185,1730233998,1730234183,04:33:18 PM,04:36:23 PM,185
2095691,3308,DUNDREC2,161,1730234049,1730234210,04:34:09 PM,04:36:50 PM,161
2095691,3308,DUNDENGL,139,1730234103,1730234242,04:35:03 PM,04:37:22 PM,139
2095691,3308,DUNDELIZ,128,1730234159,1730234287,04:35:59 PM,04:38:07 PM,128
2095691,3308,DUNDADE2,148,1730234220,1730234368,04:37:00 PM,04:39:28 PM,148
2095691,3308,DUNDWIL2,140,1730234264,1730234404,04:37:44 PM,04:40:04 PM,140
2095691,3308,DUNDMAI2,121,1730234326,1730234447,04:38:46 PM,04:40:47 PM,121
2095691,3308,DUNDCOL2,103,1730234389,1730234492,04:39:49 PM,04:41:32 PM,103
2095691,3308,DUNDWAT2,76,1730234453,1730234529,04:40:53 PM,04:42:09 PM,76
2095691,3308,DUNDWEL2,65,1730234520,1730234585,04:42:00 PM,04:43:05 PM,65
2095691,3308,QUEECLAR,13,1730234631,1730234644,04:43:51 PM,04:44:04 PM,13
2095691,3308,QUEERIC1,-56,1730234700,1730234644,04:45:00 PM,04:44:04 PM,-56
2095691,3308,QUEERIC1,38,1730234700,1730234738,04:45:00 PM,04:45:38 PM,38
2095691,3308,QUENRIDO,-42,1730234812,1730234770,04:46:52 PM,04:46:10 PM,-42
2095691,3308,RIVEWIL2,-132,1730234941,1730234810,04:49:01 PM,04:46:50 PM,-131
2095691,3308,RIVEWHA2,-164,1730234996,1730234832,04:49:56 PM,04:47:12 PM,-164
2095691,3308,WHARMPL1,-200,1730235055,1730234856,04:50:55 PM,04:47:36 PM,-199
2095691,3308,WHARMOIR,-234,1730235109,1730234876,04:51:49 PM,04:47:56 PM,-233
2095691,3308,WHAREMPR,-234,1730235191,1730234958,04:53:11 PM,04:49:18 PM,-233
2095691,3308,WHAROXF1,0,1730235300,1730235300,04:55:00 PM,04:55:00 PM,0
2095691,3308,WESTESSE,0,1730235361,1730235361,04:56:01 PM,04:56:01 PM,0
2095691,3308,WESTHOL1,0,1730235412,1730235412,04:56:52 PM,04:56:52 PM,0
2095691,3308,WESTPLA1,0,1730235466,1730235466,04:57:46 PM,04:57:46 PM,0
2095691,3308,WESTPHA1,0,1730235540,1730235540,04:59:00 PM,04:59:00 PM,0
2095691,3308,WESTPHA3,0,1730235610,1730235610,05:00:10 PM,05:00:10 PM,0
2095691,3308,ALUMHAL1,0,1730235752,1730235752,05:02:32 PM,05:02:32 PM,0
2095691,3308,MIDDPERT,0,1730235927,1730235927,05:05:27 PM,05:05:27 PM,0
2095691,3308,NATSCI,0,1730236020,1730236020,05:07:00 PM,05:07:00 PM,0
2101083,3310,VISCWON1,1109,1730225207,1730226316,02:06:47 PM,02:25:16 PM,1109
2101083,3310,VISCWON5,1101,1730225233,1730226334,02:07:13 PM,02:25:34 PM,1101
2101083,3310,WONDMMA4,1078,1730225298,1730226376,02:08:18 PM,02:26:16 PM,1078
2101083,3310,MCMAWON2,1071,1730225336,1730226407,02:08:56 PM,02:26:47 PM,1071
2101083,3310,DALHMCM1,1049,1730225397,1730226446,02:09:57 PM,02:27:26 PM,1049
2101083,3310,CHEABRA1,915,1730228182,1730229097,02:56:22 PM,03:11:37 PM,915
2101083,3310,CHEAGAM1,901,1730228229,1730229130,02:57:09 PM,03:12:10 PM,901
2101083,3310,CHEABARK,895,1730228274,1730229169,02:57:54 PM,03:12:49 PM,895
2101083,3310,CHEABOU1,894,1730228312,1730229206,02:58:32 PM,03:13:26 PM,894
2101083,3310,CHEAMCNA,899,1730228379,1730229278,02:59:39 PM,03:14:38 PM,899
2101083,3310,MCNAVIC3,887,1730228435,1730229322,03:00:35 PM,03:15:22 PM,887
2101083,3310,MCNAVIC1,888,1730228456,1730229344,03:00:56 PM,03:15:44 PM,888
2101083,3310,MCNAHUR1,902,1730228506,1730229408,03:01:46 PM,03:16:48 PM,902
2101083,3310,HUROVES1,898,1730228572,1730229470,03:02:52 PM,03:17:50 PM,898
2101083,3310,HUROHIG1,924,1730228640,1730229564,03:04:00 PM,03:19:24 PM,924
2101083,3310,HUROWEB1,894,1730228735,1730229629,03:05:35 PM,03:20:29 PM,894
2101083,3310,HUROSAN1,884,1730228797,1730229681,03:06:37 PM,03:21:21 PM,884
2101083,3310,BECKTOUK,865,1730228871,1730229736,03:07:51 PM,03:22:16 PM,865
2101083,3310,BECKLANC,852,1730228906,1730229758,03:08:26 PM,03:22:38 PM,852
2101083,3310,BECKLANG,841,1730228931,1730229772,03:08:51 PM,03:22:52 PM,841
2101083,3310,BECKTUDO,830,1730228956,1730229786,03:09:16 PM,03:23:06 PM,830
2101083,3310,BECKSORR,831,1730228987,1730229818,03:09:47 PM,03:23:38 PM,831
2101083,3310,SORRPERT,818,1730229045,1730229863,03:10:45 PM,03:24:23 PM,818
2101083,3310,SORRHURO,816,1730229082,1730229898,03:11:22 PM,03:24:58 PM,816
2101083,3310,OAKVHURO,780,1730229120,1730229900,03:12:00 PM,03:25:00 PM,780
2100998,3310,OAKVHURO,540,1730229600,1730230140,03:20:00 PM,03:29:00 PM,540
2100998,3310,OAKVTILI,540,1730229625,1730230165,03:20:25 PM,03:29:25 PM,540
2100998,3310,OAKVCHIP,540,1730229664,1730230204,03:21:04 PM,03:30:04 PM,540
2100998,3310,CHIPAPP2,541,1730229691,1730230232,03:21:31 PM,03:30:32 PM,541
2100998,3310,CHIPTREV,532,1730229720,1730230252,03:22:00 PM,03:30:52 PM,532
2100998,3310,CHIPAPP4,522,1730229759,1730230281,03:22:39 PM,03:31:21 PM,522
2100998,3310,SANDBENT,518,1730229797,1730230315,03:23:17 PM,03:31:55 PM,518
2100998,3310,SANDHUR2,510,1730229847,1730230357,03:24:07 PM,03:32:37 PM,510
2100998,3310,HUROSAN2,519,1730229876,1730230395,03:24:36 PM,03:33:15 PM,519
2100998,3310,HUROWEB2,521,1730229926,1730230447,03:25:26 PM,03:34:07 PM,521
2100998,3310,HUROHIG4,572,1730230020,1730230592,03:27:00 PM,03:36:32 PM,572
2100998,3310,HUROVES2,551,1730230080,1730230631,03:28:00 PM,03:37:11 PM,551
2100998,3310,MCNAHUR2,531,1730230178,1730230709,03:29:38 PM,03:38:29 PM,531
2100998,3310,MCNAROC2,516,1730230213,1730230729,03:30:13 PM,03:38:49 PM,516
2100998,3310,MCNAVIC2,500,1730230264,1730230764,03:31:04 PM,03:39:24 PM,500
2100998,3310,MCNACHEA,498,1730230305,1730230803,03:31:45 PM,03:40:03 PM,498
2100998,3310,CHEABOU2,474,1730230391,1730230865,03:33:11 PM,03:41:05 PM,474
2100998,3310,CHEASTER,449,1730230458,1730230907,03:34:18 PM,03:41:47 PM,449
2100998,3310,CHEAGAM2,425,1730230510,1730230935,03:35:10 PM,03:42:15 PM,425
2100998,3310,CHEABRA2,396,1730230572,1730230968,03:36:12 PM,03:42:48 PM,396
2100998,3310,CHEAADE4,384,1730230630,1730231014,03:37:10 PM,03:43:34 PM,384
2100998,3310,CHEAADE2,455,1730230680,1730231135,03:38:00 PM,03:45:35 PM,455
2100998,3310,CHEAWIL2,445,1730230701,1730231146,03:38:21 PM,03:45:46 PM,445
2100998,3310,CHEAMAI2,432,1730230745,1730231177,03:39:05 PM,03:46:17 PM,432
2100998,3310,CHEACOL2,429,1730230772,1730231201,03:39:32 PM,03:46:41 PM,429
2100998,3310,CHEAWAT2,421,1730230805,1730231226,03:40:05 PM,03:47:06 PM,421
2100998,3310,CHEARICH,464,1730230860,1730231324,03:41:00 PM,03:48:44 PM,464
2100998,3310,RICHGRO2,443,1730230941,1730231384,03:42:21 PM,03:49:44 PM,443
2100998,3310,RICHJAM2,432,1730230985,1730231417,03:43:05 PM,03:50:17 PM,432
2100998,3310,RICHOXF2,441,1730231062,1730231503,03:44:22 PM,03:51:43 PM,441
2100998,3310,RICHMILL,430,1730231115,1730231545,03:45:15 PM,03:52:25 PM,430
2100998,3310,RICHCENT,421,1730231190,1730231611,03:46:30 PM,03:53:31 PM,421
2100998,3310,RICHKEN2,402,1730231241,1730231643,03:47:21 PM,03:54:03 PM,402
2100998,3310,RICHDUF2,396,1730231271,1730231667,03:47:51 PM,03:54:27 PM,396
2100998,3310,RICHQUE2,402,1730231340,1730231742,03:49:00 PM,03:55:42 PM,402
2100998,3310,RICHKIN4,343,1730231400,1730231743,03:50:00 PM,03:55:43 PM,343
2100998,3310,RICHKIN4,403,1730231400,1730231803,03:50:00 PM,03:56:43 PM,403
2100998,3310,HORTRIC2,339,1730231534,1730231873,03:52:14 PM,03:57:53 PM,339
2100998,3310,RIDOHORT,296,1730231640,1730231936,03:54:00 PM,03:58:56 PM,296
2100998,3310,RIDOCRA2,271,1730231698,1730231969,03:54:58 PM,03:59:29 PM,271
2100998,3310,RIDOELMW,274,1730231731,1730232005,03:55:31 PM,04:00:05 PM,274
2100998,3310,ELMWMARL,262,1730231775,1730232037,03:56:15 PM,04:00:37 PM,262
2100998,3310,ELMWWORT,262,1730231807,1730232069,03:56:47 PM,04:01:09 PM,262
2100998,3310,ELMWCATH,259,1730231828,1730232087,03:57:08 PM,04:01:27 PM,259
2100998,3310,EDWAELMW,242,1730231881,1730232123,03:58:01 PM,04:02:03 PM,242
2100998,3310,EDWATECU,232,1730231919,1730232151,03:58:39 PM,04:02:31 PM,232
2100998,3310,EDWALANG,225,1730231966,1730232191,03:59:26 PM,04:03:11 PM,225
2100998,3310,EDWAHIWY,208,1730232024,1730232232,04:00:24 PM,04:03:52 PM,208
2100998,3310,EDWABASE,194,1730232065,1730232259,04:01:05 PM,04:04:19 PM,194
2100998,3310,BASEWHA2,248,1730232120,1730232368,04:02:00 PM,04:06:08 PM,248
2100998,3310,BASEWES2,249,1730232174,1730232423,04:02:54 PM,04:07:03 PM,249
2100998,3310,BASEWES4,231,1730232216,1730232447,04:03:36 PM,04:07:27 PM,231
2100998,3310,BASECOTS,209,1730232270,1730232479,04:04:30 PM,04:07:59 PM,209
2100998,3310,BEACBAS2,201,1730232337,1730232538,04:05:37 PM,04:08:58 PM,201
2100998,3310,ANDOCOM2,206,1730232375,1730232581,04:06:15 PM,04:09:41 PM,206
2100998,3310,ANDOVIG2,195,1730232416,1730232611,04:06:56 PM,04:10:11 PM,195
2100998,3310,ANDOELMG,183,1730232452,1730232635,04:07:32 PM,04:10:35 PM,183
2100998,3310,ANDOVIS2,162,1730232520,1730232682,04:08:40 PM,04:11:22 PM,162
2100998,3310,VISCGARD,130,1730232611,1730232741,04:10:11 PM,04:12:21 PM,130
2100998,3310,VISCFOXM,113,1730232653,1730232766,04:10:53 PM,04:12:46 PM,113
2100998,3310,VISCWON2,96,1730232716,1730232812,04:11:56 PM,04:13:32 PM,96
2100998,3310,WESTMAL3,61,1730232780,1730232841,04:13:00 PM,04:14:01 PM,61
2109349,3311,SEAGHYPK,36,1730229480,1730229516,03:18:00 PM,03:18:36 PM,36
2109349,3311,HYDENRN2,-20,1730229578,1730229558,03:19:38 PM,03:19:18 PM,-20
2109349,3311,HYDENRSL,-37,1730229623,1730229586,03:20:23 PM,03:19:46 PM,-37
2109349,3311,HYDEGAI2,-57,1730229666,1730229609,03:21:06 PM,03:20:09 PM,-57
2109349,3311,HYDESCA2,-62,1730229728,1730229666,03:22:08 PM,03:21:06 PM,-62
2109349,3311,HYDESAR2,-100,1730229830,1730229730,03:23:50 PM,03:22:10 PM,-100
2109349,3311,HYDEFITZ,-158,1730229940,1730229782,03:25:40 PM,03:23:02 PM,-158
2109349,3311,HYDEIVA2,-178,1730229979,1730229801,03:26:19 PM,03:23:21 PM,-178
2109349,3311,HYDEROY2,-183,1730230034,1730229851,03:27:14 PM,03:24:11 PM,-183
2109349,3311,HYDEOXF2,0,1730230080,1730230080,03:28:00 PM,03:28:00 PM,0
2109349,3311,HYDEFIG2,-44,1730230156,1730230112,03:29:16 PM,03:28:32 PM,-44
2109349,3311,VALEHYP1,-72,1730230218,1730230146,03:30:18 PM,03:29:06 PM,-72
2109349,3311,VALEWOO1,-78,1730230245,1730230167,03:30:45 PM,03:29:27 PM,-78
2109349,3311,VALEPLA1,-85,1730230276,1730230191,03:31:16 PM,03:29:51 PM,-85
2109349,3311,VALESAL1,-97,1730230318,1730230221,03:31:58 PM,03:30:21 PM,-97
2109349,3311,VALEHIB1,-102,1730230338,1730230236,03:32:18 PM,03:30:36 PM,-102
2109349,3311,VALEOPK2,-108,1730230359,1730230251,03:32:39 PM,03:30:51 PM,-108
2109349,3311,VALEDER1,-121,1730230398,1730230277,03:33:18 PM,03:31:17 PM,-121
2109349,3311,VALECRAM,-124,1730230422,1730230298,03:33:42 PM,03:31:38 PM,-124
2109349,3311,VALESHR1,-133,1730230474,1730230341,03:34:34 PM,03:32:21 PM,-133
2109349,3311,VALEOAKR,-164,1730230535,1730230371,03:35:35 PM,03:32:51 PM,-164
2109349,3311,KINGOAK1,-172,1730230570,1730230398,03:36:10 PM,03:33:18 PM,-172
2109349,3311,KINGWON1,-157,1730230617,1730230460,03:36:57 PM,03:34:20 PM,-157
2109349,3311,RIVEWON1,0,1730230680,1730230680,03:38:00 PM,03:38:00 PM,0
2109349,3311,RIVEBRE1,-15,1730230712,1730230697,03:38:32 PM,03:38:17 PM,-15
2109349,3311,RIVEORI1,-33,1730230751,1730230718,03:39:11 PM,03:38:38 PM,-33
2109349,3311,RIVEBEA1,-53,1730230805,1730230752,03:40:05 PM,03:39:12 PM,-53
2109349,3311,RIVEMURD,-72,1730230879,1730230807,03:41:19 PM,03:40:07 PM,-72
2109349,3311,RIVEWOO1,-79,1730230909,1730230830,03:41:49 PM,03:40:30 PM,-79
2109349,3311,RIVECAVE,-87,1730230931,1730230844,03:42:11 PM,03:40:44 PM,-87
2109349,3311,RIVEWHA1,0,1730230980,1730230980,03:43:00 PM,03:43:00 PM,0
2109349,3311,RIVEWIL1,-16,1730231015,1730230999,03:43:35 PM,03:43:19 PM,-16
2109349,3311,DUNDRIDO,-19,1730231108,1730231089,03:45:08 PM,03:44:49 PM,-19
2109349,3311,KINGTALB,23,1730231160,1730231183,03:46:00 PM,03:46:23 PM,23
2109349,3311,KINGRICH,85,1730231220,1730231305,03:47:00 PM,03:48:25 PM,85
2109349,3311,WELLDUN3,82,1730231280,1730231362,03:48:00 PM,03:49:22 PM,82
2109343,3311,WELLDUN3,142,1730231280,1730231422,03:48:00 PM,03:50:22 PM,142
2109343,3311,QUEECLAR,142,1730231420,1730231562,03:50:20 PM,03:52:42 PM,142
2109343,3311,QUEERIC2,102,1730231460,1730231562,03:51:00 PM,03:52:42 PM,102
2109343,3311,QUEERIC2,162,1730231460,1730231622,03:51:00 PM,03:53:42 PM,162
2109343,3311,QUENRIDO,147,1730231522,1730231669,03:52:02 PM,03:54:29 PM,147
2109343,3311,RIVEWIL2,125,1730231584,1730231709,03:53:04 PM,03:55:09 PM,125
2109343,3311,RIVEWHA4,140,1730231625,1730231765,03:53:45 PM,03:56:05 PM,140
2109343,3311,RIVEMTPL,130,1730231661,1730231791,03:54:21 PM,03:56:31 PM,130
2109343,3311,RIVEWOO2,123,1730231685,1730231808,03:54:45 PM,03:56:48 PM,123
2109343,3311,RIVEBRIT,118,1730231705,1730231823,03:55:05 PM,03:57:03 PM,118
2109343,3311,RIVEBEA2,95,1730231764,1730231859,03:56:04 PM,03:57:39 PM,95
2109343,3311,RIVEBEA4,88,1730231787,1730231875,03:56:27 PM,03:57:55 PM,88
2109343,3311,RIVEORI2,55,1730231849,1730231904,03:57:29 PM,03:58:24 PM,55
2109343,3311,RIVEBRE2,37,1730231889,1730231926,03:58:09 PM,03:58:46 PM,37
2109343,3311,WONDRIV1,17,1730231940,1730231957,03:59:00 PM,03:59:17 PM,17
2109343,3311,KINGWON2,19,1730231980,1730231999,03:59:40 PM,03:59:59 PM,19
2109343,3311,KINGOAK2,2,1730232030,1730232032,04:00:30 PM,04:00:32 PM,2
2109343,3311,VALECAYL,-6,1730232067,1730232061,04:01:07 PM,04:01:01 PM,-6
2109343,3311,VALESHR2,-15,1730232100,1730232085,04:01:40 PM,04:01:25 PM,-15
2109343,3311,VALEADEV,-21,1730232138,1730232117,04:02:18 PM,04:01:57 PM,-21
2109343,3311,VALEDER2,-36,1730232192,1730232156,04:03:12 PM,04:02:36 PM,-36
2109343,3311,VALEDER4,-44,1730232215,1730232171,04:03:35 PM,04:02:51 PM,-44
2109343,3311,VALEHIB2,-56,1730232245,1730232189,04:04:05 PM,04:03:09 PM,-56
2109343,3311,VALEPLA2,-70,1730232306,1730232236,04:05:06 PM,04:03:56 PM,-70
2109343,3311,VALEWOO2,-76,1730232327,1730232251,04:05:27 PM,04:04:11 PM,-76
2109343,3311,VALEHYP2,-81,1730232349,1730232268,04:05:49 PM,04:04:28 PM,-81
2109343,3311,HYDEFIG1,-103,1730232408,1730232305,04:06:48 PM,04:05:05 PM,-103
2109343,3311,HYDEOXF1,0,1730232480,1730232480,04:08:00 PM,04:08:00 PM,0
2109343,3311,HYDEOXF3,-3,1730232509,1730232506,04:08:29 PM,04:08:26 PM,-3
2109343,3311,HYDEROY1,27,1730232537,1730232564,04:08:57 PM,04:09:24 PM,27
2109343,3311,HYDEIVAN,-11,1730232595,1730232584,04:09:55 PM,04:09:44 PM,-11
2109343,3311,HYDEPRIP,-31,1730232632,1730232601,04:10:32 PM,04:10:01 PM,-31
2109343,3311,HYDESAR1,-70,1730232747,1730232677,04:12:27 PM,04:11:17 PM,-70
2109343,3311,HYDESCA1,-109,1730232872,1730232763,04:14:32 PM,04:12:43 PM,-109
2109343,3311,HYDEGAI1,-126,1730232949,1730232823,04:15:49 PM,04:13:43 PM,-126
2109343,3311,HYDENRN1,-145,1730233018,1730232873,04:16:58 PM,04:14:33 PM,-145
2109343,3311,SEAGHYP1,-214,1730233140,1730232926,04:19:00 PM,04:15:26 PM,-214
2109343,3311,SEAGHYP1,44,1730233740,1730233784,04:29:00 PM,04:29:44 PM,44
2109343,3311,STANFAN1,38,1730233801,1730233838,04:30:01 PM,04:30:38 PM,37
2109343,3311,FANSDAL2,26,1730233849,1730233874,04:30:49 PM,04:31:14 PM,25
2109343,3311,FANSDAL3,78,1730233912,1730233990,04:31:52 PM,04:33:10 PM,78
2109343,3311,FANSALD1,42,1730234000,1730234042,04:33:20 PM,04:34:02 PM,42
2109343,3311,FANSFOX1,12,1730234062,1730234074,04:34:22 PM,04:34:34 PM,12
2109343,3311,FANSWON1,-10,1730234172,1730234162,04:36:12 PM,04:36:02 PM,-10
2109343,3311,FANSPIN2,-78,1730234326,1730234248,04:38:46 PM,04:37:28 PM,-78
2109343,3311,FANSLOU1,-160,1730234462,1730234302,04:41:02 PM,04:38:22 PM,-160
2109343,3311,FANSRIC4,0,1730234580,1730234580,04:43:00 PM,04:43:00 PM,0
2109343,3311,FANSNCR1,0,1730234687,1730234687,04:44:47 PM,04:44:47 PM,0
2109343,3311,FANSNCR3,0,1730234760,1730234760,04:46:00 PM,04:46:00 PM,0
2109343,3311,FANSNCR3,0,1730234880,1730234880,04:48:00 PM,04:48:00 PM,0
2109343,3311,FANSHAS3,0,1730234931,1730234931,04:48:51 PM,04:48:51 PM,0
2109343,3311,HASTDONY,0,1730234985,1730234985,04:49:45 PM,04:49:45 PM,0
2109343,3311,HASTVIR1,0,1730235019,1730235019,04:50:19 PM,04:50:19 PM,0
2109343,3311,HASTCHA1,0,1730235071,1730235071,04:51:11 PM,04:51:11 PM,0
2109343,3311,CHAMSAND,0,1730235118,1730235118,04:51:58 PM,04:51:58 PM,0
2109343,3311,CHAMSKYL,0,1730235152,1730235152,04:52:32 PM,04:52:32 PM,0
2109343,3311,BLUESUN1,0,1730235189,1730235189,04:53:09 PM,04:53:09 PM,0
2109343,3311,SUNNBLAC,0,1730235291,1730235291,04:54:51 PM,04:54:51 PM,0
2109343,3311,ADELBLAC,0,1730235385,1730235385,04:56:25 PM,04:56:25 PM,0
2109343,3311,BKWTADE1,0,1730235405,1730235405,04:56:45 PM,04:56:45 PM,0
2109343,3311,THISBKW1,0,1730235424,1730235424,04:57:04 PM,04:57:04 PM,0
2109343,3311,THISSWEN,0,1730235495,1730235495,04:58:15 PM,04:58:15 PM,0
2109343,3311,SOWESUNN,0,1730235540,1730235540,04:59:00 PM,04:59:00 PM,0
2109348,3316,RIVEBRE1,-4,1730229092,1730229088,03:11:32 PM,03:11:28 PM,-4
2109348,3316,RIVEORI1,-22,1730229131,1730229109,03:12:11 PM,03:11:49 PM,-22
2109348,3316,RIVEBEA1,-42,1730229185,1730229143,03:13:05 PM,03:12:23 PM,-42
2109348,3316,RIVEMURD,-61,1730229259,1730229198,03:14:19 PM,03:13:18 PM,-61
2109348,3316,RIVEWOO1,-68,1730229289,1730229221,03:14:49 PM,03:13:41 PM,-68
2109348,3316,RIVECAVE,-76,1730229311,1730229235,03:15:11 PM,03:13:55 PM,-76
2109348,3316,RIVEWHA1,0,1730229360,1730229360,03:16:00 PM,03:16:00 PM,0
2109348,3316,RIVEWIL1,-16,1730229395,1730229379,03:16:35 PM,03:16:19 PM,-16
2109348,3316,DUNDRIDO,-19,1730229488,1730229469,03:18:08 PM,03:17:49 PM,-19
2109348,3316,KINGTALB,23,1730229540,1730229563,03:19:00 PM,03:19:23 PM,23
2109348,3316,KINGRICH,85,1730229600,1730229685,03:20:00 PM,03:21:25 PM,85
2109348,3316,WELLDUN3,82,1730229660,1730229742,03:21:00 PM,03:22:22 PM,82
2109342,3316,WELLDUN3,142,1730229660,1730229802,03:21:00 PM,03:23:22 PM,142
2109342,3316,QUEECLAR,142,1730229800,1730229942,03:23:20 PM,03:25:42 PM,142
2109342,3316,QUEERIC2,102,1730229840,1730229942,03:24:00 PM,03:25:42 PM,102
2109342,3316,QUEERIC2,162,1730229840,1730230002,03:24:00 PM,03:26:42 PM,162
2109342,3316,QUENRIDO,147,1730229902,1730230049,03:25:02 PM,03:27:29 PM,147
2109342,3316,RIVEWIL2,125,1730229964,1730230089,03:26:04 PM,03:28:09 PM,125
2109342,3316,RIVEWHA4,140,1730230005,1730230145,03:26:45 PM,03:29:05 PM,140
2109342,3316,RIVEMTPL,130,1730230041,1730230171,03:27:21 PM,03:29:31 PM,130
2109342,3316,RIVEWOO2,123,1730230065,1730230188,03:27:45 PM,03:29:48 PM,123
2109342,3316,RIVEBRIT,118,1730230085,1730230203,03:28:05 PM,03:30:03 PM,118
2109342,3316,RIVEBEA2,95,1730230144,1730230239,03:29:04 PM,03:30:39 PM,95
2109342,3316,RIVEBEA4,88,1730230167,1730230255,03:29:27 PM,03:30:55 PM,88
2109342,3316,RIVEORI2,55,1730230229,1730230284,03:30:29 PM,03:31:24 PM,55
2109342,3316,RIVEBRE2,37,1730230269,1730230306,03:31:09 PM,03:31:46 PM,37
2109342,3316,WONDRIV1,17,1730230320,1730230337,03:32:00 PM,03:32:17 PM,17
2109342,3316,KINGWON2,19,1730230360,1730230379,03:32:40 PM,03:32:59 PM,19
2109342,3316,KINGOAK2,2,1730230410,1730230412,03:33:30 PM,03:33:32 PM,2
2109342,3316,VALECAYL,-6,1730230447,1730230441,03:34:07 PM,03:34:01 PM,-6
2109342,3316,VALESHR2,-15,1730230480,1730230465,03:34:40 PM,03:34:25 PM,-15
2109342,3316,VALEADEV,-21,1730230518,1730230497,03:35:18 PM,03:34:57 PM,-21
2109342,3316,VALEDER2,-36,1730230572,1730230536,03:36:12 PM,03:35:36 PM,-36
2109342,3316,VALEDER4,-44,1730230595,1730230551,03:36:35 PM,03:35:51 PM,-44
2109342,3316,VALEHIB2,-56,1730230625,1730230569,03:37:05 PM,03:36:09 PM,-56
2109342,3316,VALEPLA2,-70,1730230686,1730230616,03:38:06 PM,03:36:56 PM,-70
2109342,3316,VALEWOO2,-76,1730230707,1730230631,03:38:27 PM,03:37:11 PM,-76
2109342,3316,VALEHYP2,-81,1730230729,1730230648,03:38:49 PM,03:37:28 PM,-81
2109342,3316,HYDEFIG1,-103,1730230788,1730230685,03:39:48 PM,03:38:05 PM,-103
2109342,3316,HYDEOXF1,0,1730230860,1730230860,03:41:00 PM,03:41:00 PM,0
2109342,3316,HYDEOXF3,-3,1730230889,1730230886,03:41:29 PM,03:41:26 PM,-3
2109342,3316,HYDEROY1,27,1730230917,1730230944,03:41:57 PM,03:42:24 PM,27
2109342,3316,HYDEIVAN,-11,1730230975,1730230964,03:42:55 PM,03:42:44 PM,-11
2109342,3316,HYDEPRIP,-31,1730231012,1730230981,03:43:32 PM,03:43:01 PM,-31
2109342,3316,HYDESAR1,-70,1730231127,1730231057,03:45:27 PM,03:44:17 PM,-70
2109342,3316,HYDESCA1,-109,1730231252,1730231143,03:47:32 PM,03:45:43 PM,-109
2109342,3316,HYDEGAI1,-126,1730231329,1730231203,03:48:49 PM,03:46:43 PM,-126
2109342,3316,HYDENRN1,-145,1730231398,1730231253,03:49:58 PM,03:47:33 PM,-145
2109342,3316,SEAGHYP1,-214,1730231520,1730231306,03:52:00 PM,03:48:26 PM,-214
2109342,3316,SEAGHYP1,44,1730232120,1730232164,04:02:00 PM,04:02:44 PM,44
2109342,3316,STANFAN1,38,1730232181,1730232218,04:03:01 PM,04:03:38 PM,37
2109342,3316,FANSDAL2,26,1730232229,1730232254,04:03:49 PM,04:04:14 PM,25
2109342,3316,FANSDAL3,78,1730232292,1730232370,04:04:52 PM,04:06:10 PM,78
2109342,3316,FANSALD1,42,1730232380,1730232422,04:06:20 PM,04:07:02 PM,42
2109342,3316,FANSFOX1,12,1730232442,1730232454,04:07:22 PM,04:07:34 PM,12
2109342,3316,FANSWON1,-10,1730232552,1730232542,04:09:12 PM,04:09:02 PM,-10
2109342,3316,FANSPIN2,-78,1730232706,1730232628,04:11:46 PM,04:10:28 PM,-78
2109342,3316,FANSLOU1,-160,1730232842,1730232682,04:14:02 PM,04:11:22 PM,-160
2109342,3316,FANSRIC4,0,1730232960,1730232960,04:16:00 PM,04:16:00 PM,0
2109342,3316,FANSNCR1,0,1730233067,1730233067,04:17:47 PM,04:17:47 PM,0
2109342,3316,FANSNCR3,0,1730233140,1730233140,04:19:00 PM,04:19:00 PM,0
2109342,3316,FANSNCR3,0,1730233260,1730233260,04:21:00 PM,04:21:00 PM,0
2109342,3316,FANSHAS3,0,1730233311,1730233311,04:21:51 PM,04:21:51 PM,0
2109342,3316,HASTDONY,0,1730233365,1730233365,04:22:45 PM,04:22:45 PM,0
2109342,3316,HASTVIR1,0,1730233399,1730233399,04:23:19 PM,04:23:19 PM,0
2109342,3316,HASTCHA1,0,1730233451,1730233451,04:24:11 PM,04:24:11 PM,0
2109342,3316,CHAMSAND,0,1730233498,1730233498,04:24:58 PM,04:24:58 PM,0
2109342,3316,CHAMSKYL,0,1730233532,1730233532,04:25:32 PM,04:25:32 PM,0
2109342,3316,BLUESUN1,0,1730233569,1730233569,04:26:09 PM,04:26:09 PM,0
2109342,3316,SUNNBLAC,0,1730233671,1730233671,04:27:51 PM,04:27:51 PM,0
2109342,3316,ADELBLAC,0,1730233765,1730233765,04:29:25 PM,04:29:25 PM,0
2109342,3316,BKWTADE1,0,1730233785,1730233785,04:29:45 PM,04:29:45 PM,0
2109342,3316,THISBKW1,0,1730233804,1730233804,04:30:04 PM,04:30:04 PM,0
2109342,3316,THISSWEN,0,1730233875,1730233875,04:31:15 PM,04:31:15 PM,0
2109342,3316,SOWESUNN,0,1730233920,1730233920,04:32:00 PM,04:32:00 PM,0
2110308,3317,HIGBGOD2,558,1730228646,1730229204,03:04:06 PM,03:13:24 PM,558
2110308,3317,HIGBCHE2,571,1730228717,1730229288,03:05:17 PM,03:14:48 PM,571
2110308,3317,HIGBLAN2,571,1730228749,1730229320,03:05:49 PM,03:15:20 PM,571
2110308,3317,HIGBOXF4,,,,,,
2110308,3317,HIGBOXF2,,,,,,
2110308,3317,HIGBLPH2,,,,,,
2110308,3317,HIGBDUN2,622,1730229060,1730229682,03:11:00 PM,03:21:22 PM,622
2110308,3317,HIGBBEA2,573,1730229142,1730229715,03:12:22 PM,03:21:55 PM,573
2110308,3317,HIGBWIL2,525,1730229217,1730229742,03:13:37 PM,03:22:22 PM,525
2110308,3317,HIGBBRY2,529,1730229300,1730229829,03:15:00 PM,03:23:49 PM,529
2110308,3317,HIGBTRA2,520,1730229374,1730229894,03:16:14 PM,03:24:54 PM,520
2110308,3317,HIGBCALV,479,1730229440,1730229919,03:17:20 PM,03:25:19 PM,479
2110308,3317,HIGBHAM2,499,1730229465,1730229964,03:17:45 PM,03:26:04 PM,499
2110308,3317,COMMDEV6,311,1730229809,1730230120,03:23:29 PM,03:28:40 PM,311
2110308,3317,COMMDEV2,327,1730229840,1730230167,03:24:00 PM,03:29:27 PM,327
2110308,3317,PONDDEV2,327,1730229912,1730230239,03:25:12 PM,03:30:39 PM,327
2110308,3317,PONDBAN2,310,1730229960,1730230270,03:26:00 PM,03:31:10 PM,310
2110308,3317,PONDDEV4,291,1730229998,1730230289,03:26:38 PM,03:31:29 PM,291
2110308,3317,PONDMIR4,267,1730230042,1730230309,03:27:22 PM,03:31:49 PM,267
2110308,3317,PONDMIR2,251,1730230082,1730230333,03:28:02 PM,03:32:13 PM,251
2110308,3317,PONDMILL,245,1730230103,1730230348,03:28:23 PM,03:32:28 PM,245
2110308,3317,SOUTPOM2,213,1730230174,1730230387,03:29:34 PM,03:33:07 PM,213
2110308,3317,SOUTKOR2,207,1730230219,1730230426,03:30:19 PM,03:33:46 PM,207
2110308,3317,SOUTMIL2,228,1730230260,1730230488,03:31:00 PM,03:34:48 PM,228
2110308,3317,SOUTMIL4,168,1730230335,1730230503,03:32:15 PM,03:35:03 PM,168
2110308,3317,SOUTMIL6,143,1730230379,1730230522,03:32:59 PM,03:35:22 PM,143
2110308,3317,ADELSDAL,147,1730230423,1730230570,03:33:43 PM,03:36:10 PM,147
2110308,3317,ADELOSG2,137,1730230464,1730230601,03:34:24 PM,03:36:41 PM,137
2110308,3317,ADELOSG6,105,1730230530,1730230635,03:35:30 PM,03:37:15 PM,105
2110308,3317,ADELOSG4,86,1730230567,1730230653,03:36:07 PM,03:37:33 PM,86
2110308,3317,BRADADE2,71,1730230605,1730230676,03:36:45 PM,03:37:56 PM,71
2110308,3317,BRADADE4,44,1730230659,1730230703,03:37:39 PM,03:38:23 PM,44
2110308,3317,BRADAGN2,17,1730230702,1730230719,03:38:22 PM,03:38:39 PM,17
2110308,3317,BRADWIL4,0,1730230736,1730230736,03:38:56 PM,03:38:56 PM,0
2110308,3317,BRADDEAR,56,1730230774,1730230830,03:39:34 PM,03:40:30 PM,56
2110308,3317,WELLBRA2,162,1730230811,1730230973,03:40:11 PM,03:42:53 PM,162
2110308,3317,WHITOMA3,114,1730230860,1730230974,03:41:00 PM,03:42:54 PM,114
2110308,3317,WHITOMA3,43,1730231160,1730231203,03:46:00 PM,03:46:43 PM,43
2110308,3317,WELLBRA1,,,,,,
2110308,3317,WELLMON1,,,,,,
2110308,3317,WELLSDA5,,,,,,
2110308,3317,SOUTMONT,,,,,,
2110308,3317,SOUTVER2,123,1730231538,1730231661,03:52:18 PM,03:54:21 PM,123
2110308,3317,SOUTEAS2,110,1730231572,1730231682,03:52:52 PM,03:54:42 PM,110
2110308,3317,SOUTNIX2,97,1730231651,1730231748,03:54:11 PM,03:55:48 PM,97
2110308,3317,SOUTDUL2,82,1730231698,1730231780,03:54:58 PM,03:56:20 PM,82
2110308,3317,SOUTDUN2,72,1730231760,1730231832,03:56:00 PM,03:57:12 PM,72
2110308,3317,SOUTHOME,29,1730231867,1730231896,03:57:47 PM,03:58:16 PM,29
2110308,3317,SOUTWHA4,2,1730231924,1730231926,03:58:44 PM,03:58:46 PM,2
2110308,3317,SOUTWHA2,-7,1730231974,1730231967,03:59:34 PM,03:59:27 PM,-7
2110308,3317,SOUTNOD2,-50,1730232048,1730231998,04:00:48 PM,03:59:58 PM,-50
2110308,3317,SOUTNOD4,-63,1730232088,1730232025,04:01:28 PM,04:00:25 PM,-63
2110308,3317,SOUTAND2,-93,1730232175,1730232082,04:02:55 PM,04:01:22 PM,-93
2110308,3317,SOUTWON2,-127,1730232259,1730232132,04:04:19 PM,04:02:12 PM,-127
2110308,3317,WONDSDA1,-119,1730232307,1730232188,04:05:07 PM,04:03:08 PM,-119
2110308,3317,WONDPVA1,-151,1730232371,1730232220,04:06:11 PM,04:03:40 PM,-151
2110308,3317,WONDMMA3,-157,1730232399,1730232242,04:06:39 PM,04:04:02 PM,-157
2110308,3317,WONDMMA1,-171,1730232441,1730232270,04:07:21 PM,04:04:30 PM,-171
2110308,3317,WESTMAL6,0,1730232600,1730232600,04:10:00 PM,04:10:00 PM,0
2110308,3317,WONDVIS3,-20,1730232667,1730232647,04:11:07 PM,04:10:47 PM,-20
2110308,3317,WONDVIL1,-28,1730232706,1730232678,04:11:46 PM,04:11:18 PM,-28
2110308,3317,WONDCOM1,-10,1730232766,1730232756,04:12:46 PM,04:12:36 PM,-10
2110308,3317,WONDCOM3,-11,1730232818,1730232807,04:13:38 PM,04:13:27 PM,-11
2110308,3317,WONDTEE1,-57,1730232898,1730232841,04:14:58 PM,04:14:01 PM,-57
2110308,3317,WONDSPR1,0,1730233020,1730233020,04:17:00 PM,04:17:00 PM,0
2110308,3317,WONDRIV1,0,1730233245,1730233245,04:20:45 PM,04:20:45 PM,0
2110308,3317,WONDKIW1,0,1730233282,1730233282,04:21:22 PM,04:21:22 PM,0
2110308,3317,WONDOXF3,0,1730233348,1730233348,04:22:28 PM,04:22:28 PM,0
2110308,3317,WONDOXF1,0,1730233380,1730233380,04:23:00 PM,04:23:00 PM,0
2110308,3317,WONDFAR1,0,1730233434,1730233434,04:23:54 PM,04:23:54 PM,0
2110308,3317,WONDFAR3,0,1730233482,1730233482,04:24:42 PM,04:24:42 PM,0
2110308,3317,WONDBEA1,0,1730233555,1730233555,04:25:55 PM,04:25:55 PM,0
2110308,3317,SARNCAS1,0,1730233740,1730233740,04:29:00 PM,04:29:00 PM,0
2110308,3317,SARNCAS1,0,1730233740,1730233740,04:29:00 PM,04:29:00 PM,0
2110308,3317,SARNRIPP,0,1730233803,1730233803,04:30:03 PM,04:30:03 PM,0
2110308,3317,SARNCAS3,0,1730233875,1730233875,04:31:15 PM,04:31:15 PM,0
2110308,3317,SARNCOOM,0,1730233938,1730233938,04:32:18 PM,04:32:18 PM,0
2110308,3317,SARNWES1,0,1730233980,1730233980,04:33:00 PM,04:33:00 PM,0
2110308,3317,WESTPHA3,0,1730234073,1730234073,04:34:33 PM,04:34:33 PM,0
2110308,3317,ALUMHAL1,0,1730234267,1730234267,04:37:47 PM,04:37:47 PM,0
2110308,3317,DELAHALL,0,1730234520,1730234520,04:42:00 PM,04:42:00 PM,0
2110308,3317,UNIVHOS1,0,1730234675,1730234675,04:44:35 PM,04:44:35 PM,0
2110308,3317,PERTWIN1,0,1730234711,1730234711,04:45:11 PM,04:45:11 PM,0
2110308,3317,RICHWIN1,0,1730234803,1730234803,04:46:43 PM,04:46:43 PM,0
2110308,3317,RICHWEC1,0,1730234855,1730234855,04:47:35 PM,04:47:35 PM,0
2110308,3317,RICHCANT,0,1730234903,1730234903,04:48:23 PM,04:48:23 PM,0
2110308,3317,RICHSUNN,0,1730234986,1730234986,04:49:46 PM,04:49:46 PM,0
2110308,3317,MASOSTO4,0,1730235120,1730235120,04:52:00 PM,04:52:00 PM,0
2110365,3317,MASOSTO4,0,1730235240,1730235240,04:54:00 PM,04:54:00 PM,0
2110365,3317,RICHJACK,0,1730235315,1730235315,04:55:15 PM,04:55:15 PM,0
2110365,3317,RICHSHAV,0,1730235360,1730235360,04:56:00 PM,04:56:00 PM,0
2110365,3317,RICHWES2,0,1730235411,1730235411,04:56:51 PM,04:56:51 PM,0
2110365,3317,RICHWES4,0,1730235437,1730235437,04:57:17 PM,04:57:17 PM,0
2110365,3317,RICHWYND,0,1730235476,1730235476,04:57:56 PM,04:57:56 PM,0
2110365,3317,WINDRIC2,0,1730235558,1730235558,04:59:18 PM,04:59:18 PM,0
2110365,3317,PERTWIN2,0,1730235608,1730235608,05:00:08 PM,05:00:08 PM,0
2110365,3317,UNIVHOS2,0,1730235666,1730235666,05:01:06 PM,05:01:06 PM,0
2110365,3317,MIDDPERT,0,1730235820,1730235820,05:03:40 PM,05:03:40 PM,0
2110365,3317,NATSCI,0,1730235900,1730235900,05:05:00 PM,05:05:00 PM,0
2110365,3317,NATSCI,0,1730235900,1730235900,05:05:00 PM,05:05:00 PM,0
2110365,3317,WESTELG2,0,1730236294,1730236294,05:11:34 PM,05:11:34 PM,0
2110365,3317,WESTLAM2,0,1730236500,1730236500,05:15:00 PM,05:15:00 PM,0
2110365,3317,SARNWES2,0,1730236632,1730236632,05:17:12 PM,05:17:12 PM,0
2110365,3317,SARNBRES,0,1730236760,1730236760,05:19:20 PM,05:19:20 PM,0
2110365,3317,SARNSLEI,0,1730236887,1730236887,05:21:27 PM,05:21:27 PM,0
2110365,3317,SARNLEYT,0,1730237034,1730237034,05:23:54 PM,05:23:54 PM,0
2110365,3317,WONDSAR2,0,1730237220,1730237220,05:27:00 PM,05:27:00 PM,0
2110365,3317,WONDBEA2,0,1730237367,1730237367,05:29:27 PM,05:29:27 PM,0
2110365,3317,WONDFAR4,0,1730237436,1730237436,05:30:36 PM,05:30:36 PM,0
2110365,3317,WONDFAR2,0,1730237471,1730237471,05:31:11 PM,05:31:11 PM,0
2110365,3317,WONDOXF2,0,1730237520,1730237520,05:32:00 PM,05:32:00 PM,0
2110365,3317,WONDOXF4,0,1730237567,1730237567,05:32:47 PM,05:32:47 PM,0
2110365,3317,WONDKIW2,0,1730237622,1730237622,05:33:42 PM,05:33:42 PM,0
2110365,3317,WONDRIV2,0,1730237683,1730237683,05:34:43 PM,05:34:43 PM,0
2110365,3317,WONDSPRI,0,1730237935,1730237935,05:38:55 PM,05:38:55 PM,0
2110365,3317,WONDROSE,0,1730238003,1730238003,05:40:03 PM,05:40:03 PM,0
2110365,3317,WONDCOM2,0,1730238122,1730238122,05:42:02 PM,05:42:02 PM,0
2110365,3317,WONDVIL2,0,1730238165,1730238165,05:42:45 PM,05:42:45 PM,0
2110365,3317,WONDVIS4,0,1730238235,1730238235,05:43:55 PM,05:43:55 PM,0
2110365,3317,WESTMAL4,0,1730238300,1730238300,05:45:00 PM,05:45:00 PM,0
2110365,3317,VISCWON1,0,1730238367,1730238367,05:46:07 PM,05:46:07 PM,0
2110365,3317,VISCWON5,0,1730238405,1730238405,05:46:45 PM,05:46:45 PM,0
2110365,3317,WONDMMA4,0,1730238499,1730238499,05:48:19 PM,05:48:19 PM,0
2110365,3317,WONDMMA2,0,1730238556,1730238556,05:49:16 PM,05:49:16 PM,0
2110365,3317,WONDPVA2,0,1730238618,1730238618,05:50:18 PM,05:50:18 PM,0
2110365,3317,WONDPVA4,0,1730238663,1730238663,05:51:03 PM,05:51:03 PM,0
2110365,3317,SOUTWON1,0,1730238741,1730238741,05:52:21 PM,05:52:21 PM,0
2110365,3317,SOUTSING,0,1730238825,1730238825,05:53:45 PM,05:53:45 PM,0
2110365,3317,SOUTAND1,0,1730238900,1730238900,05:55:00 PM,05:55:00 PM,0
2110365,3317,SOUTSPRI,0,1730238941,1730238941,05:55:41 PM,05:55:41 PM,0
2110365,3317,SOUTNOD1,0,1730238985,1730238985,05:56:25 PM,05:56:25 PM,0
2110365,3317,SOUTNOD3,0,1730239016,1730239016,05:56:56 PM,05:56:56 PM,0
2110365,3317,SOUTWHA1,0,1730239089,1730239089,05:58:09 PM,05:58:09 PM,0
2110365,3317,SOUTWHA3,0,1730239117,1730239117,05:58:37 PM,05:58:37 PM,0
2110365,3317,SOUTWHOK,0,1730239184,1730239184,05:59:44 PM,05:59:44 PM,0
2110365,3317,SOUTJAL1,0,1730239295,1730239295,06:01:35 PM,06:01:35 PM,0
2110365,3317,SOUTDUL1,0,1730239328,1730239328,06:02:08 PM,06:02:08 PM,0
2110365,3317,SOUTNIX1,0,1730239369,1730239369,06:02:49 PM,06:02:49 PM,0
2110365,3317,SOUTVER1,0,1730239470,1730239470,06:04:30 PM,06:04:30 PM,0
2110365,3317,WELLHARL,,,,,,
2110365,3317,WELLMON4,,,,,,
2110365,3317,WELLMON2,,,,,,
2110365,3317,WELLBRA2,0,1730239692,1730239692,06:08:12 PM,06:08:12 PM,0
2110365,3317,WHITOMA3,0,1730239740,1730239740,06:09:00 PM,06:09:00 PM,0
2110365,3317,WHITOMA3,0,1730240040,1730240040,06:14:00 PM,06:14:00 PM,0
2110365,3317,BRADWEL3,0,1730240181,1730240181,06:16:21 PM,06:16:21 PM,0
2110365,3317,BRADWIL1,0,1730240228,1730240228,06:17:08 PM,06:17:08 PM,0
2110365,3317,BRADAGN1,0,1730240254,1730240254,06:17:34 PM,06:17:34 PM,0
2110365,3317,BRADADE1,0,1730240304,1730240304,06:18:24 PM,06:18:24 PM,0
2110365,3317,BRADADE3,0,1730240357,1730240357,06:19:17 PM,06:19:17 PM,0
2110365,3317,ADELOSG5,0,1730240397,1730240397,06:19:57 PM,06:19:57 PM,0
2110365,3317,ADELOSG7,0,1730240439,1730240439,06:20:39 PM,06:20:39 PM,0
2110365,3317,ADELOSG3,0,1730240514,1730240514,06:21:54 PM,06:21:54 PM,0
2110365,3317,SOUTADE1,0,1730240566,1730240566,06:22:46 PM,06:22:46 PM,0
2110365,3317,SOUTMIL5,0,1730240594,1730240594,06:23:14 PM,06:23:14 PM,0
2110365,3317,SOUTMIL3,0,1730240633,1730240633,06:23:53 PM,06:23:53 PM,0
2110365,3317,SOUTMIL1,0,1730240700,1730240700,06:25:00 PM,06:25:00 PM,0
2110365,3317,SOUTKOR1,0,1730240755,1730240755,06:25:55 PM,06:25:55 PM,0
2110365,3317,SOUTPOM1,0,1730240792,1730240792,06:26:32 PM,06:26:32 PM,0
2110365,3317,PONDPONV,0,1730240874,1730240874,06:27:54 PM,06:27:54 PM,0
2110365,3317,PONDMIR3,0,1730240912,1730240912,06:28:32 PM,06:28:32 PM,0
2110365,3317,PONDMIR1,0,1730240940,1730240940,06:29:00 PM,06:29:00 PM,0
2110365,3317,PONDDEV1,0,1730240990,1730240990,06:29:50 PM,06:29:50 PM,0
2110365,3317,PONDBAN1,0,1730241014,1730241014,06:30:14 PM,06:30:14 PM,0
2110365,3317,PONDOLDH,0,1730241080,1730241080,06:31:20 PM,06:31:20 PM,0
2110365,3317,COMMPOM3,0,1730241135,1730241135,06:32:15 PM,06:32:15 PM,0
2110365,3317,COMMDEV1,0,1730241180,1730241180,06:33:00 PM,06:33:00 PM,0
2110365,3317,COMMHIG1,0,1730241241,1730241241,06:34:01 PM,06:34:01 PM,0
2110365,3317,HIGBHAM1,0,1730241516,1730241516,06:38:36 PM,06:38:36 PM,0
2110365,3317,HIGBMAGE,0,1730241543,1730241543,06:39:03 PM,06:39:03 PM,0
2110365,3317,HIGBTRA1,0,1730241600,1730241600,06:40:00 PM,06:40:00 PM,0
2108469,3318,WONDOXF1,0,1730229600,1730229600,03:20:00 PM,03:20:00 PM,0
2108469,3318,WONDFAR1,0,1730229655,1730229655,03:20:55 PM,03:20:55 PM,0
2108469,3318,WONDFAR3,-9,1730229704,1730229695,03:21:44 PM,03:21:35 PM,-9
2108469,3318,WONDBEA1,2,1730229780,1730229782,03:23:00 PM,03:23:02 PM,2
2108469,3318,SARNCAS1,-28,1730229966,1730229938,03:26:06 PM,03:25:38 PM,-28
2108469,3318,SARNRIPP,0,1730230080,1730230080,03:28:00 PM,03:28:00 PM,0
2108469,3318,SARNCAS3,-1,1730230129,1730230128,03:28:49 PM,03:28:48 PM,-1
2108469,3318,SARNCOOM,6,1730230172,1730230178,03:29:32 PM,03:29:38 PM,6
2108469,3318,SARNWES1,28,1730230200,1730230228,03:30:00 PM,03:30:28 PM,28
2108469,3318,WESTPHA3,48,1730230268,1730230316,03:31:08 PM,03:31:56 PM,48
2108469,3318,ALUMHAL1,52,1730230410,1730230462,03:33:30 PM,03:34:22 PM,52
2108469,3318,LAMBMID1,17,1730230560,1730230577,03:36:00 PM,03:36:17 PM,17
2108469,3318,UNIVSUN1,-12,1730230636,1730230624,03:37:16 PM,03:37:04 PM,-12
2108469,3318,UNIVRIC1,-19,1730230703,1730230684,03:38:23 PM,03:38:04 PM,-19
2108469,3318,HURORIC1,-17,1730230771,1730230754,03:39:31 PM,03:39:14 PM,-17
2108469,3318,HUROWAT1,-31,1730230837,1730230806,03:40:37 PM,03:40:06 PM,-31
2108469,3318,HUROCOLB,-47,1730230883,1730230836,03:41:23 PM,03:40:36 PM,-47
2108469,3318,MAITREGE,-61,1730230950,1730230889,03:42:30 PM,03:41:29 PM,-61
2108469,3318,REGEWILL,-73,1730230998,1730230925,03:43:18 PM,03:42:05 PM,-73
2108469,3318,ADELHUR1,0,1730231100,1730231100,03:45:00 PM,03:45:00 PM,0
2108469,3318,ADELHUR5,-30,1730231160,1730231130,03:46:00 PM,03:45:30 PM,-30
2108469,3318,KIPPADEL,3,1730231220,1730231223,03:47:00 PM,03:47:03 PM,3
2108469,3318,KIPPBELF,-14,1730231275,1730231261,03:47:55 PM,03:47:41 PM,-14
2108469,3318,KIPPBARK,-39,1730231362,1730231323,03:49:22 PM,03:48:43 PM,-39
2108469,3318,BARKMELS,-71,1730231455,1730231384,03:50:55 PM,03:49:44 PM,-71
2108469,3318,BARKHURO,-90,1730231517,1730231427,03:51:57 PM,03:50:27 PM,-90
2108469,3318,HUROBRI3,-139,1730231606,1730231467,03:53:26 PM,03:51:07 PM,-139
2108469,3318,HUROBRI1,0,1730231640,1730231640,03:54:00 PM,03:54:00 PM,0
2108469,3318,HUROMCN1,-29,1730231697,1730231668,03:54:57 PM,03:54:28 PM,-29
2108469,3318,HUROVES1,-45,1730231746,1730231701,03:55:46 PM,03:55:01 PM,-45
2108469,3318,HUROHIG1,2,1730231820,1730231822,03:57:00 PM,03:57:02 PM,2
2108469,3318,HUROHIG3,-10,1730231858,1730231848,03:57:38 PM,03:57:28 PM,-10
2108469,3318,HUROWEB1,-11,1730231928,1730231917,03:58:48 PM,03:58:37 PM,-11
2108469,3318,HUROSAN1,-30,1730231999,1730231969,03:59:59 PM,03:59:29 PM,-30
2108469,3318,SANDBEC2,-38,1730232052,1730232014,04:00:52 PM,04:00:14 PM,-38
2108469,3318,FCBLCHE2,-57,1730232147,1730232090,04:02:27 PM,04:01:30 PM,-57
2108469,3318,FCBLFLE2,-79,1730232205,1730232126,04:03:25 PM,04:02:06 PM,-79
2108469,3318,FANCOLL4,-112,1730232300,1730232188,04:05:00 PM,04:03:08 PM,-112
2108403,3318,FANCOLL4,0,1730232900,1730232900,04:15:00 PM,04:15:00 PM,0
2108403,3318,FCBLFLE1,0,1730233020,1730233020,04:17:00 PM,04:17:00 PM,0
2108403,3318,FCBLCHE1,0,1730233095,1730233095,04:18:15 PM,04:18:15 PM,0
2108403,3318,SANDBEC1,0,1730233205,1730233205,04:20:05 PM,04:20:05 PM,0
2108403,3318,SANDHUR1,0,1730233240,1730233240,04:20:40 PM,04:20:40 PM,0
2108403,3318,HUROSAN2,0,1730233299,1730233299,04:21:39 PM,04:21:39 PM,0
2108403,3318,HUROWEB2,0,1730233371,1730233371,04:22:51 PM,04:22:51 PM,0
2108403,3318,HUROHIG4,0,1730233500,1730233500,04:25:00 PM,04:25:00 PM,0
2108403,3318,HUROVES2,0,1730233549,1730233549,04:25:49 PM,04:25:49 PM,0
2108403,3318,HUROMCN2,0,1730233632,1730233632,04:27:12 PM,04:27:12 PM,0
2108403,3318,HUROBRI2,0,1730233675,1730233675,04:27:55 PM,04:27:55 PM,0
2108403,3318,BARKHUR1,0,1730233740,1730233740,04:29:00 PM,04:29:00 PM,0
2108403,3318,BARKMEL1,0,1730233799,1730233799,04:29:59 PM,04:29:59 PM,0
2108403,3318,BARKKIPP,0,1730233862,1730233862,04:31:02 PM,04:31:02 PM,0
2108403,3318,KIPPBEL1,0,1730233928,1730233928,04:32:08 PM,04:32:08 PM,0
2108403,3318,KIPPADE1,0,1730233980,1730233980,04:33:00 PM,04:33:00 PM,0
2108403,3318,ADELKIP6,0,1730234085,1730234085,04:34:45 PM,04:34:45 PM,0
2108403,3318,HUROADE4,0,1730234163,1730234163,04:36:03 PM,04:36:03 PM,0
2108403,3318,WILLREGE,0,1730234234,1730234234,04:37:14 PM,04:37:14 PM,0
2108403,3318,REGEMAIT,0,1730234284,1730234284,04:38:04 PM,04:38:04 PM,0
2108403,3318,HUROFRAS,0,1730234347,1730234347,04:39:07 PM,04:39:07 PM,0
2108403,3318,HUROWAT2,0,1730234406,1730234406,04:40:06 PM,04:40:06 PM,0
2108403,3318,HURORIC2,0,1730234494,1730234494,04:41:34 PM,04:41:34 PM,0
2108403,3318,UNIVRIC2,0,1730234580,1730234580,04:43:00 PM,04:43:00 PM,0
2108403,3318,UNIVSUN2,0,1730234642,1730234642,04:44:02 PM,04:44:02 PM,0
2108403,3318,MIDDPERT,0,1730234739,1730234739,04:45:39 PM,04:45:39 PM,0
2108403,3318,NATSCI,0,1730234820,1730234820,04:47:00 PM,04:47:00 PM,0
2108403,3318,WESTELG2,0,1730235108,1730235108,04:51:48 PM,04:51:48 PM,0
2108403,3318,WESTLAM2,0,1730235258,1730235258,04:54:18 PM,04:54:18 PM,0
2108403,3318,SARNWES2,0,1730235480,1730235480,04:58:00 PM,04:58:00 PM,0
2108403,3318,SARNBRES,0,1730235572,1730235572,04:59:32 PM,04:59:32 PM,0
2108403,3318,SARNSLEI,0,1730235663,1730235663,05:01:03 PM,05:01:03 PM,0
2108403,3318,SARNLEYT,0,1730235769,1730235769,05:02:49 PM,05:02:49 PM,0
2108403,3318,WONDSAR2,0,1730235900,1730235900,05:05:00 PM,05:05:00 PM,0
2108403,3318,BEAVBLYT,0,1730236063,1730236063,05:07:43 PM,05:07:43 PM,0
2108403,3318,BEAVCAP1,0,1730236099,1730236099,05:08:19 PM,05:08:19 PM,0
2108403,3318,CAPUBLSM,0,1730236123,1730236123,05:08:43 PM,05:08:43 PM,0
2108403,3318,CAPUCAPW,0,1730236184,1730236184,05:09:44 PM,05:09:44 PM,0
2108403,3318,CAPUOXFO,0,1730236260,1730236260,05:11:00 PM,05:11:00 PM,0
2094959,3320,WESTTHO1,632,1730228581,1730229213,03:03:01 PM,03:13:33 PM,632
2094959,3320,THOMADE1,663,1730228626,1730229289,03:03:46 PM,03:14:49 PM,663
2094959,3320,THOMEME1,656,1730228656,1730229312,03:04:16 PM,03:15:12 PM,656
2094959,3320,THOMCHE1,634,1730228704,1730229338,03:05:04 PM,03:15:38 PM,634
2094959,3320,THOMGLA1,632,1730228722,1730229354,03:05:22 PM,03:15:54 PM,632
2094959,3320,KINGTHO2,618,1730228760,1730229378,03:06:00 PM,03:16:18 PM,618
2094959,3320,KINGTHO2,678,1730228760,1730229438,03:06:00 PM,03:17:18 PM,678
2094959,3320,KINGDIP2,678,1730228787,1730229465,03:06:27 PM,03:17:45 PM,678
2094959,3320,KINGSCE2,672,1730228814,1730229486,03:06:54 PM,03:18:06 PM,672
2094959,3320,KINGECHO,660,1730228843,1730229503,03:07:23 PM,03:18:23 PM,660
2094959,3320,KINGCHI2,650,1730228877,1730229527,03:07:57 PM,03:18:47 PM,650
2094959,3320,KINGEAGL,644,1730228901,1730229545,03:08:21 PM,03:19:05 PM,644
2094959,3320,BURLCAIR,629,1730228985,1730229614,03:09:45 PM,03:20:14 PM,629
2094959,3320,BURLPOMI,636,1730229021,1730229657,03:10:21 PM,03:20:57 PM,636
2094959,3320,SHELBUR2,641,1730229042,1730229683,03:10:42 PM,03:21:23 PM,641
2094959,3320,SHELODEL,646,1730229063,1730229709,03:11:03 PM,03:21:49 PM,646
2094959,3320,SHELDEVE,598,1730229120,1730229718,03:12:00 PM,03:21:58 PM,598
2095024,3320,SHELDEVE,418,1730229480,1730229898,03:18:00 PM,03:24:58 PM,418
2095024,3320,COMMDEV4,391,1730229528,1730229919,03:18:48 PM,03:25:19 PM,391
2095024,3320,PONDCOMM,391,1730229583,1730229974,03:19:43 PM,03:26:14 PM,391
2095024,3320,PONDBURL,380,1730229610,1730229990,03:20:10 PM,03:26:30 PM,380
2095024,3320,PONDCLE1,351,1730229672,1730230023,03:21:12 PM,03:27:03 PM,351
2095024,3320,PONDAIL2,320,1730229737,1730230057,03:22:17 PM,03:27:37 PM,320
2095024,3320,PONDSCE1,299,1730229780,1730230079,03:23:00 PM,03:27:59 PM,299
2095024,3320,PONDEGER,292,1730229821,1730230113,03:23:41 PM,03:28:33 PM,292
2095024,3320,THOMKED2,273,1730229923,1730230196,03:25:23 PM,03:29:56 PM,273
2095024,3320,THOMGLA2,264,1730229948,1730230212,03:25:48 PM,03:30:12 PM,264
2095024,3320,THOMCHE2,242,1730229980,1730230222,03:26:20 PM,03:30:22 PM,242
2095024,3320,THOMJACQ,236,1730230024,1730230260,03:27:04 PM,03:31:00 PM,236
2095024,3320,THOMADE2,244,1730230076,1730230320,03:27:56 PM,03:32:00 PM,244
2095024,3320,WESTTHO2,239,1730230105,1730230344,03:28:25 PM,03:32:24 PM,239
2095024,3320,WESTWHE2,224,1730230140,1730230364,03:29:00 PM,03:32:44 PM,224
2095024,3320,WESTBAS2,204,1730230181,1730230385,03:29:41 PM,03:33:05 PM,204
2095024,3320,BASEFAI2,194,1730230260,1730230454,03:31:00 PM,03:34:14 PM,194
2095024,3320,WELLBAS3,168,1730230338,1730230506,03:32:18 PM,03:35:06 PM,168
2095024,3320,WELLCHES,148,1730230392,1730230540,03:33:12 PM,03:35:40 PM,148
2095024,3320,WELLALEX,108,1730230465,1730230573,03:34:25 PM,03:36:13 PM,108
2095024,3320,WELLBOND,76,1730230517,1730230593,03:35:17 PM,03:36:33 PM,76
2095024,3320,WELLMCL1,46,1730230572,1730230618,03:36:12 PM,03:36:58 PM,46
2095024,3320,WELLGRA1,21,1730230621,1730230642,03:37:01 PM,03:37:22 PM,21
2095024,3320,SOUTWEL3,-19,1730230712,1730230693,03:38:32 PM,03:38:13 PM,-19
2095024,3320,SOUTWATE,-38,1730230752,1730230714,03:39:12 PM,03:38:34 PM,-38
2095024,3320,SOUTHOSP,-53,1730230795,1730230742,03:39:55 PM,03:39:02 PM,-53
2095024,3320,COLBGRE1,-73,1730230879,1730230806,03:41:19 PM,03:40:06 PM,-73
2095024,3320,COLBHOR1,-42,1730230921,1730230879,03:42:01 PM,03:41:19 PM,-42
2095024,3320,YORKCOL2,-19,1730230995,1730230976,03:43:15 PM,03:42:56 PM,-19
2095024,3320,YORKWAT2,-24,1730231028,1730231004,03:43:48 PM,03:43:24 PM,-24
2095024,3320,WATEDUN1,14,1730231100,1730231114,03:45:00 PM,03:45:14 PM,14
2095024,3320,WATEQUE1,-12,1730231153,1730231141,03:45:53 PM,03:45:41 PM,-12
2095024,3320,DUFFCOLB,-36,1730231228,1730231192,03:47:08 PM,03:46:32 PM,-36
2095024,3320,COLBPRIN,,,,,,
2095024,3320,COLBCEN1,,,,,,
2095024,3320,COLBPAM1,-8,1730231421,1730231413,03:50:21 PM,03:50:13 PM,-8
2095024,3320,COLBOXFO,0,1730231520,1730231520,03:52:00 PM,03:52:00 PM,0
2095024,3320,COLBSJM1,-14,1730231547,1730231533,03:52:27 PM,03:52:13 PM,-14
2095024,3320,COLBGRO2,-29,1730231588,1730231559,03:53:08 PM,03:52:39 PM,-29
2095024,3320,CHEACOLB,-20,1730231636,1730231616,03:53:56 PM,03:53:36 PM,-20
2095024,3320,CHEAMAI1,-35,1730231679,1730231644,03:54:39 PM,03:54:04 PM,-35
2095024,3320,CHEAWIL1,-47,1730231719,1730231672,03:55:19 PM,03:54:32 PM,-47
2095024,3320,ADELCHE1,0,1730231760,1730231760,03:56:00 PM,03:56:00 PM,0
2095024,3320,ADELVIC1,-16,1730231795,1730231779,03:56:35 PM,03:56:19 PM,-16
2095024,3320,ADELREG1,8,1730231849,1730231857,03:57:29 PM,03:57:37 PM,8
2095024,3320,ADELHUR1,27,1730231887,1730231914,03:58:07 PM,03:58:34 PM,27
2095024,3320,ADELHUR5,-7,1730231954,1730231947,03:59:14 PM,03:59:07 PM,-7
2095024,3320,KIPPADEL,-86,1730232060,1730231974,04:01:00 PM,03:59:34 PM,-86
2110110,3321,YORKTHA2,618,1730228585,1730229203,03:03:05 PM,03:13:23 PM,618
2110110,3321,HORTWHA2,549,1730228726,1730229275,03:05:26 PM,03:14:35 PM,549
2110110,3321,HORTWHA4,532,1730228760,1730229292,03:06:00 PM,03:14:52 PM,532
2110110,3321,HORTSPRI,492,1730228826,1730229318,03:07:06 PM,03:15:18 PM,492
2110110,3321,SPRIGRE2,471,1730228866,1730229337,03:07:46 PM,03:15:37 PM,471
2110110,3321,SPRIFORH,454,1730228901,1730229355,03:08:21 PM,03:15:55 PM,454
2110110,3321,SPRICHEL,428,1730228949,1730229377,03:09:09 PM,03:16:17 PM,428
2110110,3321,SPRIKER2,416,1730228997,1730229413,03:09:57 PM,03:16:53 PM,416
2110110,3321,SPRIMAR2,410,1730229036,1730229446,03:10:36 PM,03:17:26 PM,410
2110110,3321,SPRITROW,403,1730229062,1730229465,03:11:02 PM,03:17:45 PM,403
2110110,3321,SPRIBER4,377,1730229147,1730229524,03:12:27 PM,03:18:44 PM,377
2110110,3321,SPRIWON2,391,1730229180,1730229571,03:13:00 PM,03:19:31 PM,391
2110110,3321,SPRIQUI2,373,1730229219,1730229592,03:13:39 PM,03:19:52 PM,373
2110110,3321,SPRIJAR2,358,1730229257,1730229615,03:14:17 PM,03:20:15 PM,358
2110110,3321,SPRIHIC2,348,1730229280,1730229628,03:14:40 PM,03:20:28 PM,348
2110110,3321,SPRIWES4,305,1730229378,1730229683,03:16:18 PM,03:21:23 PM,305
2110110,3321,SPRICOM2,296,1730229406,1730229702,03:16:46 PM,03:21:42 PM,296
2110110,3321,COMMSPR2,289,1730229437,1730229726,03:17:17 PM,03:22:06 PM,289
2110110,3321,COMMNOR2,279,1730229473,1730229752,03:17:53 PM,03:22:32 PM,279
2110110,3321,COMMLYN4,275,1730229513,1730229788,03:18:33 PM,03:23:08 PM,275
2110110,3321,COMMSPR4,279,1730229532,1730229811,03:18:52 PM,03:23:31 PM,279
2110110,3321,COMMBOL2,323,1730229563,1730229886,03:19:23 PM,03:24:46 PM,323
2110110,3321,COMMHAM2,300,1730229600,1730229900,03:20:00 PM,03:25:00 PM,300
2110148,3321,COMMHAM2,360,1730229600,1730229960,03:20:00 PM,03:26:00 PM,360
2110148,3321,COMMSTEP,360,1730229663,1730230023,03:21:03 PM,03:27:03 PM,360
2110148,3321,GRIFCOMM,346,1730229710,1730230056,03:21:50 PM,03:27:36 PM,346
2110148,3321,GRIFHEMO,331,1730229756,1730230087,03:22:36 PM,03:28:07 PM,331
2110148,3321,GRIFNORM,301,1730229817,1730230118,03:23:37 PM,03:28:38 PM,301
2110148,3321,GRIFBBA2,274,1730229893,1730230167,03:24:53 PM,03:29:27 PM,274
2110148,3321,GRIFFAIR,265,1730229941,1730230206,03:25:41 PM,03:30:06 PM,265
2110148,3321,GRIFDEA2,252,1730230007,1730230259,03:26:47 PM,03:30:59 PM,252
2110148,3321,GRIFWIDD,241,1730230034,1730230275,03:27:14 PM,03:31:15 PM,241
2110148,3321,GRIFROBW,217,1730230094,1730230311,03:28:14 PM,03:31:51 PM,217
2110148,3321,GRIFBOLE,201,1730230156,1730230357,03:29:16 PM,03:32:37 PM,201
2110148,3321,BOLEGRIF,193,1730230188,1730230381,03:29:48 PM,03:33:01 PM,193
2110148,3321,BOLEWAYN,165,1730230248,1730230413,03:30:48 PM,03:33:33 PM,165
2110148,3321,BOLEBASE,172,1730230321,1730230493,03:32:01 PM,03:34:53 PM,172
2110148,3321,BOLEGLEN,154,1730230374,1730230528,03:32:54 PM,03:35:28 PM,154
2110148,3321,BOLECOM1,138,1730230401,1730230539,03:33:21 PM,03:35:39 PM,138
2110148,3321,COMMBOL1,99,1730230440,1730230539,03:34:00 PM,03:35:39 PM,99
2110148,3321,COMMBOL1,0,1730230680,1730230680,03:38:00 PM,03:38:00 PM,0
2110148,3321,COMMSPR1,-6,1730230718,1730230712,03:38:38 PM,03:38:32 PM,-6
2110148,3321,COMMNASH,-9,1730230761,1730230752,03:39:21 PM,03:39:12 PM,-9
2110148,3321,COMMNOR1,-19,1730230791,1730230772,03:39:51 PM,03:39:32 PM,-19
2110148,3321,SPRICOM1,0,1730230849,1730230849,03:40:49 PM,03:40:49 PM,0
2110148,3321,SPRIWES1,-11,1730230880,1730230869,03:41:20 PM,03:41:09 PM,-11
2110148,3321,SPRIWES3,-29,1730230922,1730230893,03:42:02 PM,03:41:33 PM,-29
2110148,3321,SPRIHIC1,-57,1730230979,1730230922,03:42:59 PM,03:42:02 PM,-57
2110148,3321,SPRIJAR1,-75,1730231017,1730230942,03:43:37 PM,03:42:22 PM,-75
2110148,3321,SPRIQUI1,-88,1730231045,1730230957,03:44:05 PM,03:42:37 PM,-88
2110148,3321,SPRIWON1,0,1730231100,1730231100,03:45:00 PM,03:45:00 PM,0
2110148,3321,BERKSPR2,-5,1730231143,1730231138,03:45:43 PM,03:45:38 PM,-5
2110148,3321,BERKBER2,-25,1730231187,1730231162,03:46:27 PM,03:46:02 PM,-25
2110148,3321,BERKGAR4,0,1730231220,1730231220,03:47:00 PM,03:47:00 PM,0
2110148,3321,GARDBER1,8,1730231244,1730231252,03:47:24 PM,03:47:32 PM,8
2110148,3321,GARDSOU3,-8,1730231285,1730231277,03:48:05 PM,03:47:57 PM,-8
2110148,3321,GARDRID1,-24,1730231328,1730231304,03:48:48 PM,03:48:24 PM,-24
2110148,3321,KERNRID1,-36,1730231384,1730231348,03:49:44 PM,03:49:08 PM,-36
2110148,3321,SPRIKER1,-42,1730231416,1730231374,03:50:16 PM,03:49:34 PM,-42
2110148,3321,SPRIGROW,-65,1730231473,1730231408,03:51:13 PM,03:50:08 PM,-65
2110148,3321,SPRIGRE1,-113,1730231551,1730231438,03:52:31 PM,03:50:38 PM,-113
2110148,3321,SPRISPRI,-146,1730231607,1730231461,03:53:27 PM,03:51:01 PM,-146
2110148,3321,HORTWHA3,-198,1730231696,1730231498,03:54:56 PM,03:51:38 PM,-198
2110148,3321,STANWHAR,-218,1730231762,1730231544,03:56:02 PM,03:52:24 PM,-218
2110148,3321,STANPERR,-230,1730231788,1730231558,03:56:28 PM,03:52:38 PM,-230
2110148,3321,STANWORT,-249,1730231829,1730231580,03:57:09 PM,03:53:00 PM,-249
2110148,3321,YORKTHA1,-264,1730231860,1730231596,03:57:40 PM,03:53:16 PM,-264
2110148,3321,RIDOYOR2,-267,1730231898,1730231631,03:58:18 PM,03:53:51 PM,-267
2110148,3321,KINGTALB,-246,1730231940,1730231694,03:59:00 PM,03:54:54 PM,-246
2110148,3321,KINGRICH,-255,1730232000,1730231745,04:00:00 PM,03:55:45 PM,-255
2110148,3321,KINGRICH,40,1730232000,1730232040,04:00:00 PM,04:00:40 PM,40
2110148,3321,KINGWEL2,-32,1730232131,1730232098,04:02:11 PM,04:01:38 PM,-33
2110148,3321,WELLYOR2,,,,,,
2110148,3321,HORTWELL,,,,,,
2110148,3321,HORTCOL2,,,,,,
2110148,3321,HORTMAIT,-60,1730232466,1730232406,04:07:46 PM,04:06:46 PM,-60
2110148,3321,HAMIWIL1,-60,1730232552,1730232492,04:09:12 PM,04:08:12 PM,-60
2110148,3321,HAMIADE1,0,1730232600,1730232600,04:10:00 PM,04:10:00 PM,0
2110148,3321,HAMIMAME,-29,1730232665,1730232636,04:11:05 PM,04:10:36 PM,-29
2110148,3321,HAMIREC1,-52,1730232726,1730232674,04:12:06 PM,04:11:14 PM,-52
2110148,3321,HAMISAC1,-49,1730232802,1730232753,04:13:22 PM,04:12:33 PM,-49
2110148,3321,HAMIEGE1,-59,1730232846,1730232787,04:14:06 PM,04:13:07 PM,-59
2110148,3321,HAMITENN,-97,1730232925,1730232828,04:15:25 PM,04:13:48 PM,-97
2110148,3321,HAMISJU1,-119,1730232968,1730232849,04:16:08 PM,04:14:09 PM,-119
2110148,3321,HAMIPILA,-146,1730233027,1730232881,04:17:07 PM,04:14:41 PM,-146
2110148,3321,HAMIGIL1,-166,1730233095,1730232929,04:18:15 PM,04:15:29 PM,-166
2110148,3321,HAMIHIG1,0,1730233140,1730233140,04:19:00 PM,04:19:00 PM,0
2110148,3321,HALEHAM2,0,1730233166,1730233166,04:19:26 PM,04:19:26 PM,0
2110148,3321,HALEMAG2,0,1730233222,1730233222,04:20:22 PM,04:20:22 PM,0
2110148,3321,TWEEFAI2,0,1730233246,1730233246,04:20:46 PM,04:20:46 PM,0
2110148,3321,TWEEMAN2,0,1730233284,1730233284,04:21:24 PM,04:21:24 PM,0
2110148,3321,TWEEBER2,0,1730233304,1730233304,04:21:44 PM,04:21:44 PM,0
2110148,3321,MANITWE2,0,1730233350,1730233350,04:22:30 PM,04:22:30 PM,0
2110148,3321,MONTTWE2,0,1730233391,1730233391,04:23:11 PM,04:23:11 PM,0
2110148,3321,MONTELD2,0,1730233432,1730233432,04:23:52 PM,04:23:52 PM,0
2110148,3321,GOREVAL2,0,1730233447,1730233447,04:24:07 PM,04:24:07 PM,0
2110148,3321,GOREBRA2,0,1730233493,1730233493,04:24:53 PM,04:24:53 PM,0
2110148,3321,GOREFIR2,0,1730233530,1730233530,04:25:30 PM,04:25:30 PM,0
2110148,3321,CLARGORE,0,1730233605,1730233605,04:26:45 PM,04:26:45 PM,0
2110148,3321,CLARFIS1,0,1730233626,1730233626,04:27:06 PM,04:27:06 PM,0
2110148,3321,CLARCHA3,0,1730233693,1730233693,04:28:13 PM,04:28:13 PM,0
2110148,3321,CLARCHA1,0,1730233740,1730233740,04:29:00 PM,04:29:00 PM,0
2110148,3321,CLARTRA1,0,1730233791,1730233791,04:29:51 PM,04:29:51 PM,0
2110148,3321,CLARROY1,0,1730233853,1730233853,04:30:53 PM,04:30:53 PM,0
2110148,3321,CLARROY3,0,1730233885,1730233885,04:31:25 PM,04:31:25 PM,0
2110148,3321,CLARWAV1,0,1730233910,1730233910,04:31:50 PM,04:31:50 PM,0
2110148,3321,CLARCHU1,0,1730233949,1730233949,04:32:29 PM,04:32:29 PM,0
2110148,3321,ARGYMAL1,0,1730234040,1730234040,04:34:00 PM,04:34:00 PM,0
2106029,3323,HAMWILD1,-120,1730229291,1730229171,03:14:51 PM,03:12:51 PM,-120
2106029,3323,CLARGORE,-131,1730229445,1730229314,03:17:25 PM,03:15:14 PM,-131
2106029,3323,CLARTRA1,-66,1730229576,1730229510,03:19:36 PM,03:18:30 PM,-66
2106029,3323,ARGYMAL1,-92,1730229720,1730229628,03:22:00 PM,03:20:28 PM,-92
2106044,3323,ARGYMAL1,90,1730230200,1730230290,03:30:00 PM,03:31:30 PM,90
2106044,3323,CLARTRA2,72,1730230324,1730230396,03:32:04 PM,03:33:16 PM,72
2106044,3323,CLARGOR2,50,1730230475,1730230524,03:34:35 PM,03:35:24 PM,49
2106044,3323,HAMWILD2,12,1730230634,1730230646,03:37:14 PM,03:37:26 PM,12
2106044,3323,HAMIORI1,0,1730230740,1730230740,03:39:00 PM,03:39:00 PM,0
2106044,3323,VENTINN1,-19,1730230918,1730230899,03:41:58 PM,03:41:39 PM,-19
2106044,3323,2860INNO,0,1730230980,1730230980,03:43:00 PM,03:43:00 PM,0
2106044,3323,CONCINN1,-33,1730231066,1730231033,03:44:26 PM,03:43:53 PM,-33
2106044,3323,2530INNO,-43,1730231101,1730231058,03:45:01 PM,03:44:18 PM,-43
2106044,3323,DROEBRA1,-57,1730231201,1730231144,03:46:41 PM,03:45:44 PM,-57
2106044,3323,DISCDRO1,-118,1730231280,1730231162,03:48:00 PM,03:46:02 PM,-118
2110147,3324,HAMISJU1,-163,1730229368,1730229205,03:16:08 PM,03:13:25 PM,-163
2110147,3324,HAMIPILA,-189,1730229427,1730229238,03:17:07 PM,03:13:58 PM,-189
2110147,3324,HAMIGIL1,-208,1730229495,1730229287,03:18:15 PM,03:14:47 PM,-208
2110147,3324,HAMIHIG1,0,1730229540,1730229540,03:19:00 PM,03:19:00 PM,0
2110147,3324,HALEHAM2,7,1730229566,1730229573,03:19:26 PM,03:19:33 PM,7
2110147,3324,HALEMAG2,-5,1730229622,1730229617,03:20:22 PM,03:20:17 PM,-5
2110147,3324,TWEEFAI2,-8,1730229646,1730229638,03:20:46 PM,03:20:38 PM,-8
2110147,3324,TWEEMAN2,-20,1730229684,1730229664,03:21:24 PM,03:21:04 PM,-20
2110147,3324,TWEEBER2,-25,1730229704,1730229679,03:21:44 PM,03:21:19 PM,-25
2110147,3324,MANITWE2,-33,1730229750,1730229717,03:22:30 PM,03:21:57 PM,-33
2110147,3324,MONTTWE2,-42,1730229791,1730229749,03:23:11 PM,03:22:29 PM,-42
2110147,3324,MONTELD2,-45,1730229832,1730229787,03:23:52 PM,03:23:07 PM,-45
2110147,3324,GOREVAL2,-51,1730229847,1730229796,03:24:07 PM,03:23:16 PM,-51
2110147,3324,GOREBRA2,-67,1730229893,1730229826,03:24:53 PM,03:23:46 PM,-67
2110147,3324,GOREFIR2,-69,1730229930,1730229861,03:25:30 PM,03:24:21 PM,-69
2110147,3324,CLARGORE,-85,1730230005,1730229920,03:26:45 PM,03:25:20 PM,-85
2110147,3324,CLARFIS1,-94,1730230026,1730229932,03:27:06 PM,03:25:32 PM,-94
2110147,3324,CLARCHA3,-120,1730230093,1730229973,03:28:13 PM,03:26:13 PM,-120
2110147,3324,CLARCHA1,0,1730230140,1730230140,03:29:00 PM,03:29:00 PM,0
2110147,3324,CLARTRA1,-14,1730230191,1730230177,03:29:51 PM,03:29:37 PM,-14
2110147,3324,CLARROY1,-50,1730230253,1730230203,03:30:53 PM,03:30:03 PM,-50
2110147,3324,CLARROY3,-62,1730230285,1730230223,03:31:25 PM,03:30:23 PM,-62
2110147,3324,CLARWAV1,-74,1730230310,1730230236,03:31:50 PM,03:30:36 PM,-74
2110147,3324,CLARCHU1,-94,1730230349,1730230255,03:32:29 PM,03:30:55 PM,-94
2110147,3324,ARGYMAL1,-170,1730230440,1730230270,03:34:00 PM,03:31:10 PM,-170
2110035,3324,ARGYMAL1,49,1730230560,1730230609,03:36:00 PM,03:36:49 PM,49
2110035,3324,CLARCHU2,12,1730230611,1730230623,03:36:51 PM,03:37:03 PM,12
2110035,3324,CLARWAV2,9,1730230646,1730230655,03:37:26 PM,03:37:35 PM,9
2110035,3324,CLARROY2,1,1730230665,1730230666,03:37:45 PM,03:37:46 PM,1
2110035,3324,CLARSUD2,-14,1730230707,1730230693,03:38:27 PM,03:38:13 PM,-14
2110035,3324,CLARTRA2,-5,1730230721,1730230716,03:38:41 PM,03:38:36 PM,-5
2110035,3324,CLARTRA4,-1,1730230752,1730230751,03:39:12 PM,03:39:11 PM,-1
2110035,3324,CLARCHA2,-19,1730230794,1730230775,03:39:54 PM,03:39:35 PM,-19
2110035,3324,CLARFIS2,-48,1730230860,1730230812,03:41:00 PM,03:40:12 PM,-48
2110035,3324,CLARGOR2,-58,1730230902,1730230844,03:41:42 PM,03:40:44 PM,-58
2110035,3324,CLARBAY1,-59,1730230937,1730230878,03:42:17 PM,03:41:18 PM,-59
2110035,3324,CLARPEN1,-68,1730230984,1730230916,03:43:04 PM,03:41:56 PM,-68
2110035,3324,HAMIGOR1,-66,1730231061,1730230995,03:44:21 PM,03:43:15 PM,-66
2110035,3324,HAMICRI1,-81,1730231102,1730231021,03:45:02 PM,03:43:41 PM,-81
2110035,3324,HAMIRIV2,0,1730231160,1730231160,03:46:00 PM,03:46:00 PM,0
2110035,3324,HAMIBRA2,-41,1730231217,1730231176,03:46:57 PM,03:46:16 PM,-41
2110035,3324,HAMIOAKL,-59,1730231250,1730231191,03:47:30 PM,03:46:31 PM,-59
2110035,3324,HAMIVALL,-77,1730231290,1730231213,03:48:10 PM,03:46:53 PM,-77
2110035,3324,HAMIWAT2,-121,1730231363,1730231242,03:49:23 PM,03:47:22 PM,-121
2110035,3324,HAMIYMCA,-143,1730231403,1730231260,03:50:03 PM,03:47:40 PM,-143
2110035,3324,HAMIFAI1,-174,1730231453,1730231279,03:50:53 PM,03:47:59 PM,-174
2110035,3324,HAMIHALE,-173,1730231484,1730231311,03:51:24 PM,03:48:31 PM,-173
2110035,3324,HAMIHIG2,0,1730231520,1730231520,03:52:00 PM,03:52:00 PM,0
2110035,3324,HAMIGIL2,-22,1730231542,1730231520,03:52:22 PM,03:52:00 PM,-22
2110035,3324,HAMIEAST,-22,1730231634,1730231612,03:53:54 PM,03:53:32 PM,-22
2110035,3324,HAMISJU2,-66,1730231713,1730231647,03:55:13 PM,03:54:07 PM,-66
2110035,3324,HAMIELM,-98,1730231775,1730231677,03:56:15 PM,03:54:37 PM,-98
2110035,3324,HAMIEGE2,-104,1730231866,1730231762,03:57:46 PM,03:56:02 PM,-104
2110035,3324,HAMISAC2,0,1730231940,1730231940,03:59:00 PM,03:59:00 PM,0
2110035,3324,HAMIREC2,-27,1730232003,1730231976,04:00:03 PM,03:59:36 PM,-27
2110035,3324,HAMILTGR,-32,1730232062,1730232030,04:01:02 PM,04:00:30 PM,-32
2110035,3324,HAMIADE2,30,1730232120,1730232150,04:02:00 PM,04:02:30 PM,30
2110035,3324,HAMIWIL2,3,1730232175,1730232178,04:02:55 PM,04:02:58 PM,3
2110035,3324,HORTHAMI,-29,1730232229,1730232200,04:03:49 PM,04:03:20 PM,-29
2110035,3324,HORTCOL1,-70,1730232293,1730232223,04:04:53 PM,04:03:43 PM,-70
2110035,3324,HORTWAT2,,,,,,
2110035,3324,WELLHOR1,,,,,,
2110035,3324,WELLYOR1,,,,,,
2110035,3324,WELLDUN3,,,,,,
2110035,3324,WELLDUN3,,,,,,
2110035,3324,QUEECLAR,-23,1730232663,1730232640,04:11:03 PM,04:10:40 PM,-23
2110035,3324,RICHQUE2,-23,1730232780,1730232757,04:13:00 PM,04:12:37 PM,-23
2096734,3325,ERNEBRA1,278,1730228923,1730229201,03:08:43 PM,03:13:21 PM,278
2096734,3325,ERNEMUR3,288,1730228953,1730229241,03:09:13 PM,03:14:01 PM,288
2096734,3325,ERNEMUR1,283,1730228983,1730229266,03:09:43 PM,03:14:26 PM,283
2096734,3325,ERNEJAL1,262,1730229042,1730229304,03:10:42 PM,03:15:04 PM,262
2096734,3325,NIXOWIMB,289,1730229071,1730229360,03:11:11 PM,03:16:00 PM,289
2096734,3325,NIXOEDEN,271,1730229126,1730229397,03:12:06 PM,03:16:37 PM,271
2096734,3325,EDENEAS1,260,1730229167,1730229427,03:12:47 PM,03:17:07 PM,260
2096734,3325,EDENVERU,255,1730229207,1730229462,03:13:27 PM,03:17:42 PM,255
2096734,3325,SANDVER2,255,1730229240,1730229495,03:14:00 PM,03:18:15 PM,255
2096734,3325,SANDWIL4,245,1730229277,1730229522,03:14:37 PM,03:18:42 PM,245
2096734,3325,WILKCHI1,235,1730229316,1730229551,03:15:16 PM,03:19:11 PM,235
2096734,3325,CHIDWILK,242,1730229347,1730229589,03:15:47 PM,03:19:49 PM,242
2096734,3325,CHIDHUN2,238,1730229385,1730229623,03:16:25 PM,03:20:23 PM,238
2096734,3325,CHIDUPQ2,222,1730229440,1730229662,03:17:20 PM,03:21:02 PM,222
2096734,3325,UPPECOM1,241,1730229523,1730229764,03:18:43 PM,03:22:44 PM,241
2096734,3325,RIDOBAS1,223,1730229578,1730229801,03:19:38 PM,03:23:21 PM,223
2096734,3325,RIDOHICK,210,1730229609,1730229819,03:20:09 PM,03:23:39 PM,210
2096734,3325,RIDOEME1,211,1730229660,1730229871,03:21:00 PM,03:24:31 PM,211
2096734,3325,RIDOBAKE,178,1730229717,1730229895,03:21:57 PM,03:24:55 PM,178
2096734,3325,RIDOTEC1,159,1730229759,1730229918,03:22:39 PM,03:25:18 PM,159
2096734,3325,RIDOGRAN,141,1730229802,1730229943,03:23:22 PM,03:25:43 PM,141
2096734,3325,RIDOCRA1,117,1730229862,1730229979,03:24:22 PM,03:26:19 PM,117
2096734,3325,RIDOING1,95,1730229896,1730229991,03:24:56 PM,03:26:31 PM,95
2096734,3325,HORTRID1,77,1730229947,1730230024,03:25:47 PM,03:27:04 PM,77
2096734,3325,RICHHOT1,59,1730230013,1730230072,03:26:53 PM,03:27:52 PM,59
2096734,3325,RICHKIN1,67,1730230080,1730230147,03:28:00 PM,03:29:07 PM,67
2096734,3325,RICHQUEE,-72,1730230260,1730230188,03:31:00 PM,03:29:48 PM,-72
2096734,3325,RICHQUEE,144,1730230260,1730230404,03:31:00 PM,03:33:24 PM,144
2096734,3325,RICHKEN1,83,1730230363,1730230446,03:32:43 PM,03:34:06 PM,83
2096734,3325,RICHHYM1,38,1730230456,1730230494,03:34:16 PM,03:34:54 PM,38
2096734,3325,RICHPALL,13,1730230510,1730230523,03:35:10 PM,03:35:23 PM,13
2096734,3325,OXFORIC1,0,1730230620,1730230620,03:37:00 PM,03:37:00 PM,0
2096734,3325,OXFOWEL1,-19,1730230651,1730230632,03:37:31 PM,03:37:12 PM,-19
2096734,3325,OXFOWAT1,-41,1730230706,1730230665,03:38:26 PM,03:37:45 PM,-41
2096734,3325,OXFOCOL1,-64,1730230759,1730230695,03:39:19 PM,03:38:15 PM,-64
2096734,3325,OXFOMAI1,-95,1730230826,1730230731,03:40:26 PM,03:38:51 PM,-95
2096734,3325,OXFOWIL1,-113,1730230871,1730230758,03:41:11 PM,03:39:18 PM,-113
2096734,3325,OXFOADE1,0,1730230920,1730230920,03:42:00 PM,03:42:00 PM,0
2096734,3325,OXFOELI1,-12,1730230959,1730230947,03:42:39 PM,03:42:27 PM,-12
2096734,3325,OXFOELL1,-25,1730230994,1730230969,03:43:14 PM,03:42:49 PM,-25
2096734,3325,OXFOGAM1,-30,1730231038,1730231008,03:43:58 PM,03:43:28 PM,-30
2096734,3325,OXFOSTE1,-36,1730231071,1730231035,03:44:31 PM,03:43:55 PM,-36
2096734,3325,OXFOQUE1,-31,1730231090,1730231059,03:44:50 PM,03:44:19 PM,-31
2096734,3325,OXFOSTRA,-36,1730231122,1730231086,03:45:22 PM,03:44:46 PM,-36
2096734,3325,OXFOSPIT,-39,1730231160,1730231121,03:46:00 PM,03:45:21 PM,-39
2096734,3325,OXFOCLE1,-46,1730231195,1730231149,03:46:35 PM,03:45:49 PM,-46
2096734,3325,OXFOEMPI,3,1730231232,1730231235,03:47:12 PM,03:47:15 PM,3
2096734,3325,OXFOMORN,,,,,,
2096734,3325,OXFOHIG1,,,,,,
2096734,3325,OXFOHIG3,,,,,,
2096734,3325,FANCOLL2,126,1730231400,1730231526,03:50:00 PM,03:52:06 PM,126
2096673,3325,FANCOLL2,6,1730231640,1730231646,03:54:00 PM,03:54:06 PM,6
2096673,3325,OXFOROE2,-30,1730231690,1730231660,03:54:50 PM,03:54:20 PM,-30
2096673,3325,OXFOHIG4,,,,,,
2096673,3325,OXFOHIG2,,,,,,
2096673,3325,OXFOWIST,,,,,,
2096673,3325,OXFOOAKS,143,1730231828,1730231971,03:57:08 PM,03:59:31 PM,143
2096673,3325,OXFOCLE2,147,1730231878,1730232025,03:57:58 PM,04:00:25 PM,147
2096673,3325,OXFOLYMA,126,1730231927,1730232053,03:58:47 PM,04:00:53 PM,126
2096673,3325,OXFOSTUA,111,1730231961,1730232072,03:59:21 PM,04:01:12 PM,111
2096673,3325,OXFOQUE2,95,1730232007,1730232102,04:00:07 PM,04:01:42 PM,95
2096673,3325,OXFOSTE2,90,1730232041,1730232131,04:00:41 PM,04:02:11 PM,90
2096673,3325,OXFOGAM2,87,1730232067,1730232154,04:01:07 PM,04:02:34 PM,87
2096673,3325,OXFOELL2,65,1730232129,1730232194,04:02:09 PM,04:03:14 PM,65
2096673,3325,OXFOELI2,39,1730232175,1730232214,04:02:55 PM,04:03:34 PM,39
2096673,3325,OXFOADE2,88,1730232240,1730232328,04:04:00 PM,04:05:28 PM,88
2096673,3325,OXFOWIL2,65,1730232294,1730232359,04:04:54 PM,04:05:59 PM,65
2096673,3325,OXFOMAI2,22,1730232355,1730232377,04:05:55 PM,04:06:17 PM,22
2096673,3325,OXFOCOL2,-6,1730232405,1730232399,04:06:45 PM,04:06:39 PM,-6
2096673,3325,OXFOWAT2,-37,1730232461,1730232424,04:07:41 PM,04:07:04 PM,-37
2096673,3325,OXFOWEL2,-71,1730232527,1730232456,04:08:47 PM,04:07:36 PM,-71
2096673,3325,RICHOXF2,0,1730232600,1730232600,04:10:00 PM,04:10:00 PM,0
2096673,3325,RICHMILL,-36,1730232673,1730232637,04:11:13 PM,04:10:37 PM,-36
2096673,3325,RICHCENT,-82,1730232777,1730232695,04:12:57 PM,04:11:35 PM,-82
2096673,3325,RICHKEN2,-125,1730232848,1730232723,04:14:08 PM,04:12:03 PM,-125
2096673,3325,RICHDUF2,-145,1730232890,1730232745,04:14:50 PM,04:12:25 PM,-145
2096673,3325,RICHQUE1,0,1730232960,1730232960,04:16:00 PM,04:16:00 PM,0
2096673,3325,RICHKIN4,0,1730233020,1730233020,04:17:00 PM,04:17:00 PM,0
2096673,3325,RICHKIN4,0,1730233020,1730233020,04:17:00 PM,04:17:00 PM,0
2096673,3325,HORTRIC2,0,1730233154,1730233154,04:19:14 PM,04:19:14 PM,0
2096673,3325,RIDOHORT,0,1730233260,1730233260,04:21:00 PM,04:21:00 PM,0
2096673,3325,RIDOCRA2,0,1730233319,1730233319,04:21:59 PM,04:21:59 PM,0
2096673,3325,RIDOELMW,0,1730233352,1730233352,04:22:32 PM,04:22:32 PM,0
2096673,3325,RIDOTEC2,0,1730233410,1730233410,04:23:30 PM,04:23:30 PM,0
2096673,3325,RIDOWINS,0,1730233458,1730233458,04:24:18 PM,04:24:18 PM,0
2096673,3325,RIDOEME2,0,1730233494,1730233494,04:24:54 PM,04:24:54 PM,0
2096673,3325,RIDOROSE,0,1730233539,1730233539,04:25:39 PM,04:25:39 PM,0
2096673,3325,RIDOBAS2,0,1730233571,1730233571,04:26:11 PM,04:26:11 PM,0
2096673,3325,RIDOMOU2,0,1730233604,1730233604,04:26:44 PM,04:26:44 PM,0
2096673,3325,UPPECOM2,0,1730233650,1730233650,04:27:30 PM,04:27:30 PM,0
2096673,3325,UPPECHI4,0,1730233715,1730233715,04:28:35 PM,04:28:35 PM,0
2096673,3325,CHIDHUN1,0,1730233769,1730233769,04:29:29 PM,04:29:29 PM,0
2096673,3325,CHIDCHID,0,1730233828,1730233828,04:30:28 PM,04:30:28 PM,0
2096673,3325,WILKCHI2,0,1730233860,1730233860,04:31:00 PM,04:31:00 PM,0
2096673,3325,SANDWIL2,0,1730233905,1730233905,04:31:45 PM,04:31:45 PM,0
2096673,3325,SANDVER1,0,1730233942,1730233942,04:32:22 PM,04:32:22 PM,0
2096673,3325,VERUEDEN,0,1730233962,1730233962,04:32:42 PM,04:32:42 PM,0
2096673,3325,EDENEAS2,0,1730234006,1730234006,04:33:26 PM,04:33:26 PM,0
2096673,3325,EDENNIX,0,1730234043,1730234043,04:34:03 PM,04:34:03 PM,0
2096673,3325,NIXOCRE2,0,1730234081,1730234081,04:34:41 PM,04:34:41 PM,0
2096673,3325,NIXOSDAL,0,1730234108,1730234108,04:35:08 PM,04:35:08 PM,0
2096673,3325,ERNEJAL2,0,1730234152,1730234152,04:35:52 PM,04:35:52 PM,0
2096673,3325,ERNEELVI,0,1730234180,1730234180,04:36:20 PM,04:36:20 PM,0
2096673,3325,ERNEPAUL,0,1730234221,1730234221,04:37:01 PM,04:37:01 PM,0
2096673,3325,ERNEBRA2,0,1730234270,1730234270,04:37:50 PM,04:37:50 PM,0
2096673,3325,ERNECON2,0,1730234297,1730234297,04:38:17 PM,04:38:17 PM,0
2096673,3325,ERNEFEN2,0,1730234346,1730234346,04:39:06 PM,04:39:06 PM,0
2096673,3325,ERNEFINC,0,1730234376,1730234376,04:39:36 PM,04:39:36 PM,0
2096673,3325,ERNESCO1,0,1730234404,1730234404,04:40:04 PM,04:40:04 PM,0
2096673,3325,JALNERN5,0,1730234444,1730234444,04:40:44 PM,04:40:44 PM,0
2096673,3325,MEGEXE2,0,1730234484,1730234484,04:41:24 PM,04:41:24 PM,0
2096673,3325,EXETMEG,0,1730234540,1730234540,04:42:20 PM,04:42:20 PM,0
2096673,3325,SHOLEXE1,0,1730234590,1730234590,04:43:10 PM,04:43:10 PM,0
2096673,3325,SHOLJAL1,0,1730234611,1730234611,04:43:31 PM,04:43:31 PM,0
2096673,3325,JALNPIER,0,1730234643,1730234643,04:44:03 PM,04:44:03 PM,0
2096673,3325,WHOKMANB,0,1730234760,1730234760,04:46:00 PM,04:46:00 PM,0
2105708,3326,MARCTRA2,270,1730228714,1730228984,03:05:14 PM,03:09:44 PM,270
2105708,3326,ADMITRA2,258,1730228767,1730229025,03:06:07 PM,03:10:25 PM,258
2105708,3326,WEXFADM2,246,1730228815,1730229061,03:06:55 PM,03:11:01 PM,246
2105708,3326,WEXFROY1,237,1730228849,1730229086,03:07:29 PM,03:11:26 PM,237
2105708,3326,ROYACAS2,224,1730228905,1730229129,03:08:25 PM,03:12:09 PM,224
2105708,3326,CLARWAV1,247,1730228989,1730229236,03:09:49 PM,03:13:56 PM,247
2105708,3326,CLARCHU1,229,1730229029,1730229258,03:10:29 PM,03:14:18 PM,229
2105708,3326,ARGYMAL1,153,1730229120,1730229273,03:12:00 PM,03:14:33 PM,153
2105681,3326,ARGYMAL1,128,1730229420,1730229548,03:17:00 PM,03:19:08 PM,128
2105681,3326,CLARCHU2,92,1730229477,1730229568,03:17:57 PM,03:19:28 PM,91
2105681,3326,WAVECLA1,108,1730229523,1730229630,03:18:43 PM,03:20:30 PM,107
2105681,3326,WAVECAS1,112,1730229537,1730229650,03:18:57 PM,03:20:50 PM,113
2105681,3326,ROYACAS1,120,1730229564,1730229684,03:19:24 PM,03:21:24 PM,120
2105681,3326,WEXFROY2,120,1730229609,1730229728,03:20:09 PM,03:22:08 PM,119
2105681,3326,WEXFADMI,116,1730229638,1730229754,03:20:38 PM,03:22:34 PM,116
2105681,3326,ADMIKIP1,104,1730229720,1730229824,03:22:00 PM,03:23:44 PM,104
2105681,3326,ADMICAR1,62,1730229804,1730229866,03:23:24 PM,03:24:26 PM,62
2105681,3326,ADMIVAU1,46,1730229836,1730229882,03:23:56 PM,03:24:42 PM,46
2105681,3326,ADMIBON1,44,1730229877,1730229920,03:24:37 PM,03:25:20 PM,43
2105681,3326,BONANAPO,18,1730229950,1730229968,03:25:50 PM,03:26:08 PM,18
2105681,3326,BONATRA2,-36,1730230020,1730229984,03:27:00 PM,03:26:24 PM,-36
2110335,3327,PONDDEV2,-75,1730229012,1730228937,03:10:12 PM,03:08:57 PM,-75
2110335,3327,PONDBAN2,-92,1730229060,1730228968,03:11:00 PM,03:09:28 PM,-92
2110335,3327,PONDDEV4,-113,1730229098,1730228985,03:11:38 PM,03:09:45 PM,-113
2110335,3327,PONDMIR4,-138,1730229142,1730229004,03:12:22 PM,03:10:04 PM,-138
2110335,3327,PONDMIR2,-157,1730229182,1730229025,03:13:02 PM,03:10:25 PM,-157
2110335,3327,PONDMILL,-168,1730229203,1730229035,03:13:23 PM,03:10:35 PM,-168
2110335,3327,SOUTPOM2,-199,1730229274,1730229075,03:14:34 PM,03:11:15 PM,-199
2110335,3327,SOUTKOR2,-205,1730229319,1730229114,03:15:19 PM,03:11:54 PM,-205
2110335,3327,SOUTMIL2,0,1730229360,1730229360,03:16:00 PM,03:16:00 PM,0
2110335,3327,SOUTMIL4,-58,1730229435,1730229377,03:17:15 PM,03:16:17 PM,-58
2110335,3327,SOUTMIL6,-82,1730229479,1730229397,03:17:59 PM,03:16:37 PM,-82
2110335,3327,ADELSDAL,-78,1730229523,1730229445,03:18:43 PM,03:17:25 PM,-78
2110335,3327,ADELOSG2,-87,1730229564,1730229477,03:19:24 PM,03:17:57 PM,-87
2110335,3327,ADELOSG6,-118,1730229630,1730229512,03:20:30 PM,03:18:32 PM,-118
2110335,3327,ADELOSG4,-135,1730229667,1730229532,03:21:07 PM,03:18:52 PM,-135
2110335,3327,BRADADE2,-143,1730229705,1730229562,03:21:45 PM,03:19:22 PM,-143
2110335,3327,BRADADE4,-166,1730229759,1730229593,03:22:39 PM,03:19:53 PM,-166
2110335,3327,BRADAGN2,-192,1730229802,1730229610,03:23:22 PM,03:20:10 PM,-192
2110335,3327,BRADWIL4,-209,1730229836,1730229627,03:23:56 PM,03:20:27 PM,-209
2110335,3327,BRADDEAR,-123,1730229874,1730229751,03:24:34 PM,03:22:31 PM,-123
2110335,3327,WELLBRA2,-30,1730229911,1730229881,03:25:11 PM,03:24:41 PM,-30
2110335,3327,WHITOMA3,-78,1730229960,1730229882,03:26:00 PM,03:24:42 PM,-78
2110335,3327,WHITOMA3,43,1730230020,1730230063,03:27:00 PM,03:27:43 PM,43
2110335,3327,WELLBRA1,,,,,,
2110335,3327,WELLMON1,,,,,,
2110335,3327,WELLSDA5,,,,,,
2110335,3327,SOUTMONT,,,,,,
2110335,3327,SOUTVER2,-262,1730230398,1730230136,03:33:18 PM,03:28:56 PM,-262
2110335,3327,SOUTEAS2,-275,1730230432,1730230157,03:33:52 PM,03:29:17 PM,-275
2110335,3327,SOUTNIX2,-288,1730230511,1730230223,03:35:11 PM,03:30:23 PM,-288
2110335,3327,SOUTDUL2,-303,1730230558,1730230255,03:35:58 PM,03:30:55 PM,-303
2110335,3327,SOUTDUN2,0,1730230620,1730230620,03:37:00 PM,03:37:00 PM,0
2110335,3327,SOUTHOME,-23,1730230727,1730230704,03:38:47 PM,03:38:24 PM,-23
2110335,3327,SOUTWHA4,-56,1730230784,1730230728,03:39:44 PM,03:38:48 PM,-56
2110335,3327,SOUTWHA2,-69,1730230834,1730230765,03:40:34 PM,03:39:25 PM,-69
2110335,3327,SOUTNOD2,-114,1730230908,1730230794,03:41:48 PM,03:39:54 PM,-114
2110335,3327,SOUTNOD4,-132,1730230948,1730230816,03:42:28 PM,03:40:16 PM,-132
2110335,3327,SOUTAND2,-164,1730231035,1730230871,03:43:55 PM,03:41:11 PM,-164
2110335,3327,SOUTWON2,-198,1730231119,1730230921,03:45:19 PM,03:42:01 PM,-198
2110335,3327,WONDSDA1,-189,1730231167,1730230978,03:46:07 PM,03:42:58 PM,-189
2110335,3327,WONDPVA1,-219,1730231231,1730231012,03:47:11 PM,03:43:32 PM,-219
2110335,3327,WONDMMA3,-227,1730231259,1730231032,03:47:39 PM,03:43:52 PM,-227
2110335,3327,WONDMMA1,-237,1730231301,1730231064,03:48:21 PM,03:44:24 PM,-237
2110335,3327,WESTMAL6,0,1730231460,1730231460,03:51:00 PM,03:51:00 PM,0
2110335,3327,WONDVIS3,-20,1730231527,1730231507,03:52:07 PM,03:51:47 PM,-20
2110335,3327,WONDVIL1,-28,1730231566,1730231538,03:52:46 PM,03:52:18 PM,-28
2110335,3327,WONDCOM1,-8,1730231626,1730231618,03:53:46 PM,03:53:38 PM,-8
2110335,3327,WONDCOM3,-9,1730231678,1730231669,03:54:38 PM,03:54:29 PM,-9
2110335,3327,WONDTEE1,-53,1730231758,1730231705,03:55:58 PM,03:55:05 PM,-53
2110335,3327,WONDSPR1,0,1730231880,1730231880,03:58:00 PM,03:58:00 PM,0
2110335,3327,WONDRIV1,-121,1730232105,1730231984,04:01:45 PM,03:59:44 PM,-121
2110335,3327,WONDKIW1,-133,1730232142,1730232009,04:02:22 PM,04:00:09 PM,-133
2110335,3327,WONDOXF3,-150,1730232208,1730232058,04:03:28 PM,04:00:58 PM,-150
2110335,3327,WONDOXF1,0,1730232240,1730232240,04:04:00 PM,04:04:00 PM,0
2110335,3327,WONDFAR1,-8,1730232294,1730232286,04:04:54 PM,04:04:46 PM,-8
2110335,3327,WONDFAR3,-1,1730232342,1730232341,04:05:42 PM,04:05:41 PM,-1
2110335,3327,WONDBEA1,-12,1730232415,1730232403,04:06:55 PM,04:06:43 PM,-12
2110335,3327,SARNCAS1,-39,1730232600,1730232561,04:10:00 PM,04:09:21 PM,-39
2110335,3327,SARNCAS1,21,1730232600,1730232621,04:10:00 PM,04:10:21 PM,21
2110335,3327,SARNRIPP,4,1730232663,1730232667,04:11:03 PM,04:11:07 PM,4
2110335,3327,SARNCAS3,-22,1730232735,1730232713,04:12:15 PM,04:11:53 PM,-22
2110335,3327,SARNCOOM,-33,1730232798,1730232765,04:13:18 PM,04:12:45 PM,-33
2110335,3327,SARNWES1,0,1730232840,1730232840,04:14:00 PM,04:14:00 PM,0
2110335,3327,WESTPHA3,0,1730232933,1730232933,04:15:33 PM,04:15:33 PM,0
2110335,3327,ALUMHAL1,0,1730233127,1730233127,04:18:47 PM,04:18:47 PM,0
2110335,3327,DELAHALL,0,1730233380,1730233380,04:23:00 PM,04:23:00 PM,0
2110335,3327,UNIVHOS1,0,1730233535,1730233535,04:25:35 PM,04:25:35 PM,0
2110335,3327,PERTWIN1,0,1730233571,1730233571,04:26:11 PM,04:26:11 PM,0
2110335,3327,RICHWIN1,0,1730233663,1730233663,04:27:43 PM,04:27:43 PM,0
2110335,3327,RICHWEC1,0,1730233715,1730233715,04:28:35 PM,04:28:35 PM,0
2110335,3327,RICHCANT,0,1730233763,1730233763,04:29:23 PM,04:29:23 PM,0
2110335,3327,RICHSUNN,0,1730233846,1730233846,04:30:46 PM,04:30:46 PM,0
2110335,3327,MASOSTO4,0,1730233980,1730233980,04:33:00 PM,04:33:00 PM,0
2110394,3327,MASOSTO4,0,1730234100,1730234100,04:35:00 PM,04:35:00 PM,0
2110394,3327,RICHJACK,0,1730234175,1730234175,04:36:15 PM,04:36:15 PM,0
2110394,3327,RICHSHAV,0,1730234220,1730234220,04:37:00 PM,04:37:00 PM,0
2110394,3327,RICHWES2,0,1730234271,1730234271,04:37:51 PM,04:37:51 PM,0
2110394,3327,RICHWES4,0,1730234297,1730234297,04:38:17 PM,04:38:17 PM,0
2110394,3327,RICHWYND,0,1730234336,1730234336,04:38:56 PM,04:38:56 PM,0
2110394,3327,WINDRIC2,0,1730234418,1730234418,04:40:18 PM,04:40:18 PM,0
2110394,3327,PERTWIN2,0,1730234468,1730234468,04:41:08 PM,04:41:08 PM,0
2110394,3327,UNIVHOS2,0,1730234526,1730234526,04:42:06 PM,04:42:06 PM,0
2110394,3327,MIDDPERT,0,1730234680,1730234680,04:44:40 PM,04:44:40 PM,0
2110394,3327,NATSCI,0,1730234760,1730234760,04:46:00 PM,04:46:00 PM,0
2110394,3327,NATSCI,0,1730234760,1730234760,04:46:00 PM,04:46:00 PM,0
2110394,3327,WESTELG2,0,1730235154,1730235154,04:52:34 PM,04:52:34 PM,0
2110394,3327,WESTLAM2,0,1730235360,1730235360,04:56:00 PM,04:56:00 PM,0
2110394,3327,SARNWES2,0,1730235492,1730235492,04:58:12 PM,04:58:12 PM,0
2110394,3327,SARNBRES,0,1730235620,1730235620,05:00:20 PM,05:00:20 PM,0
2110394,3327,SARNSLEI,0,1730235747,1730235747,05:02:27 PM,05:02:27 PM,0
2110394,3327,SARNLEYT,0,1730235894,1730235894,05:04:54 PM,05:04:54 PM,0
2110394,3327,WONDSAR2,0,1730236080,1730236080,05:08:00 PM,05:08:00 PM,0
2110394,3327,WONDBEA2,0,1730236227,1730236227,05:10:27 PM,05:10:27 PM,0
2110394,3327,WONDFAR4,0,1730236296,1730236296,05:11:36 PM,05:11:36 PM,0
2110394,3327,WONDFAR2,0,1730236331,1730236331,05:12:11 PM,05:12:11 PM,0
2110394,3327,WONDOXF2,0,1730236380,1730236380,05:13:00 PM,05:13:00 PM,0
2110394,3327,WONDOXF4,0,1730236427,1730236427,05:13:47 PM,05:13:47 PM,0
2110394,3327,WONDKIW2,0,1730236482,1730236482,05:14:42 PM,05:14:42 PM,0
2110394,3327,WONDRIV2,0,1730236543,1730236543,05:15:43 PM,05:15:43 PM,0
2110394,3327,WONDSPRI,0,1730236795,1730236795,05:19:55 PM,05:19:55 PM,0
2110394,3327,WONDROSE,0,1730236863,1730236863,05:21:03 PM,05:21:03 PM,0
2110394,3327,WONDCOM2,0,1730236982,1730236982,05:23:02 PM,05:23:02 PM,0
2110394,3327,WONDVIL2,0,1730237025,1730237025,05:23:45 PM,05:23:45 PM,0
2110394,3327,WONDVIS4,0,1730237095,1730237095,05:24:55 PM,05:24:55 PM,0
2110394,3327,WESTMAL4,0,1730237160,1730237160,05:26:00 PM,05:26:00 PM,0
2110394,3327,VISCWON1,0,1730237227,1730237227,05:27:07 PM,05:27:07 PM,0
2110394,3327,VISCWON5,0,1730237265,1730237265,05:27:45 PM,05:27:45 PM,0
2110394,3327,WONDMMA4,0,1730237359,1730237359,05:29:19 PM,05:29:19 PM,0
2110394,3327,WONDMMA2,0,1730237416,1730237416,05:30:16 PM,05:30:16 PM,0
2110394,3327,WONDPVA2,0,1730237478,1730237478,05:31:18 PM,05:31:18 PM,0
2110394,3327,WONDPVA4,0,1730237523,1730237523,05:32:03 PM,05:32:03 PM,0
2110394,3327,SOUTWON1,0,1730237601,1730237601,05:33:21 PM,05:33:21 PM,0
2110394,3327,SOUTSING,0,1730237685,1730237685,05:34:45 PM,05:34:45 PM,0
2110394,3327,SOUTAND1,0,1730237760,1730237760,05:36:00 PM,05:36:00 PM,0
2110394,3327,SOUTSPRI,0,1730237801,1730237801,05:36:41 PM,05:36:41 PM,0
2110394,3327,SOUTNOD1,0,1730237845,1730237845,05:37:25 PM,05:37:25 PM,0
2110394,3327,SOUTNOD3,0,1730237876,1730237876,05:37:56 PM,05:37:56 PM,0
2110394,3327,SOUTWHA1,0,1730237949,1730237949,05:39:09 PM,05:39:09 PM,0
2110394,3327,SOUTWHA3,0,1730237977,1730237977,05:39:37 PM,05:39:37 PM,0
2110394,3327,SOUTWHOK,0,1730238044,1730238044,05:40:44 PM,05:40:44 PM,0
2110394,3327,SOUTJAL1,0,1730238155,1730238155,05:42:35 PM,05:42:35 PM,0
2110394,3327,SOUTDUL1,0,1730238188,1730238188,05:43:08 PM,05:43:08 PM,0
2110394,3327,SOUTNIX1,0,1730238229,1730238229,05:43:49 PM,05:43:49 PM,0
2110394,3327,SOUTVER1,0,1730238330,1730238330,05:45:30 PM,05:45:30 PM,0
2110394,3327,WELLHARL,,,,,,
2110394,3327,WELLMON4,,,,,,
2110394,3327,WELLMON2,,,,,,
2110394,3327,WELLBRA2,0,1730238552,1730238552,05:49:12 PM,05:49:12 PM,0
2110394,3327,WHITOMA3,0,1730238600,1730238600,05:50:00 PM,05:50:00 PM,0
2110394,3327,WHITOMA3,0,1730238900,1730238900,05:55:00 PM,05:55:00 PM,0
2110394,3327,BRADWEL3,0,1730239041,1730239041,05:57:21 PM,05:57:21 PM,0
2110394,3327,BRADWIL1,0,1730239088,1730239088,05:58:08 PM,05:58:08 PM,0
2110394,3327,BRADAGN1,0,1730239114,1730239114,05:58:34 PM,05:58:34 PM,0
2110394,3327,BRADADE1,0,1730239164,1730239164,05:59:24 PM,05:59:24 PM,0
2110394,3327,BRADADE3,0,1730239217,1730239217,06:00:17 PM,06:00:17 PM,0
2110394,3327,ADELOSG5,0,1730239257,1730239257,06:00:57 PM,06:00:57 PM,0
2110394,3327,ADELOSG7,0,1730239299,1730239299,06:01:39 PM,06:01:39 PM,0
2110394,3327,ADELOSG3,0,1730239374,1730239374,06:02:54 PM,06:02:54 PM,0
2110394,3327,SOUTADE1,0,1730239426,1730239426,06:03:46 PM,06:03:46 PM,0
2110394,3327,SOUTMIL5,0,1730239454,1730239454,06:04:14 PM,06:04:14 PM,0
2110394,3327,SOUTMIL3,0,1730239493,1730239493,06:04:53 PM,06:04:53 PM,0
2110394,3327,SOUTMIL1,0,1730239560,1730239560,06:06:00 PM,06:06:00 PM,0
2110394,3327,SOUTKOR1,0,1730239615,1730239615,06:06:55 PM,06:06:55 PM,0
2110394,3327,SOUTPOM1,0,1730239652,1730239652,06:07:32 PM,06:07:32 PM,0
2110394,3327,PONDPONV,0,1730239734,1730239734,06:08:54 PM,06:08:54 PM,0
2110394,3327,PONDMIR3,0,1730239772,1730239772,06:09:32 PM,06:09:32 PM,0
2110394,3327,PONDMIR1,0,1730239800,1730239800,06:10:00 PM,06:10:00 PM,0
2110394,3327,PONDDEV1,0,1730239850,1730239850,06:10:50 PM,06:10:50 PM,0
2110394,3327,PONDBAN1,0,1730239874,1730239874,06:11:14 PM,06:11:14 PM,0
2110394,3327,PONDOLDH,0,1730239940,1730239940,06:12:20 PM,06:12:20 PM,0
2110394,3327,COMMPOM3,0,1730239995,1730239995,06:13:15 PM,06:13:15 PM,0
2110394,3327,COMMDEV1,0,1730240040,1730240040,06:14:00 PM,06:14:00 PM,0
2110394,3327,COMMHIG1,0,1730240101,1730240101,06:15:01 PM,06:15:01 PM,0
2110394,3327,HIGBHAM1,0,1730240376,1730240376,06:19:36 PM,06:19:36 PM,0
2110394,3327,HIGBMAGE,0,1730240403,1730240403,06:20:03 PM,06:20:03 PM,0
2110394,3327,HIGBTRA1,0,1730240460,1730240460,06:21:00 PM,06:21:00 PM,0
2097561,3329,UNIVHOS2,38,1730229780,1730229818,03:23:00 PM,03:23:38 PM,38
2097561,3329,DELAHAL2,14,1730229921,1730229935,03:25:21 PM,03:25:35 PM,14
2097561,3329,UNIVSUN1,1,1730230006,1730230007,03:26:46 PM,03:26:47 PM,1
2097561,3329,UNIVRIC1,0,1730230080,1730230080,03:28:00 PM,03:28:00 PM,0
2097561,3329,RICHHUR2,-29,1730230149,1730230120,03:29:09 PM,03:28:40 PM,-29
2097561,3329,RICHVIC2,-53,1730230212,1730230159,03:30:12 PM,03:29:19 PM,-53
2097561,3329,RICHCHE2,-68,1730230250,1730230182,03:30:50 PM,03:29:42 PM,-68
2097561,3329,RICHGRO2,-49,1730230296,1730230247,03:31:36 PM,03:30:47 PM,-49
2097561,3329,RICHJAM2,-51,1730230326,1730230275,03:32:06 PM,03:31:15 PM,-51
2097561,3329,RICHOXF2,0,1730230380,1730230380,03:33:00 PM,03:33:00 PM,0
2097561,3329,RICHMILL,-6,1730230437,1730230431,03:33:57 PM,03:33:51 PM,-6
2097561,3329,RICHCENT,-27,1730230518,1730230491,03:35:18 PM,03:34:51 PM,-27
2097561,3329,RICHKEN2,-55,1730230573,1730230518,03:36:13 PM,03:35:18 PM,-55
2097561,3329,RICHDUF2,-68,1730230606,1730230538,03:36:46 PM,03:35:38 PM,-68
2097561,3329,RICHQUE2,0,1730230680,1730230680,03:38:00 PM,03:38:00 PM,0
2097561,3329,RICHKIN4,-119,1730230800,1730230681,03:40:00 PM,03:38:01 PM,-119
2097561,3329,RICHKIN4,124,1730230800,1730230924,03:40:00 PM,03:42:04 PM,124
2097561,3329,RICHHOT2,96,1730230863,1730230958,03:41:03 PM,03:42:38 PM,95
2097561,3329,RICHGREY,76,1730230912,1730230988,03:41:52 PM,03:43:08 PM,76
2097561,3329,CARFCAR2,52,1730230961,1730231012,03:42:41 PM,03:43:32 PM,51
2097561,3329,CARFWOOD,56,1730231000,1730231056,03:43:20 PM,03:44:16 PM,56
2097561,3329,GRANHIG1,46,1730231061,1730231108,03:44:21 PM,03:45:08 PM,47
2097561,3329,HIGHGRA2,50,1730231100,1730231150,03:45:00 PM,03:45:50 PM,50
2097561,3329,HIGHWIN2,22,1730231154,1730231176,03:45:54 PM,03:46:16 PM,22
2097561,3329,HIGHEME2,0,1730231210,1730231210,03:46:50 PM,03:46:50 PM,0
2097561,3329,HIGHCHE2,-16,1730231248,1730231232,03:47:28 PM,03:47:12 PM,-16
2097561,3329,BASEHIG1,-34,1730231302,1730231268,03:48:22 PM,03:47:48 PM,-34
2097561,3329,BASEWEL3,-30,1730231356,1730231326,03:49:16 PM,03:48:46 PM,-30
2097561,3329,BASEFAI3,-8,1730231423,1730231416,03:50:23 PM,03:50:16 PM,-7
2097561,3329,VICTZONB,-44,1730231460,1730231416,03:51:00 PM,03:50:16 PM,-44
2097561,3329,VICTZONB,58,1730231460,1730231518,03:51:00 PM,03:51:58 PM,58
2097561,3329,VICTLOT9,20,1730231531,1730231551,03:52:11 PM,03:52:31 PM,20
2097561,3329,VICZONC,26,1730231578,1730231604,03:52:58 PM,03:53:24 PM,26
2097561,3329,VICTWES1,20,1730231648,1730231668,03:54:08 PM,03:54:28 PM,20
2097561,3329,PARKWEC2,-4,1730231719,1730231715,03:55:19 PM,03:55:15 PM,-4
2097561,3329,PARKMEHE,-46,1730231855,1730231809,03:57:35 PM,03:56:49 PM,-46
2097561,3329,PARKMAEN,-111,1730231940,1730231829,03:59:00 PM,03:57:09 PM,-111
2106345,3330,RICHOXF1,323,1730228940,1730229263,03:09:00 PM,03:14:23 PM,323
2106345,3330,RICHGRO1,307,1730229014,1730229321,03:10:14 PM,03:15:21 PM,307
2106345,3330,RICHUNI1,254,1730229182,1730229436,03:13:02 PM,03:17:16 PM,254
2106345,3330,RICHWIN1,177,1730229386,1730229563,03:16:26 PM,03:19:23 PM,177
2106345,3330,MASOSTO4,68,1730229600,1730229668,03:20:00 PM,03:21:08 PM,68
2106325,3330,MASOSTO4,128,1730229600,1730229728,03:20:00 PM,03:22:08 PM,128
2106325,3330,RICHWIN2,57,1730229847,1730229904,03:24:07 PM,03:25:04 PM,57
2106325,3330,RICHUNI2,0,1730229996,1730229996,03:26:36 PM,03:26:36 PM,0
2106325,3330,RICHGRO2,-74,1730230180,1730230106,03:29:40 PM,03:28:26 PM,-74
2106325,3330,RICHOXF2,0,1730230260,1730230260,03:31:00 PM,03:31:00 PM,0
2106325,3330,RICHQUE2,12,1730230440,1730230452,03:34:00 PM,03:34:12 PM,12
2106325,3330,RICHKIN4,19,1730230474,1730230493,03:34:34 PM,03:34:53 PM,19
2106325,3330,RICHSIM2,53,1730230561,1730230614,03:36:01 PM,03:36:54 PM,53
2106325,3330,WELLGRA2,23,1730230768,1730230791,03:39:28 PM,03:39:51 PM,23
2106325,3330,WELLBAS2,0,1730230980,1730230980,03:43:00 PM,03:43:00 PM,0
2106325,3330,WELLCOM4,-21,1730231044,1730231023,03:44:04 PM,03:43:43 PM,-21
2106325,3330,WELLHARL,-91,1730231295,1730231204,03:48:15 PM,03:46:44 PM,-91
2106325,3330,WHITOMA1,11,1730231460,1730231471,03:51:00 PM,03:51:11 PM,11
2103132,3331,RIVEWIL1,25,1730229184,1730229209,03:13:04 PM,03:13:29 PM,25
2103132,3331,DUNDRIDO,-4,1730229263,1730229259,03:14:23 PM,03:14:19 PM,-4
2103132,3331,KINGTALB,44,1730229307,1730229351,03:15:07 PM,03:15:51 PM,44
2103132,3331,KINGRICH,42,1730229360,1730229402,03:16:00 PM,03:16:42 PM,42
2103132,3331,KINGRICH,107,1730229360,1730229467,03:16:00 PM,03:17:47 PM,107
2103132,3331,WELLDUN3,0,1730229660,1730229660,03:21:00 PM,03:21:00 PM,0
2103132,3331,DUNDWAT1,-2,1730229724,1730229722,03:22:04 PM,03:22:02 PM,-2
2103132,3331,DUNDCOL1,-5,1730229769,1730229764,03:22:49 PM,03:22:44 PM,-5
2103132,3331,DUNDMAI1,-37,1730229840,1730229803,03:24:00 PM,03:23:23 PM,-37
2103132,3331,DUNDWIL1,-60,1730229905,1730229845,03:25:05 PM,03:24:05 PM,-60
2103132,3331,DUNDADE1,0,1730229960,1730229960,03:26:00 PM,03:26:00 PM,0
2103132,3331,DUNDLYLE,-34,1730230020,1730229986,03:27:00 PM,03:26:26 PM,-34
2103132,3331,DUNDHEWI,-19,1730230060,1730230041,03:27:40 PM,03:27:21 PM,-19
2103132,3331,DUNDREC1,-35,1730230101,1730230066,03:28:21 PM,03:27:46 PM,-35
2103132,3331,DUNDONT1,-29,1730230129,1730230100,03:28:49 PM,03:28:20 PM,-29
2103132,3331,QUEBDUND,-38,1730230183,1730230145,03:29:43 PM,03:29:05 PM,-38
2103132,3331,QUEBQUEE,-48,1730230205,1730230157,03:30:05 PM,03:29:17 PM,-48
2103132,3331,QUEBLOR1,-69,1730230249,1730230180,03:30:49 PM,03:29:40 PM,-69
2103132,3331,QUEBELI1,-75,1730230276,1730230201,03:31:16 PM,03:30:01 PM,-75
2103132,3331,SALIQUEB,-96,1730230343,1730230247,03:32:23 PM,03:30:47 PM,-96
2103132,3331,GLASMORN,-102,1730230375,1730230273,03:32:55 PM,03:31:13 PM,-102
2103132,3331,MORNSTRA,-113,1730230409,1730230296,03:33:29 PM,03:31:36 PM,-113
2103132,3331,MORNSAL1,0,1730230500,1730230500,03:35:00 PM,03:35:00 PM,0
2103132,3331,MORNCON1,-26,1730230552,1730230526,03:35:52 PM,03:35:26 PM,-26
2103132,3331,MORNCON3,-39,1730230577,1730230538,03:36:17 PM,03:35:38 PM,-39
2103132,3331,OXFOMORN,24,1730230651,1730230675,03:37:31 PM,03:37:55 PM,24
2103132,3331,OXFOHIG1,123,1730230680,1730230803,03:38:00 PM,03:40:03 PM,123
2103132,3331,OXFOHIG3,110,1730230716,1730230826,03:38:36 PM,03:40:26 PM,110
2103132,3331,FANCOLL3,30,1730230860,1730230890,03:41:00 PM,03:41:30 PM,30
2103203,3331,FANCOLL3,118,1730231340,1730231458,03:49:00 PM,03:50:58 PM,118
2103203,3331,OXFOROE2,63,1730231415,1730231478,03:50:15 PM,03:51:18 PM,63
2103203,3331,OXFOHIG4,114,1730231476,1730231590,03:51:16 PM,03:53:10 PM,114
2103203,3331,OXFOHIG2,187,1730231520,1730231707,03:52:00 PM,03:55:07 PM,187
2103203,3331,MORNOXF2,154,1730231606,1730231760,03:53:26 PM,03:56:00 PM,154
2103203,3331,MORNOXF4,139,1730231637,1730231776,03:53:57 PM,03:56:16 PM,139
2103203,3331,MORNCON2,110,1730231692,1730231802,03:54:52 PM,03:56:42 PM,110
2103203,3331,MORNMOR4,104,1730231727,1730231831,03:55:27 PM,03:57:11 PM,104
2103203,3331,MORNSAL2,99,1730231760,1730231859,03:56:00 PM,03:57:39 PM,99
2103203,3331,MORNCURR,86,1730231792,1730231878,03:56:32 PM,03:57:58 PM,86
2103203,3331,MORNGLAS,73,1730231853,1730231926,03:57:33 PM,03:58:46 PM,73
2103203,3331,QUEBMORN,81,1730231888,1730231969,03:58:08 PM,03:59:29 PM,81
2103203,3331,QUEBELI2,40,1730231959,1730231999,03:59:19 PM,03:59:59 PM,40
2103203,3331,QUEBLOR2,29,1730231991,1730232020,03:59:51 PM,04:00:20 PM,29
2103203,3331,QUEBDUFF,24,1730232008,1730232032,04:00:08 PM,04:00:32 PM,24
2103203,3331,DUNDQUE2,13,1730232060,1730232073,04:01:00 PM,04:01:13 PM,13
2103203,3331,DUNDONT2,-21,1730232120,1730232099,04:02:00 PM,04:01:39 PM,-21
2103203,3331,DUNDREC2,-53,1730232176,1730232123,04:02:56 PM,04:02:03 PM,-53
2103203,3331,DUNDENGL,-72,1730232235,1730232163,04:03:55 PM,04:02:43 PM,-72
2103203,3331,DUNDELIZ,-93,1730232297,1730232204,04:04:57 PM,04:03:24 PM,-93
2103203,3331,DUNDADE2,0,1730232360,1730232360,04:06:00 PM,04:06:00 PM,0
2103203,3331,DUNDWIL2,-7,1730232395,1730232388,04:06:35 PM,04:06:28 PM,-7
2103203,3331,DUNDMAI2,-9,1730232445,1730232436,04:07:25 PM,04:07:16 PM,-9
2103203,3331,DUNDCOL2,-17,1730232495,1730232478,04:08:15 PM,04:07:58 PM,-17
2103203,3331,DUNDWAT2,-30,1730232546,1730232516,04:09:06 PM,04:08:36 PM,-30
2103203,3331,DUNDWEL2,0,1730232600,1730232600,04:10:00 PM,04:10:00 PM,0
2103203,3331,QUEECLAR,-70,1730232729,1730232659,04:12:09 PM,04:10:59 PM,-70
2103203,3331,QUEERIC2,-121,1730232780,1730232659,04:13:00 PM,04:10:59 PM,-121
2103203,3331,QUEERIC2,164,1730232780,1730232944,04:13:00 PM,04:15:44 PM,164
2103203,3331,QUENRIDO,124,1730232877,1730233000,04:14:37 PM,04:16:40 PM,123
2103203,3331,RIVEWIL2,66,1730232974,1730233040,04:16:14 PM,04:17:20 PM,66
2103203,3331,RIVEWHA4,58,1730233039,1730233096,04:17:19 PM,04:18:16 PM,57
2103203,3331,RIVEMTPL,34,1730233095,1730233128,04:18:15 PM,04:18:48 PM,33
2103203,3331,WOODRIVE,18,1730233147,1730233166,04:19:07 PM,04:19:26 PM,19
2103203,3331,WOODEDI1,-24,1730233222,1730233198,04:20:22 PM,04:19:58 PM,-24
2103203,3331,WOODCAM1,-40,1730233256,1730233216,04:20:56 PM,04:20:16 PM,-40
2103203,3331,PLATOXF1,-38,1730233313,1730233274,04:21:53 PM,04:21:14 PM,-39
2103203,3331,CHERPLA2,-48,1730233355,1730233306,04:22:35 PM,04:21:46 PM,-49
2103203,3331,CHERCHC4,-58,1730233390,1730233332,04:23:10 PM,04:22:12 PM,-58
2103203,3331,CHERCHBL,-68,1730233435,1730233366,04:23:55 PM,04:22:46 PM,-69
2103203,3331,CHEROXF2,0,1730233500,1730233500,04:25:00 PM,04:25:00 PM,0
2103203,3331,BEAVOXF2,0,1730233597,1730233597,04:26:37 PM,04:26:37 PM,0
2103203,3331,PROUBEA2,0,1730233671,1730233671,04:27:51 PM,04:27:51 PM,0
2103203,3331,FOREHIL2,0,1730233717,1730233717,04:28:37 PM,04:28:37 PM,0
2103203,3331,PROUOXF3,0,1730233776,1730233776,04:29:36 PM,04:29:36 PM,0
2103203,3331,PROUOXF1,0,1730233807,1730233807,04:30:07 PM,04:30:07 PM,0
2103203,3331,PROUFAR3,0,1730233829,1730233829,04:30:29 PM,04:30:29 PM,0
2103203,3331,PROUFAR1,0,1730233865,1730233865,04:31:05 PM,04:31:05 PM,0
2103203,3331,BEAVHORI,0,1730233936,1730233936,04:32:16 PM,04:32:16 PM,0
2103203,3331,BEAVWOND,0,1730233975,1730233975,04:32:55 PM,04:32:55 PM,0
2103203,3331,BEAVBLYT,0,1730234040,1730234040,04:34:00 PM,04:34:00 PM,0
2107245,3332,ARGYMAL1,214,1730229120,1730229334,03:12:00 PM,03:15:34 PM,214
2107245,3332,DUNDBUR2,,,,,,
2107245,3332,DUNDHIG2,214,1730229600,1730229814,03:20:00 PM,03:23:34 PM,214
2107245,3332,DUNDEGE2,,,,,,
2107245,3332,DUNDADE2,214,1730229960,1730230174,03:26:00 PM,03:29:34 PM,214
2107245,3332,DUNDWEL2,214,1730230140,1730230354,03:29:00 PM,03:32:34 PM,214
2107245,3332,QUEERIC1,214,1730230200,1730230414,03:30:00 PM,03:33:34 PM,214
2107245,3332,RIVEWHA2,214,1730230438,1730230652,03:33:58 PM,03:37:32 PM,214
2107245,3332,WHAROXF1,214,1730230680,1730230894,03:38:00 PM,03:41:34 PM,214
2107245,3332,WESTESSE,214,1730230759,1730230973,03:39:19 PM,03:42:53 PM,214
2107245,3332,AZIZWEST,214,1730231039,1730231253,03:43:59 PM,03:47:33 PM,214
2107245,3332,HUROLAMB,214,1730231165,1730231379,03:46:05 PM,03:49:39 PM,214
2107245,3332,NATSCI,214,1730231340,1730231554,03:49:00 PM,03:52:34 PM,214
2107225,3332,NATSCI,124,1730231520,1730231644,03:52:00 PM,03:54:04 PM,124
2107225,3332,WESTSAR2,25,1730231858,1730231883,03:57:38 PM,03:58:03 PM,25
2107225,3332,WHARMCDO,-130,1730232147,1730232017,04:02:27 PM,04:00:17 PM,-130
2107225,3332,WHAROXF2,0,1730232240,1730232240,04:04:00 PM,04:04:00 PM,0
2107225,3332,RIVEWHA1,-84,1730232442,1730232358,04:07:22 PM,04:05:58 PM,-84
2107225,3332,KINGRICH,0,1730232660,1730232660,04:11:00 PM,04:11:00 PM,0
2107225,3332,WELLDUN3,0,1730232900,1730232900,04:15:00 PM,04:15:00 PM,0
2107225,3332,DUNDADE1,0,1730233200,1730233200,04:20:00 PM,04:20:00 PM,0
2107225,3332,DUNDEGE1,,,,,,
2107225,3332,DUNDHIG1,184,1730233620,1730233804,04:27:00 PM,04:30:04 PM,184
2107225,3332,DUNDSASK,96,1730233825,1730233921,04:30:25 PM,04:32:01 PM,96
2107225,3332,ARGYMAL1,-36,1730234100,1730234064,04:35:00 PM,04:34:24 PM,-36
2109350,3333,SUNNGOUG,-75,1730229034,1730228959,03:10:34 PM,03:09:19 PM,-75
2109350,3333,SOWESAV1,-94,1730229088,1730228994,03:11:28 PM,03:09:54 PM,-94
2109350,3333,SOWESAV2,-94,1730229133,1730229039,03:12:13 PM,03:10:39 PM,-94
2109350,3333,SOWEFADA,-94,1730229170,1730229076,03:12:50 PM,03:11:16 PM,-94
2109350,3333,SOWEMCCA,-94,1730229226,1730229132,03:13:46 PM,03:12:12 PM,-94
2109350,3333,SOWEMARI,-94,1730229260,1730229166,03:14:20 PM,03:12:46 PM,-94
2109350,3333,SOWESUNN,0,1730229300,1730229300,03:15:00 PM,03:15:00 PM,0
2109350,3333,SUNNYMCA,0,1730229360,1730229360,03:16:00 PM,03:16:00 PM,0
2109350,3333,SUNNADE2,0,1730229401,1730229401,03:16:41 PM,03:16:41 PM,0
2109350,3333,SUNNCANV,-19,1730229503,1730229484,03:18:23 PM,03:18:04 PM,-19
2109350,3333,BLUESUN2,-19,1730229536,1730229517,03:18:56 PM,03:18:37 PM,-19
2109350,3333,SKYLCHAM,-19,1730229551,1730229532,03:19:11 PM,03:18:52 PM,-19
2109350,3333,CHAMWHIS,-24,1730229606,1730229582,03:20:06 PM,03:19:42 PM,-24
2109350,3333,HASTCHA2,-24,1730229626,1730229602,03:20:26 PM,03:20:02 PM,-24
2109350,3333,HASTVIR2,-34,1730229667,1730229633,03:21:07 PM,03:20:33 PM,-34
2109350,3333,FANSHAS2,-15,1730229720,1730229705,03:22:00 PM,03:21:45 PM,-15
2109350,3333,FANSHAS2,45,1730229720,1730229765,03:22:00 PM,03:22:45 PM,45
2109350,3333,FANSJEN2,30,1730229782,1730229812,03:23:02 PM,03:23:32 PM,30
2109350,3333,FANSJEN4,19,1730229829,1730229848,03:23:49 PM,03:24:08 PM,19
2109350,3333,FANSNCR2,12,1730229900,1730229912,03:25:00 PM,03:25:12 PM,12
2109350,3333,FANSRIC5,33,1730229960,1730229993,03:26:00 PM,03:26:33 PM,33
2109350,3333,FANSNCR4,32,1730229983,1730230015,03:26:23 PM,03:26:55 PM,32
2109350,3333,FANSLOU2,36,1730230032,1730230068,03:27:12 PM,03:27:48 PM,36
2109350,3333,FANSDERW,19,1730230086,1730230105,03:28:06 PM,03:28:25 PM,19
2109350,3333,FANSPINN,6,1730230138,1730230144,03:28:58 PM,03:29:04 PM,6
2109350,3333,517FANSH,3,1730230200,1730230203,03:30:00 PM,03:30:03 PM,3
2109350,3333,517FANSH,63,1730230200,1730230263,03:30:00 PM,03:31:03 PM,63
2109350,3333,FANSWON2,69,1730230252,1730230321,03:30:52 PM,03:32:01 PM,69
2109350,3333,FANSWON3,25,1730230331,1730230356,03:32:11 PM,03:32:36 PM,25
2109350,3333,FANSFOXW,0,1730230376,1730230376,03:32:56 PM,03:32:56 PM,0
2109350,3333,FANSALD2,-40,1730230462,1730230422,03:34:22 PM,03:33:42 PM,-40
2109350,3333,FANSDAL4,-74,1730230522,1730230448,03:35:22 PM,03:34:08 PM,-74
2109350,3333,FANSDALM,-85,1730230607,1730230522,03:36:47 PM,03:35:22 PM,-85
2109350,3333,STANFANS,-73,1730230662,1730230589,03:37:42 PM,03:36:29 PM,-73
2109350,3333,SEAGHYPK,-110,1730230740,1730230630,03:39:00 PM,03:37:10 PM,-110
2109350,3333,SEAGHYPK,36,1730231280,1730231316,03:48:00 PM,03:48:36 PM,36
2109350,3333,HYDENRN2,-20,1730231378,1730231358,03:49:38 PM,03:49:18 PM,-20
2109350,3333,HYDENRSL,-37,1730231423,1730231386,03:50:23 PM,03:49:46 PM,-37
2109350,3333,HYDEGAI2,-57,1730231466,1730231409,03:51:06 PM,03:50:09 PM,-57
2109350,3333,HYDESCA2,-62,1730231528,1730231466,03:52:08 PM,03:51:06 PM,-62
2109350,3333,HYDESAR2,-100,1730231630,1730231530,03:53:50 PM,03:52:10 PM,-100
2109350,3333,HYDEFITZ,-158,1730231740,1730231582,03:55:40 PM,03:53:02 PM,-158
2109350,3333,HYDEIVA2,-178,1730231779,1730231601,03:56:19 PM,03:53:21 PM,-178
2109350,3333,HYDEROY2,-183,1730231834,1730231651,03:57:14 PM,03:54:11 PM,-183
2109350,3333,HYDEOXF2,0,1730231880,1730231880,03:58:00 PM,03:58:00 PM,0
2109350,3333,HYDEFIG2,-44,1730231956,1730231912,03:59:16 PM,03:58:32 PM,-44
2109350,3333,VALEHYP1,-72,1730232018,1730231946,04:00:18 PM,03:59:06 PM,-72
2109350,3333,VALEWOO1,-78,1730232045,1730231967,04:00:45 PM,03:59:27 PM,-78
2109350,3333,VALEPLA1,-85,1730232076,1730231991,04:01:16 PM,03:59:51 PM,-85
2109350,3333,VALESAL1,-97,1730232118,1730232021,04:01:58 PM,04:00:21 PM,-97
2109350,3333,VALEHIB1,-102,1730232138,1730232036,04:02:18 PM,04:00:36 PM,-102
2109350,3333,VALEOPK2,-108,1730232159,1730232051,04:02:39 PM,04:00:51 PM,-108
2109350,3333,VALEDER1,-121,1730232198,1730232077,04:03:18 PM,04:01:17 PM,-121
2109350,3333,VALECRAM,-124,1730232222,1730232098,04:03:42 PM,04:01:38 PM,-124
2109350,3333,VALESHR1,-133,1730232274,1730232141,04:04:34 PM,04:02:21 PM,-133
2109350,3333,VALEOAKR,-164,1730232335,1730232171,04:05:35 PM,04:02:51 PM,-164
2109350,3333,KINGOAK1,-172,1730232370,1730232198,04:06:10 PM,04:03:18 PM,-172
2109350,3333,KINGWON1,-157,1730232417,1730232260,04:06:57 PM,04:04:20 PM,-157
2109350,3333,RIVEWON1,0,1730232480,1730232480,04:08:00 PM,04:08:00 PM,0
2109350,3333,RIVEBRE1,-15,1730232512,1730232497,04:08:32 PM,04:08:17 PM,-15
2109350,3333,RIVEORI1,-33,1730232551,1730232518,04:09:11 PM,04:08:38 PM,-33
2109350,3333,RIVEBEA1,-53,1730232605,1730232552,04:10:05 PM,04:09:12 PM,-53
2109350,3333,RIVEMURD,-72,1730232679,1730232607,04:11:19 PM,04:10:07 PM,-72
2109350,3333,RIVEWOO1,-79,1730232709,1730232630,04:11:49 PM,04:10:30 PM,-79
2109350,3333,RIVECAVE,-87,1730232731,1730232644,04:12:11 PM,04:10:44 PM,-87
2109350,3333,RIVEWHA1,0,1730232780,1730232780,04:13:00 PM,04:13:00 PM,0
2109350,3333,RIVEWIL1,-16,1730232815,1730232799,04:13:35 PM,04:13:19 PM,-16
2109350,3333,DUNDRIDO,-19,1730232908,1730232889,04:15:08 PM,04:14:49 PM,-19
2109350,3333,KINGTALB,23,1730232960,1730232983,04:16:00 PM,04:16:23 PM,23
2109350,3333,KINGRICH,85,1730233020,1730233105,04:17:00 PM,04:18:25 PM,85
2109350,3333,WELLDUN3,82,1730233080,1730233162,04:18:00 PM,04:19:22 PM,82
2106344,3334,WELLSDA4,,,,,,
2106344,3334,WELLCOM1,511,1730228845,1730229356,03:07:25 PM,03:15:56 PM,511
2106344,3334,WELLBAS1,557,1730228880,1730229437,03:08:00 PM,03:17:17 PM,557
2106344,3334,GRANHIG2,443,1730229176,1730229619,03:12:56 PM,03:20:19 PM,443
2106344,3334,RICHHOT3,356,1730229396,1730229752,03:16:36 PM,03:22:32 PM,356
2106344,3334,RICHKIN1,389,1730229475,1730229864,03:17:55 PM,03:24:24 PM,389
2106344,3334,RICHQUEE,397,1730229540,1730229937,03:19:00 PM,03:25:37 PM,397
2106344,3334,RICHOXF1,308,1730229840,1730230148,03:24:00 PM,03:29:08 PM,308
2106344,3334,RICHGRO1,292,1730229914,1730230206,03:25:14 PM,03:30:06 PM,292
2106344,3334,RICHUNI1,239,1730230082,1730230321,03:28:02 PM,03:32:01 PM,239
2106344,3334,RICHWIN1,162,1730230286,1730230448,03:31:26 PM,03:34:08 PM,162
2106344,3334,MASOSTO4,53,1730230500,1730230553,03:35:00 PM,03:35:53 PM,53
2106289,3334,MASOSTO4,113,1730230500,1730230613,03:35:00 PM,03:36:53 PM,113
2106289,3334,RICHWIN2,42,1730230747,1730230789,03:39:07 PM,03:39:49 PM,42
2106289,3334,RICHUNI2,-15,1730230896,1730230881,03:41:36 PM,03:41:21 PM,-15
2106289,3334,RICHGRO2,-89,1730231080,1730230991,03:44:40 PM,03:43:11 PM,-89
2106289,3334,RICHOXF2,0,1730231160,1730231160,03:46:00 PM,03:46:00 PM,0
2106289,3334,RICHQUE2,12,1730231340,1730231352,03:49:00 PM,03:49:12 PM,12
2106289,3334,RICHKIN4,19,1730231374,1730231393,03:49:34 PM,03:49:53 PM,19
2106289,3334,RICHSIM2,53,1730231461,1730231514,03:51:01 PM,03:51:54 PM,53
2106289,3334,WELLGRA2,23,1730231668,1730231691,03:54:28 PM,03:54:51 PM,23
2106289,3334,WELLBAS2,0,1730231880,1730231880,03:58:00 PM,03:58:00 PM,0
2106289,3334,WELLCOM4,-21,1730231944,1730231923,03:59:04 PM,03:58:43 PM,-21
2106289,3334,WELLHARL,-91,1730232195,1730232104,04:03:15 PM,04:01:44 PM,-91
2106289,3334,WHITOMA1,11,1730232360,1730232371,04:06:00 PM,04:06:11 PM,11
2095653,3336,HALEDOU1,,,,,,
2095653,3336,HALEDUND,,,,,,
2095653,3336,DUNDHAL4,,,,,,
2095653,3336,DUNDHIG2,348,1730229120,1730229468,03:12:00 PM,03:17:48 PM,348
2095653,3336,DUNDASH4,301,1730229202,1730229503,03:13:22 PM,03:18:23 PM,301
2095653,3336,DUNDMCOR,,,,,,
2095653,3336,DUNDDORI,,,,,,
2095653,3336,DUNDEGE2,,,,,,
2095653,3336,DUNDQUE2,191,1730229412,1730229603,03:16:52 PM,03:20:03 PM,191
2095653,3336,DUNDONT2,168,1730229461,1730229629,03:17:41 PM,03:20:29 PM,168
2095653,3336,DUNDREC2,149,1730229507,1730229656,03:18:27 PM,03:20:56 PM,149
2095653,3336,DUNDENGL,133,1730229555,1730229688,03:19:15 PM,03:21:28 PM,133
2095653,3336,DUNDELIZ,129,1730229605,1730229734,03:20:05 PM,03:22:14 PM,129
2095653,3336,DUNDADE2,159,1730229660,1730229819,03:21:00 PM,03:23:39 PM,159
2095653,3336,DUNDWIL2,141,1730229713,1730229854,03:21:53 PM,03:24:14 PM,141
2095653,3336,DUNDMAI2,104,1730229788,1730229892,03:23:08 PM,03:24:52 PM,104
2095653,3336,DUNDCOL2,71,1730229864,1730229935,03:24:24 PM,03:25:35 PM,71
2095653,3336,DUNDWAT2,37,1730229941,1730229978,03:25:41 PM,03:26:18 PM,37
2095653,3336,DUNDWEL2,18,1730230020,1730230038,03:27:00 PM,03:27:18 PM,18
2095653,3336,QUEECLAR,-30,1730230131,1730230101,03:28:51 PM,03:28:21 PM,-30
2095653,3336,QUEERIC1,-99,1730230200,1730230101,03:30:00 PM,03:28:21 PM,-99
2095653,3336,QUEERIC1,38,1730230200,1730230238,03:30:00 PM,03:30:38 PM,38
2095653,3336,QUENRIDO,-8,1730230277,1730230270,03:31:17 PM,03:31:10 PM,-7
2095653,3336,RIVEWIL2,-58,1730230376,1730230318,03:32:56 PM,03:31:58 PM,-58
2095653,3336,RIVEWHA2,-76,1730230413,1730230338,03:33:33 PM,03:32:18 PM,-75
2095653,3336,WHARMPL1,-92,1730230453,1730230362,03:34:13 PM,03:32:42 PM,-91
2095653,3336,WHARMOIR,-106,1730230490,1730230384,03:34:50 PM,03:33:04 PM,-106
2095653,3336,WHAREMPR,-84,1730230546,1730230462,03:35:46 PM,03:34:22 PM,-84
2095653,3336,WHAROXF1,0,1730230620,1730230620,03:37:00 PM,03:37:00 PM,0
2095653,3336,WESTESSE,6,1730230665,1730230671,03:37:45 PM,03:37:51 PM,6
2095653,3336,WESTHOL1,2,1730230703,1730230705,03:38:23 PM,03:38:25 PM,2
2095653,3336,WESTPLA1,2,1730230743,1730230745,03:39:03 PM,03:39:05 PM,2
2095653,3336,WESTPHA1,1,1730230800,1730230801,03:40:00 PM,03:40:01 PM,1
2095653,3336,WESTPHA3,-7,1730230865,1730230858,03:41:05 PM,03:40:58 PM,-7
2095653,3336,ALUMHAL1,8,1730230999,1730231007,03:43:19 PM,03:43:27 PM,8
2095653,3336,MIDDPERT,-33,1730231164,1730231131,03:46:04 PM,03:45:31 PM,-33
2095653,3336,NATSCI,-118,1730231280,1730231162,03:48:00 PM,03:46:02 PM,-118
2095583,3336,NATSCI,0,1730232060,1730232060,04:01:00 PM,04:01:00 PM,0
2095583,3336,WESTELG2,0,1730232372,1730232372,04:06:12 PM,04:06:12 PM,0
2095583,3336,WESTLAM2,-47,1730232531,1730232484,04:08:51 PM,04:08:04 PM,-47
2095583,3336,WESTSAR2,0,1730232780,1730232780,04:13:00 PM,04:13:00 PM,0
2095583,3336,WESTSAR4,-20,1730232839,1730232819,04:13:59 PM,04:13:39 PM,-20
2095583,3336,WESTPLA2,-75,1730232937,1730232862,04:15:37 PM,04:14:22 PM,-75
2095583,3336,WESTHOL2,-96,1730233008,1730232912,04:16:48 PM,04:15:12 PM,-96
2095583,3336,WHARMCDO,-136,1730233097,1730232961,04:18:17 PM,04:16:01 PM,-136
2095583,3336,WHAROXF2,0,1730233200,1730233200,04:20:00 PM,04:20:00 PM,0
2095583,3336,WHARPAUL,0,1730233294,1730233294,04:21:34 PM,04:21:34 PM,0
2095583,3336,WHARLEXI,0,1730233370,1730233370,04:22:50 PM,04:22:50 PM,0
2095583,3336,WHARMPL2,0,1730233433,1730233433,04:23:53 PM,04:23:53 PM,0
2095583,3336,RIVEWHA1,0,1730233487,1730233487,04:24:47 PM,04:24:47 PM,0
2095583,3336,RIVEWIL1,0,1730233532,1730233532,04:25:32 PM,04:25:32 PM,0
2095583,3336,DUNDRIDO,0,1730233652,1730233652,04:27:32 PM,04:27:32 PM,0
2095583,3336,KINGTALB,0,1730233720,1730233720,04:28:40 PM,04:28:40 PM,0
2095583,3336,KINGRICH,0,1730233800,1730233800,04:30:00 PM,04:30:00 PM,0
2095583,3336,KINGRICH,0,1730233800,1730233800,04:30:00 PM,04:30:00 PM,0
2095583,3336,WELLDUN3,0,1730234040,1730234040,04:34:00 PM,04:34:00 PM,0
2095583,3336,DUNDWAT1,0,1730234040,1730234040,04:34:00 PM,04:34:00 PM,0
2095583,3336,DUNDCOL1,0,1730234098,1730234098,04:34:58 PM,04:34:58 PM,0
2095583,3336,DUNDMAI1,0,1730234188,1730234188,04:36:28 PM,04:36:28 PM,0
2095583,3336,DUNDWIL1,0,1730234270,1730234270,04:37:50 PM,04:37:50 PM,0
2095583,3336,DUNDADE1,0,1730234340,1730234340,04:39:00 PM,04:39:00 PM,0
2095583,3336,DUNDLYLE,0,1730234411,1730234411,04:40:11 PM,04:40:11 PM,0
2095583,3336,DUNDHEWI,0,1730234459,1730234459,04:40:59 PM,04:40:59 PM,0
2095583,3336,DUNDREC1,0,1730234508,1730234508,04:41:48 PM,04:41:48 PM,0
2095583,3336,DUNDONT1,0,1730234541,1730234541,04:42:21 PM,04:42:21 PM,0
2095583,3336,DUNDQUE1,0,1730234591,1730234591,04:43:11 PM,04:43:11 PM,0
2095583,3336,DUNDEGE1,,,,,,
2095583,3336,DUNDKELL,,,,,,
2095583,3336,DUNDELE1,,,,,,
2095583,3336,DUNDASH1,0,1730234796,1730234796,04:46:36 PM,04:46:36 PM,0
2095583,3336,DUNDHIG1,0,1730234880,1730234880,04:48:00 PM,04:48:00 PM,0
2095583,3336,DUNDFIR1,0,1730235038,1730235038,04:50:38 PM,04:50:38 PM,0
2095583,3336,DUNDSASK,0,1730235113,1730235113,04:51:53 PM,04:51:53 PM,0
2095583,3336,DUNDMANI,0,1730235181,1730235181,04:53:01 PM,04:53:01 PM,0
2095583,3336,DUNDBEA1,0,1730235273,1730235273,04:54:33 PM,04:54:33 PM,0
2095583,3336,DUNDCLK1,0,1730235335,1730235335,04:55:35 PM,04:55:35 PM,0
2095583,3336,ARGYMAL1,0,1730235420,1730235420,04:57:00 PM,04:57:00 PM,0
2095583,3336,ARGYMAL1,0,1730235420,1730235420,04:57:00 PM,04:57:00 PM,0
2095583,3336,DUNDEAS3,0,1730235552,1730235552,04:59:12 PM,04:59:12 PM,0
2095583,3336,DUNDWAV1,0,1730235609,1730235609,05:00:09 PM,05:00:09 PM,0
2095583,3336,DUNDFOR1,0,1730235650,1730235650,05:00:50 PM,05:00:50 PM,0
2095583,3336,DUNDSPE1,0,1730235676,1730235676,05:01:16 PM,05:01:16 PM,0
2095583,3336,DUNDCARL,0,1730235729,1730235729,05:02:09 PM,05:02:09 PM,0
2095583,3336,BONADUND,0,1730235780,1730235780,05:03:00 PM,05:03:00 PM,0
2107681,3338,VICTWES1,-120,1730228993,1730228873,03:09:53 PM,03:07:53 PM,-120
2107681,3338,COMMWCO1,-169,1730229078,1730228909,03:11:18 PM,03:08:29 PM,-169
2107681,3338,COMMADE1,-197,1730229131,1730228934,03:12:11 PM,03:08:54 PM,-197
2107681,3338,COMMLEA1,-212,1730229164,1730228952,03:12:44 PM,03:09:12 PM,-212
2107681,3338,COMMFRO1,-244,1730229227,1730228983,03:13:47 PM,03:09:43 PM,-244
2107681,3338,COMMKIE1,-262,1730229264,1730229002,03:14:24 PM,03:10:02 PM,-262
2107681,3338,COMMPOM1,-278,1730229320,1730229042,03:15:20 PM,03:10:42 PM,-278
2107681,3338,COMMPOM3,-290,1730229375,1730229085,03:16:15 PM,03:11:25 PM,-290
2107681,3338,COMMDEV1,-325,1730229420,1730229095,03:17:00 PM,03:11:35 PM,-325
2107681,3338,COMMDEV1,0,1730229480,1730229480,03:18:00 PM,03:18:00 PM,0
2107681,3338,COMMMED1,0,1730229600,1730229600,03:20:00 PM,03:20:00 PM,0
2107681,3338,MEADREA3,-7,1730229649,1730229642,03:20:49 PM,03:20:42 PM,-7
2107681,3338,MEADEVAN,-3,1730229669,1730229666,03:21:09 PM,03:21:06 PM,-3
2107681,3338,MEADGOOD,-2,1730229690,1730229688,03:21:30 PM,03:21:28 PM,-2
2107681,3338,MEADDORM,6,1730229717,1730229723,03:21:57 PM,03:22:03 PM,6
2107681,3338,DARNMEAD,-18,1730229780,1730229762,03:23:00 PM,03:22:42 PM,-18
2107651,3338,DARNMEAD,42,1730229780,1730229822,03:23:00 PM,03:23:42 PM,42
2107651,3338,LIGHWHSA,11,1730229838,1730229849,03:23:58 PM,03:24:09 PM,11
2107651,3338,LIGHEMER,-4,1730229881,1730229877,03:24:41 PM,03:24:37 PM,-4
2107651,3338,LIGHREAR,-8,1730229901,1730229893,03:25:01 PM,03:24:53 PM,-8
2107651,3338,REARCHE1,-16,1730229940,1730229924,03:25:40 PM,03:25:24 PM,-16
2107651,3338,REARROTH,-32,1730229979,1730229947,03:26:19 PM,03:25:47 PM,-32
2107651,3338,MEADREA1,-39,1730230036,1730229997,03:27:16 PM,03:26:37 PM,-39
2107651,3338,COMMMED2,-68,1730230129,1730230061,03:28:49 PM,03:27:41 PM,-68
2107651,3338,COMMDEV6,-108,1730230226,1730230118,03:30:26 PM,03:28:38 PM,-108
2107651,3338,COMMDEV2,-129,1730230260,1730230131,03:31:00 PM,03:28:51 PM,-129
2107651,3338,COMMDEV2,0,1730230260,1730230260,03:31:00 PM,03:31:00 PM,0
2107651,3338,COMMPOM4,-34,1730230334,1730230300,03:32:14 PM,03:31:40 PM,-34
2107651,3338,COMMKIE2,-63,1730230393,1730230330,03:33:13 PM,03:32:10 PM,-63
2107651,3338,COMMFRO2,-79,1730230437,1730230358,03:33:57 PM,03:32:38 PM,-79
2107651,3338,COMMLEA2,-98,1730230481,1730230383,03:34:41 PM,03:33:03 PM,-98
2107651,3338,COMMADE2,-98,1730230507,1730230409,03:35:07 PM,03:33:29 PM,-98
2107651,3338,COMMADE4,-140,1730230590,1730230450,03:36:30 PM,03:34:10 PM,-140
2107651,3338,COMMWCO2,-164,1730230628,1730230464,03:37:08 PM,03:34:24 PM,-164
2107651,3338,VICTWEST,-187,1730230703,1730230516,03:38:23 PM,03:35:16 PM,-187
2107651,3338,VICZONC,0,1730230740,1730230740,03:39:00 PM,03:39:00 PM,0
2107651,3338,VICTWES1,-6,1730230805,1730230799,03:40:05 PM,03:39:59 PM,-6
2107651,3338,COMMWELL,-26,1730230949,1730230923,03:42:29 PM,03:42:03 PM,-26
2107651,3338,COMMHIG3,-76,1730231023,1730230947,03:43:43 PM,03:42:27 PM,-76
2107651,3338,COMMKIFD,-116,1730231082,1730230966,03:44:42 PM,03:42:46 PM,-116
2107651,3338,COMMRIDO,-136,1730231138,1730231002,03:45:38 PM,03:43:22 PM,-136
2107651,3338,COMMWORT,-174,1730231198,1730231024,03:46:38 PM,03:43:44 PM,-174
2107651,3338,COMMCAR2,-251,1730231304,1730231053,03:48:24 PM,03:44:13 PM,-251
2107651,3338,COMMHILD,-312,1730231409,1730231097,03:50:09 PM,03:44:57 PM,-312
2107651,3338,COMMWHA2,0,1730231460,1730231460,03:51:00 PM,03:51:00 PM,0
2107651,3338,COMMGRD2,-7,1730231493,1730231486,03:51:33 PM,03:51:26 PM,-7
2107651,3338,COMMHUXL,-10,1730231537,1730231527,03:52:17 PM,03:52:07 PM,-10
2107651,3338,COMMWES1,-24,1730231573,1730231549,03:52:53 PM,03:52:29 PM,-24
2107651,3338,COMMBEA1,-44,1730231652,1730231608,03:54:12 PM,03:53:28 PM,-44
2107651,3338,COMMBEA3,-63,1730231689,1730231626,03:54:49 PM,03:53:46 PM,-63
2107651,3338,COMMTOP1,-91,1730231740,1730231649,03:55:40 PM,03:54:09 PM,-91
2107651,3338,COMMFOE1,-100,1730231787,1730231687,03:56:27 PM,03:54:47 PM,-100
2107651,3338,WONDCOM2,-52,1730231830,1730231778,03:57:10 PM,03:56:18 PM,-52
2107651,3338,WONDVIL2,-59,1730231868,1730231809,03:57:48 PM,03:56:49 PM,-59
2107651,3338,WONDVIS4,-76,1730231929,1730231853,03:58:49 PM,03:57:33 PM,-76
2107651,3338,WESTMAL1,-117,1730232000,1730231883,04:00:00 PM,03:58:03 PM,-117
2107651,3338,WESTMAL1,18,1730232240,1730232258,04:04:00 PM,04:04:18 PM,18
2107651,3338,VISCFARN,-30,1730232316,1730232286,04:05:16 PM,04:04:46 PM,-30
2107651,3338,VISCVIGR,-50,1730232370,1730232320,04:06:10 PM,04:05:20 PM,-50
2107651,3338,VISCCRAN,-70,1730232423,1730232354,04:07:03 PM,04:05:54 PM,-69
2107651,3338,CRANBAR2,-104,1730232498,1730232394,04:08:18 PM,04:06:34 PM,-104
2107651,3338,CRANBIRC,-128,1730232553,1730232426,04:09:13 PM,04:07:06 PM,-127
2107651,3338,CRANSCHR,-144,1730232591,1730232446,04:09:51 PM,04:07:26 PM,-145
2107651,3338,TILLSOUT,-112,1730232642,1730232530,04:10:42 PM,04:08:50 PM,-112
2107651,3338,TILLRALE,-126,1730232681,1730232556,04:11:21 PM,04:09:16 PM,-125
2107651,3338,TILBPOME,-136,1730232726,1730232590,04:12:06 PM,04:09:50 PM,-136
2107651,3338,RALERALE,-156,1730232785,1730232628,04:13:05 PM,04:10:28 PM,-157
2107651,3338,RALECOLT,-164,1730232818,1730232654,04:13:38 PM,04:10:54 PM,-164
2107651,3338,COLTSOU2,-216,1730232900,1730232684,04:15:00 PM,04:11:24 PM,-216
2102286,3339,COMMREYN,858,1730228356,1730229214,02:59:16 PM,03:13:34 PM,858
2102286,3339,COMMSTE1,840,1730228395,1730229235,02:59:55 PM,03:13:55 PM,840
2102286,3339,COMMHAL2,842,1730228430,1730229272,03:00:30 PM,03:14:32 PM,842
2102286,3339,BOLECOM3,813,1730228460,1730229273,03:01:00 PM,03:14:33 PM,813
2102286,3339,BOLECOM3,873,1730228460,1730229333,03:01:00 PM,03:15:33 PM,873
2102286,3339,RIVESAN1,842,1730228531,1730229373,03:02:11 PM,03:16:13 PM,842
2102286,3339,RIVEHAR3,833,1730228561,1730229394,03:02:41 PM,03:16:34 PM,833
2102286,3339,RIVEANT1,827,1730228585,1730229412,03:03:05 PM,03:16:52 PM,827
2102286,3339,RIVEHAR1,818,1730228630,1730229448,03:03:50 PM,03:17:28 PM,818
2102286,3339,HYDERIVE,840,1730228678,1730229518,03:04:38 PM,03:18:38 PM,840
2102286,3339,HYDEVALE,821,1730228729,1730229550,03:05:29 PM,03:19:10 PM,821
2102286,3339,HYDEFIG1,806,1730228765,1730229571,03:06:05 PM,03:19:31 PM,806
2102286,3339,HYDEOXF1,824,1730228820,1730229644,03:07:00 PM,03:20:44 PM,824
2102286,3339,OXFOFID1,809,1730228871,1730229680,03:07:51 PM,03:21:20 PM,809
2102286,3339,OXFOGUI1,797,1730228935,1730229732,03:08:55 PM,03:22:12 PM,797
2102286,3339,OXFOFRE1,768,1730228985,1730229753,03:09:45 PM,03:22:33 PM,768
2102286,3339,OXFOJUNI,731,1730229049,1730229780,03:10:49 PM,03:23:00 PM,731
2102286,3339,OXFOLAR1,684,1730229143,1730229827,03:12:23 PM,03:23:47 PM,684
2102286,3339,OXFOCAP1,647,1730229216,1730229863,03:13:36 PM,03:24:23 PM,647
2102286,3339,OXFOWON1,682,1730229300,1730229982,03:15:00 PM,03:26:22 PM,682
2102286,3339,OXFOPRO1,686,1730229347,1730230033,03:15:47 PM,03:27:13 PM,686
2102286,3339,OXFOBEA1,661,1730229422,1730230083,03:17:02 PM,03:28:03 PM,661
2102286,3339,OXFOCHE1,655,1730229465,1730230120,03:17:45 PM,03:28:40 PM,655
2102286,3339,OXFOCHE3,668,1730229482,1730230150,03:18:02 PM,03:29:10 PM,668
2102286,3339,OXFOBRI1,697,1730229540,1730230237,03:19:00 PM,03:30:37 PM,697
2102286,3339,OXFORAT1,644,1730229619,1730230263,03:20:19 PM,03:31:03 PM,644
2102286,3339,OXFOWHA1,613,1730229704,1730230317,03:21:44 PM,03:31:57 PM,613
2102286,3339,OXFOANDR,600,1730229736,1730230336,03:22:16 PM,03:32:16 PM,600
2102286,3339,OXFOTAL1,560,1730229840,1730230400,03:24:00 PM,03:33:20 PM,560
2102286,3339,OXFOGEO1,534,1730229896,1730230430,03:24:56 PM,03:33:50 PM,534
2102286,3339,OXFORIC1,611,1730229960,1730230571,03:26:00 PM,03:36:11 PM,611
2102286,3339,OXFOWEL1,606,1730229985,1730230591,03:26:25 PM,03:36:31 PM,606
2102286,3339,OXFOWAT1,599,1730230029,1730230628,03:27:09 PM,03:37:08 PM,599
2102286,3339,OXFOCOL1,595,1730230072,1730230667,03:27:52 PM,03:37:47 PM,595
2102286,3339,OXFOMAI1,575,1730230125,1730230700,03:28:45 PM,03:38:20 PM,575
2102286,3339,OXFOWIL1,574,1730230161,1730230735,03:29:21 PM,03:38:55 PM,574
2102286,3339,OXFOADE1,624,1730230200,1730230824,03:30:00 PM,03:40:24 PM,624
2102286,3339,OXFOELI1,601,1730230249,1730230850,03:30:49 PM,03:40:50 PM,601
2102286,3339,OXFOELL1,584,1730230292,1730230876,03:31:32 PM,03:41:16 PM,584
2102286,3339,OXFOGAM1,561,1730230346,1730230907,03:32:26 PM,03:41:47 PM,561
2102286,3339,OXFOSTE1,553,1730230387,1730230940,03:33:07 PM,03:42:20 PM,553
2102286,3339,OXFOQUE1,557,1730230411,1730230968,03:33:31 PM,03:42:48 PM,557
2102286,3339,OXFOSTRA,552,1730230450,1730231002,03:34:10 PM,03:43:22 PM,552
2102286,3339,OXFOSPIT,544,1730230497,1730231041,03:34:57 PM,03:44:01 PM,544
2102286,3339,OXFOCLE1,536,1730230540,1730231076,03:35:40 PM,03:44:36 PM,536
2102286,3339,OXFOEMPI,573,1730230586,1730231159,03:36:26 PM,03:45:59 PM,573
2102286,3339,OXFOMORN,,,,,,
2102286,3339,OXFOHIG1,,,,,,
2102286,3339,OXFOHIG3,,,,,,
2102286,3339,FANCOLL1,825,1730230800,1730231625,03:40:00 PM,03:53:45 PM,825
2102286,3339,OXFOSEC1,839,1730230854,1730231693,03:40:54 PM,03:54:53 PM,839
2102286,3339,OXFOTHI1,838,1730230901,1730231739,03:41:41 PM,03:55:39 PM,838
2102286,3339,THIROXF2,834,1730230933,1730231767,03:42:13 PM,03:56:07 PM,834
2102286,3339,THIROFO2,827,1730230956,1730231783,03:42:36 PM,03:56:23 PM,827
2102286,3339,THIRCUL2,854,1730230980,1730231834,03:43:00 PM,03:57:14 PM,854
2102286,3339,CULVTHR1,855,1730231001,1730231856,03:43:21 PM,03:57:36 PM,855
2102286,3339,CULVCUL1,844,1730231045,1730231889,03:44:05 PM,03:58:09 PM,844
2102286,3339,CULVCUL3,843,1730231074,1730231917,03:44:34 PM,03:58:37 PM,843
2102286,3339,CULVCUL5,830,1730231121,1730231951,03:45:21 PM,03:59:11 PM,830
2102286,3339,CULVCLA1,822,1730231170,1730231992,03:46:10 PM,03:59:52 PM,822
2102286,3339,CLARCULV,807,1730231216,1730232023,03:46:56 PM,04:00:23 PM,807
2102286,3339,CLARHERB,803,1730231242,1730232045,03:47:22 PM,04:00:45 PM,803
2102286,3339,CLARPKH2,801,1730231257,1730232058,03:47:37 PM,04:00:58 PM,801
2102286,3339,CLARAVA2,788,1730231300,1730232088,03:48:20 PM,04:01:28 PM,788
2102286,3339,CLARDUN2,819,1730231337,1730232156,03:48:57 PM,04:02:36 PM,819
2102286,3339,CLARWHI2,813,1730231379,1730232192,03:49:39 PM,04:03:12 PM,813
2102286,3339,ARGYMAL2,749,1730231460,1730232209,03:51:00 PM,04:03:29 PM,749
2101633,3340,ADELQUEE,263,1730228942,1730229205,03:09:02 PM,03:13:25 PM,263
2101633,3340,ADELDUN2,277,1730229000,1730229277,03:10:00 PM,03:14:37 PM,277
2101633,3340,ADELHAMI,281,1730229120,1730229401,03:12:00 PM,03:16:41 PM,281
2101633,3340,ADELHIL2,256,1730229161,1730229417,03:12:41 PM,03:16:57 PM,256
2101633,3340,ADELNEL2,226,1730229222,1730229448,03:13:42 PM,03:17:28 PM,226
2101633,3340,ADELADA2,190,1730229284,1730229474,03:14:44 PM,03:17:54 PM,190
2101633,3340,ADELEDNA,156,1730229343,1730229499,03:15:43 PM,03:18:19 PM,156
2101633,3340,ADELTHO4,142,1730229431,1730229573,03:17:11 PM,03:19:33 PM,142
2101633,3340,ADELTHO6,116,1730229469,1730229585,03:17:49 PM,03:19:45 PM,116
2101633,3340,ADELTHO2,92,1730229509,1730229601,03:18:29 PM,03:20:01 PM,92
2101633,3340,ADELTHO8,71,1730229545,1730229616,03:19:05 PM,03:20:16 PM,71
2101633,3340,ADELLEA2,45,1730229594,1730229639,03:19:54 PM,03:20:39 PM,45
2101633,3340,COMMADE1,60,1730229660,1730229720,03:21:00 PM,03:22:00 PM,60
2101633,3340,COMMLEA1,49,1730229685,1730229734,03:21:25 PM,03:22:14 PM,49
2101633,3340,COMMFRO1,32,1730229734,1730229766,03:22:14 PM,03:22:46 PM,32
2101633,3340,COMMKIE1,24,1730229762,1730229786,03:22:42 PM,03:23:06 PM,24
2101633,3340,COMMPOM1,20,1730229806,1730229826,03:23:26 PM,03:23:46 PM,20
2101633,3340,COMMPOM1,80,1730229806,1730229886,03:23:26 PM,03:24:46 PM,80
2101633,3340,PONDDEV2,80,1730229831,1730229911,03:23:51 PM,03:25:11 PM,80
2101633,3340,PONDBAN2,85,1730229858,1730229943,03:24:18 PM,03:25:43 PM,85
2101633,3340,DEVEPOND,77,1730229889,1730229966,03:24:49 PM,03:26:06 PM,77
2101633,3340,DEVEGLEN,72,1730229935,1730230007,03:25:35 PM,03:26:47 PM,72
2101633,3340,DEVELYSA,61,1730229980,1730230041,03:26:20 PM,03:27:21 PM,61
2101633,3340,DEVEBANB,44,1730230020,1730230064,03:27:00 PM,03:27:44 PM,44
2101633,3340,DEVECOM1,44,1730230060,1730230104,03:27:40 PM,03:28:24 PM,44
2101633,3340,COMMDEV4,-25,1730230140,1730230115,03:29:00 PM,03:28:35 PM,-25
2101707,3340,COMMDEV4,0,1730230440,1730230440,03:34:00 PM,03:34:00 PM,0
2101707,3340,COMMPOM4,0,1730230497,1730230497,03:34:57 PM,03:34:57 PM,0
2101707,3340,COMMKIE2,-24,1730230551,1730230527,03:35:51 PM,03:35:27 PM,-24
2101707,3340,COMMFRO2,-34,1730230591,1730230557,03:36:31 PM,03:35:57 PM,-34
2101707,3340,COMMLEA2,-46,1730230631,1730230585,03:37:11 PM,03:36:25 PM,-46
2101707,3340,COMMADE2,-51,1730230655,1730230604,03:37:35 PM,03:36:44 PM,-51
2101707,3340,ADELLEA1,-67,1730230705,1730230638,03:38:25 PM,03:37:18 PM,-67
2101707,3340,ADELLEA3,-83,1730230758,1730230675,03:39:18 PM,03:37:55 PM,-83
2101707,3340,ADELLEA5,-89,1730230777,1730230688,03:39:37 PM,03:38:08 PM,-89
2101707,3340,ADELLEA7,-109,1730230812,1730230703,03:40:12 PM,03:38:23 PM,-109
2101707,3340,ADELTHO1,0,1730230860,1730230860,03:41:00 PM,03:41:00 PM,0
2101707,3340,ADELMAUD,0,1730230896,1730230896,03:41:36 PM,03:41:36 PM,0
2101707,3340,ADELTERR,-4,1730230934,1730230930,03:42:14 PM,03:42:10 PM,-4
2101707,3340,ADELADA1,-13,1730230956,1730230943,03:42:36 PM,03:42:23 PM,-13
2101707,3340,ADELNEL1,-23,1730231012,1730230989,03:43:32 PM,03:43:09 PM,-23
2101707,3340,ADELHIL1,-21,1730231050,1730231029,03:44:10 PM,03:43:49 PM,-21
2101707,3340,ADELLISI,0,1730231100,1730231100,03:45:00 PM,03:45:00 PM,0
2101707,3340,ADELDUN1,0,1730231280,1730231280,03:48:00 PM,03:48:00 PM,0
2101707,3340,ADELLORN,-67,1730231378,1730231311,03:49:38 PM,03:48:31 PM,-67
2101707,3340,ADELCEN1,-102,1730231449,1730231347,03:50:49 PM,03:49:07 PM,-102
2101707,3340,ADELMCMA,,,,,,
2101707,3340,ADELPIC1,-176,1730231584,1730231408,03:53:04 PM,03:50:08 PM,-176
2101707,3340,ADELOXF1,0,1730231640,1730231640,03:54:00 PM,03:54:00 PM,0
2101707,3340,ADELSJA1,-17,1730231670,1730231653,03:54:30 PM,03:54:13 PM,-17
2101707,3340,ADELGRO1,-38,1730231716,1730231678,03:55:16 PM,03:54:38 PM,-38
2101707,3340,ADELCHE1,32,1730231760,1730231792,03:56:00 PM,03:56:32 PM,32
2101707,3340,ADELVIC1,13,1730231795,1730231808,03:56:35 PM,03:56:48 PM,13
2101707,3340,ADELREG1,13,1730231849,1730231862,03:57:29 PM,03:57:42 PM,13
2101707,3340,ADELHUR1,22,1730231887,1730231909,03:58:07 PM,03:58:29 PM,22
2101707,3340,ADELHUR5,-7,1730231953,1730231946,03:59:13 PM,03:59:06 PM,-7
2101707,3340,ADELKIP1,-1,1730231999,1730231998,03:59:59 PM,03:59:58 PM,-1
2101707,3340,ADELWIN1,-59,1730232110,1730232051,04:01:50 PM,04:00:51 PM,-59
2101707,3340,ADELGLEN,-107,1730232223,1730232116,04:03:43 PM,04:01:56 PM,-107
2101707,3340,ADELTENN,-103,1730232251,1730232148,04:04:11 PM,04:02:28 PM,-103
2101707,3340,FANSADE4,0,1730232360,1730232360,04:06:00 PM,04:06:00 PM,0
2101707,3340,FANSSTO2,-17,1730232396,1730232379,04:06:36 PM,04:06:19 PM,-17
2101707,3340,FANSHAS2,-30,1730232494,1730232464,04:08:14 PM,04:07:44 PM,-30
2101707,3340,FANSJEN2,-23,1730232529,1730232506,04:08:49 PM,04:08:26 PM,-23
2101707,3340,FANSJEN4,-17,1730232555,1730232538,04:09:15 PM,04:08:58 PM,-17
2101707,3340,FANSNCR2,-9,1730232594,1730232585,04:09:54 PM,04:09:45 PM,-9
2101707,3340,MASOSTO6,-13,1730232660,1730232647,04:11:00 PM,04:10:47 PM,-13
2106565,3341,OXFOHIG3,,,,,,
2106565,3341,FANCOLL1,797,1730228520,1730229317,03:02:00 PM,03:15:17 PM,797
2106615,3341,FANCOLL1,752,1730228940,1730229692,03:09:00 PM,03:21:32 PM,752
2106615,3341,OXFOHIG2,,,,,,
2106615,3341,OXFOGAM2,926,1730229296,1730230222,03:14:56 PM,03:30:22 PM,926
2106615,3341,OXFOADE2,962,1730229420,1730230382,03:17:00 PM,03:33:02 PM,962
2106615,3341,OXFORIC2,925,1730229660,1730230585,03:21:00 PM,03:36:25 PM,925
2106615,3341,OXFOFERN,973,1730229832,1730230805,03:23:52 PM,03:40:05 PM,973
2106615,3341,OXFOPLAT,974,1730229930,1730230904,03:25:30 PM,03:41:44 PM,974
2106615,3341,OXFOPRO2,917,1730230146,1730231063,03:29:06 PM,03:44:23 PM,917
2106615,3341,OXFOWON2,959,1730230217,1730231176,03:30:17 PM,03:46:16 PM,959
2106615,3341,CAPUOXFO,808,1730230380,1730231188,03:33:00 PM,03:46:28 PM,808
2107734,3343,HORTRIC2,1496,1730227735,1730229231,02:48:55 PM,03:13:51 PM,1496
2107734,3343,RIDOHORT,1463,1730227824,1730229287,02:50:24 PM,03:14:47 PM,1463
2107734,3343,RIDOCRA2,1409,1730227910,1730229319,02:51:50 PM,03:15:19 PM,1409
2107734,3343,RIDOELMW,1390,1730227959,1730229349,02:52:39 PM,03:15:49 PM,1390
2107734,3343,GRANRIDO,1330,1730228040,1730229370,02:54:00 PM,03:16:10 PM,1330
2107712,3343,GRANRIDO,1390,1730228040,1730229430,02:54:00 PM,03:17:10 PM,1390
2107712,3343,CARFGRAN,1331,1730228115,1730229446,02:55:15 PM,03:17:26 PM,1331
2107712,3343,CARFCAR1,1300,1730228176,1730229476,02:56:16 PM,03:17:56 PM,1300
2107712,3343,RICHSIM1,1244,1730228260,1730229504,02:57:40 PM,03:18:24 PM,1244
2107712,3343,RICHHOT1,1234,1730228317,1730229551,02:58:37 PM,03:19:11 PM,1234
2107712,3343,RICHKIN1,1238,1730228400,1730229638,03:00:00 PM,03:20:38 PM,1238
2107712,3343,RICHQUEE,1137,1730228580,1730229717,03:03:00 PM,03:21:57 PM,1137
2107712,3343,RICHKEN1,1067,1730228683,1730229750,03:04:43 PM,03:22:30 PM,1067
2107712,3343,RICHHYM1,1022,1730228776,1730229798,03:06:16 PM,03:23:18 PM,1022
2107712,3343,RICHPALL,998,1730228830,1730229828,03:07:10 PM,03:23:48 PM,998
2107712,3343,OXFORIC1,982,1730228940,1730229922,03:09:00 PM,03:25:22 PM,982
2107712,3343,OXFOWEL1,966,1730228965,1730229931,03:09:25 PM,03:25:31 PM,966
2107712,3343,OXFOWAT1,955,1730229009,1730229964,03:10:09 PM,03:26:04 PM,955
2107712,3343,OXFOCOL1,942,1730229052,1730229994,03:10:52 PM,03:26:34 PM,942
2107712,3343,OXFOMAI1,919,1730229105,1730230024,03:11:45 PM,03:27:04 PM,919
2107712,3343,OXFOWIL1,908,1730229141,1730230049,03:12:21 PM,03:27:29 PM,908
2107712,3343,OXFOADE1,961,1730229180,1730230141,03:13:00 PM,03:29:01 PM,961
2107712,3343,OXFOELI1,936,1730229229,1730230165,03:13:49 PM,03:29:25 PM,936
2107712,3343,OXFOELL1,913,1730229272,1730230185,03:14:32 PM,03:29:45 PM,913
2107712,3343,OXFOGAM1,893,1730229326,1730230219,03:15:26 PM,03:30:19 PM,893
2107712,3343,OXFOSTE1,888,1730229367,1730230255,03:16:07 PM,03:30:55 PM,888
2107712,3343,OXFOQUE1,891,1730229391,1730230282,03:16:31 PM,03:31:22 PM,891
2107712,3343,OXFOSTRA,878,1730229430,1730230308,03:17:10 PM,03:31:48 PM,878
2107712,3343,OXFOSPIT,863,1730229477,1730230340,03:17:57 PM,03:32:20 PM,863
2107712,3343,OXFOCLE1,844,1730229520,1730230364,03:18:40 PM,03:32:44 PM,844
2107712,3343,OXFOEMPI,862,1730229566,1730230428,03:19:26 PM,03:33:48 PM,862
2107712,3343,OXFOMORN,,,,,,
2107712,3343,OXFOHIG1,,,,,,
2107712,3343,OXFOHIG3,,,,,,
2107712,3343,FANCOLL2,927,1730229780,1730230707,03:23:00 PM,03:38:27 PM,927
2107735,3344,OXFOADE2,454,1730228820,1730229274,03:07:00 PM,03:14:34 PM,454
2107735,3344,OXFOWIL2,429,1730228865,1730229294,03:07:45 PM,03:14:54 PM,429
2107735,3344,OXFOMAI2,396,1730228916,1730229312,03:08:36 PM,03:15:12 PM,396
2107735,3344,OXFOCOL2,373,1730228957,1730229330,03:09:17 PM,03:15:30 PM,373
2107735,3344,OXFOWAT2,356,1730229003,1730229359,03:10:03 PM,03:15:59 PM,356
2107735,3344,OXFOWEL2,329,1730229058,1730229387,03:10:58 PM,03:16:27 PM,329
2107735,3344,RICHOXF2,369,1730229120,1730229489,03:12:00 PM,03:18:09 PM,369
2107735,3344,RICHMILL,340,1730229181,1730229521,03:13:01 PM,03:18:41 PM,340
2107735,3344,RICHCENT,329,1730229268,1730229597,03:14:28 PM,03:19:57 PM,329
2107735,3344,RICHKEN2,300,1730229327,1730229627,03:15:27 PM,03:20:27 PM,300
2107735,3344,RICHDUF2,301,1730229362,1730229663,03:16:02 PM,03:21:03 PM,301
2107735,3344,RICHQUE1,343,1730229420,1730229763,03:17:00 PM,03:22:43 PM,343
2107735,3344,RICHKIN4,270,1730229540,1730229810,03:19:00 PM,03:23:30 PM,270
2107735,3344,HORTRIC2,220,1730229655,1730229875,03:20:55 PM,03:24:35 PM,220
2107735,3344,RIDOHORT,191,1730229744,1730229935,03:22:24 PM,03:25:35 PM,191
2107735,3344,RIDOCRA2,137,1730229830,1730229967,03:23:50 PM,03:26:07 PM,137
2107735,3344,RIDOELMW,118,1730229879,1730229997,03:24:39 PM,03:26:37 PM,118
2107735,3344,GRANRIDO,58,1730229960,1730230018,03:26:00 PM,03:26:58 PM,58
2107713,3344,GRANRIDO,118,1730229960,1730230078,03:26:00 PM,03:27:58 PM,118
2107713,3344,CARFGRAN,59,1730230035,1730230094,03:27:15 PM,03:28:14 PM,59
2107713,3344,CARFCAR1,59,1730230096,1730230155,03:28:16 PM,03:29:15 PM,59
2107713,3344,RICHSIM1,3,1730230180,1730230183,03:29:40 PM,03:29:43 PM,3
2107713,3344,RICHHOT1,-7,1730230237,1730230230,03:30:37 PM,03:30:30 PM,-7
2107713,3344,RICHKIN1,0,1730230320,1730230320,03:32:00 PM,03:32:00 PM,0
2107713,3344,RICHQUEE,0,1730230500,1730230500,03:35:00 PM,03:35:00 PM,0
2107713,3344,RICHKEN1,-70,1730230603,1730230533,03:36:43 PM,03:35:33 PM,-70
2107713,3344,RICHHYM1,-113,1730230696,1730230583,03:38:16 PM,03:36:23 PM,-113
2107713,3344,RICHPALL,-132,1730230750,1730230618,03:39:10 PM,03:36:58 PM,-132
2107713,3344,OXFORIC1,0,1730230860,1730230860,03:41:00 PM,03:41:00 PM,0
2107713,3344,OXFOWEL1,-15,1730230885,1730230870,03:41:25 PM,03:41:10 PM,-15
2107713,3344,OXFOWAT1,-29,1730230929,1730230900,03:42:09 PM,03:41:40 PM,-29
2107713,3344,OXFOCOL1,-43,1730230972,1730230929,03:42:52 PM,03:42:09 PM,-43
2107713,3344,OXFOMAI1,-66,1730231025,1730230959,03:43:45 PM,03:42:39 PM,-66
2107713,3344,OXFOWIL1,-77,1730231061,1730230984,03:44:21 PM,03:43:04 PM,-77
2107713,3344,OXFOADE1,0,1730231100,1730231100,03:45:00 PM,03:45:00 PM,0
2107713,3344,OXFOELI1,-25,1730231149,1730231124,03:45:49 PM,03:45:24 PM,-25
2107713,3344,OXFOELL1,-47,1730231192,1730231145,03:46:32 PM,03:45:45 PM,-47
2107713,3344,OXFOGAM1,-67,1730231246,1730231179,03:47:26 PM,03:46:19 PM,-67
2107713,3344,OXFOSTE1,-72,1730231287,1730231215,03:48:07 PM,03:46:55 PM,-72
2107713,3344,OXFOQUE1,-69,1730231311,1730231242,03:48:31 PM,03:47:22 PM,-69
2107713,3344,OXFOSTRA,-82,1730231350,1730231268,03:49:10 PM,03:47:48 PM,-82
2107713,3344,OXFOSPIT,-97,1730231397,1730231300,03:49:57 PM,03:48:20 PM,-97
2107713,3344,OXFOCLE1,-116,1730231440,1730231324,03:50:40 PM,03:48:44 PM,-116
2107713,3344,OXFOEMPI,-95,1730231486,1730231391,03:51:26 PM,03:49:51 PM,-95
2107713,3344,OXFOMORN,,,,,,
2107713,3344,OXFOHIG1,,,,,,
2107713,3344,OXFOHIG3,,,,,,
2107713,3344,FANCOLL2,-25,1730231700,1730231675,03:55:00 PM,03:54:35 PM,-25
2100386,3346,RICHJACK,5,1730226238,1730226243,02:23:58 PM,02:24:03 PM,5
2100386,3346,RICHSHAV,18,1730226276,1730226294,02:24:36 PM,02:24:54 PM,18
2100386,3346,RICHWES2,1,1730226320,1730226321,02:25:20 PM,02:25:21 PM,1
2100386,3346,RICHWES4,-5,1730226342,1730226337,02:25:42 PM,02:25:37 PM,-5
2100386,3346,RICHWYND,-24,1730226375,1730226351,02:26:15 PM,02:25:51 PM,-24
2100386,3346,WINDRIC2,-52,1730226445,1730226393,02:27:25 PM,02:26:33 PM,-52
2100386,3346,PERTWIN2,-59,1730226488,1730226429,02:28:08 PM,02:27:09 PM,-59
2100386,3346,SOUTWIL1,-30,1730228743,1730228713,03:05:43 PM,03:05:13 PM,-30
2100386,3346,SOUTADE1,-39,1730228821,1730228782,03:07:01 PM,03:06:22 PM,-39
2100386,3346,MILLSDA1,-30,1730228855,1730228825,03:07:35 PM,03:07:05 PM,-30
2100386,3346,MILLDOWN,-36,1730228879,1730228843,03:07:59 PM,03:07:23 PM,-36
2100386,3346,MILLSTAN,-44,1730228904,1730228860,03:08:24 PM,03:07:40 PM,-44
2100386,3346,MILLSHA3,-52,1730228931,1730228879,03:08:51 PM,03:07:59 PM,-52
2100386,3346,MILLPAR1,-70,1730228985,1730228915,03:09:45 PM,03:08:35 PM,-70
2100386,3346,MILLSHA2,-88,1730229032,1730228944,03:10:32 PM,03:09:04 PM,-88
2100386,3346,MILLSDA4,-107,1730229110,1730229003,03:11:50 PM,03:10:03 PM,-107
2100386,3346,MILLDUD2,-107,1730229135,1730229028,03:12:15 PM,03:10:28 PM,-107
2100386,3346,MILLASHB,-109,1730229173,1730229064,03:12:53 PM,03:11:04 PM,-109
2100386,3346,MILLBEX2,-114,1730229196,1730229082,03:13:16 PM,03:11:22 PM,-114
2100386,3346,MILLBEX4,-120,1730229231,1730229111,03:13:51 PM,03:11:51 PM,-120
2100386,3346,ASHBMIL2,-127,1730229275,1730229148,03:14:35 PM,03:12:28 PM,-127
2100386,3346,ASHBSUR1,-130,1730229310,1730229180,03:15:10 PM,03:13:00 PM,-130
2100386,3346,DOWASH2,-133,1730229332,1730229199,03:15:32 PM,03:13:19 PM,-133
2100386,3346,OSGOWOO2,-136,1730229368,1730229232,03:16:08 PM,03:13:52 PM,-136
2100386,3346,ADELOSG1,0,1730229420,1730229420,03:17:00 PM,03:17:00 PM,0
2100386,3346,OSGOKIN2,-17,1730229456,1730229439,03:17:36 PM,03:17:19 PM,-17
2100386,3346,OSGOKIN4,-31,1730229486,1730229455,03:18:06 PM,03:17:35 PM,-31
2100386,3346,OSGOFITZ,-49,1730229521,1730229472,03:18:41 PM,03:17:52 PM,-49
2100386,3346,OSGOBRE2,-62,1730229557,1730229495,03:19:17 PM,03:18:15 PM,-62
2100386,3346,WILLOSG2,-71,1730229596,1730229525,03:19:56 PM,03:18:45 PM,-71
2100386,3346,DEARWILL,-82,1730229647,1730229565,03:20:47 PM,03:19:25 PM,-82
2100386,3346,DEARDUL2,-89,1730229678,1730229589,03:21:18 PM,03:19:49 PM,-89
2100386,3346,BRADDEAR,-70,1730229729,1730229659,03:22:09 PM,03:20:59 PM,-70
2100386,3346,WELLBRA2,14,1730229768,1730229782,03:22:48 PM,03:23:02 PM,14
2100386,3346,WHITOMA1,-44,1730229840,1730229796,03:24:00 PM,03:23:16 PM,-44
2100460,3346,WHITOMA1,133,1730230560,1730230693,03:36:00 PM,03:38:13 PM,133
2100460,3346,WELLBRA1,,,,,,
2100460,3346,WELLMON1,,,,,,
2100460,3346,WELLSDA1,,,,,,
2100460,3346,WELLCRES,,,,,,
2100460,3346,WELLCRE2,,,,,,
2100460,3346,WELLWIL1,,,,,,
2100460,3346,WELLWIL3,-65,1730231032,1730230967,03:43:52 PM,03:42:47 PM,-65
2100460,3346,WELLWAT1,-64,1730231067,1730231003,03:44:27 PM,03:43:23 PM,-64
2100460,3346,WELLCOM1,-78,1730231113,1730231035,03:45:13 PM,03:43:55 PM,-78
2100460,3346,WELLBAS1,0,1730231160,1730231160,03:46:00 PM,03:46:00 PM,0
2100460,3346,WELLCHES,-39,1730231238,1730231199,03:47:18 PM,03:46:39 PM,-39
2100460,3346,WELLALEX,-82,1730231313,1730231231,03:48:33 PM,03:47:11 PM,-82
2100460,3346,WELLBOND,-115,1730231366,1730231251,03:49:26 PM,03:47:31 PM,-115
2100460,3346,WELLMCL1,-147,1730231422,1730231275,03:50:22 PM,03:47:55 PM,-147
2100460,3346,GRANHIG2,-112,1730231509,1730231397,03:51:49 PM,03:49:57 PM,-112
2100460,3346,GRANHIG4,-131,1730231544,1730231413,03:52:24 PM,03:50:13 PM,-131
2100460,3346,CARFGRAN,-156,1730231597,1730231441,03:53:17 PM,03:50:41 PM,-156
2100460,3346,CARFCAR1,-184,1730231654,1730231470,03:54:14 PM,03:51:10 PM,-184
2100460,3346,RICHSIM1,-233,1730231732,1730231499,03:55:32 PM,03:51:39 PM,-233
2100460,3346,RICHHOT3,-189,1730231767,1730231578,03:56:07 PM,03:52:58 PM,-189
2100460,3346,RICHKIN1,-170,1730231860,1730231690,03:57:40 PM,03:54:50 PM,-170
2100460,3346,RICHQUEE,-209,1730231940,1730231731,03:59:00 PM,03:55:31 PM,-209
2100460,3346,RICHQUEE,144,1730231940,1730232084,03:59:00 PM,04:01:24 PM,144
2100460,3346,RICHKEN1,75,1730232042,1730232117,04:00:42 PM,04:01:57 PM,75
2100460,3346,RICHHYM1,39,1730232134,1730232173,04:02:14 PM,04:02:53 PM,39
2100460,3346,RICHPALL,31,1730232187,1730232218,04:03:07 PM,04:03:38 PM,31
2100460,3346,RICHOXF1,66,1730232300,1730232366,04:05:00 PM,04:06:06 PM,66
2100460,3346,RICHJAM1,40,1730232340,1730232380,04:05:40 PM,04:06:20 PM,40
2100460,3346,RICHGRO1,9,1730232406,1730232415,04:06:46 PM,04:06:55 PM,9
2100460,3346,RICHCHE1,0,1730232445,1730232445,04:07:25 PM,04:07:25 PM,0
2100460,3346,RICHVIC1,-22,1730232499,1730232477,04:08:19 PM,04:07:57 PM,-22
2100460,3346,RICHREG1,-50,1730232553,1730232503,04:09:13 PM,04:08:23 PM,-50
2100460,3346,RICHHUR1,-69,1730232597,1730232528,04:09:57 PM,04:08:48 PM,-69
2100460,3346,UNIVRIC2,-69,1730232667,1730232598,04:11:07 PM,04:09:58 PM,-69
2100460,3346,UNIVSUN2,-83,1730232729,1730232646,04:12:09 PM,04:10:46 PM,-83
2100460,3346,DELAHALL,0,1730232840,1730232840,04:14:00 PM,04:14:00 PM,0
2100460,3346,UNIVHOS1,-27,1730232978,1730232951,04:16:18 PM,04:15:51 PM,-27
2100460,3346,PERTWIN1,-34,1730233010,1730232976,04:16:50 PM,04:16:16 PM,-34
2100460,3346,RICHWIN1,-27,1730233092,1730233065,04:18:12 PM,04:17:45 PM,-27
2100460,3346,RICHWEC1,-53,1730233138,1730233085,04:18:58 PM,04:18:05 PM,-53
2100460,3346,RICHCANT,-70,1730233181,1730233111,04:19:41 PM,04:18:31 PM,-70
2100460,3346,RICHSUNN,-67,1730233255,1730233188,04:20:55 PM,04:19:48 PM,-67
2100460,3346,MASOSTO5,-162,1730233380,1730233218,04:23:00 PM,04:20:18 PM,-162
2102345,3347,OXFOPRO2,1191,1730228023,1730229214,02:53:43 PM,03:13:34 PM,1191
2102345,3347,OXFOWON2,1245,1730228100,1730229345,02:55:00 PM,03:15:45 PM,1245
2102345,3347,OXFOCAP2,1223,1730228136,1730229359,02:55:36 PM,03:15:59 PM,1223
2102345,3347,OXFOLAR2,1189,1730228198,1730229387,02:56:38 PM,03:16:27 PM,1189
2102345,3347,OXFOGUI2,1156,1730228261,1730229417,02:57:41 PM,03:16:57 PM,1156
2102345,3347,OXFOFRE2,1124,1730228319,1730229443,02:58:39 PM,03:17:23 PM,1124
2102345,3347,OXFOGUI3,1101,1730228366,1730229467,02:59:26 PM,03:17:47 PM,1101
2102345,3347,OXFOFID2,1096,1730228402,1730229498,03:00:02 PM,03:18:18 PM,1096
2102345,3347,OXFOHYD2,1157,1730228460,1730229617,03:01:00 PM,03:20:17 PM,1157
2102345,3347,OXFOROY2,1144,1730228486,1730229630,03:01:26 PM,03:20:30 PM,1144
2102345,3347,OXFOROY4,1122,1730228524,1730229646,03:02:04 PM,03:20:46 PM,1122
2102345,3347,OXFOOLH2,1095,1730228572,1730229667,03:02:52 PM,03:21:07 PM,1095
2102345,3347,SANISUT2,1072,1730228659,1730229731,03:04:19 PM,03:22:11 PM,1072
2102345,3347,SANIPLY2,1054,1730228704,1730229758,03:05:04 PM,03:22:38 PM,1054
2102345,3347,SANIRIV2,1045,1730228723,1730229768,03:05:23 PM,03:22:48 PM,1045
2102345,3347,HALLCOMM,989,1730228820,1730229809,03:07:00 PM,03:23:29 PM,989
2102345,3347,HALLCOMM,779,1730229240,1730230019,03:14:00 PM,03:26:59 PM,779
2102345,3347,COMMSTEP,753,1730229293,1730230046,03:14:53 PM,03:27:26 PM,753
2102345,3347,GRIFCOMM,744,1730229331,1730230075,03:15:31 PM,03:27:55 PM,744
2102345,3347,GRIFHEMO,737,1730229368,1730230105,03:16:08 PM,03:28:25 PM,737
2102345,3347,GRIFNORM,721,1730229416,1730230137,03:16:56 PM,03:28:57 PM,721
2102345,3347,BYBAGRIF,682,1730229480,1730230162,03:18:00 PM,03:29:22 PM,682
2102287,3347,BYBAGRIF,742,1730229480,1730230222,03:18:00 PM,03:30:22 PM,742
2102287,3347,BYBABELV,742,1730229524,1730230266,03:18:44 PM,03:31:06 PM,742
2102287,3347,BYBABYRO,742,1730229596,1730230338,03:19:56 PM,03:32:18 PM,742
2102287,3347,BOLEBASE,768,1730229637,1730230405,03:20:37 PM,03:33:25 PM,768
2102287,3347,BOLEGLEN,732,1730229705,1730230437,03:21:45 PM,03:33:57 PM,732
2102287,3347,BOLECOM1,708,1730229740,1730230448,03:22:20 PM,03:34:08 PM,708
2102287,3347,BOLECOM3,668,1730229780,1730230448,03:23:00 PM,03:34:08 PM,668
2102287,3347,BOLECOM3,728,1730229780,1730230508,03:23:00 PM,03:35:08 PM,728
2102287,3347,SANIRIV1,705,1730229856,1730230561,03:24:16 PM,03:36:01 PM,705
2102287,3347,SANIPLY1,703,1730229867,1730230570,03:24:27 PM,03:36:10 PM,703
2102287,3347,SANISUT1,695,1730229903,1730230598,03:25:03 PM,03:36:38 PM,695
2102287,3347,OXFOSAN1,701,1730229951,1730230652,03:25:51 PM,03:37:32 PM,701
2102287,3347,OXFOOLH1,692,1730229973,1730230665,03:26:13 PM,03:37:45 PM,692
2102287,3347,OXFOROY3,669,1730230015,1730230684,03:26:55 PM,03:38:04 PM,669
2102287,3347,OXFOROY1,660,1730230047,1730230707,03:27:27 PM,03:38:27 PM,660
2102287,3347,OXFOHYD1,718,1730230080,1730230798,03:28:00 PM,03:39:58 PM,718
2102287,3347,OXFOFID1,716,1730230115,1730230831,03:28:35 PM,03:40:31 PM,716
2102287,3347,OXFOGUI1,711,1730230172,1730230883,03:29:32 PM,03:41:23 PM,711
2102287,3347,OXFOFRE1,687,1730230217,1730230904,03:30:17 PM,03:41:44 PM,687
2102287,3347,OXFOJUNI,656,1730230275,1730230931,03:31:15 PM,03:42:11 PM,656
2102287,3347,OXFOLAR1,618,1730230360,1730230978,03:32:40 PM,03:42:58 PM,618
2102287,3347,OXFOCAP1,590,1730230425,1730231015,03:33:45 PM,03:43:35 PM,590
2102287,3347,OXFOWON1,645,1730230500,1730231145,03:35:00 PM,03:45:45 PM,645
2102287,3347,OXFOPRO1,651,1730230547,1730231198,03:35:47 PM,03:46:38 PM,651
2102287,3347,OXFOBEA1,627,1730230622,1730231249,03:37:02 PM,03:47:29 PM,627
2102287,3347,OXFOCHE1,622,1730230665,1730231287,03:37:45 PM,03:48:07 PM,622
2102287,3347,OXFOCHE3,636,1730230682,1730231318,03:38:02 PM,03:48:38 PM,636
2102287,3347,OXFOBRI1,687,1730230740,1730231427,03:39:00 PM,03:50:27 PM,687
2102287,3347,OXFORAT1,632,1730230819,1730231451,03:40:19 PM,03:50:51 PM,632
2102287,3347,OXFOWHA1,601,1730230904,1730231505,03:41:44 PM,03:51:45 PM,601
2102287,3347,OXFOANDR,588,1730230936,1730231524,03:42:16 PM,03:52:04 PM,588
2102287,3347,OXFOTAL1,543,1730231040,1730231583,03:44:00 PM,03:53:03 PM,543
2102287,3347,OXFOGEO1,518,1730231096,1730231614,03:44:56 PM,03:53:34 PM,518
2102287,3347,OXFORIC1,596,1730231160,1730231756,03:46:00 PM,03:55:56 PM,596
2102287,3347,OXFOWEL1,591,1730231185,1730231776,03:46:25 PM,03:56:16 PM,591
2102287,3347,OXFOWAT1,581,1730231229,1730231810,03:47:09 PM,03:56:50 PM,581
2102287,3347,OXFOCOL1,576,1730231272,1730231848,03:47:52 PM,03:57:28 PM,576
2102287,3347,OXFOMAI1,556,1730231325,1730231881,03:48:45 PM,03:58:01 PM,556
2102287,3347,OXFOWIL1,555,1730231361,1730231916,03:49:21 PM,03:58:36 PM,555
2102287,3347,OXFOADE1,605,1730231400,1730232005,03:50:00 PM,04:00:05 PM,605
2102287,3347,OXFOELI1,582,1730231449,1730232031,03:50:49 PM,04:00:31 PM,582
2102287,3347,OXFOELL1,565,1730231492,1730232057,03:51:32 PM,04:00:57 PM,565
2102287,3347,OXFOGAM1,543,1730231546,1730232089,03:52:26 PM,04:01:29 PM,543
2102287,3347,OXFOSTE1,536,1730231587,1730232123,03:53:07 PM,04:02:03 PM,536
2102287,3347,OXFOQUE1,541,1730231611,1730232152,03:53:31 PM,04:02:32 PM,541
2102287,3347,OXFOSTRA,536,1730231650,1730232186,03:54:10 PM,04:03:06 PM,536
2102287,3347,OXFOSPIT,528,1730231697,1730232225,03:54:57 PM,04:03:45 PM,528
2102287,3347,OXFOCLE1,520,1730231740,1730232260,03:55:40 PM,04:04:20 PM,520
2102287,3347,OXFOEMPI,560,1730231786,1730232346,03:56:26 PM,04:05:46 PM,560
2102287,3347,OXFOMORN,,,,,,
2102287,3347,OXFOHIG1,,,,,,
2102287,3347,OXFOHIG3,,,,,,
2102287,3347,FANCOLL1,826,1730232000,1730232826,04:00:00 PM,04:13:46 PM,826
2102287,3347,OXFOSEC1,825,1730232069,1730232894,04:01:09 PM,04:14:54 PM,825
2102287,3347,OXFOTHI1,807,1730232133,1730232940,04:02:13 PM,04:15:40 PM,807
2102287,3347,THIROXF2,791,1730232177,1730232968,04:02:57 PM,04:16:08 PM,791
2102287,3347,THIROFO2,774,1730232209,1730232983,04:03:29 PM,04:16:23 PM,774
2102287,3347,THIRCUL2,789,1730232240,1730233029,04:04:00 PM,04:17:09 PM,789
2102287,3347,CULVTHR1,789,1730232263,1730233052,04:04:23 PM,04:17:32 PM,789
2102287,3347,CULVCUL1,771,1730232313,1730233084,04:05:13 PM,04:18:04 PM,771
2102287,3347,CULVCUL3,768,1730232346,1730233114,04:05:46 PM,04:18:34 PM,768
2102287,3347,CULVCUL5,748,1730232399,1730233147,04:06:39 PM,04:19:07 PM,748
2102287,3347,CULVCLA1,734,1730232454,1730233188,04:07:34 PM,04:19:48 PM,734
2102287,3347,CLARCULV,709,1730232506,1730233215,04:08:26 PM,04:20:15 PM,709
2102287,3347,CLARHERB,698,1730232535,1730233233,04:08:55 PM,04:20:33 PM,698
2102287,3347,CLARPKH2,688,1730232552,1730233240,04:09:12 PM,04:20:40 PM,688
2102287,3347,CLARAVA2,661,1730232600,1730233261,04:10:00 PM,04:21:01 PM,661
2102287,3347,CLARDUN2,717,1730232641,1730233358,04:10:41 PM,04:22:38 PM,717
2102287,3347,CLARWHI2,705,1730232689,1730233394,04:11:29 PM,04:23:14 PM,705
2102287,3347,ARGYMAL2,632,1730232780,1730233412,04:13:00 PM,04:23:32 PM,632
2110307,3348,WELLBRA1,,,,,,
2110307,3348,WELLMON1,,,,,,
2110307,3348,WELLSDA5,,,,,,
2110307,3348,SOUTMONT,,,,,,
2110307,3348,SOUTVER2,43,1730229498,1730229541,03:18:18 PM,03:19:01 PM,43
2110307,3348,SOUTEAS2,30,1730229532,1730229562,03:18:52 PM,03:19:22 PM,30
2110307,3348,SOUTNIX2,17,1730229611,1730229628,03:20:11 PM,03:20:28 PM,17
2110307,3348,SOUTDUL2,2,1730229658,1730229660,03:20:58 PM,03:21:00 PM,2
2110307,3348,SOUTDUN2,0,1730229720,1730229720,03:22:00 PM,03:22:00 PM,0
2110307,3348,SOUTHOME,-23,1730229827,1730229804,03:23:47 PM,03:23:24 PM,-23
2110307,3348,SOUTWHA4,-56,1730229884,1730229828,03:24:44 PM,03:23:48 PM,-56
2110307,3348,SOUTWHA2,-69,1730229934,1730229865,03:25:34 PM,03:24:25 PM,-69
2110307,3348,SOUTNOD2,-114,1730230008,1730229894,03:26:48 PM,03:24:54 PM,-114
2110307,3348,SOUTNOD4,-132,1730230048,1730229916,03:27:28 PM,03:25:16 PM,-132
2110307,3348,SOUTAND2,-164,1730230135,1730229971,03:28:55 PM,03:26:11 PM,-164
2110307,3348,SOUTWON2,-198,1730230219,1730230021,03:30:19 PM,03:27:01 PM,-198
2110307,3348,WONDSDA1,-189,1730230267,1730230078,03:31:07 PM,03:27:58 PM,-189
2110307,3348,WONDPVA1,-219,1730230331,1730230112,03:32:11 PM,03:28:32 PM,-219
2110307,3348,WONDMMA3,-227,1730230359,1730230132,03:32:39 PM,03:28:52 PM,-227
2110307,3348,WONDMMA1,-237,1730230401,1730230164,03:33:21 PM,03:29:24 PM,-237
2110307,3348,WESTMAL6,0,1730230560,1730230560,03:36:00 PM,03:36:00 PM,0
2110307,3348,WONDVIS3,-20,1730230627,1730230607,03:37:07 PM,03:36:47 PM,-20
2110307,3348,WONDVIL1,-28,1730230666,1730230638,03:37:46 PM,03:37:18 PM,-28
2110307,3348,WONDCOM1,-8,1730230726,1730230718,03:38:46 PM,03:38:38 PM,-8
2110307,3348,WONDCOM3,-9,1730230778,1730230769,03:39:38 PM,03:39:29 PM,-9
2110307,3348,WONDTEE1,-53,1730230858,1730230805,03:40:58 PM,03:40:05 PM,-53
2110307,3348,WONDSPR1,0,1730230980,1730230980,03:43:00 PM,03:43:00 PM,0
2110307,3348,WONDRIV1,-121,1730231205,1730231084,03:46:45 PM,03:44:44 PM,-121
2110307,3348,WONDKIW1,-133,1730231242,1730231109,03:47:22 PM,03:45:09 PM,-133
2110307,3348,WONDOXF3,-150,1730231308,1730231158,03:48:28 PM,03:45:58 PM,-150
2110307,3348,WONDOXF1,0,1730231340,1730231340,03:49:00 PM,03:49:00 PM,0
2110307,3348,WONDFAR1,-8,1730231394,1730231386,03:49:54 PM,03:49:46 PM,-8
2110307,3348,WONDFAR3,-1,1730231442,1730231441,03:50:42 PM,03:50:41 PM,-1
2110307,3348,WONDBEA1,-12,1730231515,1730231503,03:51:55 PM,03:51:43 PM,-12
2110307,3348,SARNCAS1,-39,1730231700,1730231661,03:55:00 PM,03:54:21 PM,-39
2110307,3348,SARNCAS1,21,1730231700,1730231721,03:55:00 PM,03:55:21 PM,21
2110307,3348,SARNRIPP,4,1730231763,1730231767,03:56:03 PM,03:56:07 PM,4
2110307,3348,SARNCAS3,-22,1730231835,1730231813,03:57:15 PM,03:56:53 PM,-22
2110307,3348,SARNCOOM,-33,1730231898,1730231865,03:58:18 PM,03:57:45 PM,-33
2110307,3348,SARNWES1,0,1730231940,1730231940,03:59:00 PM,03:59:00 PM,0
2110307,3348,WESTPHA3,-17,1730232033,1730232016,04:00:33 PM,04:00:16 PM,-17
2110307,3348,ALUMHAL1,-59,1730232227,1730232168,04:03:47 PM,04:02:48 PM,-59
2110307,3348,DELAHALL,0,1730232480,1730232480,04:08:00 PM,04:08:00 PM,0
2110307,3348,UNIVHOS1,-47,1730232635,1730232588,04:10:35 PM,04:09:48 PM,-47
2110307,3348,PERTWIN1,-58,1730232671,1730232613,04:11:11 PM,04:10:13 PM,-58
2110307,3348,RICHWIN1,-66,1730232763,1730232697,04:12:43 PM,04:11:37 PM,-66
2110307,3348,RICHWEC1,-99,1730232815,1730232716,04:13:35 PM,04:11:56 PM,-99
2110307,3348,RICHCANT,-25,1730232863,1730232838,04:14:23 PM,04:13:58 PM,-25
2110307,3348,RICHSUNN,-50,1730232946,1730232896,04:15:46 PM,04:14:56 PM,-50
2110307,3348,MASOSTO4,-183,1730233080,1730232897,04:18:00 PM,04:14:57 PM,-183
2110364,3348,MASOSTO4,80,1730233080,1730233160,04:18:00 PM,04:19:20 PM,80
2110364,3348,RICHJACK,39,1730233158,1730233197,04:19:18 PM,04:19:57 PM,39
2110364,3348,RICHSHAV,43,1730233202,1730233245,04:20:02 PM,04:20:45 PM,43
2110364,3348,RICHWES2,25,1730233253,1730233278,04:20:53 PM,04:21:18 PM,25
2110364,3348,RICHWES4,14,1730233279,1730233293,04:21:19 PM,04:21:33 PM,14
2110364,3348,RICHWYND,-10,1730233318,1730233308,04:21:58 PM,04:21:48 PM,-10
2110364,3348,WINDRIC2,-45,1730233400,1730233355,04:23:20 PM,04:22:35 PM,-45
2110364,3348,PERTWIN2,-57,1730233450,1730233393,04:24:10 PM,04:23:13 PM,-57
2110364,3348,UNIVHOS2,-79,1730233508,1730233429,04:25:08 PM,04:23:49 PM,-79
2110364,3348,MIDDPERT,-89,1730233661,1730233572,04:27:41 PM,04:26:12 PM,-89
2110364,3348,NATSCI,-137,1730233740,1730233603,04:29:00 PM,04:26:43 PM,-137
2110364,3348,NATSCI,0,1730234040,1730234040,04:34:00 PM,04:34:00 PM,0
2110364,3348,WESTELG2,0,1730234434,1730234434,04:40:34 PM,04:40:34 PM,0
2110364,3348,WESTLAM2,0,1730234640,1730234640,04:44:00 PM,04:44:00 PM,0
2110364,3348,SARNWES2,0,1730234772,1730234772,04:46:12 PM,04:46:12 PM,0
2110364,3348,SARNBRES,0,1730234900,1730234900,04:48:20 PM,04:48:20 PM,0
2110364,3348,SARNSLEI,0,1730235027,1730235027,04:50:27 PM,04:50:27 PM,0
2110364,3348,SARNLEYT,0,1730235174,1730235174,04:52:54 PM,04:52:54 PM,0
2110364,3348,WONDSAR2,0,1730235360,1730235360,04:56:00 PM,04:56:00 PM,0
2110364,3348,WONDBEA2,0,1730235507,1730235507,04:58:27 PM,04:58:27 PM,0
2110364,3348,WONDFAR4,0,1730235576,1730235576,04:59:36 PM,04:59:36 PM,0
2110364,3348,WONDFAR2,0,1730235611,1730235611,05:00:11 PM,05:00:11 PM,0
2110364,3348,WONDOXF2,0,1730235660,1730235660,05:01:00 PM,05:01:00 PM,0
2110364,3348,WONDOXF4,0,1730235707,1730235707,05:01:47 PM,05:01:47 PM,0
2110364,3348,WONDKIW2,0,1730235762,1730235762,05:02:42 PM,05:02:42 PM,0
2110364,3348,WONDRIV2,0,1730235823,1730235823,05:03:43 PM,05:03:43 PM,0
2110364,3348,WONDSPRI,0,1730236075,1730236075,05:07:55 PM,05:07:55 PM,0
2110364,3348,WONDROSE,0,1730236143,1730236143,05:09:03 PM,05:09:03 PM,0
2110364,3348,WONDCOM2,0,1730236262,1730236262,05:11:02 PM,05:11:02 PM,0
2110364,3348,WONDVIL2,0,1730236305,1730236305,05:11:45 PM,05:11:45 PM,0
2110364,3348,WONDVIS4,0,1730236375,1730236375,05:12:55 PM,05:12:55 PM,0
2110364,3348,WESTMAL4,0,1730236440,1730236440,05:14:00 PM,05:14:00 PM,0
2110364,3348,VISCWON1,0,1730236507,1730236507,05:15:07 PM,05:15:07 PM,0
2110364,3348,VISCWON5,0,1730236545,1730236545,05:15:45 PM,05:15:45 PM,0
2110364,3348,WONDMMA4,0,1730236639,1730236639,05:17:19 PM,05:17:19 PM,0
2110364,3348,WONDMMA2,0,1730236696,1730236696,05:18:16 PM,05:18:16 PM,0
2110364,3348,WONDPVA2,0,1730236758,1730236758,05:19:18 PM,05:19:18 PM,0
2110364,3348,WONDPVA4,0,1730236803,1730236803,05:20:03 PM,05:20:03 PM,0
2110364,3348,SOUTWON1,0,1730236881,1730236881,05:21:21 PM,05:21:21 PM,0
2110364,3348,SOUTSING,0,1730236965,1730236965,05:22:45 PM,05:22:45 PM,0
2110364,3348,SOUTAND1,0,1730237040,1730237040,05:24:00 PM,05:24:00 PM,0
2110364,3348,SOUTSPRI,0,1730237081,1730237081,05:24:41 PM,05:24:41 PM,0
2110364,3348,SOUTNOD1,0,1730237125,1730237125,05:25:25 PM,05:25:25 PM,0
2110364,3348,SOUTNOD3,0,1730237156,1730237156,05:25:56 PM,05:25:56 PM,0
2110364,3348,SOUTWHA1,0,1730237229,1730237229,05:27:09 PM,05:27:09 PM,0
2110364,3348,SOUTWHA3,0,1730237257,1730237257,05:27:37 PM,05:27:37 PM,0
2110364,3348,SOUTWHOK,0,1730237324,1730237324,05:28:44 PM,05:28:44 PM,0
2110364,3348,SOUTJAL1,0,1730237435,1730237435,05:30:35 PM,05:30:35 PM,0
2110364,3348,SOUTDUL1,0,1730237468,1730237468,05:31:08 PM,05:31:08 PM,0
2110364,3348,SOUTNIX1,0,1730237509,1730237509,05:31:49 PM,05:31:49 PM,0
2110364,3348,SOUTVER1,0,1730237610,1730237610,05:33:30 PM,05:33:30 PM,0
2110364,3348,WELLHARL,,,,,,
2110364,3348,WELLMON4,,,,,,
2110364,3348,WELLMON2,,,,,,
2110364,3348,WELLBRA2,0,1730237832,1730237832,05:37:12 PM,05:37:12 PM,0
2110364,3348,WHITOMA3,0,1730237880,1730237880,05:38:00 PM,05:38:00 PM,0
2110364,3348,WHITOMA3,0,1730238300,1730238300,05:45:00 PM,05:45:00 PM,0
2110364,3348,BRADWEL3,0,1730238441,1730238441,05:47:21 PM,05:47:21 PM,0
2110364,3348,BRADWIL1,0,1730238488,1730238488,05:48:08 PM,05:48:08 PM,0
2110364,3348,BRADAGN1,0,1730238514,1730238514,05:48:34 PM,05:48:34 PM,0
2110364,3348,BRADADE1,0,1730238564,1730238564,05:49:24 PM,05:49:24 PM,0
2110364,3348,BRADADE3,0,1730238617,1730238617,05:50:17 PM,05:50:17 PM,0
2110364,3348,ADELOSG5,0,1730238657,1730238657,05:50:57 PM,05:50:57 PM,0
2110364,3348,ADELOSG7,0,1730238699,1730238699,05:51:39 PM,05:51:39 PM,0
2110364,3348,ADELOSG3,0,1730238774,1730238774,05:52:54 PM,05:52:54 PM,0
2110364,3348,SOUTADE1,0,1730238826,1730238826,05:53:46 PM,05:53:46 PM,0
2110364,3348,SOUTMIL5,0,1730238854,1730238854,05:54:14 PM,05:54:14 PM,0
2110364,3348,SOUTMIL3,0,1730238893,1730238893,05:54:53 PM,05:54:53 PM,0
2110364,3348,SOUTMIL1,0,1730238960,1730238960,05:56:00 PM,05:56:00 PM,0
2110364,3348,SOUTKOR1,0,1730239015,1730239015,05:56:55 PM,05:56:55 PM,0
2110364,3348,SOUTPOM1,0,1730239052,1730239052,05:57:32 PM,05:57:32 PM,0
2110364,3348,PONDPONV,0,1730239134,1730239134,05:58:54 PM,05:58:54 PM,0
2110364,3348,PONDMIR3,0,1730239172,1730239172,05:59:32 PM,05:59:32 PM,0
2110364,3348,PONDMIR1,0,1730239200,1730239200,06:00:00 PM,06:00:00 PM,0
2110364,3348,PONDDEV1,0,1730239250,1730239250,06:00:50 PM,06:00:50 PM,0
2110364,3348,PONDBAN1,0,1730239274,1730239274,06:01:14 PM,06:01:14 PM,0
2110364,3348,PONDOLDH,0,1730239340,1730239340,06:02:20 PM,06:02:20 PM,0
2110364,3348,COMMPOM3,0,1730239395,1730239395,06:03:15 PM,06:03:15 PM,0
2110364,3348,COMMDEV1,0,1730239440,1730239440,06:04:00 PM,06:04:00 PM,0
2110364,3348,COMMHIG1,0,1730239492,1730239492,06:04:52 PM,06:04:52 PM,0
2110364,3348,HIGBHAM1,0,1730239728,1730239728,06:08:48 PM,06:08:48 PM,0
2110364,3348,HIGBMAGE,0,1730239751,1730239751,06:09:11 PM,06:09:11 PM,0
2110364,3348,HIGBTRA1,0,1730239798,1730239798,06:09:58 PM,06:09:58 PM,0
2110364,3348,HIGBBRY1,0,1730239860,1730239860,06:11:00 PM,06:11:00 PM,0
2110364,3348,HIGBWIL1,0,1730239927,1730239927,06:12:07 PM,06:12:07 PM,0
2110364,3348,HIGBBEA1,0,1730239993,1730239993,06:13:13 PM,06:13:13 PM,0
2110364,3348,HIGBDUN1,0,1730240100,1730240100,06:15:00 PM,06:15:00 PM,0
2110364,3348,HIGBLPH1,,,,,,
2110364,3348,HIGBOXF1,,,,,,
2110364,3348,HIGBOXF3,,,,,,
2110364,3348,HIGBLAN1,0,1730240399,1730240399,06:19:59 PM,06:19:59 PM,0
2110364,3348,HIGBCHE1,0,1730240440,1730240440,06:20:40 PM,06:20:40 PM,0
2110364,3348,HIGBGOD1,0,1730240485,1730240485,06:21:25 PM,06:21:25 PM,0
2110364,3348,HIGBHURO,0,1730240539,1730240539,06:22:19 PM,06:22:19 PM,0
2110364,3348,HIGBHIC1,0,1730240588,1730240588,06:23:08 PM,06:23:08 PM,0
2110364,3348,HIGBFUL1,0,1730240622,1730240622,06:23:42 PM,06:23:42 PM,0
2110364,3348,FULLVES2,0,1730240699,1730240699,06:24:59 PM,06:24:59 PM,0
2110364,3348,FULLREGA,0,1730240742,1730240742,06:25:42 PM,06:25:42 PM,0
2110364,3348,MCNAMEL2,0,1730240792,1730240792,06:26:32 PM,06:26:32 PM,0
2110364,3348,MELSBRIA,0,1730240824,1730240824,06:27:04 PM,06:27:04 PM,0
2110364,3348,MELSSUSS,0,1730240878,1730240878,06:27:58 PM,06:27:58 PM,0
2110364,3348,BARKHURO,0,1730240940,1730240940,06:29:00 PM,06:29:00 PM,0
2110392,3349,RICHJACK,60,1730228891,1730228951,03:08:11 PM,03:09:11 PM,60
2110392,3349,RICHSHAV,68,1730228931,1730228999,03:08:51 PM,03:09:59 PM,68
2110392,3349,RICHWES2,55,1730228977,1730229032,03:09:37 PM,03:10:32 PM,55
2110392,3349,RICHWES4,47,1730229000,1730229047,03:10:00 PM,03:10:47 PM,47
2110392,3349,RICHWYND,27,1730229035,1730229062,03:10:35 PM,03:11:02 PM,27
2110392,3349,WINDRIC2,0,1730229109,1730229109,03:11:49 PM,03:11:49 PM,0
2110392,3349,PERTWIN2,-7,1730229154,1730229147,03:12:34 PM,03:12:27 PM,-7
2110392,3349,UNIVHOS2,-23,1730229206,1730229183,03:13:26 PM,03:13:03 PM,-23
2110392,3349,MIDDPERT,-19,1730229345,1730229326,03:15:45 PM,03:15:26 PM,-19
2110392,3349,NATSCI,-63,1730229420,1730229357,03:17:00 PM,03:15:57 PM,-63
2110392,3349,NATSCI,0,1730229720,1730229720,03:22:00 PM,03:22:00 PM,0
2110392,3349,WESTELG2,-75,1730229917,1730229842,03:25:17 PM,03:24:02 PM,-75
2110392,3349,WESTLAM2,0,1730230020,1730230020,03:27:00 PM,03:27:00 PM,0
2110392,3349,SARNWES2,83,1730230141,1730230224,03:29:01 PM,03:30:24 PM,83
2110392,3349,SARNBRES,4,1730230259,1730230263,03:30:59 PM,03:31:03 PM,4
2110392,3349,SARNSLEI,-69,1730230375,1730230306,03:32:55 PM,03:31:46 PM,-69
2110392,3349,SARNLEYT,-151,1730230510,1730230359,03:35:10 PM,03:32:39 PM,-151
2110392,3349,WONDSAR2,0,1730230680,1730230680,03:38:00 PM,03:38:00 PM,0
2110392,3349,WONDBEA2,-89,1730230827,1730230738,03:40:27 PM,03:38:58 PM,-89
2110392,3349,WONDFAR4,-89,1730230896,1730230807,03:41:36 PM,03:40:07 PM,-89
2110392,3349,WONDFAR2,-66,1730230931,1730230865,03:42:11 PM,03:41:05 PM,-66
2110392,3349,WONDOXF2,0,1730230980,1730230980,03:43:00 PM,03:43:00 PM,0
2110392,3349,WONDOXF4,-5,1730231019,1730231014,03:43:39 PM,03:43:34 PM,-5
2110392,3349,WONDKIW2,-25,1730231065,1730231040,03:44:25 PM,03:44:00 PM,-25
2110392,3349,WONDRIV2,-52,1730231117,1730231065,03:45:17 PM,03:44:25 PM,-52
2110392,3349,WONDSPRI,-146,1730231330,1730231184,03:48:50 PM,03:46:24 PM,-146
2110392,3349,WONDROSE,-163,1730231388,1730231225,03:49:48 PM,03:47:05 PM,-163
2110392,3349,WONDCOM2,-138,1730231488,1730231350,03:51:28 PM,03:49:10 PM,-138
2110392,3349,WONDVIL2,-133,1730231525,1730231392,03:52:05 PM,03:49:52 PM,-133
2110392,3349,WONDVIS4,-142,1730231584,1730231442,03:53:04 PM,03:50:42 PM,-142
2110392,3349,WESTMAL4,0,1730231640,1730231640,03:54:00 PM,03:54:00 PM,0
2110392,3349,VISCWON1,-2,1730231700,1730231698,03:55:00 PM,03:54:58 PM,-2
2110392,3349,VISCWON5,-15,1730231734,1730231719,03:55:34 PM,03:55:19 PM,-15
2110392,3349,WONDMMA4,-52,1730231818,1730231766,03:56:58 PM,03:56:06 PM,-52
2110392,3349,WONDMMA2,-69,1730231869,1730231800,03:57:49 PM,03:56:40 PM,-69
2110392,3349,WONDPVA2,-70,1730231925,1730231855,03:58:45 PM,03:57:35 PM,-70
2110392,3349,WONDPVA4,-91,1730231966,1730231875,03:59:26 PM,03:57:55 PM,-91
2110392,3349,SOUTWON1,-79,1730232036,1730231957,04:00:36 PM,03:59:17 PM,-79
2110392,3349,SOUTSING,-138,1730232111,1730231973,04:01:51 PM,03:59:33 PM,-138
2110392,3349,SOUTAND1,0,1730232180,1730232180,04:03:00 PM,04:03:00 PM,0
2110392,3349,SOUTSPRI,-17,1730232218,1730232201,04:03:38 PM,04:03:21 PM,-17
2110392,3349,SOUTNOD1,-28,1730232258,1730232230,04:04:18 PM,04:03:50 PM,-28
2110392,3349,SOUTNOD3,-49,1730232287,1730232238,04:04:47 PM,04:03:58 PM,-49
2110392,3349,SOUTWHA1,-26,1730232355,1730232329,04:05:55 PM,04:05:29 PM,-26
2110392,3349,SOUTWHA3,-35,1730232381,1730232346,04:06:21 PM,04:05:46 PM,-35
2110392,3349,SOUTWHOK,-57,1730232443,1730232386,04:07:23 PM,04:06:26 PM,-57
2110392,3349,SOUTJAL1,-48,1730232546,1730232498,04:09:06 PM,04:08:18 PM,-48
2110392,3349,SOUTDUL1,-54,1730232577,1730232523,04:09:37 PM,04:08:43 PM,-54
2110392,3349,SOUTNIX1,-73,1730232615,1730232542,04:10:15 PM,04:09:02 PM,-73
2110392,3349,SOUTVER1,-99,1730232709,1730232610,04:11:49 PM,04:10:10 PM,-99
2110392,3349,WELLHARL,,,,,,
2110392,3349,WELLMON4,,,,,,
2110392,3349,WELLMON2,,,,,,
2110392,3349,WELLBRA2,-27,1730232914,1730232887,04:15:14 PM,04:14:47 PM,-27
2110392,3349,WHITOMA3,-72,1730232960,1730232888,04:16:00 PM,04:14:48 PM,-72
2110392,3349,WHITOMA3,0,1730233740,1730233740,04:29:00 PM,04:29:00 PM,0
2110392,3349,BRADWEL3,0,1730233881,1730233881,04:31:21 PM,04:31:21 PM,0
2110392,3349,BRADWIL1,0,1730233928,1730233928,04:32:08 PM,04:32:08 PM,0
2110392,3349,BRADAGN1,0,1730233954,1730233954,04:32:34 PM,04:32:34 PM,0
2110392,3349,BRADADE1,0,1730234004,1730234004,04:33:24 PM,04:33:24 PM,0
2110392,3349,BRADADE3,0,1730234057,1730234057,04:34:17 PM,04:34:17 PM,0
2110392,3349,ADELOSG5,0,1730234097,1730234097,04:34:57 PM,04:34:57 PM,0
2110392,3349,ADELOSG7,0,1730234139,1730234139,04:35:39 PM,04:35:39 PM,0
2110392,3349,ADELOSG3,0,1730234214,1730234214,04:36:54 PM,04:36:54 PM,0
2110392,3349,SOUTADE1,0,1730234266,1730234266,04:37:46 PM,04:37:46 PM,0
2110392,3349,SOUTMIL5,0,1730234294,1730234294,04:38:14 PM,04:38:14 PM,0
2110392,3349,SOUTMIL3,0,1730234333,1730234333,04:38:53 PM,04:38:53 PM,0
2110392,3349,SOUTMIL1,0,1730234400,1730234400,04:40:00 PM,04:40:00 PM,0
2110392,3349,SOUTKOR1,0,1730234455,1730234455,04:40:55 PM,04:40:55 PM,0
2110392,3349,SOUTPOM1,0,1730234492,1730234492,04:41:32 PM,04:41:32 PM,0
2110392,3349,PONDPONV,0,1730234574,1730234574,04:42:54 PM,04:42:54 PM,0
2110392,3349,PONDMIR3,0,1730234612,1730234612,04:43:32 PM,04:43:32 PM,0
2110392,3349,PONDMIR1,0,1730234640,1730234640,04:44:00 PM,04:44:00 PM,0
2110392,3349,PONDDEV1,0,1730234690,1730234690,04:44:50 PM,04:44:50 PM,0
2110392,3349,PONDBAN1,0,1730234714,1730234714,04:45:14 PM,04:45:14 PM,0
2110392,3349,PONDOLDH,0,1730234780,1730234780,04:46:20 PM,04:46:20 PM,0
2110392,3349,COMMPOM3,0,1730234835,1730234835,04:47:15 PM,04:47:15 PM,0
2110392,3349,COMMDEV1,0,1730234880,1730234880,04:48:00 PM,04:48:00 PM,0
2110392,3349,COMMHIG1,0,1730234932,1730234932,04:48:52 PM,04:48:52 PM,0
2110392,3349,HIGBHAM1,0,1730235168,1730235168,04:52:48 PM,04:52:48 PM,0
2110392,3349,HIGBMAGE,0,1730235191,1730235191,04:53:11 PM,04:53:11 PM,0
2110392,3349,HIGBTRA1,0,1730235238,1730235238,04:53:58 PM,04:53:58 PM,0
2110392,3349,HIGBBRY1,0,1730235300,1730235300,04:55:00 PM,04:55:00 PM,0
2110392,3349,HIGBWIL1,0,1730235350,1730235350,04:55:50 PM,04:55:50 PM,0
2110392,3349,HIGBBEA1,0,1730235399,1730235399,04:56:39 PM,04:56:39 PM,0
2110392,3349,HIGBDUN1,0,1730235480,1730235480,04:58:00 PM,04:58:00 PM,0
2110392,3349,HIGBLPH1,,,,,,
2110392,3349,HIGBOXF1,,,,,,
2110392,3349,HIGBOXF3,,,,,,
2110392,3349,HIGBLAN1,0,1730235779,1730235779,05:02:59 PM,05:02:59 PM,0
2110392,3349,HIGBCHE1,0,1730235820,1730235820,05:03:40 PM,05:03:40 PM,0
2110392,3349,HIGBGOD1,0,1730235865,1730235865,05:04:25 PM,05:04:25 PM,0
2110392,3349,HIGBHURO,0,1730235919,1730235919,05:05:19 PM,05:05:19 PM,0
2110392,3349,HIGBHIC1,0,1730235968,1730235968,05:06:08 PM,05:06:08 PM,0
2110392,3349,HIGBFUL1,0,1730236002,1730236002,05:06:42 PM,05:06:42 PM,0
2110392,3349,FULLVES2,0,1730236079,1730236079,05:07:59 PM,05:07:59 PM,0
2110392,3349,FULLREGA,0,1730236122,1730236122,05:08:42 PM,05:08:42 PM,0
2110392,3349,MCNAMEL2,0,1730236172,1730236172,05:09:32 PM,05:09:32 PM,0
2110392,3349,MELSBRIA,0,1730236204,1730236204,05:10:04 PM,05:10:04 PM,0
2110392,3349,MELSSUSS,0,1730236258,1730236258,05:10:58 PM,05:10:58 PM,0
2110392,3349,BARKHURO,0,1730236320,1730236320,05:12:00 PM,05:12:00 PM,0
2110336,3349,BARKHURO,0,1730236500,1730236500,05:15:00 PM,05:15:00 PM,0
2110336,3349,HUROBRI3,0,1730236587,1730236587,05:16:27 PM,05:16:27 PM,0
2110336,3349,HUROBRI1,0,1730236618,1730236618,05:16:58 PM,05:16:58 PM,0
2110336,3349,HUROMCN1,0,1730236675,1730236675,05:17:55 PM,05:17:55 PM,0
2110336,3349,HUROVES1,0,1730236724,1730236724,05:18:44 PM,05:18:44 PM,0
2110336,3349,HUROHIG1,0,1730236800,1730236800,05:20:00 PM,05:20:00 PM,0
2110336,3349,HIGBGOD2,0,1730236926,1730236926,05:22:06 PM,05:22:06 PM,0
2110336,3349,HIGBCHE2,0,1730236997,1730236997,05:23:17 PM,05:23:17 PM,0
2110336,3349,HIGBLAN2,0,1730237029,1730237029,05:23:49 PM,05:23:49 PM,0
2110336,3349,HIGBOXF4,,,,,,
2110336,3349,HIGBOXF2,,,,,,
2110336,3349,HIGBLPH2,,,,,,
2110336,3349,HIGBDUN2,0,1730237340,1730237340,05:29:00 PM,05:29:00 PM,0
2110336,3349,HIGBBEA2,0,1730237422,1730237422,05:30:22 PM,05:30:22 PM,0
2110336,3349,HIGBWIL2,0,1730237497,1730237497,05:31:37 PM,05:31:37 PM,0
2110336,3349,HIGBBRY2,0,1730237580,1730237580,05:33:00 PM,05:33:00 PM,0
2110034,3351,CLARGOR2,43,1730229162,1730229205,03:12:42 PM,03:13:25 PM,43
2110034,3351,CLARBAY1,42,1730229197,1730229239,03:13:17 PM,03:13:59 PM,42
2110034,3351,CLARPEN1,33,1730229244,1730229277,03:14:04 PM,03:14:37 PM,33
2110034,3351,HAMIGOR1,35,1730229321,1730229356,03:15:21 PM,03:15:56 PM,35
2110034,3351,HAMICRI1,20,1730229362,1730229382,03:16:02 PM,03:16:22 PM,20
2110034,3351,HAMIRIV2,0,1730229420,1730229420,03:17:00 PM,03:17:00 PM,0
2110034,3351,HAMIBRA2,-41,1730229477,1730229436,03:17:57 PM,03:17:16 PM,-41
2110034,3351,HAMIOAKL,-59,1730229510,1730229451,03:18:30 PM,03:17:31 PM,-59
2110034,3351,HAMIVALL,-77,1730229550,1730229473,03:19:10 PM,03:17:53 PM,-77
2110034,3351,HAMIWAT2,-121,1730229623,1730229502,03:20:23 PM,03:18:22 PM,-121
2110034,3351,HAMIYMCA,-145,1730229663,1730229518,03:21:03 PM,03:18:38 PM,-145
2110034,3351,HAMIFAI1,-176,1730229713,1730229537,03:21:53 PM,03:18:57 PM,-176
2110034,3351,HAMIHALE,-175,1730229744,1730229569,03:22:24 PM,03:19:29 PM,-175
2110034,3351,HAMIHIG2,0,1730229780,1730229780,03:23:00 PM,03:23:00 PM,0
2110034,3351,HAMIGIL2,-22,1730229802,1730229780,03:23:22 PM,03:23:00 PM,-22
2110034,3351,HAMIEAST,-64,1730229894,1730229830,03:24:54 PM,03:23:50 PM,-64
2110034,3351,HAMISJU2,-109,1730229973,1730229864,03:26:13 PM,03:24:24 PM,-109
2110034,3351,HAMIELM,-141,1730230035,1730229894,03:27:15 PM,03:24:54 PM,-141
2110034,3351,HAMIEGE2,-149,1730230126,1730229977,03:28:46 PM,03:26:17 PM,-149
2110034,3351,HAMISAC2,0,1730230200,1730230200,03:30:00 PM,03:30:00 PM,0
2110034,3351,HAMIREC2,-27,1730230263,1730230236,03:31:03 PM,03:30:36 PM,-27
2110034,3351,HAMILTGR,-32,1730230322,1730230290,03:32:02 PM,03:31:30 PM,-32
2110034,3351,HAMIADE2,29,1730230380,1730230409,03:33:00 PM,03:33:29 PM,29
2110034,3351,HAMIWIL2,10,1730230427,1730230437,03:33:47 PM,03:33:57 PM,10
2110034,3351,HORTHAMI,-15,1730230474,1730230459,03:34:34 PM,03:34:19 PM,-15
2110034,3351,HORTCOL1,-48,1730230529,1730230481,03:35:29 PM,03:34:41 PM,-48
2110034,3351,HORTWAT2,,,,,,
2110034,3351,WELLHOR1,,,,,,
2110034,3351,WELLYOR1,,,,,,
2110034,3351,WELLDUN3,,,,,,
2110034,3351,WELLDUN3,,,,,,
2110034,3351,QUEECLAR,-24,1730230863,1730230840,03:41:03 PM,03:40:40 PM,-23
2110034,3351,RICHQUE2,-140,1730230980,1730230840,03:43:00 PM,03:40:40 PM,-140
2110070,3351,RICHQUE2,0,1730230980,1730230980,03:43:00 PM,03:43:00 PM,0
2110070,3351,KINGRICH,0,1730231040,1730231040,03:44:00 PM,03:44:00 PM,0
2110070,3351,KINGWEL2,-72,1730231171,1730231099,03:46:11 PM,03:44:59 PM,-72
2110070,3351,WELLYOR2,,,,,,
2110070,3351,HORTWELL,,,,,,
2110070,3351,HORTCOL2,,,,,,
2110070,3351,HORTMAIT,-60,1730231506,1730231446,03:51:46 PM,03:50:46 PM,-60
2110070,3351,HAMIWIL1,-60,1730231592,1730231532,03:53:12 PM,03:52:12 PM,-60
2110070,3351,HAMIADE1,0,1730231640,1730231640,03:54:00 PM,03:54:00 PM,0
2110070,3351,HAMIMAME,-30,1730231705,1730231675,03:55:05 PM,03:54:35 PM,-30
2110070,3351,HAMIREC1,-51,1730231766,1730231715,03:56:06 PM,03:55:15 PM,-51
2110070,3351,HAMISAC1,-49,1730231842,1730231793,03:57:22 PM,03:56:33 PM,-49
2110070,3351,HAMIEGE1,-54,1730231886,1730231832,03:58:06 PM,03:57:12 PM,-54
2110070,3351,HAMITENN,-91,1730231965,1730231874,03:59:25 PM,03:57:54 PM,-91
2110070,3351,HAMISJU1,-114,1730232008,1730231894,04:00:08 PM,03:58:14 PM,-114
2110070,3351,HAMIPILA,-144,1730232067,1730231923,04:01:07 PM,03:58:43 PM,-144
2110070,3351,HAMIGIL1,-177,1730232135,1730231958,04:02:15 PM,03:59:18 PM,-177
2110070,3351,HAMIHIG1,-172,1730232180,1730232008,04:03:00 PM,04:00:08 PM,-172
2110070,3351,HAMIHIG1,74,1730232180,1730232254,04:03:00 PM,04:04:14 PM,74
2110070,3351,HAMINORL,60,1730232194,1730232254,04:03:14 PM,04:04:14 PM,60
2110070,3351,HAMIMEA1,60,1730232230,1730232290,04:03:50 PM,04:04:50 PM,60
2110070,3351,HAMIMEA3,55,1730232244,1730232299,04:04:04 PM,04:04:59 PM,55
2110070,3351,HAMIWATM,43,1730232277,1730232320,04:04:37 PM,04:05:20 PM,43
2110070,3351,HAMIGORE,28,1730232318,1730232346,04:05:18 PM,04:05:46 PM,28
2110070,3351,HAMIBRA3,22,1730232352,1730232374,04:05:52 PM,04:06:14 PM,22
2110070,3351,HAMIBRA1,14,1730232379,1730232393,04:06:19 PM,04:06:33 PM,14
2110070,3351,HAMIRIRU,6,1730232414,1730232420,04:06:54 PM,04:07:00 PM,6
2110070,3351,HAMICRI2,-10,1730232466,1730232456,04:07:46 PM,04:07:36 PM,-10
2110070,3351,HAMICLA1,1,1730232512,1730232513,04:08:32 PM,04:08:33 PM,1
2110070,3351,CLARPEN2,6,1730232572,1730232578,04:09:32 PM,04:09:38 PM,6
2110070,3351,CLARBAY2,3,1730232610,1730232613,04:10:10 PM,04:10:13 PM,3
2110070,3351,CLARGORE,4,1730232655,1730232659,04:10:55 PM,04:10:59 PM,4
2110070,3351,CLARFIS1,-4,1730232674,1730232670,04:11:14 PM,04:11:10 PM,-4
2110070,3351,CLARCHA3,-22,1730232735,1730232713,04:12:15 PM,04:11:53 PM,-22
2110070,3351,CLARCHA1,0,1730232780,1730232780,04:13:00 PM,04:13:00 PM,0
2110070,3351,CLARTRA1,-21,1730232831,1730232810,04:13:51 PM,04:13:30 PM,-21
2110070,3351,CLARROY1,-53,1730232893,1730232840,04:14:53 PM,04:14:00 PM,-53
2110070,3351,CLARROY3,-65,1730232925,1730232860,04:15:25 PM,04:14:20 PM,-65
2110070,3351,CLARWAV1,-77,1730232950,1730232873,04:15:50 PM,04:14:33 PM,-77
2110070,3351,CLARCHU1,-94,1730232989,1730232895,04:16:29 PM,04:14:55 PM,-94
2110070,3351,ARGYMAL1,-169,1730233080,1730232911,04:18:00 PM,04:15:11 PM,-169
2106613,3352,OXFOHIG2,,,,,,
2106613,3352,OXFOGAM2,1935,1730227496,1730229431,02:44:56 PM,03:17:11 PM,1935
2106613,3352,OXFOADE2,1971,1730227620,1730229591,02:47:00 PM,03:19:51 PM,1971
2106613,3352,OXFORIC2,1934,1730227860,1730229794,02:51:00 PM,03:23:14 PM,1934
2106613,3352,OXFOFERN,1982,1730228032,1730230014,02:53:52 PM,03:26:54 PM,1982
2106613,3352,OXFOPLAT,1983,1730228130,1730230113,02:55:30 PM,03:28:33 PM,1983
2106613,3352,OXFOPRO2,1926,1730228346,1730230272,02:59:06 PM,03:31:12 PM,1926
2106613,3352,OXFOWON2,1968,1730228417,1730230385,03:00:17 PM,03:33:05 PM,1968
2106613,3352,CAPUOXFO,1817,1730228580,1730230397,03:03:00 PM,03:33:17 PM,1817
2106567,3352,CAPUOXFO,1607,1730229000,1730230607,03:10:00 PM,03:36:47 PM,1607
2106567,3352,OXFOWON1,1575,1730229115,1730230690,03:11:55 PM,03:38:10 PM,1575
2106567,3352,OXFOPRO1,1549,1730229208,1730230757,03:13:28 PM,03:39:17 PM,1549
2106567,3352,OXFOBRI1,1466,1730229430,1730230896,03:17:10 PM,03:41:36 PM,1466
2106567,3352,OXFOWHA1,1481,1730229540,1730231021,03:19:00 PM,03:43:41 PM,1481
2106567,3352,OXFORIC1,1486,1730229720,1730231206,03:22:00 PM,03:46:46 PM,1486
2106567,3352,OXFOADE1,1532,1730229890,1730231422,03:24:50 PM,03:50:22 PM,1532
2106567,3352,OXFOGAM1,1515,1730229993,1730231508,03:26:33 PM,03:51:48 PM,1515
2106567,3352,OXFOHIG3,,,,,,
2106567,3352,FANCOLL1,1804,1730230320,1730232124,03:32:00 PM,04:02:04 PM,1804
2108175,3353,NATSCI,0,1730229300,1730229300,03:15:00 PM,03:15:00 PM,0
2108175,3353,WESTELG1,0,1730229388,1730229388,03:16:28 PM,03:16:28 PM,0
2108175,3353,WESTWIN1,-23,1730229482,1730229459,03:18:02 PM,03:17:39 PM,-23
2108175,3353,WINDRIC1,-39,1730229536,1730229497,03:18:56 PM,03:18:17 PM,-39
2108175,3353,RICHRAY2,-113,1730229665,1730229552,03:21:05 PM,03:19:12 PM,-113
2108175,3353,RICHPAR2,-116,1730229710,1730229594,03:21:50 PM,03:19:54 PM,-116
2108175,3353,RICHUNI2,-122,1730229759,1730229637,03:22:39 PM,03:20:37 PM,-122
2108175,3353,RICHHUR2,-141,1730229811,1730229670,03:23:31 PM,03:21:10 PM,-141
2108175,3353,RICHVIC2,-175,1730229883,1730229708,03:24:43 PM,03:21:48 PM,-175
2108175,3353,RICHCHE2,-199,1730229927,1730229728,03:25:27 PM,03:22:08 PM,-199
2108175,3353,RICHGRO2,-200,1730229979,1730229779,03:26:19 PM,03:22:59 PM,-200
2108175,3353,RICHJAM2,-204,1730230013,1730229809,03:26:53 PM,03:23:29 PM,-204
2108175,3353,RICHOXF2,0,1730230080,1730230080,03:28:00 PM,03:28:00 PM,0
2108175,3353,RICHMILL,-30,1730230153,1730230123,03:29:13 PM,03:28:43 PM,-30
2108175,3353,RICHCENT,-67,1730230256,1730230189,03:30:56 PM,03:29:49 PM,-67
2108175,3353,RICHKEN2,-106,1730230326,1730230220,03:32:06 PM,03:30:20 PM,-106
2108175,3353,RICHDUF2,-123,1730230368,1730230245,03:32:48 PM,03:30:45 PM,-123
2108175,3353,RICHQUE1,-74,1730230434,1730230360,03:33:54 PM,03:32:40 PM,-74
2108175,3353,QUENRIDO,-162,1730230560,1730230398,03:36:00 PM,03:33:18 PM,-162
2108253,3353,QUENRIDO,0,1730230560,1730230560,03:36:00 PM,03:36:00 PM,0
2108253,3353,RIVEWIL2,0,1730230664,1730230664,03:37:44 PM,03:37:44 PM,0
2108253,3353,RIVEWHA2,-15,1730230703,1730230688,03:38:23 PM,03:38:08 PM,-15
2108253,3353,WHARMPL1,-29,1730230745,1730230716,03:39:05 PM,03:38:36 PM,-29
2108253,3353,WHARMOIR,-42,1730230784,1730230742,03:39:44 PM,03:39:02 PM,-42
2108253,3353,WHAREMPR,-16,1730230843,1730230827,03:40:43 PM,03:40:27 PM,-16
2108253,3353,WHAROXF1,10,1730230920,1730230930,03:42:00 PM,03:42:10 PM,10
2108253,3353,WESTESSE,-5,1730230981,1730230976,03:43:01 PM,03:42:56 PM,-5
2108253,3353,WESTHOL1,-21,1730231032,1730231011,03:43:52 PM,03:43:31 PM,-21
2108253,3353,WESTPLA1,-38,1730231086,1730231048,03:44:46 PM,03:44:08 PM,-38
2108253,3353,WESTPHA1,0,1730231160,1730231160,03:46:00 PM,03:46:00 PM,0
2108253,3353,WESTPHA3,14,1730231218,1730231232,03:46:58 PM,03:47:12 PM,14
2108253,3353,ALUMHAL1,43,1730231336,1730231379,03:48:56 PM,03:49:39 PM,43
2108253,3353,MIDDPERT,14,1730231481,1730231495,03:51:21 PM,03:51:35 PM,14
2108253,3353,NATSCI,-54,1730231580,1730231526,03:53:00 PM,03:52:06 PM,-54
2110315,3354,BARKHURO,0,1730229360,1730229360,03:16:00 PM,03:16:00 PM,0
2110315,3354,HUROBRI3,0,1730229456,1730229456,03:17:36 PM,03:17:36 PM,0
2110315,3354,HUROBRI1,-11,1730229486,1730229475,03:18:06 PM,03:17:55 PM,-11
2110315,3354,HUROMCN1,-26,1730229541,1730229515,03:19:01 PM,03:18:35 PM,-26
2110315,3354,HUROVES1,-44,1730229588,1730229544,03:19:48 PM,03:19:04 PM,-44
2110315,3354,HUROHIG1,0,1730229660,1730229660,03:21:00 PM,03:21:00 PM,0
2110315,3354,HIGBGOD2,-61,1730229786,1730229725,03:23:06 PM,03:22:05 PM,-61
2110315,3354,HIGBCHE2,-48,1730229857,1730229809,03:24:17 PM,03:23:29 PM,-48
2110315,3354,HIGBLAN2,-48,1730229889,1730229841,03:24:49 PM,03:24:01 PM,-48
2110315,3354,HIGBOXF4,,,,,,
2110315,3354,HIGBOXF2,,,,,,
2110315,3354,HIGBLPH2,,,,,,
2110315,3354,HIGBDUN2,5,1730230200,1730230205,03:30:00 PM,03:30:05 PM,5
2110315,3354,HIGBBEA2,-43,1730230282,1730230239,03:31:22 PM,03:30:39 PM,-43
2110315,3354,HIGBWIL2,-91,1730230357,1730230266,03:32:37 PM,03:31:06 PM,-91
2110315,3354,HIGBBRY2,0,1730230440,1730230440,03:34:00 PM,03:34:00 PM,0
2110315,3354,HIGBTRA2,18,1730230489,1730230507,03:34:49 PM,03:35:07 PM,18
2110315,3354,HIGBCALV,1,1730230533,1730230534,03:35:33 PM,03:35:34 PM,1
2110315,3354,HIGBHAM2,29,1730230550,1730230579,03:35:50 PM,03:36:19 PM,29
2110315,3354,COMMDEV6,-42,1730230779,1730230737,03:39:39 PM,03:38:57 PM,-42
2110315,3354,COMMDEV2,0,1730230800,1730230800,03:40:00 PM,03:40:00 PM,0
2110315,3354,PONDDEV2,-13,1730230883,1730230870,03:41:23 PM,03:41:10 PM,-13
2110315,3354,PONDBAN2,-37,1730230938,1730230901,03:42:18 PM,03:41:41 PM,-37
2110315,3354,PONDDEV4,-63,1730230981,1730230918,03:43:01 PM,03:41:58 PM,-63
2110315,3354,PONDMIR4,-94,1730231031,1730230937,03:43:51 PM,03:42:17 PM,-94
2110315,3354,PONDMIR2,-119,1730231077,1730230958,03:44:37 PM,03:42:38 PM,-119
2110315,3354,PONDMILL,-133,1730231101,1730230968,03:45:01 PM,03:42:48 PM,-133
2110315,3354,SOUTPOM2,-174,1730231182,1730231008,03:46:22 PM,03:43:28 PM,-174
2110315,3354,SOUTKOR2,-186,1730231233,1730231047,03:47:13 PM,03:44:07 PM,-186
2110315,3354,SOUTMIL2,0,1730231280,1730231280,03:48:00 PM,03:48:00 PM,0
2110315,3354,SOUTMIL4,-58,1730231355,1730231297,03:49:15 PM,03:48:17 PM,-58
2110315,3354,SOUTMIL6,-82,1730231399,1730231317,03:49:59 PM,03:48:37 PM,-82
2110315,3354,ADELSDAL,-78,1730231443,1730231365,03:50:43 PM,03:49:25 PM,-78
2110315,3354,ADELOSG2,-87,1730231484,1730231397,03:51:24 PM,03:49:57 PM,-87
2110315,3354,ADELOSG6,-118,1730231550,1730231432,03:52:30 PM,03:50:32 PM,-118
2110315,3354,ADELOSG4,-135,1730231587,1730231452,03:53:07 PM,03:50:52 PM,-135
2110315,3354,BRADADE2,-143,1730231625,1730231482,03:53:45 PM,03:51:22 PM,-143
2110315,3354,BRADADE4,-166,1730231679,1730231513,03:54:39 PM,03:51:53 PM,-166
2110315,3354,BRADAGN2,-192,1730231722,1730231530,03:55:22 PM,03:52:10 PM,-192
2110315,3354,BRADWIL4,-209,1730231756,1730231547,03:55:56 PM,03:52:27 PM,-209
2110315,3354,BRADDEAR,-123,1730231794,1730231671,03:56:34 PM,03:54:31 PM,-123
2110315,3354,WELLBRA2,-30,1730231831,1730231801,03:57:11 PM,03:56:41 PM,-30
2110315,3354,WHITOMA3,-78,1730231880,1730231802,03:58:00 PM,03:56:42 PM,-78
2110315,3354,WHITOMA3,43,1730232180,1730232223,04:03:00 PM,04:03:43 PM,43
2110315,3354,WELLBRA1,,,,,,
2110315,3354,WELLMON1,,,,,,
2110315,3354,WELLSDA5,,,,,,
2110315,3354,SOUTMONT,,,,,,
2110315,3354,SOUTVER2,176,1730232558,1730232734,04:09:18 PM,04:12:14 PM,176
2110315,3354,SOUTEAS2,176,1730232592,1730232768,04:09:52 PM,04:12:48 PM,176
2110315,3354,SOUTNIX2,163,1730232671,1730232834,04:11:11 PM,04:13:54 PM,163
2110315,3354,SOUTDUL2,148,1730232718,1730232866,04:11:58 PM,04:14:26 PM,148
2110315,3354,SOUTDUN2,139,1730232780,1730232919,04:13:00 PM,04:15:19 PM,139
2110315,3354,SOUTHOME,123,1730232880,1730233003,04:14:40 PM,04:16:43 PM,123
2110315,3354,SOUTWHA4,94,1730232933,1730233027,04:15:33 PM,04:17:07 PM,94
2110315,3354,SOUTWHA2,85,1730232979,1730233064,04:16:19 PM,04:17:44 PM,85
2110315,3354,SOUTNOD2,45,1730233048,1730233093,04:17:28 PM,04:18:13 PM,45
2110315,3354,SOUTNOD4,30,1730233085,1730233115,04:18:05 PM,04:18:35 PM,30
2110315,3354,SOUTAND2,5,1730233165,1730233170,04:19:25 PM,04:19:30 PM,5
2110315,3354,SOUTWON2,-23,1730233243,1730233220,04:20:43 PM,04:20:20 PM,-23
2110315,3354,WONDSDA1,-11,1730233288,1730233277,04:21:28 PM,04:21:17 PM,-11
2110315,3354,WONDPVA1,-37,1730233348,1730233311,04:22:28 PM,04:21:51 PM,-37
2110315,3354,WONDMMA3,-43,1730233374,1730233331,04:22:54 PM,04:22:11 PM,-43
2110315,3354,WONDMMA1,-50,1730233413,1730233363,04:23:33 PM,04:22:43 PM,-50
2110315,3354,WESTMAL6,58,1730233560,1730233618,04:26:00 PM,04:26:58 PM,58
2110315,3354,WONDVIS3,28,1730233637,1730233665,04:27:17 PM,04:27:45 PM,28
2110315,3354,WONDVIL1,14,1730233682,1730233696,04:28:02 PM,04:28:16 PM,14
2110315,3354,WONDCOM1,26,1730233750,1730233776,04:29:10 PM,04:29:36 PM,26
2110315,3354,WONDCOM3,17,1730233810,1730233827,04:30:10 PM,04:30:27 PM,17
2110315,3354,WONDTEE1,-39,1730233902,1730233863,04:31:42 PM,04:31:03 PM,-39
2110315,3354,WONDSPR1,0,1730234040,1730234040,04:34:00 PM,04:34:00 PM,0
2110315,3354,WONDRIV1,0,1730234302,1730234302,04:38:22 PM,04:38:22 PM,0
2110315,3354,WONDKIW1,0,1730234345,1730234345,04:39:05 PM,04:39:05 PM,0
2110315,3354,WONDOXF3,0,1730234422,1730234422,04:40:22 PM,04:40:22 PM,0
2110315,3354,WONDOXF1,0,1730234460,1730234460,04:41:00 PM,04:41:00 PM,0
2110315,3354,WONDFAR1,0,1730234514,1730234514,04:41:54 PM,04:41:54 PM,0
2110315,3354,WONDFAR3,0,1730234562,1730234562,04:42:42 PM,04:42:42 PM,0
2110315,3354,WONDBEA1,0,1730234635,1730234635,04:43:55 PM,04:43:55 PM,0
2110315,3354,SARNCAS1,0,1730234820,1730234820,04:47:00 PM,04:47:00 PM,0
2110315,3354,SARNCAS1,0,1730234820,1730234820,04:47:00 PM,04:47:00 PM,0
2110315,3354,SARNRIPP,0,1730234883,1730234883,04:48:03 PM,04:48:03 PM,0
2110315,3354,SARNCAS3,0,1730234955,1730234955,04:49:15 PM,04:49:15 PM,0
2110315,3354,SARNCOOM,0,1730235018,1730235018,04:50:18 PM,04:50:18 PM,0
2110315,3354,SARNWES1,0,1730235060,1730235060,04:51:00 PM,04:51:00 PM,0
2110315,3354,WESTPHA3,0,1730235153,1730235153,04:52:33 PM,04:52:33 PM,0
2110315,3354,ALUMHAL1,0,1730235347,1730235347,04:55:47 PM,04:55:47 PM,0
2110315,3354,DELAHALL,0,1730235600,1730235600,05:00:00 PM,05:00:00 PM,0
2110315,3354,UNIVHOS1,0,1730235755,1730235755,05:02:35 PM,05:02:35 PM,0
2110315,3354,PERTWIN1,0,1730235791,1730235791,05:03:11 PM,05:03:11 PM,0
2110315,3354,RICHWIN1,0,1730235883,1730235883,05:04:43 PM,05:04:43 PM,0
2110315,3354,RICHWEC1,0,1730235935,1730235935,05:05:35 PM,05:05:35 PM,0
2110315,3354,RICHCANT,0,1730235983,1730235983,05:06:23 PM,05:06:23 PM,0
2110315,3354,RICHSUNN,0,1730236066,1730236066,05:07:46 PM,05:07:46 PM,0
2110315,3354,MASOSTO4,0,1730236200,1730236200,05:10:00 PM,05:10:00 PM,0
2110369,3354,MASOSTO4,0,1730236200,1730236200,05:10:00 PM,05:10:00 PM,0
2110369,3354,RICHJACK,0,1730236278,1730236278,05:11:18 PM,05:11:18 PM,0
2110369,3354,RICHSHAV,0,1730236322,1730236322,05:12:02 PM,05:12:02 PM,0
2110369,3354,RICHWES2,0,1730236373,1730236373,05:12:53 PM,05:12:53 PM,0
2110369,3354,RICHWES4,0,1730236399,1730236399,05:13:19 PM,05:13:19 PM,0
2110369,3354,RICHWYND,0,1730236438,1730236438,05:13:58 PM,05:13:58 PM,0
2110369,3354,WINDRIC2,0,1730236520,1730236520,05:15:20 PM,05:15:20 PM,0
2110369,3354,PERTWIN2,0,1730236570,1730236570,05:16:10 PM,05:16:10 PM,0
2110369,3354,UNIVHOS2,0,1730236628,1730236628,05:17:08 PM,05:17:08 PM,0
2110369,3354,MIDDPERT,0,1730236781,1730236781,05:19:41 PM,05:19:41 PM,0
2110369,3354,NATSCI,0,1730236860,1730236860,05:21:00 PM,05:21:00 PM,0
2110369,3354,NATSCI,0,1730236860,1730236860,05:21:00 PM,05:21:00 PM,0
2110369,3354,WESTELG2,0,1730237254,1730237254,05:27:34 PM,05:27:34 PM,0
2110369,3354,WESTLAM2,0,1730237460,1730237460,05:31:00 PM,05:31:00 PM,0
2110369,3354,SARNWES2,0,1730237592,1730237592,05:33:12 PM,05:33:12 PM,0
2110369,3354,SARNBRES,0,1730237720,1730237720,05:35:20 PM,05:35:20 PM,0
2110369,3354,SARNSLEI,0,1730237847,1730237847,05:37:27 PM,05:37:27 PM,0
2110369,3354,SARNLEYT,0,1730237994,1730237994,05:39:54 PM,05:39:54 PM,0
2110369,3354,WONDSAR2,0,1730238180,1730238180,05:43:00 PM,05:43:00 PM,0
2110369,3354,WONDBEA2,0,1730238327,1730238327,05:45:27 PM,05:45:27 PM,0
2110369,3354,WONDFAR4,0,1730238396,1730238396,05:46:36 PM,05:46:36 PM,0
2110369,3354,WONDFAR2,0,1730238431,1730238431,05:47:11 PM,05:47:11 PM,0
2110369,3354,WONDOXF2,0,1730238480,1730238480,05:48:00 PM,05:48:00 PM,0
2110369,3354,WONDOXF4,0,1730238527,1730238527,05:48:47 PM,05:48:47 PM,0
2110369,3354,WONDKIW2,0,1730238582,1730238582,05:49:42 PM,05:49:42 PM,0
2110369,3354,WONDRIV2,0,1730238643,1730238643,05:50:43 PM,05:50:43 PM,0
2110369,3354,WONDSPRI,0,1730238895,1730238895,05:54:55 PM,05:54:55 PM,0
2110369,3354,WONDROSE,0,1730238963,1730238963,05:56:03 PM,05:56:03 PM,0
2110369,3354,WONDCOM2,0,1730239082,1730239082,05:58:02 PM,05:58:02 PM,0
2110369,3354,WONDVIL2,0,1730239125,1730239125,05:58:45 PM,05:58:45 PM,0
2110369,3354,WONDVIS4,0,1730239195,1730239195,05:59:55 PM,05:59:55 PM,0
2110369,3354,WESTMAL4,0,1730239260,1730239260,06:01:00 PM,06:01:00 PM,0
2110369,3354,VISCWON1,0,1730239327,1730239327,06:02:07 PM,06:02:07 PM,0
2110369,3354,VISCWON5,0,1730239365,1730239365,06:02:45 PM,06:02:45 PM,0
2110369,3354,WONDMMA4,0,1730239459,1730239459,06:04:19 PM,06:04:19 PM,0
2110369,3354,WONDMMA2,0,1730239516,1730239516,06:05:16 PM,06:05:16 PM,0
2110369,3354,WONDPVA2,0,1730239578,1730239578,06:06:18 PM,06:06:18 PM,0
2110369,3354,WONDPVA4,0,1730239623,1730239623,06:07:03 PM,06:07:03 PM,0
2110369,3354,SOUTWON1,0,1730239701,1730239701,06:08:21 PM,06:08:21 PM,0
2110369,3354,SOUTSING,0,1730239785,1730239785,06:09:45 PM,06:09:45 PM,0
2110369,3354,SOUTAND1,0,1730239860,1730239860,06:11:00 PM,06:11:00 PM,0
2110369,3354,SOUTSPRI,0,1730239901,1730239901,06:11:41 PM,06:11:41 PM,0
2110369,3354,SOUTNOD1,0,1730239945,1730239945,06:12:25 PM,06:12:25 PM,0
2110369,3354,SOUTNOD3,0,1730239976,1730239976,06:12:56 PM,06:12:56 PM,0
2110369,3354,SOUTWHA1,0,1730240049,1730240049,06:14:09 PM,06:14:09 PM,0
2110369,3354,SOUTWHA3,0,1730240077,1730240077,06:14:37 PM,06:14:37 PM,0
2110369,3354,SOUTWHOK,0,1730240144,1730240144,06:15:44 PM,06:15:44 PM,0
2110369,3354,SOUTJAL1,0,1730240255,1730240255,06:17:35 PM,06:17:35 PM,0
2110369,3354,SOUTDUL1,0,1730240288,1730240288,06:18:08 PM,06:18:08 PM,0
2110369,3354,SOUTNIX1,0,1730240329,1730240329,06:18:49 PM,06:18:49 PM,0
2110369,3354,SOUTVER1,0,1730240430,1730240430,06:20:30 PM,06:20:30 PM,0
2110369,3354,WELLHARL,,,,,,
2110369,3354,WELLMON4,,,,,,
2110369,3354,WELLMON2,,,,,,
2110369,3354,WELLBRA2,0,1730240652,1730240652,06:24:12 PM,06:24:12 PM,0
2110369,3354,WHITOMA3,0,1730240700,1730240700,06:25:00 PM,06:25:00 PM,0
2110369,3354,WHITOMA3,0,1730240700,1730240700,06:25:00 PM,06:25:00 PM,0
2110369,3354,BRADWEL3,0,1730240841,1730240841,06:27:21 PM,06:27:21 PM,0
2110369,3354,BRADWIL1,0,1730240888,1730240888,06:28:08 PM,06:28:08 PM,0
2110369,3354,BRADAGN1,0,1730240914,1730240914,06:28:34 PM,06:28:34 PM,0
2110369,3354,BRADADE1,0,1730240964,1730240964,06:29:24 PM,06:29:24 PM,0
2110369,3354,BRADADE3,0,1730241017,1730241017,06:30:17 PM,06:30:17 PM,0
2110369,3354,ADELOSG5,0,1730241057,1730241057,06:30:57 PM,06:30:57 PM,0
2110369,3354,ADELOSG7,0,1730241099,1730241099,06:31:39 PM,06:31:39 PM,0
2110369,3354,ADELOSG3,0,1730241174,1730241174,06:32:54 PM,06:32:54 PM,0
2110369,3354,SOUTADE1,0,1730241226,1730241226,06:33:46 PM,06:33:46 PM,0
2110369,3354,SOUTMIL5,0,1730241254,1730241254,06:34:14 PM,06:34:14 PM,0
2110369,3354,SOUTMIL3,0,1730241293,1730241293,06:34:53 PM,06:34:53 PM,0
2110369,3354,SOUTMIL1,0,1730241360,1730241360,06:36:00 PM,06:36:00 PM,0
2110369,3354,SOUTKOR1,0,1730241415,1730241415,06:36:55 PM,06:36:55 PM,0
2110369,3354,SOUTPOM1,0,1730241452,1730241452,06:37:32 PM,06:37:32 PM,0
2110369,3354,PONDPONV,0,1730241534,1730241534,06:38:54 PM,06:38:54 PM,0
2110369,3354,PONDMIR3,0,1730241572,1730241572,06:39:32 PM,06:39:32 PM,0
2110369,3354,PONDMIR1,0,1730241600,1730241600,06:40:00 PM,06:40:00 PM,0
2110369,3354,PONDDEV1,0,1730241650,1730241650,06:40:50 PM,06:40:50 PM,0
2110369,3354,PONDBAN1,0,1730241674,1730241674,06:41:14 PM,06:41:14 PM,0
2110369,3354,PONDOLDH,0,1730241740,1730241740,06:42:20 PM,06:42:20 PM,0
2110369,3354,COMMPOM3,0,1730241795,1730241795,06:43:15 PM,06:43:15 PM,0
2110369,3354,COMMDEV1,0,1730241840,1730241840,06:44:00 PM,06:44:00 PM,0
2110369,3354,COMMHIG1,0,1730241892,1730241892,06:44:52 PM,06:44:52 PM,0
2110369,3354,HIGBHAM1,0,1730242128,1730242128,06:48:48 PM,06:48:48 PM,0
2110369,3354,HIGBMAGE,0,1730242151,1730242151,06:49:11 PM,06:49:11 PM,0
2110369,3354,HIGBTRA1,0,1730242198,1730242198,06:49:58 PM,06:49:58 PM,0
2110369,3354,HIGBBRY1,0,1730242260,1730242260,06:51:00 PM,06:51:00 PM,0
2110369,3354,HIGBWIL1,0,1730242327,1730242327,06:52:07 PM,06:52:07 PM,0
2110369,3354,HIGBBEA1,0,1730242393,1730242393,06:53:13 PM,06:53:13 PM,0
2110369,3354,HIGBDUN1,0,1730242500,1730242500,06:55:00 PM,06:55:00 PM,0
2110369,3354,HIGBLPH1,,,,,,
2110369,3354,HIGBOXF1,,,,,,
2110369,3354,HIGBOXF3,,,,,,
2110369,3354,HIGBLAN1,0,1730242799,1730242799,06:59:59 PM,06:59:59 PM,0
2110369,3354,HIGBCHE1,0,1730242840,1730242840,07:00:40 PM,07:00:40 PM,0
2110369,3354,HIGBGOD1,0,1730242885,1730242885,07:01:25 PM,07:01:25 PM,0
2110369,3354,HIGBHURO,0,1730242939,1730242939,07:02:19 PM,07:02:19 PM,0
2110369,3354,HIGBHIC1,0,1730242988,1730242988,07:03:08 PM,07:03:08 PM,0
2110369,3354,HIGBFUL1,0,1730243022,1730243022,07:03:42 PM,07:03:42 PM,0
2110369,3354,FULLVES2,0,1730243099,1730243099,07:04:59 PM,07:04:59 PM,0
2110369,3354,FULLREGA,0,1730243142,1730243142,07:05:42 PM,07:05:42 PM,0
2110369,3354,MCNAMEL2,0,1730243192,1730243192,07:06:32 PM,07:06:32 PM,0
2110369,3354,MELSBRIA,0,1730243224,1730243224,07:07:04 PM,07:07:04 PM,0
2110369,3354,MELSSUSS,0,1730243278,1730243278,07:07:58 PM,07:07:58 PM,0
2110369,3354,BARKHURO,0,1730243340,1730243340,07:09:00 PM,07:09:00 PM,0
2107244,3355,DUNDBUR2,,,,,,
2107244,3355,DUNDEGE2,,,,,,
2107244,3355,DUNDADE2,555,1730228700,1730229255,03:05:00 PM,03:14:15 PM,555
2107244,3355,DUNDWEL2,555,1730228880,1730229435,03:08:00 PM,03:17:15 PM,555
2107244,3355,QUEERIC1,555,1730228940,1730229495,03:09:00 PM,03:18:15 PM,555
2107244,3355,RIVEWHA2,555,1730229178,1730229733,03:12:58 PM,03:22:13 PM,555
2107244,3355,WHAROXF1,555,1730229420,1730229975,03:17:00 PM,03:26:15 PM,555
2107244,3355,WESTESSE,555,1730229499,1730230054,03:18:19 PM,03:27:34 PM,555
2107244,3355,AZIZWEST,555,1730229779,1730230334,03:22:59 PM,03:32:14 PM,555
2107244,3355,HUROLAMB,555,1730229905,1730230460,03:25:05 PM,03:34:20 PM,555
2107244,3355,NATSCI,555,1730230080,1730230635,03:28:00 PM,03:37:15 PM,555
2107224,3355,NATSCI,435,1730230320,1730230755,03:32:00 PM,03:39:15 PM,435
2107224,3355,WESTSAR2,392,1730230602,1730230994,03:36:42 PM,03:43:14 PM,392
2107224,3355,WHARMCDO,285,1730230843,1730231128,03:40:43 PM,03:45:28 PM,285
2107224,3355,WHAROXF2,283,1730230920,1730231203,03:42:00 PM,03:46:43 PM,283
2107224,3355,RIVEWHA1,228,1730231093,1730231321,03:44:53 PM,03:48:41 PM,228
2107224,3355,KINGRICH,226,1730231280,1730231506,03:48:00 PM,03:51:46 PM,226
2107224,3355,WELLDUN3,82,1730231520,1730231602,03:52:00 PM,03:53:22 PM,82
2107224,3355,DUNDADE1,1,1730231760,1730231761,03:56:00 PM,03:56:01 PM,1
2107224,3355,DUNDEGE1,,,,,,
2107224,3355,DUNDHIG1,185,1730232180,1730232365,04:03:00 PM,04:06:05 PM,185
2107224,3355,DUNDSASK,97,1730232385,1730232482,04:06:25 PM,04:08:02 PM,97
2107224,3355,ARGYMAL1,-35,1730232660,1730232625,04:11:00 PM,04:10:25 PM,-35
2100997,3356,CHEAWIL2,90,1730228961,1730229051,03:09:21 PM,03:10:51 PM,90
2100997,3356,CHEAMAI2,74,1730229005,1730229079,03:10:05 PM,03:11:19 PM,74
2100997,3356,CHEACOL2,71,1730229032,1730229103,03:10:32 PM,03:11:43 PM,71
2100997,3356,CHEAWAT2,63,1730229065,1730229128,03:11:05 PM,03:12:08 PM,63
2100997,3356,CHEARICH,105,1730229120,1730229225,03:12:00 PM,03:13:45 PM,105
2100997,3356,RICHGRO2,84,1730229201,1730229285,03:13:21 PM,03:14:45 PM,84
2100997,3356,RICHJAM2,75,1730229245,1730229320,03:14:05 PM,03:15:20 PM,75
2100997,3356,RICHOXF2,97,1730229322,1730229419,03:15:22 PM,03:16:59 PM,97
2100997,3356,RICHMILL,86,1730229375,1730229461,03:16:15 PM,03:17:41 PM,86
2100997,3356,RICHCENT,73,1730229450,1730229523,03:17:30 PM,03:18:43 PM,73
2100997,3356,RICHKEN2,52,1730229501,1730229553,03:18:21 PM,03:19:13 PM,52
2100997,3356,RICHDUF2,45,1730229531,1730229576,03:18:51 PM,03:19:36 PM,45
2100997,3356,RICHQUE2,51,1730229600,1730229651,03:20:00 PM,03:20:51 PM,51
2100997,3356,RICHKIN4,-8,1730229660,1730229652,03:21:00 PM,03:20:52 PM,-8
2100997,3356,RICHKIN4,128,1730229660,1730229788,03:21:00 PM,03:23:08 PM,128
2100997,3356,HORTRIC2,52,1730229794,1730229846,03:23:14 PM,03:24:06 PM,52
2100997,3356,RIDOHORT,4,1730229900,1730229904,03:25:00 PM,03:25:04 PM,4
2100997,3356,RIDOCRA2,-20,1730229958,1730229938,03:25:58 PM,03:25:38 PM,-20
2100997,3356,RIDOELMW,-18,1730229991,1730229974,03:26:31 PM,03:26:14 PM,-17
2100997,3356,ELMWMARL,-30,1730230035,1730230004,03:27:15 PM,03:26:44 PM,-31
2100997,3356,ELMWWORT,-30,1730230067,1730230036,03:27:47 PM,03:27:16 PM,-31
2100997,3356,ELMWCATH,-34,1730230088,1730230054,03:28:08 PM,03:27:34 PM,-34
2100997,3356,EDWAELMW,-50,1730230141,1730230092,03:29:01 PM,03:28:12 PM,-49
2100997,3356,EDWATECU,-60,1730230179,1730230118,03:29:39 PM,03:28:38 PM,-61
2100997,3356,EDWALANG,-66,1730230226,1730230160,03:30:26 PM,03:29:20 PM,-66
2100997,3356,EDWAHIWY,-84,1730230284,1730230200,03:31:24 PM,03:30:00 PM,-84
2100997,3356,EDWABASE,-100,1730230325,1730230226,03:32:05 PM,03:30:26 PM,-99
2100997,3356,BASEWHA2,0,1730230380,1730230380,03:33:00 PM,03:33:00 PM,0
2100997,3356,BASEWES2,2,1730230434,1730230436,03:33:54 PM,03:33:56 PM,2
2100997,3356,BASEWES4,-4,1730230476,1730230472,03:34:36 PM,03:34:32 PM,-4
2100997,3356,BASECOTS,-23,1730230530,1730230507,03:35:30 PM,03:35:07 PM,-23
2100997,3356,BEACBAS2,-27,1730230597,1730230570,03:36:37 PM,03:36:10 PM,-27
2100997,3356,ANDOCOM2,-23,1730230635,1730230612,03:37:15 PM,03:36:52 PM,-23
2100997,3356,ANDOVIG2,-34,1730230676,1730230642,03:37:56 PM,03:37:22 PM,-34
2100997,3356,ANDOELMG,-46,1730230712,1730230666,03:38:32 PM,03:37:46 PM,-46
2100997,3356,ANDOVIS2,-67,1730230780,1730230713,03:39:40 PM,03:38:33 PM,-67
2100997,3356,VISCGARD,-99,1730230871,1730230772,03:41:11 PM,03:39:32 PM,-99
2100997,3356,VISCFOXM,-116,1730230913,1730230797,03:41:53 PM,03:39:57 PM,-116
2100997,3356,VISCWON2,-134,1730230976,1730230842,03:42:56 PM,03:40:42 PM,-134
2100997,3356,WESTMAL3,-169,1730231040,1730230871,03:44:00 PM,03:41:11 PM,-169
2101069,3356,WESTMAL3,148,1730231400,1730231548,03:50:00 PM,03:52:28 PM,148
2101069,3356,VISCFARN,100,1730231475,1730231576,03:51:15 PM,03:52:56 PM,101
2101069,3356,VISCVIGR,88,1730231520,1730231608,03:52:00 PM,03:53:28 PM,88
2101069,3356,VISCCRAN,78,1730231565,1730231642,03:52:45 PM,03:54:02 PM,77
2101069,3356,CRANHIMO,62,1730231621,1730231684,03:53:41 PM,03:54:44 PM,63
2101069,3356,CRANSALE,58,1730231679,1730231736,03:54:39 PM,03:55:36 PM,57
2101069,3356,CRANCOMM,62,1730231700,1730231762,03:55:00 PM,03:56:02 PM,62
2101069,3356,COMMNOT1,34,1730231748,1730231782,03:55:48 PM,03:56:22 PM,34
2101069,3356,COMMNOT3,14,1730231783,1730231798,03:56:23 PM,03:56:38 PM,15
2101069,3356,WONDCOM2,-14,1730231870,1730231856,03:57:50 PM,03:57:36 PM,-14
2101069,3356,WONDVIL2,-18,1730231909,1730231890,03:58:29 PM,03:58:10 PM,-19
2101069,3356,WONDVIS2,-40,1730231954,1730231914,03:59:14 PM,03:58:34 PM,-40
2101069,3356,VISCWON3,0,1730232000,1730232000,04:00:00 PM,04:00:00 PM,0
2101069,3356,VISCSTEE,-26,1730232051,1730232025,04:00:51 PM,04:00:25 PM,-26
2101069,3356,VISCPIVA,-38,1730232090,1730232052,04:01:30 PM,04:00:52 PM,-38
2101069,3356,ANDOVIS3,-51,1730232172,1730232121,04:02:52 PM,04:02:01 PM,-51
2101069,3356,ANDONOVE,-67,1730232253,1730232186,04:04:13 PM,04:03:06 PM,-67
2101069,3356,ANDOVIG1,-69,1730232267,1730232198,04:04:27 PM,04:03:18 PM,-69
2101069,3356,ANDOCOM1,-67,1730232303,1730232236,04:05:03 PM,04:03:56 PM,-67
2101069,3356,BEACBAS1,-47,1730232338,1730232291,04:05:38 PM,04:04:51 PM,-47
2101069,3356,BASEWES3,-58,1730232390,1730232332,04:06:30 PM,04:05:32 PM,-58
2101069,3356,BASEWES1,-66,1730232438,1730232372,04:07:18 PM,04:06:12 PM,-66
2101069,3356,BASEMGR1,-64,1730232483,1730232419,04:08:03 PM,04:06:59 PM,-64
2101069,3356,BASEWHA1,0,1730232540,1730232540,04:09:00 PM,04:09:00 PM,0
2101069,3356,BASEDUND,-13,1730232576,1730232563,04:09:36 PM,04:09:23 PM,-13
2101069,3356,CATHBASE,-37,1730232643,1730232606,04:10:43 PM,04:10:06 PM,-37
2101069,3356,CATHDEVO,-59,1730232699,1730232640,04:11:39 PM,04:10:40 PM,-59
2101069,3356,CATHLANG,-73,1730232745,1730232672,04:12:25 PM,04:11:12 PM,-73
2101069,3356,CATHTECU,-82,1730232795,1730232713,04:13:15 PM,04:11:53 PM,-82
2101069,3356,CATHELMW,-90,1730232849,1730232759,04:14:09 PM,04:12:39 PM,-90
2101069,3356,BRUCWORT,-88,1730232906,1730232818,04:15:06 PM,04:13:38 PM,-88
2101069,3356,BRUCMARL,-96,1730232937,1730232841,04:15:37 PM,04:14:01 PM,-96
2101069,3356,RIDOCRA1,-95,1730232983,1730232888,04:16:23 PM,04:14:48 PM,-95
2101069,3356,RIDOING1,-117,1730233017,1730232900,04:16:57 PM,04:15:00 PM,-117
2101069,3356,HORTRID1,-138,1730233067,1730232929,04:17:47 PM,04:15:29 PM,-138
2101069,3356,RICHHOT1,-138,1730233132,1730232994,04:18:52 PM,04:16:34 PM,-138
2101069,3356,RICHKIN1,0,1730233200,1730233200,04:20:00 PM,04:20:00 PM,0
2101069,3356,RICHQUEE,0,1730233320,1730233320,04:22:00 PM,04:22:00 PM,0
2101069,3356,RICHQUEE,0,1730233560,1730233560,04:26:00 PM,04:26:00 PM,0
2101069,3356,RICHKEN1,0,1730233671,1730233671,04:27:51 PM,04:27:51 PM,0
2101069,3356,RICHHYM1,0,1730233771,1730233771,04:29:31 PM,04:29:31 PM,0
2101069,3356,RICHPALL,0,1730233829,1730233829,04:30:29 PM,04:30:29 PM,0
2101069,3356,RICHOXF1,0,1730233949,1730233949,04:32:29 PM,04:32:29 PM,0
2101069,3356,RICHJAM1,0,1730234006,1730234006,04:33:26 PM,04:33:26 PM,0
2101069,3356,RICHGRO1,0,1730234101,1730234101,04:35:01 PM,04:35:01 PM,0
2101069,3356,RICHCHE1,0,1730234160,1730234160,04:36:00 PM,04:36:00 PM,0
2101069,3356,CHEAWAT1,0,1730234246,1730234246,04:37:26 PM,04:37:26 PM,0
2101069,3356,CHEACOLB,0,1730234302,1730234302,04:38:22 PM,04:38:22 PM,0
2101069,3356,CHEAMAI1,0,1730234354,1730234354,04:39:14 PM,04:39:14 PM,0
2101069,3356,CHEAWIL1,0,1730234402,1730234402,04:40:02 PM,04:40:02 PM,0
2101069,3356,CHEAADE1,0,1730234460,1730234460,04:41:00 PM,04:41:00 PM,0
2101069,3356,CHEABRA1,0,1730234542,1730234542,04:42:22 PM,04:42:22 PM,0
2101069,3356,CHEAGAM1,0,1730234589,1730234589,04:43:09 PM,04:43:09 PM,0
2101069,3356,CHEABARK,0,1730234634,1730234634,04:43:54 PM,04:43:54 PM,0
2101069,3356,CHEABOU1,0,1730234672,1730234672,04:44:32 PM,04:44:32 PM,0
2101069,3356,CHEAMCNA,0,1730234739,1730234739,04:45:39 PM,04:45:39 PM,0
2101069,3356,MCNAVIC3,0,1730234795,1730234795,04:46:35 PM,04:46:35 PM,0
2101069,3356,MCNAVIC1,0,1730234816,1730234816,04:46:56 PM,04:46:56 PM,0
2101069,3356,MCNAHUR1,0,1730234866,1730234866,04:47:46 PM,04:47:46 PM,0
2101069,3356,HUROVES1,0,1730234932,1730234932,04:48:52 PM,04:48:52 PM,0
2101069,3356,HUROHIG1,0,1730235000,1730235000,04:50:00 PM,04:50:00 PM,0
2101069,3356,HUROWEB1,0,1730235083,1730235083,04:51:23 PM,04:51:23 PM,0
2101069,3356,HUROSAN1,0,1730235137,1730235137,04:52:17 PM,04:52:17 PM,0
2101069,3356,BECKTOUK,0,1730235202,1730235202,04:53:22 PM,04:53:22 PM,0
2101069,3356,BECKLANC,0,1730235232,1730235232,04:53:52 PM,04:53:52 PM,0
2101069,3356,BECKLANG,0,1730235254,1730235254,04:54:14 PM,04:54:14 PM,0
2101069,3356,BECKTUDO,0,1730235275,1730235275,04:54:35 PM,04:54:35 PM,0
2101069,3356,BECKSORR,0,1730235302,1730235302,04:55:02 PM,04:55:02 PM,0
2101069,3356,SORRPERT,0,1730235353,1730235353,04:55:53 PM,04:55:53 PM,0
2101069,3356,SORRHURO,0,1730235385,1730235385,04:56:25 PM,04:56:25 PM,0
2101069,3356,OAKVHURO,0,1730235420,1730235420,04:57:00 PM,04:57:00 PM,0
2095688,3357,BONADUND,410,1730226540,1730226950,02:29:00 PM,02:35:50 PM,410
2095688,3357,BONASIMP,377,1730226583,1730226960,02:29:43 PM,02:36:00 PM,377
2095688,3357,BONAMORE,363,1730226639,1730227002,02:30:39 PM,02:36:42 PM,363
2095688,3357,ADMIBON2,377,1730226677,1730227054,02:31:17 PM,02:37:34 PM,377
2095688,3357,ADMIVAU3,370,1730226705,1730227075,02:31:45 PM,02:37:55 PM,370
2095688,3357,ADMICAR2,364,1730226733,1730227097,02:32:13 PM,02:38:17 PM,364
2095688,3357,CARLCAPR,349,1730226772,1730227121,02:32:52 PM,02:38:41 PM,349
2095688,3357,CARLSPE3,335,1730226815,1730227150,02:33:35 PM,02:39:10 PM,335
2095688,3357,CARLSPE1,330,1730226834,1730227164,02:33:54 PM,02:39:24 PM,330
2095688,3357,CARLTIFF,329,1730226867,1730227196,02:34:27 PM,02:39:56 PM,329
2095688,3357,DUNDSPE2,327,1730226912,1730227239,02:35:12 PM,02:40:39 PM,327
2095688,3357,DUNDSPE4,310,1730226940,1730227250,02:35:40 PM,02:40:50 PM,310
2095688,3357,DUNDFOR2,16,1730226964,1730226980,02:36:04 PM,02:36:20 PM,16
2095688,3357,QUEECLAR,8,1730229231,1730229239,03:13:51 PM,03:13:59 PM,8
2095688,3357,QUEERIC1,-61,1730229300,1730229239,03:15:00 PM,03:13:59 PM,-61
2095688,3357,QUEERIC1,38,1730229300,1730229338,03:15:00 PM,03:15:38 PM,38
2095688,3357,QUENRIDO,-8,1730229378,1730229370,03:16:18 PM,03:16:10 PM,-8
2095688,3357,RIVEWIL2,-58,1730229468,1730229410,03:17:48 PM,03:16:50 PM,-58
2095688,3357,RIVEWHA2,-74,1730229506,1730229432,03:18:26 PM,03:17:12 PM,-74
2095688,3357,WHARMPL1,-92,1730229547,1730229456,03:19:07 PM,03:17:36 PM,-91
2095688,3357,WHARMOIR,-110,1730229585,1730229476,03:19:45 PM,03:17:56 PM,-109
2095688,3357,WHAREMPR,-86,1730229643,1730229558,03:20:43 PM,03:19:18 PM,-85
2095688,3357,WHAROXF1,0,1730229720,1730229720,03:22:00 PM,03:22:00 PM,0
2095688,3357,WESTESSE,6,1730229765,1730229771,03:22:45 PM,03:22:51 PM,6
2095688,3357,WESTHOL1,-1,1730229803,1730229802,03:23:23 PM,03:23:22 PM,-1
2095688,3357,WESTPLA1,-1,1730229843,1730229842,03:24:03 PM,03:24:02 PM,-1
2095688,3357,WESTPHA1,0,1730229900,1730229900,03:25:00 PM,03:25:00 PM,0
2095688,3357,WESTPHA3,-14,1730229970,1730229956,03:26:10 PM,03:25:56 PM,-14
2095688,3357,ALUMHAL1,-7,1730230112,1730230105,03:28:32 PM,03:28:25 PM,-7
2095688,3357,MIDDPERT,-60,1730230287,1730230227,03:31:27 PM,03:30:27 PM,-60
2095688,3357,NATSCI,-121,1730230380,1730230259,03:33:00 PM,03:30:59 PM,-121
2095618,3357,NATSCI,0,1730231160,1730231160,03:46:00 PM,03:46:00 PM,0
2095618,3357,WESTELG2,0,1730231484,1730231484,03:51:24 PM,03:51:24 PM,0
2095618,3357,WESTLAM2,-64,1730231638,1730231574,03:53:58 PM,03:52:54 PM,-64
2095618,3357,WESTSAR2,0,1730231880,1730231880,03:58:00 PM,03:58:00 PM,0
2095618,3357,WESTSAR4,-20,1730231939,1730231919,03:58:59 PM,03:58:39 PM,-20
2095618,3357,WESTPLA2,-76,1730232037,1730231961,04:00:37 PM,03:59:21 PM,-76
2095618,3357,WESTHOL2,-97,1730232108,1730232011,04:01:48 PM,04:00:11 PM,-97
2095618,3357,WHARMCDO,-138,1730232197,1730232059,04:03:17 PM,04:00:59 PM,-138
2095618,3357,WHAROXF2,0,1730232300,1730232300,04:05:00 PM,04:05:00 PM,0
2095618,3357,WHARPAUL,-57,1730232394,1730232337,04:06:34 PM,04:05:37 PM,-57
2095618,3357,WHARLEXI,-93,1730232470,1730232377,04:07:50 PM,04:06:17 PM,-93
2095618,3357,WHARMPL2,-136,1730232533,1730232397,04:08:53 PM,04:06:37 PM,-136
2095618,3357,RIVEWHA1,-107,1730232587,1730232480,04:09:47 PM,04:08:00 PM,-107
2095618,3357,RIVEWIL1,-133,1730232632,1730232499,04:10:32 PM,04:08:19 PM,-133
2095618,3357,DUNDRIDO,-205,1730232752,1730232547,04:12:32 PM,04:09:07 PM,-205
2095618,3357,KINGTALB,-178,1730232820,1730232642,04:13:40 PM,04:10:42 PM,-178
2095618,3357,KINGRICH,-207,1730232900,1730232693,04:15:00 PM,04:11:33 PM,-207
2095618,3357,KINGRICH,28,1730232900,1730232928,04:15:00 PM,04:15:28 PM,28
2095618,3357,WELLDUN3,0,1730233140,1730233140,04:19:00 PM,04:19:00 PM,0
2095618,3357,DUNDWAT1,0,1730233140,1730233140,04:19:00 PM,04:19:00 PM,0
2095618,3357,DUNDCOL1,0,1730233198,1730233198,04:19:58 PM,04:19:58 PM,0
2095618,3357,DUNDMAI1,0,1730233288,1730233288,04:21:28 PM,04:21:28 PM,0
2095618,3357,DUNDWIL1,0,1730233370,1730233370,04:22:50 PM,04:22:50 PM,0
2095618,3357,DUNDADE1,0,1730233440,1730233440,04:24:00 PM,04:24:00 PM,0
2095618,3357,DUNDLYLE,0,1730233511,1730233511,04:25:11 PM,04:25:11 PM,0
2095618,3357,DUNDHEWI,0,1730233559,1730233559,04:25:59 PM,04:25:59 PM,0
2095618,3357,DUNDREC1,0,1730233608,1730233608,04:26:48 PM,04:26:48 PM,0
2095618,3357,DUNDONT1,0,1730233641,1730233641,04:27:21 PM,04:27:21 PM,0
2095618,3357,DUNDQUE1,0,1730233691,1730233691,04:28:11 PM,04:28:11 PM,0
2095618,3357,DUNDEGE1,,,,,,
2095618,3357,DUNDKELL,,,,,,
2095618,3357,DUNDELE1,,,,,,
2095618,3357,DUNDASH1,0,1730233896,1730233896,04:31:36 PM,04:31:36 PM,0
2095618,3357,DUNDHIG1,0,1730233980,1730233980,04:33:00 PM,04:33:00 PM,0
2095618,3357,DUNDHAL3,,,,,,
2095618,3357,HALEDOU2,,,,,,
2095618,3357,HALEBEAT,,,,,,
2095618,3357,HALEMONT,,,,,,
2095618,3357,HALEBRY2,,,,,,
2095618,3357,HALESTE2,,,,,,
2095618,3357,HALETRA2,,,,,,
2095618,3357,TRAFSTE1,0,1730234334,1730234334,04:38:54 PM,04:38:54 PM,0
2095618,3357,TRAFTHO1,0,1730234366,1730234366,04:39:26 PM,04:39:26 PM,0
2095618,3357,TRAFVAN1,0,1730234436,1730234436,04:40:36 PM,04:40:36 PM,0
2095618,3357,TRAFBALF,0,1730234466,1730234466,04:41:06 PM,04:41:06 PM,0
2095618,3357,TRAFFAL2,0,1730234508,1730234508,04:41:48 PM,04:41:48 PM,0
2095618,3357,TRAFCLA1,0,1730234580,1730234580,04:43:00 PM,04:43:00 PM,0
2095618,3357,CLARTRA1,0,1730234612,1730234612,04:43:32 PM,04:43:32 PM,0
2095618,3357,CLARROY1,0,1730234681,1730234681,04:44:41 PM,04:44:41 PM,0
2095618,3357,CLARROY3,0,1730234716,1730234716,04:45:16 PM,04:45:16 PM,0
2095618,3357,CLARWAV1,0,1730234743,1730234743,04:45:43 PM,04:45:43 PM,0
2095618,3357,CLARCHU1,0,1730234786,1730234786,04:46:26 PM,04:46:26 PM,0
2095618,3357,ARGYMAL1,0,1730234880,1730234880,04:48:00 PM,04:48:00 PM,0
2095618,3357,ARGYMAL1,0,1730235240,1730235240,04:54:00 PM,04:54:00 PM,0
2095618,3357,CLARCHU2,0,1730235294,1730235294,04:54:54 PM,04:54:54 PM,0
2095618,3357,CLARWAV2,0,1730235348,1730235348,04:55:48 PM,04:55:48 PM,0
2095618,3357,CLARROY2,0,1730235377,1730235377,04:56:17 PM,04:56:17 PM,0
2095618,3357,CLARSUD2,0,1730235441,1730235441,04:57:21 PM,04:57:21 PM,0
2095618,3357,MARCTRAF,0,1730235529,1730235529,04:58:49 PM,04:58:49 PM,0
2095618,3357,MARCNOEL,0,1730235589,1730235589,04:59:49 PM,04:59:49 PM,0
2095618,3357,NOELBOW,0,1730235647,1730235647,05:00:47 PM,05:00:47 PM,0
2095618,3357,BOWBANC,0,1730235696,1730235696,05:01:36 PM,05:01:36 PM,0
2095618,3357,HUDSBAFF,0,1730235726,1730235726,05:02:06 PM,05:02:06 PM,0
2095618,3357,HUDSFROB,0,1730235753,1730235753,05:02:33 PM,05:02:33 PM,0
2095618,3357,HUDSJOLI,0,1730235816,1730235816,05:03:36 PM,05:03:36 PM,0
2095618,3357,HUDSTRAF,0,1730235851,1730235851,05:04:11 PM,05:04:11 PM,0
2095618,3357,TRAFHUD2,0,1730235960,1730235960,05:06:00 PM,05:06:00 PM,0
2100459,3358,WHITOMA1,238,1730228640,1730228878,03:04:00 PM,03:07:58 PM,238
2100459,3358,OSGOWOO1,63,1730229150,1730229213,03:12:30 PM,03:13:33 PM,63
2100459,3358,DOWASH1,62,1730229185,1730229247,03:13:05 PM,03:14:07 PM,62
2100459,3358,ASHBSUR2,61,1730229208,1730229269,03:13:28 PM,03:14:29 PM,61
2100459,3358,ASHBMIL1,62,1730229243,1730229305,03:14:03 PM,03:15:05 PM,62
2100459,3358,MILLBEX3,64,1730229278,1730229342,03:14:38 PM,03:15:42 PM,64
2100459,3358,MILLBEX1,55,1730229320,1730229375,03:15:20 PM,03:16:15 PM,55
2100459,3358,MILLBRID,52,1730229349,1730229401,03:15:49 PM,03:16:41 PM,52
2100459,3358,MILLDUD1,52,1730229390,1730229442,03:16:30 PM,03:17:22 PM,52
2100459,3358,MILLHARR,59,1730229420,1730229479,03:17:00 PM,03:17:59 PM,59
2100459,3358,MILLSHA1,33,1730229502,1730229535,03:18:22 PM,03:18:55 PM,33
2100459,3358,MILLPAR2,17,1730229544,1730229561,03:19:04 PM,03:19:21 PM,17
2100459,3358,MILLSHA4,-8,1730229606,1730229598,03:20:06 PM,03:19:58 PM,-8
2100459,3358,MILLEBU4,-16,1730229625,1730229609,03:20:25 PM,03:20:09 PM,-16
2100459,3358,MILLEBU2,-34,1730229671,1730229637,03:21:11 PM,03:20:37 PM,-34
2100459,3358,MILLSDA2,-35,1730229690,1730229655,03:21:30 PM,03:20:55 PM,-35
2100459,3358,SOUTADE2,-26,1730229737,1730229711,03:22:17 PM,03:21:51 PM,-26
2100459,3358,SOUTWIL2,-58,1730229808,1730229750,03:23:28 PM,03:22:30 PM,-58
2100459,3358,SOUTWEL2,-72,1730229850,1730229778,03:24:10 PM,03:22:58 PM,-72
2100459,3358,WELLSDA3,0,1730229900,1730229900,03:25:00 PM,03:25:00 PM,0
2100459,3358,WELLCRES,,,,,,
2100459,3358,WELLCRE2,,,,,,
2100459,3358,WELLWIL1,,,,,,
2100459,3358,WELLWIL3,-155,1730230115,1730229960,03:28:35 PM,03:26:00 PM,-155
2100459,3358,WELLWAT1,-165,1730230155,1730229990,03:29:15 PM,03:26:30 PM,-165
2100459,3358,WELLCOM1,-191,1730230207,1730230016,03:30:07 PM,03:26:56 PM,-191
2100459,3358,WELLBAS1,0,1730230260,1730230260,03:31:00 PM,03:31:00 PM,0
2100459,3358,WELLCHES,-37,1730230338,1730230301,03:32:18 PM,03:31:41 PM,-37
2100459,3358,WELLALEX,-79,1730230413,1730230334,03:33:33 PM,03:32:14 PM,-79
2100459,3358,WELLBOND,-112,1730230466,1730230354,03:34:26 PM,03:32:34 PM,-112
2100459,3358,WELLMCL1,-144,1730230522,1730230378,03:35:22 PM,03:32:58 PM,-144
2100459,3358,GRANHIG2,-107,1730230609,1730230502,03:36:49 PM,03:35:02 PM,-107
2100459,3358,GRANHIG4,-125,1730230644,1730230519,03:37:24 PM,03:35:19 PM,-125
2100459,3358,CARFGRAN,-149,1730230697,1730230548,03:38:17 PM,03:35:48 PM,-149
2100459,3358,CARFCAR1,-177,1730230754,1730230577,03:39:14 PM,03:36:17 PM,-177
2100459,3358,RICHSIM1,-225,1730230832,1730230607,03:40:32 PM,03:36:47 PM,-225
2100459,3358,RICHHOT3,-180,1730230867,1730230687,03:41:07 PM,03:38:07 PM,-180
2100459,3358,RICHKIN1,-168,1730230960,1730230792,03:42:40 PM,03:39:52 PM,-168
2100459,3358,RICHQUEE,-217,1730231040,1730230823,03:44:00 PM,03:40:23 PM,-217
2100459,3358,RICHQUEE,144,1730231040,1730231184,03:44:00 PM,03:46:24 PM,144
2100459,3358,RICHKEN1,78,1730231142,1730231220,03:45:42 PM,03:47:00 PM,78
2100459,3358,RICHHYM1,43,1730231234,1730231277,03:47:14 PM,03:47:57 PM,43
2100459,3358,RICHPALL,60,1730231287,1730231347,03:48:07 PM,03:49:07 PM,60
2100459,3358,RICHOXF1,99,1730231400,1730231499,03:50:00 PM,03:51:39 PM,99
2100459,3358,RICHJAM1,73,1730231440,1730231513,03:50:40 PM,03:51:53 PM,73
2100459,3358,RICHGRO1,38,1730231506,1730231544,03:51:46 PM,03:52:24 PM,38
2100459,3358,RICHCHE1,30,1730231545,1730231575,03:52:25 PM,03:52:55 PM,30
2100459,3358,RICHVIC1,2,1730231599,1730231601,03:53:19 PM,03:53:21 PM,2
2100459,3358,RICHREG1,-26,1730231653,1730231627,03:54:13 PM,03:53:47 PM,-26
2100459,3358,RICHHUR1,-47,1730231697,1730231650,03:54:57 PM,03:54:10 PM,-47
2100459,3358,UNIVRIC2,-42,1730231767,1730231725,03:56:07 PM,03:55:25 PM,-42
2100459,3358,UNIVSUN2,-56,1730231829,1730231773,03:57:09 PM,03:56:13 PM,-56
2100459,3358,DELAHALL,0,1730231940,1730231940,03:59:00 PM,03:59:00 PM,0
2100459,3358,UNIVHOS1,-11,1730232063,1730232052,04:01:03 PM,04:00:52 PM,-11
2100459,3358,PERTWIN1,-13,1730232091,1730232078,04:01:31 PM,04:01:18 PM,-13
2100459,3358,RICHWIN1,3,1730232164,1730232167,04:02:44 PM,04:02:47 PM,3
2100459,3358,RICHWEC1,-18,1730232205,1730232187,04:03:25 PM,04:03:07 PM,-18
2100459,3358,RICHCANT,-30,1730232243,1730232213,04:04:03 PM,04:03:33 PM,-30
2100459,3358,RICHSUNN,-19,1730232309,1730232290,04:05:09 PM,04:04:50 PM,-19
2100459,3358,MASOSTO5,-101,1730232420,1730232319,04:07:00 PM,04:05:19 PM,-101
2100394,3358,MASOSTO5,49,1730233140,1730233189,04:19:00 PM,04:19:49 PM,49
2100394,3358,RICHJACK,3,1730233208,1730233211,04:20:08 PM,04:20:11 PM,3
2100394,3358,RICHSHAV,-4,1730233252,1730233248,04:20:52 PM,04:20:48 PM,-4
2100394,3358,RICHWES2,-22,1730233303,1730233281,04:21:43 PM,04:21:21 PM,-22
2100394,3358,RICHWES4,-34,1730233328,1730233294,04:22:08 PM,04:21:34 PM,-34
2100394,3358,RICHWYND,-57,1730233366,1730233309,04:22:46 PM,04:21:49 PM,-57
2100394,3358,WINDRIC2,-98,1730233448,1730233350,04:24:08 PM,04:22:30 PM,-98
2100394,3358,PERTWIN2,-111,1730233498,1730233387,04:24:58 PM,04:23:07 PM,-111
2100394,3358,UNIVHOS2,0,1730233560,1730233560,04:26:00 PM,04:26:00 PM,0
2100394,3358,DELAHAL2,0,1730233712,1730233712,04:28:32 PM,04:28:32 PM,0
2100394,3358,UNIVSUN1,0,1730233816,1730233816,04:30:16 PM,04:30:16 PM,0
2100394,3358,UNIVRIC1,0,1730233904,1730233904,04:31:44 PM,04:31:44 PM,0
2100394,3358,RICHHUR2,0,1730233975,1730233975,04:32:55 PM,04:32:55 PM,0
2100394,3358,RICHVIC2,0,1730234074,1730234074,04:34:34 PM,04:34:34 PM,0
2100394,3358,RICHCHE2,0,1730234134,1730234134,04:35:34 PM,04:35:34 PM,0
2100394,3358,RICHGRO2,0,1730234206,1730234206,04:36:46 PM,04:36:46 PM,0
2100394,3358,RICHJAM2,0,1730234253,1730234253,04:37:33 PM,04:37:33 PM,0
2100394,3358,RICHOXF2,0,1730234340,1730234340,04:39:00 PM,04:39:00 PM,0
2100394,3358,RICHMILL,0,1730234397,1730234397,04:39:57 PM,04:39:57 PM,0
2100394,3358,RICHCENT,0,1730234478,1730234478,04:41:18 PM,04:41:18 PM,0
2100394,3358,RICHKEN2,0,1730234533,1730234533,04:42:13 PM,04:42:13 PM,0
2100394,3358,RICHDUF2,0,1730234566,1730234566,04:42:46 PM,04:42:46 PM,0
2100394,3358,RICHQUE2,0,1730234640,1730234640,04:44:00 PM,04:44:00 PM,0
2100394,3358,RICHQUE2,0,1730234640,1730234640,04:44:00 PM,04:44:00 PM,0
2100394,3358,RICHKIN4,0,1730234691,1730234691,04:44:51 PM,04:44:51 PM,0
2100394,3358,RICHSIM2,0,1730234828,1730234828,04:47:08 PM,04:47:08 PM,0
2100394,3358,RICHGREY,0,1730234862,1730234862,04:47:42 PM,04:47:42 PM,0
2100394,3358,CARFCAR2,0,1730234935,1730234935,04:48:55 PM,04:48:55 PM,0
2100394,3358,CARFWOOD,0,1730234994,1730234994,04:49:54 PM,04:49:54 PM,0
2100394,3358,GRANHIG1,0,1730235086,1730235086,04:51:26 PM,04:51:26 PM,0
2100394,3358,WELLGRA2,0,1730235149,1730235149,04:52:29 PM,04:52:29 PM,0
2100394,3358,WELLCOLG,0,1730235211,1730235211,04:53:31 PM,04:53:31 PM,0
2100394,3358,WELLWELL,0,1730235279,1730235279,04:54:39 PM,04:54:39 PM,0
2100394,3358,WELLTHJA,0,1730235375,1730235375,04:56:15 PM,04:56:15 PM,0
2100394,3358,WELLBAS2,0,1730235480,1730235480,04:58:00 PM,04:58:00 PM,0
2100394,3358,WELLCOM4,0,1730235580,1730235580,04:59:40 PM,04:59:40 PM,0
2100394,3358,WELLWAT2,0,1730235662,1730235662,05:01:02 PM,05:01:02 PM,0
2100394,3358,WELLWIL4,0,1730235745,1730235745,05:02:25 PM,05:02:25 PM,0
2100394,3358,WELLNAD1,0,1730235808,1730235808,05:03:28 PM,05:03:28 PM,0
2100394,3358,WELLNADI,0,1730235844,1730235844,05:04:04 PM,05:04:04 PM,0
2100394,3358,SOUTWEL1,0,1730235960,1730235960,05:06:00 PM,05:06:00 PM,0
2100394,3358,SOUTWIL1,0,1730236003,1730236003,05:06:43 PM,05:06:43 PM,0
2100394,3358,SOUTADE1,0,1730236081,1730236081,05:08:01 PM,05:08:01 PM,0
2100394,3358,MILLSDA1,0,1730236115,1730236115,05:08:35 PM,05:08:35 PM,0
2100394,3358,MILLDOWN,0,1730236139,1730236139,05:08:59 PM,05:08:59 PM,0
2100394,3358,MILLSTAN,0,1730236164,1730236164,05:09:24 PM,05:09:24 PM,0
2100394,3358,MILLSHA3,0,1730236191,1730236191,05:09:51 PM,05:09:51 PM,0
2100394,3358,MILLPAR1,0,1730236245,1730236245,05:10:45 PM,05:10:45 PM,0
2100394,3358,MILLSHA2,0,1730236292,1730236292,05:11:32 PM,05:11:32 PM,0
2100394,3358,MILLSDA4,0,1730236370,1730236370,05:12:50 PM,05:12:50 PM,0
2100394,3358,MILLDUD2,0,1730236395,1730236395,05:13:15 PM,05:13:15 PM,0
2100394,3358,MILLASHB,0,1730236433,1730236433,05:13:53 PM,05:13:53 PM,0
2100394,3358,MILLBEX2,0,1730236456,1730236456,05:14:16 PM,05:14:16 PM,0
2100394,3358,MILLBEX4,0,1730236491,1730236491,05:14:51 PM,05:14:51 PM,0
2100394,3358,ASHBMIL2,0,1730236535,1730236535,05:15:35 PM,05:15:35 PM,0
2100394,3358,ASHBSUR1,0,1730236570,1730236570,05:16:10 PM,05:16:10 PM,0
2100394,3358,DOWASH2,0,1730236592,1730236592,05:16:32 PM,05:16:32 PM,0
2100394,3358,OSGOWOO2,0,1730236628,1730236628,05:17:08 PM,05:17:08 PM,0
2100394,3358,ADELOSG1,0,1730236680,1730236680,05:18:00 PM,05:18:00 PM,0
2100394,3358,OSGOKIN2,0,1730236716,1730236716,05:18:36 PM,05:18:36 PM,0
2100394,3358,OSGOKIN4,0,1730236746,1730236746,05:19:06 PM,05:19:06 PM,0
2100394,3358,OSGOFITZ,0,1730236781,1730236781,05:19:41 PM,05:19:41 PM,0
2100394,3358,OSGOBRE2,0,1730236817,1730236817,05:20:17 PM,05:20:17 PM,0
2100394,3358,WILLOSG2,0,1730236856,1730236856,05:20:56 PM,05:20:56 PM,0
2100394,3358,DEARWILL,0,1730236907,1730236907,05:21:47 PM,05:21:47 PM,0
2100394,3358,DEARDUL2,0,1730236938,1730236938,05:22:18 PM,05:22:18 PM,0
2100394,3358,BRADDEAR,0,1730236989,1730236989,05:23:09 PM,05:23:09 PM,0
2100394,3358,WELLBRA2,0,1730237028,1730237028,05:23:48 PM,05:23:48 PM,0
2100394,3358,WHITOMA1,0,1730237100,1730237100,05:25:00 PM,05:25:00 PM,0
2100457,3359,RICHGRO1,-123,1730229346,1730229223,03:15:46 PM,03:13:43 PM,-123
2100457,3359,RICHCHE1,-131,1730229385,1730229254,03:16:25 PM,03:14:14 PM,-131
2100457,3359,RICHVIC1,-159,1730229439,1730229280,03:17:19 PM,03:14:40 PM,-159
2100457,3359,RICHREG1,-187,1730229493,1730229306,03:18:13 PM,03:15:06 PM,-187
2100457,3359,RICHHUR1,-208,1730229537,1730229329,03:18:57 PM,03:15:29 PM,-208
2100457,3359,UNIVRIC2,-203,1730229607,1730229404,03:20:07 PM,03:16:44 PM,-203
2100457,3359,UNIVSUN2,-217,1730229669,1730229452,03:21:09 PM,03:17:32 PM,-217
2100457,3359,DELAHALL,0,1730229780,1730229780,03:23:00 PM,03:23:00 PM,0
2100457,3359,UNIVHOS1,-11,1730229903,1730229892,03:25:03 PM,03:24:52 PM,-11
2100457,3359,PERTWIN1,-13,1730229931,1730229918,03:25:31 PM,03:25:18 PM,-13
2100457,3359,RICHWIN1,3,1730230004,1730230007,03:26:44 PM,03:26:47 PM,3
2100457,3359,RICHWEC1,-18,1730230045,1730230027,03:27:25 PM,03:27:07 PM,-18
2100457,3359,RICHCANT,-30,1730230083,1730230053,03:28:03 PM,03:27:33 PM,-30
2100457,3359,RICHSUNN,-19,1730230149,1730230130,03:29:09 PM,03:28:50 PM,-19
2100457,3359,MASOSTO5,-101,1730230260,1730230159,03:31:00 PM,03:29:19 PM,-101
2100391,3359,MASOSTO5,49,1730230680,1730230729,03:38:00 PM,03:38:49 PM,49
2100391,3359,RICHJACK,13,1730230738,1730230751,03:38:58 PM,03:39:11 PM,13
2100391,3359,RICHSHAV,12,1730230776,1730230788,03:39:36 PM,03:39:48 PM,12
2100391,3359,RICHWES2,1,1730230820,1730230821,03:40:20 PM,03:40:21 PM,1
2100391,3359,RICHWES4,-8,1730230842,1730230834,03:40:42 PM,03:40:34 PM,-8
2100391,3359,RICHWYND,-26,1730230875,1730230849,03:41:15 PM,03:40:49 PM,-26
2100391,3359,WINDRIC2,-55,1730230945,1730230890,03:42:25 PM,03:41:30 PM,-55
2100391,3359,PERTWIN2,-61,1730230988,1730230927,03:43:08 PM,03:42:07 PM,-61
2100391,3359,UNIVHOS2,0,1730231040,1730231040,03:44:00 PM,03:44:00 PM,0
2100391,3359,DELAHAL2,-18,1730231168,1730231150,03:46:08 PM,03:45:50 PM,-18
2100391,3359,UNIVSUN1,-25,1730231256,1730231231,03:47:36 PM,03:47:11 PM,-25
2100391,3359,UNIVRIC1,-45,1730231331,1730231286,03:48:51 PM,03:48:06 PM,-45
2100391,3359,RICHHUR2,-64,1730231391,1730231327,03:49:51 PM,03:48:47 PM,-64
2100391,3359,RICHVIC2,-110,1730231475,1730231365,03:51:15 PM,03:49:25 PM,-110
2100391,3359,RICHCHE2,-140,1730231526,1730231386,03:52:06 PM,03:49:46 PM,-140
2100391,3359,RICHGRO2,-157,1730231587,1730231430,03:53:07 PM,03:50:30 PM,-157
2100391,3359,RICHJAM2,-166,1730231627,1730231461,03:53:47 PM,03:51:01 PM,-166
2100391,3359,RICHOXF2,0,1730231700,1730231700,03:55:00 PM,03:55:00 PM,0
2100391,3359,RICHMILL,-7,1730231746,1730231739,03:55:46 PM,03:55:39 PM,-7
2100391,3359,RICHCENT,-7,1730231811,1730231804,03:56:51 PM,03:56:44 PM,-7
2100391,3359,RICHKEN2,-15,1730231855,1730231840,03:57:35 PM,03:57:20 PM,-15
2100391,3359,RICHDUF2,-3,1730231881,1730231878,03:58:01 PM,03:57:58 PM,-3
2100391,3359,RICHQUE2,-26,1730231940,1730231914,03:59:00 PM,03:58:34 PM,-26
2100391,3359,RICHQUE2,102,1730231940,1730232042,03:59:00 PM,04:00:42 PM,102
2100391,3359,RICHKIN4,101,1730231991,1730232092,03:59:51 PM,04:01:32 PM,101
2100391,3359,RICHSIM2,92,1730232128,1730232220,04:02:08 PM,04:03:40 PM,92
2100391,3359,RICHGREY,69,1730232162,1730232231,04:02:42 PM,04:03:51 PM,69
2100391,3359,CARFCAR2,23,1730232235,1730232258,04:03:55 PM,04:04:18 PM,23
2100391,3359,CARFWOOD,9,1730232294,1730232303,04:04:54 PM,04:05:03 PM,9
2100391,3359,GRANHIG1,-28,1730232386,1730232358,04:06:26 PM,04:05:58 PM,-28
2100391,3359,WELLGRA2,-15,1730232449,1730232434,04:07:29 PM,04:07:14 PM,-15
2100391,3359,WELLCOLG,-50,1730232511,1730232461,04:08:31 PM,04:07:41 PM,-50
2100391,3359,WELLWELL,-94,1730232579,1730232485,04:09:39 PM,04:08:05 PM,-94
2100391,3359,WELLTHJA,-152,1730232675,1730232523,04:11:15 PM,04:08:43 PM,-152
2100391,3359,WELLBAS2,0,1730232780,1730232780,04:13:00 PM,04:13:00 PM,0
2100391,3359,WELLCOM4,-35,1730232877,1730232842,04:14:37 PM,04:14:02 PM,-35
2100391,3359,WELLWAT2,-90,1730232957,1730232867,04:15:57 PM,04:14:27 PM,-90
2100391,3359,WELLWIL4,-85,1730233038,1730232953,04:17:18 PM,04:15:53 PM,-85
2100391,3359,WELLNAD1,-107,1730233099,1730232992,04:18:19 PM,04:16:32 PM,-107
2100391,3359,WELLNADI,-127,1730233134,1730233007,04:18:54 PM,04:16:47 PM,-127
2100391,3359,WELLSDA2,0,1730233200,1730233200,04:20:00 PM,04:20:00 PM,0
2100391,3359,WELLHARL,0,1730233256,1730233256,04:20:56 PM,04:20:56 PM,0
2100391,3359,WELLMON4,,,,,,
2100391,3359,WELLMON2,0,1730233362,1730233362,04:22:42 PM,04:22:42 PM,0
2100391,3359,WELLBRA2,0,1730233426,1730233426,04:23:46 PM,04:23:46 PM,0
2100391,3359,WHITOMA1,0,1730233500,1730233500,04:25:00 PM,04:25:00 PM,0
2103198,3360,WOODCAM1,607,1730228598,1730229205,03:03:18 PM,03:13:25 PM,607
2103198,3360,PLATOXF1,616,1730228650,1730229266,03:04:10 PM,03:14:26 PM,616
2103198,3360,CHERPLA2,611,1730228688,1730229299,03:04:48 PM,03:14:59 PM,611
2103198,3360,CHERCHC4,605,1730228720,1730229325,03:05:20 PM,03:15:25 PM,605
2103198,3360,CHERCHBL,599,1730228761,1730229360,03:06:01 PM,03:16:00 PM,599
2103198,3360,CHEROXF2,595,1730228820,1730229415,03:07:00 PM,03:16:55 PM,595
2103198,3360,BEAVOXF2,564,1730228917,1730229481,03:08:37 PM,03:18:01 PM,564
2103198,3360,PROUBEA2,540,1730228991,1730229531,03:09:51 PM,03:18:51 PM,540
2103198,3360,FOREHIL2,533,1730229037,1730229570,03:10:37 PM,03:19:30 PM,533
2103198,3360,PROUOXF3,515,1730229096,1730229611,03:11:36 PM,03:20:11 PM,515
2103198,3360,PROUOXF1,507,1730229127,1730229634,03:12:07 PM,03:20:34 PM,507
2103198,3360,PROUFAR3,499,1730229149,1730229648,03:12:29 PM,03:20:48 PM,499
2103198,3360,PROUFAR1,481,1730229185,1730229666,03:13:05 PM,03:21:06 PM,481
2103198,3360,BEAVHORI,454,1730229256,1730229710,03:14:16 PM,03:21:50 PM,454
2103198,3360,BEAVWOND,464,1730229295,1730229759,03:14:55 PM,03:22:39 PM,464
2103198,3360,BEAVBLYT,415,1730229360,1730229775,03:16:00 PM,03:22:55 PM,415
2103134,3360,BEAVBLYT,415,1730229420,1730229835,03:17:00 PM,03:23:55 PM,415
2103134,3360,BEAVCAP1,415,1730229474,1730229889,03:17:54 PM,03:24:49 PM,415
2103134,3360,BEAVOAKC,415,1730229545,1730229960,03:19:05 PM,03:26:00 PM,415
2103134,3360,BEAVOAK2,404,1730229623,1730230027,03:20:23 PM,03:27:07 PM,404
2103134,3360,BEAVWILR,396,1730229661,1730230057,03:21:01 PM,03:27:37 PM,396
2103134,3360,BEAVSARN,407,1730229706,1730230113,03:21:46 PM,03:28:33 PM,407
2103134,3360,OAKCOAKC,408,1730229780,1730230188,03:23:00 PM,03:29:48 PM,408
2103134,3360,OAKCMAP1,392,1730229836,1730230228,03:23:56 PM,03:30:28 PM,392
2103134,3360,OAKCMAP2,369,1730229888,1730230257,03:24:48 PM,03:30:57 PM,369
2103134,3360,BEAVWHET,361,1730229924,1730230285,03:25:24 PM,03:31:25 PM,361
2103134,3360,BEAVCAP2,359,1730229973,1730230332,03:26:13 PM,03:32:12 PM,359
2103134,3360,BEAVWON1,321,1730230020,1730230341,03:27:00 PM,03:32:21 PM,321
2103134,3360,BEAVWON1,381,1730230020,1730230401,03:27:00 PM,03:33:21 PM,381
2103134,3360,BEAVHOR2,362,1730230076,1730230438,03:27:56 PM,03:33:58 PM,362
2103134,3360,BEAVPROU,354,1730230106,1730230460,03:28:26 PM,03:34:20 PM,354
2103134,3360,PROUBEA3,337,1730230155,1730230492,03:29:15 PM,03:34:52 PM,337
2103134,3360,PROUFAR2,304,1730230227,1730230531,03:30:27 PM,03:35:31 PM,304
2103134,3360,PROUOXF2,303,1730230259,1730230562,03:30:59 PM,03:36:02 PM,303
2103134,3360,FOREHIL1,291,1730230320,1730230611,03:32:00 PM,03:36:51 PM,291
2103134,3360,PROUBEA1,252,1730230388,1730230640,03:33:08 PM,03:37:20 PM,252
2103134,3360,BEAVOXF1,210,1730230491,1730230701,03:34:51 PM,03:38:21 PM,210
2103134,3360,OXFOCHE1,171,1730230565,1730230736,03:36:05 PM,03:38:56 PM,171
2103134,3360,CHEROXF1,189,1730230620,1730230809,03:37:00 PM,03:40:09 PM,189
2103134,3360,CHERCHC1,169,1730230670,1730230839,03:37:50 PM,03:40:39 PM,169
2103134,3360,CHERCHC3,148,1730230721,1730230869,03:38:41 PM,03:41:09 PM,148
2103134,3360,CHERPLA1,133,1730230768,1730230901,03:39:28 PM,03:41:41 PM,133
2103134,3360,PLATOXF2,177,1730230825,1730231002,03:40:25 PM,03:43:22 PM,177
2103134,3360,WOODCAM2,145,1730230883,1730231028,03:41:23 PM,03:43:48 PM,145
2103134,3360,WOODEDI2,112,1730230930,1730231042,03:42:10 PM,03:44:02 PM,112
2103134,3360,WOODTOZ2,87,1730230977,1730231064,03:42:57 PM,03:44:24 PM,87
2103134,3360,RIVEWOO1,84,1730231040,1730231124,03:44:00 PM,03:45:24 PM,84
2103134,3360,RIVECAVE,66,1730231071,1730231137,03:44:31 PM,03:45:37 PM,66
2103134,3360,RIVEWHA1,73,1730231134,1730231207,03:45:34 PM,03:46:47 PM,73
2103134,3360,RIVEWIL1,63,1730231164,1730231227,03:46:04 PM,03:47:07 PM,63
2103134,3360,DUNDRIDO,34,1730231243,1730231277,03:47:23 PM,03:47:57 PM,34
2103134,3360,KINGTALB,63,1730231287,1730231350,03:48:07 PM,03:49:10 PM,63
2103134,3360,KINGRICH,61,1730231340,1730231401,03:49:00 PM,03:50:01 PM,61
2103134,3360,KINGRICH,121,1730231340,1730231461,03:49:00 PM,03:51:01 PM,121
2103134,3360,WELLDUN3,0,1730231640,1730231640,03:54:00 PM,03:54:00 PM,0
2103134,3360,DUNDWAT1,4,1730231704,1730231708,03:55:04 PM,03:55:08 PM,4
2103134,3360,DUNDCOL1,1,1730231749,1730231750,03:55:49 PM,03:55:50 PM,1
2103134,3360,DUNDMAI1,-31,1730231820,1730231789,03:57:00 PM,03:56:29 PM,-31
2103134,3360,DUNDWIL1,-54,1730231885,1730231831,03:58:05 PM,03:57:11 PM,-54
2103134,3360,DUNDADE1,0,1730231940,1730231940,03:59:00 PM,03:59:00 PM,0
2103134,3360,DUNDLYLE,-34,1730232000,1730231966,04:00:00 PM,03:59:26 PM,-34
2103134,3360,DUNDHEWI,-23,1730232040,1730232017,04:00:40 PM,04:00:17 PM,-23
2103134,3360,DUNDREC1,-39,1730232081,1730232042,04:01:21 PM,04:00:42 PM,-39
2103134,3360,DUNDONT1,-35,1730232109,1730232074,04:01:49 PM,04:01:14 PM,-35
2103134,3360,QUEBDUND,-43,1730232163,1730232120,04:02:43 PM,04:02:00 PM,-43
2103134,3360,QUEBQUEE,-49,1730232185,1730232136,04:03:05 PM,04:02:16 PM,-49
2103134,3360,QUEBLOR1,-68,1730232229,1730232161,04:03:49 PM,04:02:41 PM,-68
2103134,3360,QUEBELI1,-71,1730232256,1730232185,04:04:16 PM,04:03:05 PM,-71
2103134,3360,SALIQUEB,-89,1730232323,1730232234,04:05:23 PM,04:03:54 PM,-89
2103134,3360,GLASMORN,-95,1730232355,1730232260,04:05:55 PM,04:04:20 PM,-95
2103134,3360,MORNSTRA,-106,1730232389,1730232283,04:06:29 PM,04:04:43 PM,-106
2103134,3360,MORNSAL1,0,1730232480,1730232480,04:08:00 PM,04:08:00 PM,0
2103134,3360,MORNCON1,-25,1730232532,1730232507,04:08:52 PM,04:08:27 PM,-25
2103134,3360,MORNCON3,-38,1730232557,1730232519,04:09:17 PM,04:08:39 PM,-38
2103134,3360,OXFOMORN,27,1730232631,1730232658,04:10:31 PM,04:10:58 PM,27
2103134,3360,OXFOHIG1,127,1730232660,1730232787,04:11:00 PM,04:13:07 PM,127
2103134,3360,OXFOHIG3,115,1730232696,1730232811,04:11:36 PM,04:13:31 PM,115
2103134,3360,FANCOLL3,22,1730232840,1730232862,04:14:00 PM,04:14:22 PM,22
2095617,3361,WESTELG2,-150,1730229444,1730229294,03:17:24 PM,03:14:54 PM,-150
2095617,3361,WESTLAM2,-192,1730229598,1730229406,03:19:58 PM,03:16:46 PM,-192
2095617,3361,WESTSAR2,0,1730229840,1730229840,03:24:00 PM,03:24:00 PM,0
2095617,3361,WESTSAR4,-20,1730229899,1730229879,03:24:59 PM,03:24:39 PM,-20
2095617,3361,WESTPLA2,-75,1730229997,1730229922,03:26:37 PM,03:25:22 PM,-75
2095617,3361,WESTHOL2,-96,1730230068,1730229972,03:27:48 PM,03:26:12 PM,-96
2095617,3361,WHARMCDO,-136,1730230157,1730230021,03:29:17 PM,03:27:01 PM,-136
2095617,3361,WHAROXF2,0,1730230260,1730230260,03:31:00 PM,03:31:00 PM,0
2095617,3361,WHARPAUL,-57,1730230354,1730230297,03:32:34 PM,03:31:37 PM,-57
2095617,3361,WHARLEXI,-93,1730230430,1730230337,03:33:50 PM,03:32:17 PM,-93
2095617,3361,WHARMPL2,-136,1730230493,1730230357,03:34:53 PM,03:32:37 PM,-136
2095617,3361,RIVEWHA1,-96,1730230547,1730230451,03:35:47 PM,03:34:11 PM,-96
2095617,3361,RIVEWIL1,-122,1730230592,1730230470,03:36:32 PM,03:34:30 PM,-122
2095617,3361,DUNDRIDO,-196,1730230712,1730230516,03:38:32 PM,03:35:16 PM,-196
2095617,3361,KINGTALB,-174,1730230780,1730230606,03:39:40 PM,03:36:46 PM,-174
2095617,3361,KINGRICH,-203,1730230860,1730230657,03:41:00 PM,03:37:37 PM,-203
2095617,3361,KINGRICH,28,1730230860,1730230888,03:41:00 PM,03:41:28 PM,28
2095617,3361,WELLDUN3,0,1730231100,1730231100,03:45:00 PM,03:45:00 PM,0
2095617,3361,DUNDWAT1,62,1730231100,1730231162,03:45:00 PM,03:46:02 PM,62
2095617,3361,DUNDCOL1,29,1730231158,1730231187,03:45:58 PM,03:46:27 PM,29
2095617,3361,DUNDMAI1,-22,1730231248,1730231226,03:47:28 PM,03:47:06 PM,-22
2095617,3361,DUNDWIL1,-60,1730231330,1730231270,03:48:50 PM,03:47:50 PM,-60
2095617,3361,DUNDADE1,0,1730231400,1730231400,03:50:00 PM,03:50:00 PM,0
2095617,3361,DUNDLYLE,-32,1730231471,1730231439,03:51:11 PM,03:50:39 PM,-32
2095617,3361,DUNDHEWI,-26,1730231519,1730231493,03:51:59 PM,03:51:33 PM,-26
2095617,3361,DUNDREC1,-47,1730231568,1730231521,03:52:48 PM,03:52:01 PM,-47
2095617,3361,DUNDONT1,-44,1730231601,1730231557,03:53:21 PM,03:52:37 PM,-44
2095617,3361,DUNDQUE1,-63,1730231651,1730231588,03:54:11 PM,03:53:08 PM,-63
2095617,3361,DUNDEGE1,,,,,,
2095617,3361,DUNDKELL,,,,,,
2095617,3361,DUNDELE1,,,,,,
2095617,3361,DUNDASH1,-166,1730231856,1730231690,03:57:36 PM,03:54:50 PM,-166
2095617,3361,DUNDHIG1,0,1730231940,1730231940,03:59:00 PM,03:59:00 PM,0
2095617,3361,DUNDHAL3,,,,,,
2095617,3361,HALEDOU2,,,,,,
2095617,3361,HALEBEAT,,,,,,
2095617,3361,HALEMONT,,,,,,
2095617,3361,HALEBRY2,,,,,,
2095617,3361,HALESTE2,,,,,,
2095617,3361,HALETRA2,,,,,,
2095617,3361,TRAFSTE1,34,1730232294,1730232328,04:04:54 PM,04:05:28 PM,34
2095617,3361,TRAFTHO1,27,1730232326,1730232353,04:05:26 PM,04:05:53 PM,27
2095617,3361,TRAFVAN1,-9,1730232396,1730232387,04:06:36 PM,04:06:27 PM,-9
2095617,3361,TRAFBALF,-18,1730232426,1730232408,04:07:06 PM,04:06:48 PM,-18
2095617,3361,TRAFFAL2,-33,1730232468,1730232435,04:07:48 PM,04:07:15 PM,-33
2095617,3361,TRAFCLA1,0,1730232540,1730232540,04:09:00 PM,04:09:00 PM,0
2095617,3361,CLARTRA1,23,1730232572,1730232595,04:09:32 PM,04:09:55 PM,23
2095617,3361,CLARROY1,-20,1730232641,1730232621,04:10:41 PM,04:10:21 PM,-20
2095617,3361,CLARROY3,-33,1730232676,1730232643,04:11:16 PM,04:10:43 PM,-33
2095617,3361,CLARWAV1,-46,1730232703,1730232657,04:11:43 PM,04:10:57 PM,-46
2095617,3361,CLARCHU1,-67,1730232746,1730232679,04:12:26 PM,04:11:19 PM,-67
2095617,3361,ARGYMAL1,-146,1730232840,1730232694,04:14:00 PM,04:11:34 PM,-146
2095617,3361,ARGYMAL1,74,1730233200,1730233274,04:20:00 PM,04:21:14 PM,74
2095617,3361,CLARCHU2,38,1730233254,1730233292,04:20:54 PM,04:21:32 PM,38
2095617,3361,CLARWAV2,17,1730233308,1730233325,04:21:48 PM,04:22:05 PM,17
2095617,3361,CLARROY2,0,1730233337,1730233337,04:22:17 PM,04:22:17 PM,0
2095617,3361,CLARSUD2,-36,1730233401,1730233365,04:23:21 PM,04:22:45 PM,-36
2095617,3361,MARCTRAF,-21,1730233489,1730233468,04:24:49 PM,04:24:28 PM,-21
2095617,3361,MARCNOEL,-19,1730233549,1730233530,04:25:49 PM,04:25:30 PM,-19
2095617,3361,NOELBOW,-31,1730233607,1730233576,04:26:47 PM,04:26:16 PM,-31
2095617,3361,BOWBANC,-40,1730233656,1730233616,04:27:36 PM,04:26:56 PM,-40
2095617,3361,HUDSBAFF,-44,1730233686,1730233642,04:28:06 PM,04:27:22 PM,-44
2095617,3361,HUDSFROB,-41,1730233713,1730233672,04:28:33 PM,04:27:52 PM,-41
2095617,3361,HUDSJOLI,-58,1730233776,1730233718,04:29:36 PM,04:28:38 PM,-58
2095617,3361,HUDSTRAF,-75,1730233811,1730233736,04:30:11 PM,04:28:56 PM,-75
2095617,3361,TRAFHUD2,-184,1730233920,1730233736,04:32:00 PM,04:28:56 PM,-184
2095656,3361,TRAFHUD2,0,1730233920,1730233920,04:32:00 PM,04:32:00 PM,0
2095656,3361,TRAFHUD4,0,1730233964,1730233964,04:32:44 PM,04:32:44 PM,0
2095656,3361,TRAFBANC,0,1730234002,1730234002,04:33:22 PM,04:33:22 PM,0
2095656,3361,TRAFMARC,0,1730234086,1730234086,04:34:46 PM,04:34:46 PM,0
2095656,3361,TRAFCLA2,0,1730234121,1730234121,04:35:21 PM,04:35:21 PM,0
2095656,3361,TRAFCLA4,0,1730234147,1730234147,04:35:47 PM,04:35:47 PM,0
2095656,3361,TRAFATK2,0,1730234229,1730234229,04:37:09 PM,04:37:09 PM,0
2095656,3361,TRAFDAWN,0,1730234263,1730234263,04:37:43 PM,04:37:43 PM,0
2095656,3361,TRAFVAN2,0,1730234306,1730234306,04:38:26 PM,04:38:26 PM,0
2095656,3361,TRAFTHO2,0,1730234388,1730234388,04:39:48 PM,04:39:48 PM,0
2095656,3361,TRAFSTE2,0,1730234432,1730234432,04:40:32 PM,04:40:32 PM,0
2095656,3361,HALESTE1,0,1730234520,1730234520,04:42:00 PM,04:42:00 PM,0
2095656,3361,HALEBRY1,0,1730234567,1730234567,04:42:47 PM,04:42:47 PM,0
2095656,3361,HALEGRAY,0,1730234606,1730234606,04:43:26 PM,04:43:26 PM,0
2095656,3361,HALEEAST,0,1730234639,1730234639,04:43:59 PM,04:43:59 PM,0
2095656,3361,HALEDOU1,,,,,,
2095656,3361,HALEDUND,,,,,,
2095656,3361,DUNDHAL4,,,,,,
2095656,3361,DUNDHIG2,0,1730234820,1730234820,04:47:00 PM,04:47:00 PM,0
2095656,3361,DUNDASH4,0,1730234911,1730234911,04:48:31 PM,04:48:31 PM,0
2095656,3361,DUNDMCOR,,,,,,
2095656,3361,DUNDDORI,,,,,,
2095656,3361,DUNDEGE2,,,,,,
2095656,3361,DUNDQUE2,0,1730235144,1730235144,04:52:24 PM,04:52:24 PM,0
2095656,3361,DUNDONT2,0,1730235198,1730235198,04:53:18 PM,04:53:18 PM,0
2095656,3361,DUNDREC2,0,1730235249,1730235249,04:54:09 PM,04:54:09 PM,0
2095656,3361,DUNDENGL,0,1730235303,1730235303,04:55:03 PM,04:55:03 PM,0
2095656,3361,DUNDELIZ,0,1730235359,1730235359,04:55:59 PM,04:55:59 PM,0
2095656,3361,DUNDADE2,0,1730235420,1730235420,04:57:00 PM,04:57:00 PM,0
2095656,3361,DUNDWIL2,0,1730235464,1730235464,04:57:44 PM,04:57:44 PM,0
2095656,3361,DUNDMAI2,0,1730235526,1730235526,04:58:46 PM,04:58:46 PM,0
2095656,3361,DUNDCOL2,0,1730235589,1730235589,04:59:49 PM,04:59:49 PM,0
2095656,3361,DUNDWAT2,0,1730235653,1730235653,05:00:53 PM,05:00:53 PM,0
2095656,3361,DUNDWEL2,0,1730235720,1730235720,05:02:00 PM,05:02:00 PM,0
2095656,3361,QUEECLAR,0,1730235831,1730235831,05:03:51 PM,05:03:51 PM,0
2095656,3361,QUEERIC1,0,1730235900,1730235900,05:05:00 PM,05:05:00 PM,0
2095656,3361,QUEERIC1,0,1730235900,1730235900,05:05:00 PM,05:05:00 PM,0
2095656,3361,QUENRIDO,0,1730236010,1730236010,05:06:50 PM,05:06:50 PM,0
2095656,3361,RIVEWIL2,0,1730236151,1730236151,05:09:11 PM,05:09:11 PM,0
2095656,3361,RIVEWHA2,0,1730236205,1730236205,05:10:05 PM,05:10:05 PM,0
2095656,3361,WHARMPL1,0,1730236262,1730236262,05:11:02 PM,05:11:02 PM,0
2095656,3361,WHARMOIR,0,1730236315,1730236315,05:11:55 PM,05:11:55 PM,0
2095656,3361,WHAREMPR,0,1730236395,1730236395,05:13:15 PM,05:13:15 PM,0
2095656,3361,WHAROXF1,0,1730236500,1730236500,05:15:00 PM,05:15:00 PM,0
2095656,3361,WESTESSE,0,1730236561,1730236561,05:16:01 PM,05:16:01 PM,0
2095656,3361,WESTHOL1,0,1730236612,1730236612,05:16:52 PM,05:16:52 PM,0
2095656,3361,WESTPLA1,0,1730236666,1730236666,05:17:46 PM,05:17:46 PM,0
2095656,3361,WESTPHA1,0,1730236740,1730236740,05:19:00 PM,05:19:00 PM,0
2095656,3361,WESTPHA3,0,1730236805,1730236805,05:20:05 PM,05:20:05 PM,0
2095656,3361,ALUMHAL1,0,1730236939,1730236939,05:22:19 PM,05:22:19 PM,0
2095656,3361,MIDDPERT,0,1730237104,1730237104,05:25:04 PM,05:25:04 PM,0
2095656,3361,NATSCI,0,1730237220,1730237220,05:27:00 PM,05:27:00 PM,0
2101067,3362,VISCSTEE,285,1730228696,1730228981,03:04:56 PM,03:09:41 PM,285
2101067,3362,VISCPIVA,268,1730228739,1730229007,03:05:39 PM,03:10:07 PM,268
2101067,3362,ANDOVIS3,248,1730228830,1730229078,03:07:10 PM,03:11:18 PM,248
2101067,3362,ANDONOVE,223,1730228920,1730229143,03:08:40 PM,03:12:23 PM,223
2101067,3362,ANDOVIG1,220,1730228936,1730229156,03:08:56 PM,03:12:36 PM,220
2101067,3362,ANDOCOM1,222,1730228976,1730229198,03:09:36 PM,03:13:18 PM,222
2101067,3362,BEACBAS1,239,1730229015,1730229254,03:10:15 PM,03:14:14 PM,239
2101067,3362,BASEWES3,221,1730229073,1730229294,03:11:13 PM,03:14:54 PM,221
2101067,3362,BASEWES1,208,1730229127,1730229335,03:12:07 PM,03:15:35 PM,208
2101067,3362,BASEMGR1,205,1730229177,1730229382,03:12:57 PM,03:16:22 PM,205
2101067,3362,BASEWHA1,225,1730229240,1730229465,03:14:00 PM,03:17:45 PM,225
2101067,3362,BASEDUND,212,1730229276,1730229488,03:14:36 PM,03:18:08 PM,212
2101067,3362,CATHBASE,188,1730229343,1730229531,03:15:43 PM,03:18:51 PM,188
2101067,3362,CATHDEVO,167,1730229399,1730229566,03:16:39 PM,03:19:26 PM,167
2101067,3362,CATHLANG,154,1730229445,1730229599,03:17:25 PM,03:19:59 PM,154
2101067,3362,CATHTECU,145,1730229495,1730229640,03:18:15 PM,03:20:40 PM,145
2101067,3362,CATHELMW,138,1730229549,1730229687,03:19:09 PM,03:21:27 PM,138
2101067,3362,BRUCWORT,140,1730229606,1730229746,03:20:06 PM,03:22:26 PM,140
2101067,3362,BRUCMARL,133,1730229637,1730229770,03:20:37 PM,03:22:50 PM,133
2101067,3362,RIDOCRA1,135,1730229683,1730229818,03:21:23 PM,03:23:38 PM,135
2101067,3362,RIDOING1,113,1730229717,1730229830,03:21:57 PM,03:23:50 PM,113
2101067,3362,HORTRID1,92,1730229767,1730229859,03:22:47 PM,03:24:19 PM,92
2101067,3362,RICHHOT1,92,1730229832,1730229924,03:23:52 PM,03:25:24 PM,92
2101067,3362,RICHKIN1,139,1730229900,1730230039,03:25:00 PM,03:27:19 PM,139
2101067,3362,RICHQUEE,50,1730230020,1730230070,03:27:00 PM,03:27:50 PM,50
2101067,3362,RICHQUEE,110,1730230020,1730230130,03:27:00 PM,03:28:50 PM,110
2101067,3362,RICHKEN1,55,1730230108,1730230163,03:28:28 PM,03:29:23 PM,55
2101067,3362,RICHHYM1,29,1730230188,1730230217,03:29:48 PM,03:30:17 PM,29
2101067,3362,RICHPALL,24,1730230234,1730230258,03:30:34 PM,03:30:58 PM,24
2101067,3362,RICHOXF1,46,1730230330,1730230376,03:32:10 PM,03:32:56 PM,46
2101067,3362,RICHJAM1,16,1730230376,1730230392,03:32:56 PM,03:33:12 PM,16
2101067,3362,RICHGRO1,-18,1730230452,1730230434,03:34:12 PM,03:33:54 PM,-18
2101067,3362,RICHCHE1,0,1730230500,1730230500,03:35:00 PM,03:35:00 PM,0
2101067,3362,CHEAWAT1,-21,1730230586,1730230565,03:36:26 PM,03:36:05 PM,-21
2101067,3362,CHEACOLB,-40,1730230642,1730230602,03:37:22 PM,03:36:42 PM,-40
2101067,3362,CHEAMAI1,-63,1730230694,1730230631,03:38:14 PM,03:37:11 PM,-63
2101067,3362,CHEAWIL1,-83,1730230742,1730230659,03:39:02 PM,03:37:39 PM,-83
2101067,3362,CHEAADE1,0,1730230800,1730230800,03:40:00 PM,03:40:00 PM,0
2101067,3362,CHEABRA1,-46,1730230882,1730230836,03:41:22 PM,03:40:36 PM,-46
2101067,3362,CHEAGAM1,-60,1730230929,1730230869,03:42:09 PM,03:41:09 PM,-60
2101067,3362,CHEABARK,-66,1730230974,1730230908,03:42:54 PM,03:41:48 PM,-66
2101067,3362,CHEABOU1,-67,1730231012,1730230945,03:43:32 PM,03:42:25 PM,-67
2101067,3362,CHEAMCNA,-62,1730231079,1730231017,03:44:39 PM,03:43:37 PM,-62
2101067,3362,MCNAVIC3,-74,1730231135,1730231061,03:45:35 PM,03:44:21 PM,-74
2101067,3362,MCNAVIC1,-73,1730231156,1730231083,03:45:56 PM,03:44:43 PM,-73
2101067,3362,MCNAHUR1,-59,1730231206,1730231147,03:46:46 PM,03:45:47 PM,-59
2101067,3362,HUROVES1,-63,1730231272,1730231209,03:47:52 PM,03:46:49 PM,-63
2101067,3362,HUROHIG1,0,1730231340,1730231340,03:49:00 PM,03:49:00 PM,0
2101067,3362,HUROWEB1,-30,1730231435,1730231405,03:50:35 PM,03:50:05 PM,-30
2101067,3362,HUROSAN1,-40,1730231497,1730231457,03:51:37 PM,03:50:57 PM,-40
2101067,3362,BECKTOUK,-59,1730231571,1730231512,03:52:51 PM,03:51:52 PM,-59
2101067,3362,BECKLANC,-72,1730231606,1730231534,03:53:26 PM,03:52:14 PM,-72
2101067,3362,BECKLANG,-83,1730231631,1730231548,03:53:51 PM,03:52:28 PM,-83
2101067,3362,BECKTUDO,-94,1730231656,1730231562,03:54:16 PM,03:52:42 PM,-94
2101067,3362,BECKSORR,-93,1730231687,1730231594,03:54:47 PM,03:53:14 PM,-93
2101067,3362,SORRPERT,-106,1730231745,1730231639,03:55:45 PM,03:53:59 PM,-106
2101067,3362,SORRHURO,-108,1730231782,1730231674,03:56:22 PM,03:54:34 PM,-108
2101067,3362,OAKVHURO,-144,1730231820,1730231676,03:57:00 PM,03:54:36 PM,-144
2101016,3362,OAKVHURO,0,1730232540,1730232540,04:09:00 PM,04:09:00 PM,0
2101016,3362,OAKVTILI,0,1730232565,1730232565,04:09:25 PM,04:09:25 PM,0
2101016,3362,OAKVCHIP,0,1730232604,1730232604,04:10:04 PM,04:10:04 PM,0
2101016,3362,CHIPAPP2,1,1730232631,1730232632,04:10:31 PM,04:10:32 PM,1
2101016,3362,CHIPTREV,-8,1730232660,1730232652,04:11:00 PM,04:10:52 PM,-8
2101016,3362,CHIPAPP4,-18,1730232699,1730232681,04:11:39 PM,04:11:21 PM,-18
2101016,3362,SANDBENT,-22,1730232737,1730232715,04:12:17 PM,04:11:55 PM,-22
2101016,3362,SANDHUR2,-30,1730232787,1730232757,04:13:07 PM,04:12:37 PM,-30
2101016,3362,HUROSAN2,-21,1730232816,1730232795,04:13:36 PM,04:13:15 PM,-21
2101016,3362,HUROWEB2,-19,1730232866,1730232847,04:14:26 PM,04:14:07 PM,-19
2101016,3362,HUROHIG4,32,1730232960,1730232992,04:16:00 PM,04:16:32 PM,32
2101016,3362,HUROVES2,11,1730233020,1730233031,04:17:00 PM,04:17:11 PM,11
2101016,3362,MCNAHUR2,-9,1730233118,1730233109,04:18:38 PM,04:18:29 PM,-9
2101016,3362,MCNAROC2,-24,1730233153,1730233129,04:19:13 PM,04:18:49 PM,-24
2101016,3362,MCNAVIC2,-40,1730233204,1730233164,04:20:04 PM,04:19:24 PM,-40
2101016,3362,MCNACHEA,-42,1730233245,1730233203,04:20:45 PM,04:20:03 PM,-42
2101016,3362,CHEABOU2,-66,1730233331,1730233265,04:22:11 PM,04:21:05 PM,-66
2101016,3362,CHEASTER,-91,1730233398,1730233307,04:23:18 PM,04:21:47 PM,-91
2101016,3362,CHEAGAM2,-115,1730233450,1730233335,04:24:10 PM,04:22:15 PM,-115
2101016,3362,CHEABRA2,-144,1730233512,1730233368,04:25:12 PM,04:22:48 PM,-144
2101016,3362,CHEAADE4,-156,1730233570,1730233414,04:26:10 PM,04:23:34 PM,-156
2101016,3362,CHEAADE2,0,1730233620,1730233620,04:27:00 PM,04:27:00 PM,0
2101016,3362,CHEAWIL2,0,1730233641,1730233641,04:27:21 PM,04:27:21 PM,0
2101016,3362,CHEAMAI2,0,1730233685,1730233685,04:28:05 PM,04:28:05 PM,0
2101016,3362,CHEACOL2,0,1730233712,1730233712,04:28:32 PM,04:28:32 PM,0
2101016,3362,CHEAWAT2,0,1730233745,1730233745,04:29:05 PM,04:29:05 PM,0
2101016,3362,CHEARICH,0,1730233800,1730233800,04:30:00 PM,04:30:00 PM,0
2101016,3362,RICHGRO2,0,1730233891,1730233891,04:31:31 PM,04:31:31 PM,0
2101016,3362,RICHJAM2,0,1730233940,1730233940,04:32:20 PM,04:32:20 PM,0
2101016,3362,RICHOXF2,0,1730234026,1730234026,04:33:46 PM,04:33:46 PM,0
2101016,3362,RICHMILL,0,1730234085,1730234085,04:34:45 PM,04:34:45 PM,0
2101016,3362,RICHCENT,0,1730234169,1730234169,04:36:09 PM,04:36:09 PM,0
2101016,3362,RICHKEN2,0,1730234226,1730234226,04:37:06 PM,04:37:06 PM,0
2101016,3362,RICHDUF2,0,1730234260,1730234260,04:37:40 PM,04:37:40 PM,0
2101016,3362,RICHQUE2,0,1730234340,1730234340,04:39:00 PM,04:39:00 PM,0
2101016,3362,RICHKIN4,0,1730234400,1730234400,04:40:00 PM,04:40:00 PM,0
2101016,3362,RICHKIN4,0,1730234400,1730234400,04:40:00 PM,04:40:00 PM,0
2101016,3362,HORTRIC2,0,1730234534,1730234534,04:42:14 PM,04:42:14 PM,0
2101016,3362,RIDOHORT,0,1730234640,1730234640,04:44:00 PM,04:44:00 PM,0
2101016,3362,RIDOCRA2,0,1730234698,1730234698,04:44:58 PM,04:44:58 PM,0
2101016,3362,RIDOELMW,0,1730234731,1730234731,04:45:31 PM,04:45:31 PM,0
2101016,3362,ELMWMARL,0,1730234775,1730234775,04:46:15 PM,04:46:15 PM,0
2101016,3362,ELMWWORT,0,1730234807,1730234807,04:46:47 PM,04:46:47 PM,0
2101016,3362,ELMWCATH,0,1730234828,1730234828,04:47:08 PM,04:47:08 PM,0
2101016,3362,EDWAELMW,0,1730234881,1730234881,04:48:01 PM,04:48:01 PM,0
2101016,3362,EDWATECU,0,1730234919,1730234919,04:48:39 PM,04:48:39 PM,0
2101016,3362,EDWALANG,0,1730234966,1730234966,04:49:26 PM,04:49:26 PM,0
2101016,3362,EDWAHIWY,0,1730235024,1730235024,04:50:24 PM,04:50:24 PM,0
2101016,3362,EDWABASE,0,1730235065,1730235065,04:51:05 PM,04:51:05 PM,0
2101016,3362,BASEWHA2,0,1730235120,1730235120,04:52:00 PM,04:52:00 PM,0
2101016,3362,BASEWES2,0,1730235173,1730235173,04:52:53 PM,04:52:53 PM,0
2101016,3362,BASEWES4,0,1730235215,1730235215,04:53:35 PM,04:53:35 PM,0
2101016,3362,BASECOTS,0,1730235269,1730235269,04:54:29 PM,04:54:29 PM,0
2101016,3362,BEACBAS2,0,1730235336,1730235336,04:55:36 PM,04:55:36 PM,0
2101016,3362,ANDOCOM2,0,1730235374,1730235374,04:56:14 PM,04:56:14 PM,0
2101016,3362,ANDOVIG2,0,1730235414,1730235414,04:56:54 PM,04:56:54 PM,0
2101016,3362,ANDOELMG,0,1730235449,1730235449,04:57:29 PM,04:57:29 PM,0
2101016,3362,ANDOVIS2,0,1730235516,1730235516,04:58:36 PM,04:58:36 PM,0
2101016,3362,VISCGARD,0,1730235606,1730235606,05:00:06 PM,05:00:06 PM,0
2101016,3362,VISCFOXM,0,1730235648,1730235648,05:00:48 PM,05:00:48 PM,0
2101016,3362,VISCWON2,0,1730235710,1730235710,05:01:50 PM,05:01:50 PM,0
2101016,3362,WESTMAL2,0,1730235780,1730235780,05:03:00 PM,05:03:00 PM,0
2110068,3364,RICHQUE2,205,1730227380,1730227585,02:43:00 PM,02:46:25 PM,205
2110068,3364,HAMICLA1,307,1730228912,1730229219,03:08:32 PM,03:13:39 PM,307
2110068,3364,CLARPEN2,313,1730228972,1730229285,03:09:32 PM,03:14:45 PM,313
2110068,3364,CLARBAY2,310,1730229010,1730229320,03:10:10 PM,03:15:20 PM,310
2110068,3364,CLARGORE,312,1730229055,1730229367,03:10:55 PM,03:16:07 PM,312
2110068,3364,CLARFIS1,305,1730229074,1730229379,03:11:14 PM,03:16:19 PM,305
2110068,3364,CLARCHA3,287,1730229135,1730229422,03:12:15 PM,03:17:02 PM,287
2110068,3364,CLARCHA1,277,1730229180,1730229457,03:13:00 PM,03:17:37 PM,277
2110068,3364,CLARTRA1,256,1730229231,1730229487,03:13:51 PM,03:18:07 PM,256
2110068,3364,CLARROY1,223,1730229293,1730229516,03:14:53 PM,03:18:36 PM,223
2110068,3364,CLARROY3,213,1730229325,1730229538,03:15:25 PM,03:18:58 PM,213
2110068,3364,CLARWAV1,202,1730229350,1730229552,03:15:50 PM,03:19:12 PM,202
2110068,3364,CLARCHU1,184,1730229389,1730229573,03:16:29 PM,03:19:33 PM,184
2110068,3364,ARGYMAL1,108,1730229480,1730229588,03:18:00 PM,03:19:48 PM,108
2110111,3364,ARGYMAL1,0,1730229960,1730229960,03:26:00 PM,03:26:00 PM,0
2110111,3364,CLARCHU2,0,1730230013,1730230013,03:26:53 PM,03:26:53 PM,0
2110111,3364,CLARWAV2,-4,1730230050,1730230046,03:27:30 PM,03:27:26 PM,-4
2110111,3364,CLARROY2,-11,1730230069,1730230058,03:27:49 PM,03:27:38 PM,-11
2110111,3364,CLARTRA2,-28,1730230128,1730230100,03:28:48 PM,03:28:20 PM,-28
2110111,3364,CLARTRA4,-23,1730230161,1730230138,03:29:21 PM,03:28:58 PM,-23
2110111,3364,CLARCHA2,-39,1730230205,1730230166,03:30:05 PM,03:29:26 PM,-39
2110111,3364,CLARFIS2,-69,1730230274,1730230205,03:31:14 PM,03:30:05 PM,-69
2110111,3364,CLARGOR2,0,1730230320,1730230320,03:32:00 PM,03:32:00 PM,0
2110111,3364,GOREFIRE,-35,1730230393,1730230358,03:33:13 PM,03:32:38 PM,-35
2110111,3364,GOREBRAE,-50,1730230426,1730230376,03:33:46 PM,03:32:56 PM,-50
2110111,3364,MONTGORE,-82,1730230504,1730230422,03:35:04 PM,03:33:42 PM,-82
2110111,3364,MONTFUND,-88,1730230525,1730230437,03:35:25 PM,03:33:57 PM,-88
2110111,3364,MONTTWEE,-95,1730230548,1730230453,03:35:48 PM,03:34:13 PM,-95
2110111,3364,MANITWEE,-102,1730230604,1730230502,03:36:44 PM,03:35:02 PM,-102
2110111,3364,TWEECOU2,-103,1730230631,1730230528,03:37:11 PM,03:35:28 PM,-103
2110111,3364,TWEECOU4,-108,1730230660,1730230552,03:37:40 PM,03:35:52 PM,-108
2110111,3364,TWEEELLE,-118,1730230686,1730230568,03:38:06 PM,03:36:08 PM,-118
2110111,3364,TWEEHALE,-125,1730230728,1730230603,03:38:48 PM,03:36:43 PM,-125
2110111,3364,HALEMAGE,-134,1730230752,1730230618,03:39:12 PM,03:36:58 PM,-134
2110111,3364,HALEELLS,-150,1730230786,1730230636,03:39:46 PM,03:37:16 PM,-150
2110111,3364,HAMIHALE,-147,1730230826,1730230679,03:40:26 PM,03:37:59 PM,-147
2110111,3364,HAMIHIG2,0,1730230860,1730230860,03:41:00 PM,03:41:00 PM,0
2110111,3364,HAMIGIL2,-22,1730230882,1730230860,03:41:22 PM,03:41:00 PM,-22
2110111,3364,HAMIEAST,-22,1730230974,1730230952,03:42:54 PM,03:42:32 PM,-22
2110111,3364,HAMISJU2,-60,1730231053,1730230993,03:44:13 PM,03:43:13 PM,-60
2110111,3364,HAMIELM,-90,1730231115,1730231025,03:45:15 PM,03:43:45 PM,-90
2110111,3364,HAMIEGE2,-108,1730231206,1730231098,03:46:46 PM,03:44:58 PM,-108
2110111,3364,HAMISAC2,0,1730231280,1730231280,03:48:00 PM,03:48:00 PM,0
2110111,3364,HAMIREC2,-21,1730231343,1730231322,03:49:03 PM,03:48:42 PM,-21
2110111,3364,HAMILTGR,-28,1730231402,1730231374,03:50:02 PM,03:49:34 PM,-28
2110111,3364,HAMIADE2,8,1730231460,1730231468,03:51:00 PM,03:51:08 PM,8
2110111,3364,HAMIWIL2,-11,1730231507,1730231496,03:51:47 PM,03:51:36 PM,-11
2110111,3364,HORTHAMI,-30,1730231554,1730231524,03:52:34 PM,03:52:04 PM,-30
2110111,3364,HORTCOL1,-62,1730231609,1730231547,03:53:29 PM,03:52:27 PM,-62
2110111,3364,HORTWAT2,,,,,,
2110111,3364,WELLHOR1,,,,,,
2110111,3364,WELLYOR1,,,,,,
2110111,3364,WELLDUN3,,,,,,
2110111,3364,QUEECLAR,-75,1730231937,1730231862,03:58:57 PM,03:57:42 PM,-75
2110111,3364,QUEERIC1,-75,1730232000,1730231925,04:00:00 PM,03:58:45 PM,-75
2110111,3364,QUEERIC1,48,1730232000,1730232048,04:00:00 PM,04:00:48 PM,48
2110111,3364,RIDOYORK,38,1730232188,1730232226,04:03:08 PM,04:03:46 PM,38
2110111,3364,YORKTHA2,14,1730232247,1730232261,04:04:07 PM,04:04:21 PM,14
2110111,3364,HORTWHA2,-102,1730232435,1730232333,04:07:15 PM,04:05:33 PM,-102
2110111,3364,HORTWHA4,0,1730232480,1730232480,04:08:00 PM,04:08:00 PM,0
2110111,3364,HORTSPRI,-40,1730232546,1730232506,04:09:06 PM,04:08:26 PM,-40
2110111,3364,SPRIGRE2,-64,1730232586,1730232522,04:09:46 PM,04:08:42 PM,-64
2110111,3364,SPRIFORH,-82,1730232621,1730232539,04:10:21 PM,04:08:59 PM,-82
2110111,3364,SPRICHEL,-108,1730232669,1730232561,04:11:09 PM,04:09:21 PM,-108
2110111,3364,SPRIKER2,-117,1730232717,1730232600,04:11:57 PM,04:10:00 PM,-117
2110111,3364,SPRIMAR2,-127,1730232756,1730232629,04:12:36 PM,04:10:29 PM,-127
2110111,3364,SPRITROW,-135,1730232782,1730232647,04:13:02 PM,04:10:47 PM,-135
2110111,3364,SPRIBER4,-161,1730232867,1730232706,04:14:27 PM,04:11:46 PM,-161
2110111,3364,SPRIWON2,0,1730232900,1730232900,04:15:00 PM,04:15:00 PM,0
2110111,3364,SPRIQUI2,0,1730232939,1730232939,04:15:39 PM,04:15:39 PM,0
2110111,3364,SPRIJAR2,0,1730232977,1730232977,04:16:17 PM,04:16:17 PM,0
2110111,3364,SPRIHIC2,0,1730233000,1730233000,04:16:40 PM,04:16:40 PM,0
2110111,3364,SPRIWES4,0,1730233098,1730233098,04:18:18 PM,04:18:18 PM,0
2110111,3364,SPRICOM2,0,1730233126,1730233126,04:18:46 PM,04:18:46 PM,0
2110111,3364,COMMSPR2,0,1730233157,1730233157,04:19:17 PM,04:19:17 PM,0
2110111,3364,COMMNOR2,0,1730233193,1730233193,04:19:53 PM,04:19:53 PM,0
2110111,3364,COMMLYN4,0,1730233233,1730233233,04:20:33 PM,04:20:33 PM,0
2110111,3364,COMMSPR4,0,1730233252,1730233252,04:20:52 PM,04:20:52 PM,0
2110111,3364,COMMBOL2,0,1730233283,1730233283,04:21:23 PM,04:21:23 PM,0
2110111,3364,COMMHAM2,0,1730233320,1730233320,04:22:00 PM,04:22:00 PM,0
2106378,3365,RICHKIN1,2468,1730226775,1730229243,02:32:55 PM,03:14:03 PM,2468
2106378,3365,RICHQUEE,2476,1730226840,1730229316,02:34:00 PM,03:15:16 PM,2476
2106378,3365,RICHOXF1,2387,1730227140,1730229527,02:39:00 PM,03:18:47 PM,2387
2106378,3365,RICHGRO1,2371,1730227214,1730229585,02:40:14 PM,03:19:45 PM,2371
2106378,3365,RICHUNI1,2318,1730227382,1730229700,02:43:02 PM,03:21:40 PM,2318
2106378,3365,RICHWIN1,2241,1730227586,1730229827,02:46:26 PM,03:23:47 PM,2241
2106378,3365,MASOSTO4,2132,1730227800,1730229932,02:50:00 PM,03:25:32 PM,2132
2106291,3365,MASOSTO4,2192,1730227800,1730229992,02:50:00 PM,03:26:32 PM,2192
2106291,3365,RICHWIN2,2121,1730228047,1730230168,02:54:07 PM,03:29:28 PM,2121
2106291,3365,RICHUNI2,2064,1730228196,1730230260,02:56:36 PM,03:31:00 PM,2064
2106291,3365,RICHGRO2,1990,1730228380,1730230370,02:59:40 PM,03:32:50 PM,1990
2106291,3365,RICHOXF2,2034,1730228460,1730230494,03:01:00 PM,03:34:54 PM,2034
2106291,3365,RICHQUE2,2046,1730228640,1730230686,03:04:00 PM,03:38:06 PM,2046
2106291,3365,RICHKIN4,2053,1730228674,1730230727,03:04:34 PM,03:38:47 PM,2053
2106291,3365,RICHSIM2,2087,1730228761,1730230848,03:06:01 PM,03:40:48 PM,2087
2106291,3365,WELLGRA2,2057,1730228968,1730231025,03:09:28 PM,03:43:45 PM,2057
2106291,3365,WELLBAS2,2010,1730229180,1730231190,03:13:00 PM,03:46:30 PM,2010
2106291,3365,WELLCOM4,1989,1730229244,1730231233,03:14:04 PM,03:47:13 PM,1989
2106291,3365,WELLHARL,1919,1730229495,1730231414,03:18:15 PM,03:50:14 PM,1919
2106291,3365,WHITOMA1,2021,1730229660,1730231681,03:21:00 PM,03:54:41 PM,2021
2110146,3367,CLARGORE,2779,1730226405,1730229184,02:26:45 PM,03:13:04 PM,2779
2110146,3367,CLARFIS1,2770,1730226426,1730229196,02:27:06 PM,03:13:16 PM,2770
2110146,3367,CLARCHA3,2743,1730226493,1730229236,02:28:13 PM,03:13:56 PM,2743
2110146,3367,CLARCHA1,2728,1730226540,1730229268,02:29:00 PM,03:14:28 PM,2728
2110146,3367,CLARTRA1,2714,1730226591,1730229305,02:29:51 PM,03:15:05 PM,2714
2110146,3367,CLARROY1,2680,1730226653,1730229333,02:30:53 PM,03:15:33 PM,2680
2110146,3367,CLARROY3,2666,1730226685,1730229351,02:31:25 PM,03:15:51 PM,2666
2110146,3367,CLARWAV1,2653,1730226710,1730229363,02:31:50 PM,03:16:03 PM,2653
2110146,3367,CLARCHU1,2633,1730226749,1730229382,02:32:29 PM,03:16:22 PM,2633
2110146,3367,ARGYMAL1,2558,1730226840,1730229398,02:34:00 PM,03:16:38 PM,2558
2110033,3367,ARGYMAL1,2468,1730227020,1730229488,02:37:00 PM,03:18:08 PM,2468
2110033,3367,CLARCHU2,2435,1730227071,1730229506,02:37:51 PM,03:18:26 PM,2435
2110033,3367,CLARWAV2,2436,1730227106,1730229542,02:38:26 PM,03:19:02 PM,2436
2110033,3367,CLARROY2,2432,1730227125,1730229557,02:38:45 PM,03:19:17 PM,2432
2110033,3367,CLARSUD2,2417,1730227167,1730229584,02:39:27 PM,03:19:44 PM,2417
2110033,3367,CLARTRA2,2423,1730227181,1730229604,02:39:41 PM,03:20:04 PM,2423
2110033,3367,CLARTRA4,2428,1730227212,1730229640,02:40:12 PM,03:20:40 PM,2428
2110033,3367,CLARCHA2,2414,1730227254,1730229668,02:40:54 PM,03:21:08 PM,2414
2110033,3367,CLARFIS2,2390,1730227320,1730229710,02:42:00 PM,03:21:50 PM,2390
2110033,3367,CLARGOR2,2379,1730227362,1730229741,02:42:42 PM,03:22:21 PM,2379
2110033,3367,CLARBAY1,2378,1730227397,1730229775,02:43:17 PM,03:22:55 PM,2378
2110033,3367,CLARPEN1,2369,1730227444,1730229813,02:44:04 PM,03:23:33 PM,2369
2110033,3367,HAMIGOR1,2371,1730227521,1730229892,02:45:21 PM,03:24:52 PM,2371
2110033,3367,HAMICRI1,2356,1730227562,1730229918,02:46:02 PM,03:25:18 PM,2356
2110033,3367,HAMIRIV2,2324,1730227620,1730229944,02:47:00 PM,03:25:44 PM,2324
2110033,3367,HAMIBRA2,2283,1730227677,1730229960,02:47:57 PM,03:26:00 PM,2283
2110033,3367,HAMIOAKL,2265,1730227710,1730229975,02:48:30 PM,03:26:15 PM,2265
2110033,3367,HAMIVALL,2247,1730227750,1730229997,02:49:10 PM,03:26:37 PM,2247
2110033,3367,HAMIWAT2,2203,1730227823,1730230026,02:50:23 PM,03:27:06 PM,2203
2110033,3367,HAMIYMCA,2179,1730227863,1730230042,02:51:03 PM,03:27:22 PM,2179
2110033,3367,HAMIFAI1,2148,1730227913,1730230061,02:51:53 PM,03:27:41 PM,2148
2110033,3367,HAMIHALE,2149,1730227944,1730230093,02:52:24 PM,03:28:13 PM,2149
2110033,3367,HAMIHIG2,2169,1730227980,1730230149,02:53:00 PM,03:29:09 PM,2169
2110033,3367,HAMIGIL2,2147,1730228002,1730230149,02:53:22 PM,03:29:09 PM,2147
2110033,3367,HAMIEAST,2105,1730228094,1730230199,02:54:54 PM,03:29:59 PM,2105
2110033,3367,HAMISJU2,2060,1730228173,1730230233,02:56:13 PM,03:30:33 PM,2060
2110033,3367,HAMIELM,2028,1730228235,1730230263,02:57:15 PM,03:31:03 PM,2028
2110033,3367,HAMIEGE2,2020,1730228326,1730230346,02:58:46 PM,03:32:26 PM,2020
2110033,3367,HAMISAC2,2009,1730228400,1730230409,03:00:00 PM,03:33:29 PM,2009
2110033,3367,HAMIREC2,1982,1730228463,1730230445,03:01:03 PM,03:34:05 PM,1982
2110033,3367,HAMILTGR,1977,1730228522,1730230499,03:02:02 PM,03:34:59 PM,1977
2110033,3367,HAMIADE2,2038,1730228580,1730230618,03:03:00 PM,03:36:58 PM,2038
2110033,3367,HAMIWIL2,2019,1730228627,1730230646,03:03:47 PM,03:37:26 PM,2019
2110033,3367,HORTHAMI,1994,1730228674,1730230668,03:04:34 PM,03:37:48 PM,1994
2110033,3367,HORTCOL1,1961,1730228729,1730230690,03:05:29 PM,03:38:10 PM,1961
2110033,3367,HORTWAT2,,,,,,
2110033,3367,WELLHOR1,,,,,,
2110033,3367,WELLYOR1,,,,,,
2110033,3367,WELLDUN3,,,,,,
2110033,3367,WELLDUN3,,,,,,
2110033,3367,QUEECLAR,1930,1730229063,1730230993,03:11:03 PM,03:43:13 PM,1930
2110033,3367,RICHQUE2,1813,1730229180,1730230993,03:13:00 PM,03:43:13 PM,1813
2109340,3368,STANFAN1,0,1730228821,1730228821,03:07:01 PM,03:07:01 PM,0
2109340,3368,FANSDAL2,-12,1730228869,1730228857,03:07:49 PM,03:07:37 PM,-12
2109340,3368,FANSDAL3,41,1730228932,1730228973,03:08:52 PM,03:09:33 PM,41
2109340,3368,FANSALD1,5,1730229020,1730229025,03:10:20 PM,03:10:25 PM,5
2109340,3368,FANSFOX1,-25,1730229082,1730229057,03:11:22 PM,03:10:57 PM,-25
2109340,3368,FANSWON1,-47,1730229192,1730229145,03:13:12 PM,03:12:25 PM,-47
2109340,3368,FANSPIN2,-116,1730229346,1730229230,03:15:46 PM,03:13:50 PM,-116
2109340,3368,FANSLOU1,-198,1730229482,1730229284,03:18:02 PM,03:14:44 PM,-198
2109340,3368,FANSRIC4,0,1730229600,1730229600,03:20:00 PM,03:20:00 PM,0
2109340,3368,FANSNCR1,-65,1730229707,1730229642,03:21:47 PM,03:20:42 PM,-65
2109340,3368,FANSNCR3,-118,1730229780,1730229662,03:23:00 PM,03:21:02 PM,-118
2109340,3368,FANSNCR3,22,1730229900,1730229922,03:25:00 PM,03:25:22 PM,22
2109340,3368,FANSHAS3,10,1730229951,1730229962,03:25:51 PM,03:26:02 PM,11
2109340,3368,HASTDONY,-2,1730230005,1730230004,03:26:45 PM,03:26:44 PM,-1
2109340,3368,HASTVIR1,-14,1730230039,1730230024,03:27:19 PM,03:27:04 PM,-15
2109340,3368,HASTCHA1,-22,1730230091,1730230070,03:28:11 PM,03:27:50 PM,-21
2109340,3368,CHAMSAND,-30,1730230138,1730230108,03:28:58 PM,03:28:28 PM,-30
2109340,3368,CHAMSKYL,-36,1730230172,1730230136,03:29:32 PM,03:28:56 PM,-36
2109340,3368,BLUESUN1,-34,1730230209,1730230176,03:30:09 PM,03:29:36 PM,-33
2109340,3368,SUNNBLAC,-64,1730230311,1730230246,03:31:51 PM,03:30:46 PM,-65
2109340,3368,ADELBLAC,-92,1730230405,1730230312,03:33:25 PM,03:31:52 PM,-93
2109340,3368,BKWTADE1,-94,1730230425,1730230330,03:33:45 PM,03:32:10 PM,-95
2109340,3368,THISBKW1,-94,1730230444,1730230350,03:34:04 PM,03:32:30 PM,-94
2109340,3368,THISSWEN,-112,1730230515,1730230404,03:35:15 PM,03:33:24 PM,-111
2109340,3368,SOWESUNN,-146,1730230560,1730230414,03:36:00 PM,03:33:34 PM,-146
2109351,3368,SOWESUNN,0,1730230620,1730230620,03:37:00 PM,03:37:00 PM,0
2109351,3368,SUNNGOUG,0,1730230714,1730230714,03:38:34 PM,03:38:34 PM,0
2109351,3368,SOWESAV1,-19,1730230768,1730230749,03:39:28 PM,03:39:09 PM,-19
2109351,3368,SOWESAV2,-19,1730230813,1730230794,03:40:13 PM,03:39:54 PM,-19
2109351,3368,SOWEFADA,-19,1730230850,1730230831,03:40:50 PM,03:40:31 PM,-19
2109351,3368,SOWEMCCA,-19,1730230906,1730230887,03:41:46 PM,03:41:27 PM,-19
2109351,3368,SOWEMARI,-19,1730230940,1730230921,03:42:20 PM,03:42:01 PM,-19
2109351,3368,SOWESUNN,0,1730230980,1730230980,03:43:00 PM,03:43:00 PM,0
2109351,3368,SUNNYMCA,0,1730231040,1730231040,03:44:00 PM,03:44:00 PM,0
2109351,3368,SUNNADE2,0,1730231081,1730231081,03:44:41 PM,03:44:41 PM,0
2109351,3368,SUNNCANV,-19,1730231183,1730231164,03:46:23 PM,03:46:04 PM,-19
2109351,3368,BLUESUN2,-19,1730231216,1730231197,03:46:56 PM,03:46:37 PM,-19
2109351,3368,SKYLCHAM,-19,1730231231,1730231212,03:47:11 PM,03:46:52 PM,-19
2109351,3368,CHAMWHIS,-24,1730231286,1730231262,03:48:06 PM,03:47:42 PM,-24
2109351,3368,HASTCHA2,-24,1730231306,1730231282,03:48:26 PM,03:48:02 PM,-24
2109351,3368,HASTVIR2,-34,1730231347,1730231313,03:49:07 PM,03:48:33 PM,-34
2109351,3368,FANSHAS2,-15,1730231400,1730231385,03:50:00 PM,03:49:45 PM,-15
2109351,3368,FANSHAS2,45,1730231400,1730231445,03:50:00 PM,03:50:45 PM,45
2109351,3368,FANSJEN2,30,1730231462,1730231492,03:51:02 PM,03:51:32 PM,30
2109351,3368,FANSJEN4,19,1730231509,1730231528,03:51:49 PM,03:52:08 PM,19
2109351,3368,FANSNCR2,12,1730231580,1730231592,03:53:00 PM,03:53:12 PM,12
2109351,3368,FANSRIC5,33,1730231640,1730231673,03:54:00 PM,03:54:33 PM,33
2109351,3368,FANSNCR4,32,1730231663,1730231695,03:54:23 PM,03:54:55 PM,32
2109351,3368,FANSLOU2,36,1730231712,1730231748,03:55:12 PM,03:55:48 PM,36
2109351,3368,FANSDERW,19,1730231766,1730231785,03:56:06 PM,03:56:25 PM,19
2109351,3368,FANSPINN,6,1730231818,1730231824,03:56:58 PM,03:57:04 PM,6
2109351,3368,517FANSH,3,1730231880,1730231883,03:58:00 PM,03:58:03 PM,3
2109351,3368,517FANSH,63,1730231880,1730231943,03:58:00 PM,03:59:03 PM,63
2109351,3368,FANSWON2,69,1730231932,1730232001,03:58:52 PM,04:00:01 PM,69
2109351,3368,FANSWON3,25,1730232011,1730232036,04:00:11 PM,04:00:36 PM,25
2109351,3368,FANSFOXW,0,1730232056,1730232056,04:00:56 PM,04:00:56 PM,0
2109351,3368,FANSALD2,-40,1730232142,1730232102,04:02:22 PM,04:01:42 PM,-40
2109351,3368,FANSDAL4,-74,1730232202,1730232128,04:03:22 PM,04:02:08 PM,-74
2109351,3368,FANSDALM,-85,1730232287,1730232202,04:04:47 PM,04:03:22 PM,-85
2109351,3368,STANFANS,-73,1730232342,1730232269,04:05:42 PM,04:04:29 PM,-73
2109351,3368,SEAGHYPK,-110,1730232420,1730232310,04:07:00 PM,04:05:10 PM,-110
2109351,3368,SEAGHYPK,36,1730232960,1730232996,04:16:00 PM,04:16:36 PM,36
2109351,3368,HYDENRN2,-20,1730233058,1730233038,04:17:38 PM,04:17:18 PM,-20
2109351,3368,HYDENRSL,-37,1730233103,1730233066,04:18:23 PM,04:17:46 PM,-37
2109351,3368,HYDEGAI2,-57,1730233146,1730233089,04:19:06 PM,04:18:09 PM,-57
2109351,3368,HYDESCA2,-62,1730233208,1730233146,04:20:08 PM,04:19:06 PM,-62
2109351,3368,HYDESAR2,-100,1730233310,1730233210,04:21:50 PM,04:20:10 PM,-100
2109351,3368,HYDEFITZ,-158,1730233420,1730233262,04:23:40 PM,04:21:02 PM,-158
2109351,3368,HYDEIVA2,-178,1730233459,1730233281,04:24:19 PM,04:21:21 PM,-178
2109351,3368,HYDEROY2,-183,1730233514,1730233331,04:25:14 PM,04:22:11 PM,-183
2109351,3368,HYDEOXF2,0,1730233560,1730233560,04:26:00 PM,04:26:00 PM,0
2109351,3368,HYDEFIG2,0,1730233636,1730233636,04:27:16 PM,04:27:16 PM,0
2109351,3368,VALEHYP1,0,1730233698,1730233698,04:28:18 PM,04:28:18 PM,0
2109351,3368,VALEWOO1,0,1730233725,1730233725,04:28:45 PM,04:28:45 PM,0
2109351,3368,VALEPLA1,0,1730233756,1730233756,04:29:16 PM,04:29:16 PM,0
2109351,3368,VALESAL1,0,1730233798,1730233798,04:29:58 PM,04:29:58 PM,0
2109351,3368,VALEHIB1,0,1730233818,1730233818,04:30:18 PM,04:30:18 PM,0
2109351,3368,VALEOPK2,0,1730233839,1730233839,04:30:39 PM,04:30:39 PM,0
2109351,3368,VALEDER1,0,1730233878,1730233878,04:31:18 PM,04:31:18 PM,0
2109351,3368,VALECRAM,0,1730233902,1730233902,04:31:42 PM,04:31:42 PM,0
2109351,3368,VALESHR1,0,1730233954,1730233954,04:32:34 PM,04:32:34 PM,0
2109351,3368,VALEOAKR,0,1730234015,1730234015,04:33:35 PM,04:33:35 PM,0
2109351,3368,KINGOAK1,0,1730234050,1730234050,04:34:10 PM,04:34:10 PM,0
2109351,3368,KINGWON1,0,1730234097,1730234097,04:34:57 PM,04:34:57 PM,0
2109351,3368,RIVEWON1,0,1730234160,1730234160,04:36:00 PM,04:36:00 PM,0
2109351,3368,RIVEBRE1,0,1730234192,1730234192,04:36:32 PM,04:36:32 PM,0
2109351,3368,RIVEORI1,0,1730234231,1730234231,04:37:11 PM,04:37:11 PM,0
2109351,3368,RIVEBEA1,0,1730234285,1730234285,04:38:05 PM,04:38:05 PM,0
2109351,3368,RIVEMURD,0,1730234359,1730234359,04:39:19 PM,04:39:19 PM,0
2109351,3368,RIVEWOO1,0,1730234389,1730234389,04:39:49 PM,04:39:49 PM,0
2109351,3368,RIVECAVE,0,1730234411,1730234411,04:40:11 PM,04:40:11 PM,0
2109351,3368,RIVEWHA1,0,1730234460,1730234460,04:41:00 PM,04:41:00 PM,0
2109351,3368,RIVEWIL1,0,1730234495,1730234495,04:41:35 PM,04:41:35 PM,0
2109351,3368,DUNDRIDO,0,1730234588,1730234588,04:43:08 PM,04:43:08 PM,0
2109351,3368,KINGTALB,0,1730234640,1730234640,04:44:00 PM,04:44:00 PM,0
2109351,3368,KINGRICH,0,1730234700,1730234700,04:45:00 PM,04:45:00 PM,0
2109351,3368,WELLDUN3,0,1730234760,1730234760,04:46:00 PM,04:46:00 PM,0
2110391,3369,WONDOXF4,-211,1730229407,1730229196,03:16:47 PM,03:13:16 PM,-211
2110391,3369,WONDKIW2,-230,1730229462,1730229232,03:17:42 PM,03:13:52 PM,-230
2110391,3369,WONDRIV2,-265,1730229523,1730229258,03:18:43 PM,03:14:18 PM,-265
2110391,3369,WONDSPRI,-401,1730229775,1730229374,03:22:55 PM,03:16:14 PM,-401
2110391,3369,WONDROSE,-429,1730229843,1730229414,03:24:03 PM,03:16:54 PM,-429
2110391,3369,WONDCOM2,-423,1730229962,1730229539,03:26:02 PM,03:18:59 PM,-423
2110391,3369,WONDVIL2,-425,1730230005,1730229580,03:26:45 PM,03:19:40 PM,-425
2110391,3369,WONDVIS4,-446,1730230075,1730229629,03:27:55 PM,03:20:29 PM,-446
2110391,3369,WESTMAL4,0,1730230140,1730230140,03:29:00 PM,03:29:00 PM,0
2110391,3369,VISCWON1,-13,1730230207,1730230194,03:30:07 PM,03:29:54 PM,-13
2110391,3369,VISCWON5,-30,1730230245,1730230215,03:30:45 PM,03:30:15 PM,-30
2110391,3369,WONDMMA4,-78,1730230339,1730230261,03:32:19 PM,03:31:01 PM,-78
2110391,3369,WONDMMA2,-101,1730230396,1730230295,03:33:16 PM,03:31:35 PM,-101
2110391,3369,WONDPVA2,-108,1730230458,1730230350,03:34:18 PM,03:32:30 PM,-108
2110391,3369,WONDPVA4,-130,1730230503,1730230373,03:35:03 PM,03:32:53 PM,-130
2110391,3369,SOUTWON1,-98,1730230581,1730230483,03:36:21 PM,03:34:43 PM,-98
2110391,3369,SOUTSING,-159,1730230665,1730230506,03:37:45 PM,03:35:06 PM,-159
2110391,3369,SOUTAND1,0,1730230740,1730230740,03:39:00 PM,03:39:00 PM,0
2110391,3369,SOUTSPRI,-16,1730230781,1730230765,03:39:41 PM,03:39:25 PM,-16
2110391,3369,SOUTNOD1,-21,1730230825,1730230804,03:40:25 PM,03:40:04 PM,-21
2110391,3369,SOUTNOD3,-43,1730230856,1730230813,03:40:56 PM,03:40:13 PM,-43
2110391,3369,SOUTWHA1,-24,1730230929,1730230905,03:42:09 PM,03:41:45 PM,-24
2110391,3369,SOUTWHA3,-35,1730230957,1730230922,03:42:37 PM,03:42:02 PM,-35
2110391,3369,SOUTWHOK,-63,1730231024,1730230961,03:43:44 PM,03:42:41 PM,-63
2110391,3369,SOUTJAL1,-62,1730231135,1730231073,03:45:35 PM,03:44:33 PM,-62
2110391,3369,SOUTDUL1,-70,1730231168,1730231098,03:46:08 PM,03:44:58 PM,-70
2110391,3369,SOUTNIX1,-92,1730231209,1730231117,03:46:49 PM,03:45:17 PM,-92
2110391,3369,SOUTVER1,-125,1730231310,1730231185,03:48:30 PM,03:46:25 PM,-125
2110391,3369,WELLHARL,,,,,,
2110391,3369,WELLMON4,,,,,,
2110391,3369,WELLMON2,,,,,,
2110391,3369,WELLBRA2,-76,1730231532,1730231456,03:52:12 PM,03:50:56 PM,-76
2110391,3369,WHITOMA3,-123,1730231580,1730231457,03:53:00 PM,03:50:57 PM,-123
2110391,3369,WHITOMA3,0,1730231880,1730231880,03:58:00 PM,03:58:00 PM,0
2110391,3369,BRADWEL3,0,1730232021,1730232021,04:00:21 PM,04:00:21 PM,0
2110391,3369,BRADWIL1,-17,1730232068,1730232051,04:01:08 PM,04:00:51 PM,-17
2110391,3369,BRADAGN1,-34,1730232094,1730232060,04:01:34 PM,04:01:00 PM,-34
2110391,3369,BRADADE1,-67,1730232144,1730232077,04:02:24 PM,04:01:17 PM,-67
2110391,3369,BRADADE3,-98,1730232197,1730232099,04:03:17 PM,04:01:39 PM,-98
2110391,3369,ADELOSG5,-108,1730232237,1730232129,04:03:57 PM,04:02:09 PM,-108
2110391,3369,ADELOSG7,-128,1730232279,1730232151,04:04:39 PM,04:02:31 PM,-128
2110391,3369,ADELOSG3,-159,1730232354,1730232195,04:05:54 PM,04:03:15 PM,-159
2110391,3369,SOUTADE1,-168,1730232406,1730232238,04:06:46 PM,04:03:58 PM,-168
2110391,3369,SOUTMIL5,-174,1730232434,1730232260,04:07:14 PM,04:04:20 PM,-174
2110391,3369,SOUTMIL3,-193,1730232473,1730232280,04:07:53 PM,04:04:40 PM,-193
2110391,3369,SOUTMIL1,0,1730232540,1730232540,04:09:00 PM,04:09:00 PM,0
2110391,3369,SOUTKOR1,-27,1730232595,1730232568,04:09:55 PM,04:09:28 PM,-27
2110391,3369,SOUTPOM1,-40,1730232632,1730232592,04:10:32 PM,04:09:52 PM,-40
2110391,3369,PONDPONV,-71,1730232714,1730232643,04:11:54 PM,04:10:43 PM,-71
2110391,3369,PONDMIR3,-90,1730232752,1730232662,04:12:32 PM,04:11:02 PM,-90
2110391,3369,PONDMIR1,-104,1730232780,1730232676,04:13:00 PM,04:11:16 PM,-104
2110391,3369,PONDDEV1,-118,1730232830,1730232712,04:13:50 PM,04:11:52 PM,-118
2110391,3369,PONDBAN1,-126,1730232854,1730232728,04:14:14 PM,04:12:08 PM,-126
2110391,3369,PONDOLDH,-135,1730232920,1730232785,04:15:20 PM,04:13:05 PM,-135
2110391,3369,COMMPOM3,-141,1730232975,1730232834,04:16:15 PM,04:13:54 PM,-141
2110391,3369,COMMDEV1,0,1730233020,1730233020,04:17:00 PM,04:17:00 PM,0
2110391,3369,COMMHIG1,0,1730233072,1730233072,04:17:52 PM,04:17:52 PM,0
2110391,3369,HIGBHAM1,0,1730233308,1730233308,04:21:48 PM,04:21:48 PM,0
2110391,3369,HIGBMAGE,0,1730233331,1730233331,04:22:11 PM,04:22:11 PM,0
2110391,3369,HIGBTRA1,0,1730233378,1730233378,04:22:58 PM,04:22:58 PM,0
2110391,3369,HIGBBRY1,0,1730233440,1730233440,04:24:00 PM,04:24:00 PM,0
2110391,3369,HIGBWIL1,0,1730233507,1730233507,04:25:07 PM,04:25:07 PM,0
2110391,3369,HIGBBEA1,0,1730233573,1730233573,04:26:13 PM,04:26:13 PM,0
2110391,3369,HIGBDUN1,0,1730233680,1730233680,04:28:00 PM,04:28:00 PM,0
2110391,3369,HIGBLPH1,,,,,,
2110391,3369,HIGBOXF1,,,,,,
2110391,3369,HIGBOXF3,,,,,,
2110391,3369,HIGBLAN1,0,1730233979,1730233979,04:32:59 PM,04:32:59 PM,0
2110391,3369,HIGBCHE1,0,1730234020,1730234020,04:33:40 PM,04:33:40 PM,0
2110391,3369,HIGBGOD1,0,1730234065,1730234065,04:34:25 PM,04:34:25 PM,0
2110391,3369,HIGBHURO,0,1730234119,1730234119,04:35:19 PM,04:35:19 PM,0
2110391,3369,HIGBHIC1,0,1730234168,1730234168,04:36:08 PM,04:36:08 PM,0
2110391,3369,HIGBFUL1,0,1730234202,1730234202,04:36:42 PM,04:36:42 PM,0
2110391,3369,FULLVES2,0,1730234279,1730234279,04:37:59 PM,04:37:59 PM,0
2110391,3369,FULLREGA,0,1730234322,1730234322,04:38:42 PM,04:38:42 PM,0
2110391,3369,MCNAMEL2,0,1730234372,1730234372,04:39:32 PM,04:39:32 PM,0
2110391,3369,MELSBRIA,0,1730234404,1730234404,04:40:04 PM,04:40:04 PM,0
2110391,3369,MELSSUSS,0,1730234458,1730234458,04:40:58 PM,04:40:58 PM,0
2110391,3369,BARKHURO,0,1730234520,1730234520,04:42:00 PM,04:42:00 PM,0
2110337,3369,BARKHURO,0,1730234520,1730234520,04:42:00 PM,04:42:00 PM,0
2110337,3369,HUROBRI3,0,1730234609,1730234609,04:43:29 PM,04:43:29 PM,0
2110337,3369,HUROBRI1,0,1730234640,1730234640,04:44:00 PM,04:44:00 PM,0
2110337,3369,HUROMCN1,0,1730234696,1730234696,04:44:56 PM,04:44:56 PM,0
2110337,3369,HUROVES1,0,1730234745,1730234745,04:45:45 PM,04:45:45 PM,0
2110337,3369,HUROHIG1,0,1730234820,1730234820,04:47:00 PM,04:47:00 PM,0
2110337,3369,HIGBGOD2,0,1730234946,1730234946,04:49:06 PM,04:49:06 PM,0
2110337,3369,HIGBCHE2,0,1730235017,1730235017,04:50:17 PM,04:50:17 PM,0
2110337,3369,HIGBLAN2,0,1730235049,1730235049,04:50:49 PM,04:50:49 PM,0
2110337,3369,HIGBOXF4,,,,,,
2110337,3369,HIGBOXF2,,,,,,
2110337,3369,HIGBLPH2,,,,,,
2110337,3369,HIGBDUN2,0,1730235360,1730235360,04:56:00 PM,04:56:00 PM,0
2110337,3369,HIGBBEA2,0,1730235442,1730235442,04:57:22 PM,04:57:22 PM,0
2110337,3369,HIGBWIL2,0,1730235517,1730235517,04:58:37 PM,04:58:37 PM,0
2110337,3369,HIGBBRY2,0,1730235600,1730235600,05:00:00 PM,05:00:00 PM,0
2110337,3369,HIGBTRA2,0,1730235691,1730235691,05:01:31 PM,05:01:31 PM,0
2110337,3369,HIGBCALV,0,1730235772,1730235772,05:02:52 PM,05:02:52 PM,0
2110337,3369,HIGBHAM2,0,1730235803,1730235803,05:03:23 PM,05:03:23 PM,0
2110337,3369,COMMDEV6,0,1730236223,1730236223,05:10:23 PM,05:10:23 PM,0
2110337,3369,COMMDEV2,0,1730236260,1730236260,05:11:00 PM,05:11:00 PM,0
2110337,3369,PONDDEV2,0,1730236343,1730236343,05:12:23 PM,05:12:23 PM,0
2110337,3369,PONDBAN2,0,1730236398,1730236398,05:13:18 PM,05:13:18 PM,0
2110337,3369,PONDDEV4,0,1730236441,1730236441,05:14:01 PM,05:14:01 PM,0
2110337,3369,PONDMIR4,0,1730236491,1730236491,05:14:51 PM,05:14:51 PM,0
2110337,3369,PONDMIR2,0,1730236537,1730236537,05:15:37 PM,05:15:37 PM,0
2110337,3369,PONDMILL,0,1730236561,1730236561,05:16:01 PM,05:16:01 PM,0
2110337,3369,SOUTPOM2,0,1730236642,1730236642,05:17:22 PM,05:17:22 PM,0
2110337,3369,SOUTKOR2,0,1730236693,1730236693,05:18:13 PM,05:18:13 PM,0
2110337,3369,SOUTMIL2,0,1730236740,1730236740,05:19:00 PM,05:19:00 PM,0
2110337,3369,SOUTMIL4,0,1730236813,1730236813,05:20:13 PM,05:20:13 PM,0
2110337,3369,SOUTMIL6,0,1730236856,1730236856,05:20:56 PM,05:20:56 PM,0
2110337,3369,ADELSDAL,0,1730236900,1730236900,05:21:40 PM,05:21:40 PM,0
2110337,3369,ADELOSG2,0,1730236940,1730236940,05:22:20 PM,05:22:20 PM,0
2110337,3369,ADELOSG6,0,1730237005,1730237005,05:23:25 PM,05:23:25 PM,0
2110337,3369,ADELOSG4,0,1730237041,1730237041,05:24:01 PM,05:24:01 PM,0
2110337,3369,BRADADE2,0,1730237079,1730237079,05:24:39 PM,05:24:39 PM,0
2110337,3369,BRADADE4,0,1730237132,1730237132,05:25:32 PM,05:25:32 PM,0
2110337,3369,BRADAGN2,0,1730237174,1730237174,05:26:14 PM,05:26:14 PM,0
2110337,3369,BRADWIL4,0,1730237208,1730237208,05:26:48 PM,05:26:48 PM,0
2110337,3369,BRADDEAR,0,1730237246,1730237246,05:27:26 PM,05:27:26 PM,0
2110337,3369,WELLBRA2,0,1730237282,1730237282,05:28:02 PM,05:28:02 PM,0
2110337,3369,WHITOMA3,0,1730237340,1730237340,05:29:00 PM,05:29:00 PM,0
2102284,3370,CLARDUN2,277,1730228937,1730229214,03:08:57 PM,03:13:34 PM,277
2102284,3370,CLARWHI2,271,1730228979,1730229250,03:09:39 PM,03:14:10 PM,271
2102284,3370,ARGYMAL2,207,1730229060,1730229267,03:11:00 PM,03:14:27 PM,207
2102348,3370,ARGYMAL2,57,1730229360,1730229417,03:16:00 PM,03:16:57 PM,57
2102348,3370,CLARDUN1,57,1730229434,1730229491,03:17:14 PM,03:18:11 PM,57
2102348,3370,CLARAVA1,48,1730229461,1730229509,03:17:41 PM,03:18:29 PM,48
2102348,3370,CLARPKH1,32,1730229495,1730229527,03:18:15 PM,03:18:47 PM,32
2102348,3370,CLARPACI,7,1730229538,1730229545,03:18:58 PM,03:19:05 PM,7
2102348,3370,CULVCLA4,0,1730229600,1730229600,03:20:00 PM,03:20:00 PM,0
2102348,3370,CULVCLA2,-12,1730229650,1730229638,03:20:50 PM,03:20:38 PM,-12
2102348,3370,CULVCUL4,-32,1730229710,1730229678,03:21:50 PM,03:21:18 PM,-32
2102348,3370,CULVCUL2,-44,1730229745,1730229701,03:22:25 PM,03:21:41 PM,-44
2102348,3370,CULVTHR2,-51,1730229790,1730229739,03:23:10 PM,03:22:19 PM,-51
2102348,3370,THIRCUL1,-49,1730229853,1730229804,03:24:13 PM,03:23:24 PM,-49
2102348,3370,THIROXF1,-56,1730229917,1730229861,03:25:17 PM,03:24:21 PM,-56
2102348,3370,OXFOSEC2,-80,1730229997,1730229917,03:26:37 PM,03:25:17 PM,-80
2102348,3370,FANCOLL5,0,1730230080,1730230080,03:28:00 PM,03:28:00 PM,0
2102348,3370,OXFOROE2,-19,1730230124,1730230105,03:28:44 PM,03:28:25 PM,-19
2102348,3370,OXFOHIG4,,,,,,
2102348,3370,OXFOHIG2,,,,,,
2102348,3370,OXFOWIST,,,,,,
2102348,3370,OXFOOAKS,131,1730230268,1730230399,03:31:08 PM,03:33:19 PM,131
2102348,3370,OXFOCLE2,122,1730230318,1730230440,03:31:58 PM,03:34:00 PM,122
2102348,3370,OXFOLYMA,99,1730230367,1730230466,03:32:47 PM,03:34:26 PM,99
2102348,3370,OXFOSTUA,84,1730230401,1730230485,03:33:21 PM,03:34:45 PM,84
2102348,3370,OXFOQUE2,65,1730230447,1730230512,03:34:07 PM,03:35:12 PM,65
2102348,3370,OXFOSTE2,59,1730230481,1730230540,03:34:41 PM,03:35:40 PM,59
2102348,3370,OXFOGAM2,58,1730230507,1730230565,03:35:07 PM,03:36:05 PM,58
2102348,3370,OXFOELL2,36,1730230569,1730230605,03:36:09 PM,03:36:45 PM,36
2102348,3370,OXFOELI2,13,1730230615,1730230628,03:36:55 PM,03:37:08 PM,13
2102348,3370,OXFOADE2,65,1730230680,1730230745,03:38:00 PM,03:39:05 PM,65
2102348,3370,OXFOWIL2,43,1730230726,1730230769,03:38:46 PM,03:39:29 PM,43
2102348,3370,OXFOMAI2,10,1730230778,1730230788,03:39:38 PM,03:39:48 PM,10
2102348,3370,OXFOCOL2,-10,1730230820,1730230810,03:40:20 PM,03:40:10 PM,-10
2102348,3370,OXFOWAT2,-29,1730230867,1730230838,03:41:07 PM,03:40:38 PM,-29
2102348,3370,OXFOWEL2,-53,1730230923,1730230870,03:42:03 PM,03:41:10 PM,-53
2102348,3370,OXFORIC2,0,1730230980,1730230980,03:43:00 PM,03:43:00 PM,0
2102348,3370,OXFOGEO2,-14,1730231028,1730231014,03:43:48 PM,03:43:34 PM,-14
2102348,3370,OXFOTAL2,-38,1730231070,1730231032,03:44:30 PM,03:43:52 PM,-38
2102348,3370,OXFOGRAC,-100,1730231184,1730231084,03:46:24 PM,03:44:44 PM,-100
2102348,3370,OXFOWHA2,-110,1730231222,1730231112,03:47:02 PM,03:45:12 PM,-110
2102348,3370,OXFOFERN,-109,1730231244,1730231135,03:47:24 PM,03:45:35 PM,-109
2102348,3370,OXFORAT2,-143,1730231305,1730231162,03:48:25 PM,03:46:02 PM,-143
2102348,3370,OXFOPLAT,0,1730231400,1730231400,03:50:00 PM,03:50:00 PM,0
2102348,3370,OXFOCHE2,-10,1730231448,1730231438,03:50:48 PM,03:50:38 PM,-10
2102348,3370,OXFOBEA4,-55,1730231528,1730231473,03:52:08 PM,03:51:13 PM,-55
2102348,3370,OXFOBEA2,,,,,,
2102348,3370,OXFOPRO2,-89,1730231623,1730231534,03:53:43 PM,03:52:14 PM,-89
2102348,3370,OXFOWON2,0,1730231700,1730231700,03:55:00 PM,03:55:00 PM,0
2102348,3370,OXFOCAP2,-25,1730231738,1730231713,03:55:38 PM,03:55:13 PM,-25
2102348,3370,OXFOLAR2,-62,1730231803,1730231741,03:56:43 PM,03:55:41 PM,-62
2102348,3370,OXFOGUI2,-98,1730231869,1730231771,03:57:49 PM,03:56:11 PM,-98
2102348,3370,OXFOFRE2,-132,1730231929,1730231797,03:58:49 PM,03:56:37 PM,-132
2102348,3370,OXFOGUI3,-159,1730231979,1730231820,03:59:39 PM,03:57:00 PM,-159
2102348,3370,OXFOFID2,-165,1730232016,1730231851,04:00:16 PM,03:57:31 PM,-165
2102348,3370,HYDEOXF2,0,1730232060,1730232060,04:01:00 PM,04:01:00 PM,0
2102348,3370,HYDEFIG2,-22,1730232114,1730232092,04:01:54 PM,04:01:32 PM,-22
2102348,3370,HYDEHAZE,-38,1730232153,1730232115,04:02:33 PM,04:01:55 PM,-38
2102348,3370,HYDERIV1,-56,1730232205,1730232149,04:03:25 PM,04:02:29 PM,-56
2102348,3370,RIVEHAR2,-67,1730232245,1730232178,04:04:05 PM,04:02:58 PM,-67
2102348,3370,RIVEANT2,-87,1730232295,1730232208,04:04:55 PM,04:03:28 PM,-87
2102348,3370,RIVEHAR4,-96,1730232316,1730232220,04:05:16 PM,04:03:40 PM,-96
2102348,3370,RIVESAN2,-101,1730232352,1730232251,04:05:52 PM,04:04:11 PM,-101
2102348,3370,HALLCOMM,-135,1730232420,1730232285,04:07:00 PM,04:04:45 PM,-135
2102348,3370,HALLCOMM,156,1730232720,1730232876,04:12:00 PM,04:14:36 PM,156
2102348,3370,COMMSTEP,144,1730232758,1730232902,04:12:38 PM,04:15:02 PM,144
2102348,3370,COMMGRAN,136,1730232789,1730232924,04:13:09 PM,04:15:24 PM,135
2102348,3370,COMMCAD1,132,1730232812,1730232944,04:13:32 PM,04:15:44 PM,132
2102348,3370,COMMCAD2,124,1730232843,1730232968,04:14:03 PM,04:16:08 PM,125
2102348,3370,KAINOXFN,104,1730232900,1730233004,04:15:00 PM,04:16:44 PM,104
2097520,3373,BASEFAI2,135,1730229052,1730229187,03:10:52 PM,03:13:07 PM,135
2097520,3373,BASEWEL6,145,1730229117,1730229262,03:11:57 PM,03:14:22 PM,145
2097520,3373,HIGHBASE,132,1730229188,1730229320,03:13:08 PM,03:15:20 PM,132
2097520,3373,HIGHCHE1,113,1730229236,1730229349,03:13:56 PM,03:15:49 PM,113
2097520,3373,HIGHEME1,104,1730229264,1730229368,03:14:24 PM,03:16:08 PM,104
2097520,3373,HIGHWIN3,78,1730229328,1730229406,03:15:28 PM,03:16:46 PM,78
2097520,3373,HIGHMCL1,48,1730229377,1730229425,03:16:17 PM,03:17:05 PM,48
2097520,3373,GRANHIG2,57,1730229420,1730229477,03:17:00 PM,03:17:57 PM,57
2097520,3373,GRANHIG4,39,1730229455,1730229494,03:17:35 PM,03:18:14 PM,39
2097520,3373,CARFGRAN,22,1730229509,1730229531,03:18:29 PM,03:18:51 PM,22
2097520,3373,CARFCAR1,-4,1730229567,1730229563,03:19:27 PM,03:19:23 PM,-4
2097520,3373,RICHSIM1,-54,1730229646,1730229592,03:20:46 PM,03:19:52 PM,-54
2097520,3373,RICHHOT3,-71,1730229682,1730229611,03:21:22 PM,03:20:11 PM,-71
2097520,3373,RICHKIN1,0,1730229780,1730229780,03:23:00 PM,03:23:00 PM,0
2097520,3373,RICHQUEE,-89,1730229900,1730229811,03:25:00 PM,03:23:31 PM,-89
2097520,3373,RICHQUEE,144,1730229900,1730230044,03:25:00 PM,03:27:24 PM,144
2097520,3373,RICHKEN1,81,1730229997,1730230078,03:26:37 PM,03:27:58 PM,81
2097520,3373,RICHHYM1,45,1730230091,1730230136,03:28:11 PM,03:28:56 PM,45
2097520,3373,RICHPALL,47,1730230145,1730230192,03:29:05 PM,03:29:52 PM,47
2097520,3373,RICHOXF1,67,1730230260,1730230327,03:31:00 PM,03:32:07 PM,67
2097520,3373,RICHJAM1,49,1730230292,1730230341,03:31:32 PM,03:32:21 PM,49
2097520,3373,RICHGRO1,40,1730230344,1730230384,03:32:24 PM,03:33:04 PM,40
2097520,3373,RICHCHE1,32,1730230375,1730230407,03:32:55 PM,03:33:27 PM,32
2097520,3373,RICHVIC1,16,1730230418,1730230434,03:33:38 PM,03:33:54 PM,16
2097520,3373,RICHREG1,-6,1730230461,1730230455,03:34:21 PM,03:34:15 PM,-6
2097520,3373,RICHHUR1,-16,1730230496,1730230480,03:34:56 PM,03:34:40 PM,-16
2097520,3373,RICHUNI1,-24,1730230533,1730230509,03:35:33 PM,03:35:09 PM,-24
2097520,3373,RICHBERN,-26,1730230590,1730230564,03:36:30 PM,03:36:04 PM,-26
2097520,3373,RICHRAY1,-51,1730230638,1730230587,03:37:18 PM,03:36:27 PM,-51
2097520,3373,WINDRIC2,-104,1730230766,1730230662,03:39:26 PM,03:37:42 PM,-104
2097520,3373,PERTWIN2,-107,1730230808,1730230701,03:40:08 PM,03:38:21 PM,-107
2097520,3373,UNIVHOS2,-140,1730230860,1730230720,03:41:00 PM,03:38:40 PM,-140
2097562,3373,UNIVHOS2,38,1730231460,1730231498,03:51:00 PM,03:51:38 PM,38
2097562,3373,DELAHAL2,-15,1730231630,1730231615,03:53:50 PM,03:53:35 PM,-15
2097562,3373,UNIVSUN1,-45,1730231732,1730231687,03:55:32 PM,03:54:47 PM,-45
2097562,3373,UNIVRIC1,0,1730231820,1730231820,03:57:00 PM,03:57:00 PM,0
2097562,3373,RICHHUR2,-42,1730231902,1730231860,03:58:22 PM,03:57:40 PM,-42
2097562,3373,RICHVIC2,-79,1730231978,1730231899,03:59:38 PM,03:58:19 PM,-79
2097562,3373,RICHCHE2,-102,1730232024,1730231922,04:00:24 PM,03:58:42 PM,-102
2097562,3373,RICHGRO2,-92,1730232079,1730231987,04:01:19 PM,03:59:47 PM,-92
2097562,3373,RICHJAM2,-100,1730232115,1730232015,04:01:55 PM,04:00:15 PM,-100
2097562,3373,RICHOXF2,0,1730232180,1730232180,04:03:00 PM,04:03:00 PM,0
2097562,3373,RICHMILL,-6,1730232237,1730232231,04:03:57 PM,04:03:51 PM,-6
2097562,3373,RICHCENT,-27,1730232318,1730232291,04:05:18 PM,04:04:51 PM,-27
2097562,3373,RICHKEN2,-55,1730232373,1730232318,04:06:13 PM,04:05:18 PM,-55
2097562,3373,RICHDUF2,-68,1730232406,1730232338,04:06:46 PM,04:05:38 PM,-68
2097562,3373,RICHQUE2,0,1730232480,1730232480,04:08:00 PM,04:08:00 PM,0
2097562,3373,RICHKIN4,-119,1730232600,1730232481,04:10:00 PM,04:08:01 PM,-119
2097562,3373,RICHKIN4,124,1730232600,1730232724,04:10:00 PM,04:12:04 PM,124
2097562,3373,RICHHOT2,96,1730232663,1730232758,04:11:03 PM,04:12:38 PM,95
2097562,3373,RICHGREY,76,1730232712,1730232788,04:11:52 PM,04:13:08 PM,76
2097562,3373,CARFCAR2,52,1730232761,1730232812,04:12:41 PM,04:13:32 PM,51
2097562,3373,CARFWOOD,56,1730232800,1730232856,04:13:20 PM,04:14:16 PM,56
2097562,3373,GRANHIG1,46,1730232861,1730232908,04:14:21 PM,04:15:08 PM,47
2097562,3373,HIGHGRA2,50,1730232900,1730232950,04:15:00 PM,04:15:50 PM,50
2097562,3373,HIGHWIN2,22,1730232954,1730232976,04:15:54 PM,04:16:16 PM,22
2097562,3373,HIGHEME2,0,1730233010,1730233010,04:16:50 PM,04:16:50 PM,0
2097562,3373,HIGHCHE2,-16,1730233048,1730233032,04:17:28 PM,04:17:12 PM,-16
2097562,3373,BASEHIG1,-34,1730233102,1730233068,04:18:22 PM,04:17:48 PM,-34
2097562,3373,BASEWEL3,-30,1730233156,1730233126,04:19:16 PM,04:18:46 PM,-30
2097562,3373,BASEFAI3,-8,1730233223,1730233216,04:20:23 PM,04:20:16 PM,-7
2097562,3373,VICTZONB,-44,1730233260,1730233216,04:21:00 PM,04:20:16 PM,-44
2097562,3373,VICTZONB,58,1730233260,1730233318,04:21:00 PM,04:21:58 PM,58
2097562,3373,VICTLOT9,20,1730233331,1730233351,04:22:11 PM,04:22:31 PM,20
2097562,3373,VICZONC,26,1730233378,1730233404,04:22:58 PM,04:23:24 PM,26
2097562,3373,VICTWES1,20,1730233448,1730233468,04:24:08 PM,04:24:28 PM,20
2097562,3373,PARKWEC2,-4,1730233519,1730233515,04:25:19 PM,04:25:15 PM,-4
2097562,3373,PARKMEHE,-46,1730233655,1730233609,04:27:35 PM,04:26:49 PM,-46
2097562,3373,PARKMAEN,-111,1730233740,1730233629,04:29:00 PM,04:27:09 PM,-111
2096671,3374,OXFOELI2,511,1730228703,1730229214,03:05:03 PM,03:13:34 PM,511
2096671,3374,OXFOADE2,568,1730228760,1730229328,03:06:00 PM,03:15:28 PM,568
2096671,3374,OXFOWIL2,554,1730228805,1730229359,03:06:45 PM,03:15:59 PM,554
2096671,3374,OXFOMAI2,521,1730228856,1730229377,03:07:36 PM,03:16:17 PM,521
2096671,3374,OXFOCOL2,509,1730228897,1730229406,03:08:17 PM,03:16:46 PM,509
2096671,3374,OXFOWAT2,489,1730228943,1730229432,03:09:03 PM,03:17:12 PM,489
2096671,3374,OXFOWEL2,466,1730228998,1730229464,03:09:58 PM,03:17:44 PM,466
2096671,3374,RICHOXF2,510,1730229060,1730229570,03:11:00 PM,03:19:30 PM,510
2096671,3374,RICHMILL,486,1730229121,1730229607,03:12:01 PM,03:20:07 PM,486
2096671,3374,RICHCENT,461,1730229208,1730229669,03:13:28 PM,03:21:09 PM,461
2096671,3374,RICHKEN2,432,1730229267,1730229699,03:14:27 PM,03:21:39 PM,432
2096671,3374,RICHDUF2,420,1730229302,1730229722,03:15:02 PM,03:22:02 PM,420
2096671,3374,RICHQUE1,443,1730229360,1730229803,03:16:00 PM,03:23:23 PM,443
2096671,3374,RICHKIN4,395,1730229420,1730229815,03:17:00 PM,03:23:35 PM,395
2096671,3374,RICHKIN4,455,1730229420,1730229875,03:17:00 PM,03:24:35 PM,455
2096671,3374,HORTRIC2,391,1730229554,1730229945,03:19:14 PM,03:25:45 PM,391
2096671,3374,RIDOHORT,344,1730229660,1730230004,03:21:00 PM,03:26:44 PM,344
2096671,3374,RIDOCRA2,323,1730229719,1730230042,03:21:59 PM,03:27:22 PM,323
2096671,3374,RIDOELMW,328,1730229752,1730230080,03:22:32 PM,03:28:00 PM,328
2096671,3374,RIDOTEC2,319,1730229810,1730230129,03:23:30 PM,03:28:49 PM,319
2096671,3374,RIDOWINS,307,1730229858,1730230165,03:24:18 PM,03:29:25 PM,307
2096671,3374,RIDOEME2,304,1730229894,1730230198,03:24:54 PM,03:29:58 PM,304
2096671,3374,RIDOROSE,285,1730229939,1730230224,03:25:39 PM,03:30:24 PM,285
2096671,3374,RIDOBAS2,281,1730229971,1730230252,03:26:11 PM,03:30:52 PM,281
2096671,3374,RIDOMOU2,282,1730230004,1730230286,03:26:44 PM,03:31:26 PM,282
2096671,3374,UPPECOM2,298,1730230050,1730230348,03:27:30 PM,03:32:28 PM,298
2096671,3374,UPPECHI4,284,1730230115,1730230399,03:28:35 PM,03:33:19 PM,284
2096671,3374,CHIDHUN1,271,1730230169,1730230440,03:29:29 PM,03:34:00 PM,271
2096671,3374,CHIDCHID,276,1730230228,1730230504,03:30:28 PM,03:35:04 PM,276
2096671,3374,WILKCHI2,276,1730230260,1730230536,03:31:00 PM,03:35:36 PM,276
2096671,3374,SANDWIL2,266,1730230308,1730230574,03:31:48 PM,03:36:14 PM,266
2096671,3374,SANDVER1,262,1730230348,1730230610,03:32:28 PM,03:36:50 PM,262
2096671,3374,VERUEDEN,263,1730230369,1730230632,03:32:49 PM,03:37:12 PM,263
2096671,3374,EDENEAS2,245,1730230416,1730230661,03:33:36 PM,03:37:41 PM,245
2096671,3374,EDENNIX,261,1730230455,1730230716,03:34:15 PM,03:38:36 PM,261
2096671,3374,NIXOCRE2,257,1730230496,1730230753,03:34:56 PM,03:39:13 PM,257
2096671,3374,NIXOSDAL,252,1730230525,1730230777,03:35:25 PM,03:39:37 PM,252
2096671,3374,ERNEJAL2,231,1730230571,1730230802,03:36:11 PM,03:40:02 PM,231
2096671,3374,ERNEELVI,219,1730230600,1730230819,03:36:40 PM,03:40:19 PM,219
2096671,3374,ERNEPAUL,201,1730230644,1730230845,03:37:24 PM,03:40:45 PM,201
2096671,3374,ERNEBRA2,190,1730230696,1730230886,03:38:16 PM,03:41:26 PM,190
2096671,3374,ERNECON2,191,1730230725,1730230916,03:38:45 PM,03:41:56 PM,191
2096671,3374,ERNEFEN2,170,1730230778,1730230948,03:39:38 PM,03:42:28 PM,170
2096671,3374,ERNEFINC,157,1730230810,1730230967,03:40:10 PM,03:42:47 PM,157
2096671,3374,ERNESCO1,147,1730230840,1730230987,03:40:40 PM,03:43:07 PM,147
2096671,3374,JALNERN5,155,1730230883,1730231038,03:41:23 PM,03:43:58 PM,155
2096671,3374,MEGEXE2,161,1730230925,1730231086,03:42:05 PM,03:44:46 PM,161
2096671,3374,EXETMEG,134,1730230985,1730231119,03:43:05 PM,03:45:19 PM,134
2096671,3374,SHOLEXE1,119,1730231038,1730231157,03:43:58 PM,03:45:57 PM,119
2096671,3374,SHOLJAL1,121,1730231061,1730231182,03:44:21 PM,03:46:22 PM,121
2096671,3374,JALNPIER,115,1730231095,1730231210,03:44:55 PM,03:46:50 PM,115
2096671,3374,WHOKMANB,3,1730231220,1730231223,03:47:00 PM,03:47:03 PM,3
2096743,3374,WHOKMANB,0,1730231460,1730231460,03:51:00 PM,03:51:00 PM,0
2096743,3374,JALNBRA1,0,1730231508,1730231508,03:51:48 PM,03:51:48 PM,0
2096743,3374,JALNBRA3,40,1730231536,1730231576,03:52:16 PM,03:52:56 PM,40
2096743,3374,JALNPON1,35,1730231592,1730231627,03:53:12 PM,03:53:47 PM,35
2096743,3374,JALNBEE1,21,1730231634,1730231655,03:53:54 PM,03:54:15 PM,21
2096743,3374,JALNPOP1,12,1730231658,1730231670,03:54:18 PM,03:54:30 PM,12
2096743,3374,ERNEJAL1,-9,1730231731,1730231722,03:55:31 PM,03:55:22 PM,-9
2096743,3374,NIXOWIMB,19,1730231762,1730231781,03:56:02 PM,03:56:21 PM,19
2096743,3374,NIXOEDEN,-1,1730231820,1730231819,03:57:00 PM,03:56:59 PM,-1
2096743,3374,EDENEAS1,-13,1730231863,1730231850,03:57:43 PM,03:57:30 PM,-13
2096743,3374,EDENVERU,-20,1730231905,1730231885,03:58:25 PM,03:58:05 PM,-20
2096743,3374,SANDVER2,0,1730231940,1730231940,03:59:00 PM,03:59:00 PM,0
2096743,3374,SANDWIL4,-10,1730231977,1730231967,03:59:37 PM,03:59:27 PM,-10
2096743,3374,WILKCHI1,-16,1730232016,1730232000,04:00:16 PM,04:00:00 PM,-16
2096743,3374,CHIDWILK,-7,1730232047,1730232040,04:00:47 PM,04:00:40 PM,-7
2096743,3374,CHIDHUN2,-10,1730232085,1730232075,04:01:25 PM,04:01:15 PM,-10
2096743,3374,CHIDUPQ2,-26,1730232140,1730232114,04:02:20 PM,04:01:54 PM,-26
2096743,3374,UPPECOM1,-20,1730232223,1730232203,04:03:43 PM,04:03:23 PM,-20
2096743,3374,RIDOBAS1,-39,1730232278,1730232239,04:04:38 PM,04:03:59 PM,-39
2096743,3374,RIDOHICK,-54,1730232309,1730232255,04:05:09 PM,04:04:15 PM,-54
2096743,3374,RIDOEME1,0,1730232360,1730232360,04:06:00 PM,04:06:00 PM,0
2096743,3374,RIDOBAKE,-33,1730232417,1730232384,04:06:57 PM,04:06:24 PM,-33
2096743,3374,RIDOTEC1,-51,1730232459,1730232408,04:07:39 PM,04:06:48 PM,-51
2096743,3374,RIDOGRAN,-68,1730232502,1730232434,04:08:22 PM,04:07:14 PM,-68
2096743,3374,RIDOCRA1,-92,1730232562,1730232470,04:09:22 PM,04:07:50 PM,-92
2096743,3374,RIDOING1,-113,1730232596,1730232483,04:09:56 PM,04:08:03 PM,-113
2096743,3374,HORTRID1,-130,1730232647,1730232517,04:10:47 PM,04:08:37 PM,-130
2096743,3374,RICHHOT1,-147,1730232713,1730232566,04:11:53 PM,04:09:26 PM,-147
2096743,3374,RICHKIN1,0,1730232780,1730232780,04:13:00 PM,04:13:00 PM,0
2096743,3374,RICHQUEE,-149,1730232960,1730232811,04:16:00 PM,04:13:31 PM,-149
2096743,3374,RICHQUEE,144,1730232960,1730233104,04:16:00 PM,04:18:24 PM,144
2096743,3374,RICHKEN1,41,1730233097,1730233138,04:18:17 PM,04:18:58 PM,41
2096743,3374,RICHHYM1,-32,1730233221,1730233189,04:20:21 PM,04:19:49 PM,-32
2096743,3374,RICHPALL,-72,1730233293,1730233221,04:21:33 PM,04:20:21 PM,-72
2096743,3374,OXFORIC1,0,1730233440,1730233440,04:24:00 PM,04:24:00 PM,0
2096743,3374,OXFOWEL1,0,1730233465,1730233465,04:24:25 PM,04:24:25 PM,0
2096743,3374,OXFOWAT1,0,1730233509,1730233509,04:25:09 PM,04:25:09 PM,0
2096743,3374,OXFOCOL1,0,1730233552,1730233552,04:25:52 PM,04:25:52 PM,0
2096743,3374,OXFOMAI1,0,1730233605,1730233605,04:26:45 PM,04:26:45 PM,0
2096743,3374,OXFOWIL1,0,1730233641,1730233641,04:27:21 PM,04:27:21 PM,0
2096743,3374,OXFOADE1,0,1730233680,1730233680,04:28:00 PM,04:28:00 PM,0
2096743,3374,OXFOELI1,0,1730233719,1730233719,04:28:39 PM,04:28:39 PM,0
2096743,3374,OXFOELL1,0,1730233754,1730233754,04:29:14 PM,04:29:14 PM,0
2096743,3374,OXFOGAM1,0,1730233798,1730233798,04:29:58 PM,04:29:58 PM,0
2096743,3374,OXFOSTE1,0,1730233831,1730233831,04:30:31 PM,04:30:31 PM,0
2096743,3374,OXFOQUE1,0,1730233850,1730233850,04:30:50 PM,04:30:50 PM,0
2096743,3374,OXFOSTRA,0,1730233882,1730233882,04:31:22 PM,04:31:22 PM,0
2096743,3374,OXFOSPIT,0,1730233920,1730233920,04:32:00 PM,04:32:00 PM,0
2096743,3374,OXFOCLE1,0,1730233955,1730233955,04:32:35 PM,04:32:35 PM,0
2096743,3374,OXFOEMPI,0,1730233992,1730233992,04:33:12 PM,04:33:12 PM,0
2096743,3374,OXFOMORN,,,,,,
2096743,3374,OXFOHIG1,,,,,,
2096743,3374,OXFOHIG3,,,,,,
2096743,3374,FANCOLL2,0,1730234160,1730234160,04:36:00 PM,04:36:00 PM,0
2094957,3375,HUROADE6,-99,1730229300,1730229201,03:15:00 PM,03:13:21 PM,-99
2094957,3375,ADELHUR2,0,1730229360,1730229360,03:16:00 PM,03:16:00 PM,0
2094957,3375,ADELVIC2,-50,1730229437,1730229387,03:17:17 PM,03:16:27 PM,-50
2094957,3375,CHEAADE2,-70,1730229510,1730229440,03:18:30 PM,03:17:20 PM,-70
2094957,3375,CHEAWIL2,-95,1730229547,1730229452,03:19:07 PM,03:17:32 PM,-95
2094957,3375,CHEAMAI2,-139,1730229621,1730229482,03:20:21 PM,03:18:02 PM,-139
2094957,3375,COLBCHEA,-169,1730229679,1730229510,03:21:19 PM,03:18:30 PM,-169
2094957,3375,COLBGRO1,-192,1730229725,1730229533,03:22:05 PM,03:18:53 PM,-192
2094957,3375,COLBSJM2,-223,1730229782,1730229559,03:23:02 PM,03:19:19 PM,-223
2094957,3375,COLBOXFD,0,1730229840,1730229840,03:24:00 PM,03:24:00 PM,0
2094957,3375,COLBPAM2,-25,1730229919,1730229894,03:25:19 PM,03:24:54 PM,-25
2094957,3375,COLBCEN2,,,,,,
2094957,3375,COLBDUFF,11,1730230060,1730230071,03:27:40 PM,03:27:51 PM,11
2094957,3375,WATEDUF1,5,1730230127,1730230132,03:28:47 PM,03:28:52 PM,5
2094957,3375,WATEKINS,26,1730230214,1730230240,03:30:14 PM,03:30:40 PM,26
2094957,3375,YORKWAT1,29,1730230260,1730230289,03:31:00 PM,03:31:29 PM,29
2094957,3375,COLBHOR2,32,1730230382,1730230414,03:33:02 PM,03:33:34 PM,32
2094957,3375,GREYCOLB,7,1730230450,1730230457,03:34:10 PM,03:34:17 PM,7
2094957,3375,GREYWATE,-19,1730230495,1730230476,03:34:55 PM,03:34:36 PM,-19
2094957,3375,WELLGRE2,-18,1730230573,1730230555,03:36:13 PM,03:35:55 PM,-18
2094957,3375,WELLSOU2,-56,1730230637,1730230581,03:37:17 PM,03:36:21 PM,-56
2094957,3375,WELLGRA2,-94,1730230734,1730230640,03:38:54 PM,03:37:20 PM,-94
2094957,3375,WELLCOLG,-128,1730230796,1730230668,03:39:56 PM,03:37:48 PM,-128
2094957,3375,WELLWELL,-173,1730230864,1730230691,03:41:04 PM,03:38:11 PM,-173
2094957,3375,WELLTHJA,-235,1730230959,1730230724,03:42:39 PM,03:38:44 PM,-235
2094957,3375,WELLPERC,-272,1730231016,1730230744,03:43:36 PM,03:39:04 PM,-272
2094957,3375,BASEWEL1,-275,1730231085,1730230810,03:44:45 PM,03:40:10 PM,-275
2094957,3375,BASEFAI3,0,1730231160,1730231160,03:46:00 PM,03:46:00 PM,0
2094957,3375,WESTBAS1,-3,1730231200,1730231197,03:46:40 PM,03:46:37 PM,-3
2094957,3375,WESTWHE1,-9,1730231218,1730231209,03:46:58 PM,03:46:49 PM,-9
2094957,3375,WESTTHO1,-12,1730231243,1730231231,03:47:23 PM,03:47:11 PM,-12
2094957,3375,THOMADE1,33,1730231274,1730231307,03:47:54 PM,03:48:27 PM,33
2094957,3375,THOMEME1,35,1730231295,1730231330,03:48:15 PM,03:48:50 PM,35
2094957,3375,THOMCHE1,28,1730231328,1730231356,03:48:48 PM,03:49:16 PM,28
2094957,3375,THOMGLA1,32,1730231340,1730231372,03:49:00 PM,03:49:32 PM,32
2094957,3375,THOMKED1,30,1730231362,1730231392,03:49:22 PM,03:49:52 PM,30
2094957,3375,PONDSCE2,24,1730231418,1730231442,03:50:18 PM,03:50:42 PM,24
2094957,3375,PONDSCE4,30,1730231441,1730231471,03:50:41 PM,03:51:11 PM,30
2094957,3375,PONDAILS,32,1730231471,1730231503,03:51:11 PM,03:51:43 PM,32
2094957,3375,PONDCLE2,31,1730231520,1730231551,03:52:00 PM,03:52:31 PM,31
2094957,3375,SHELBUR2,-2,1730231621,1730231619,03:53:41 PM,03:53:39 PM,-2
2094957,3375,SHELODEL,2,1730231643,1730231645,03:54:03 PM,03:54:05 PM,2
2094957,3375,SHELDEVE,-46,1730231700,1730231654,03:55:00 PM,03:54:14 PM,-46
2106290,3378,MASOSTO4,0,1730228700,1730228700,03:05:00 PM,03:05:00 PM,0
2106290,3378,RICHWIN2,0,1730228947,1730228947,03:09:07 PM,03:09:07 PM,0
2106290,3378,RICHUNI2,0,1730229096,1730229096,03:11:36 PM,03:11:36 PM,0
2106290,3378,RICHOXF2,-131,1730229360,1730229229,03:16:00 PM,03:13:49 PM,-131
2106290,3378,RICHQUE2,0,1730229540,1730229540,03:19:00 PM,03:19:00 PM,0
2106290,3378,RICHKIN4,7,1730229574,1730229581,03:19:34 PM,03:19:41 PM,7
2106290,3378,RICHSIM2,41,1730229661,1730229702,03:21:01 PM,03:21:42 PM,41
2106290,3378,WELLGRA2,11,1730229868,1730229879,03:24:28 PM,03:24:39 PM,11
2106290,3378,WELLBAS2,0,1730230080,1730230080,03:28:00 PM,03:28:00 PM,0
2106290,3378,WELLCOM4,-21,1730230144,1730230123,03:29:04 PM,03:28:43 PM,-21
2106290,3378,WELLHARL,-91,1730230395,1730230304,03:33:15 PM,03:31:44 PM,-91
2106290,3378,WHITOMA1,11,1730230560,1730230571,03:36:00 PM,03:36:11 PM,11
2106342,3378,WHITOMA1,66,1730231100,1730231166,03:45:00 PM,03:46:06 PM,66
2106342,3378,WELLSDA4,,,,,,
2106342,3378,WELLCOM1,-4,1730231545,1730231540,03:52:25 PM,03:52:20 PM,-5
2106342,3378,WELLBAS1,42,1730231580,1730231622,03:53:00 PM,03:53:42 PM,42
2106342,3378,GRANHIG2,-72,1730231876,1730231804,03:57:56 PM,03:56:44 PM,-72
2106342,3378,RICHHOT3,-160,1730232096,1730231936,04:01:36 PM,03:58:56 PM,-160
2106342,3378,RICHKIN1,-126,1730232175,1730232048,04:02:55 PM,04:00:48 PM,-127
2106342,3378,RICHQUEE,0,1730232240,1730232240,04:04:00 PM,04:04:00 PM,0
2106342,3378,RICHOXF1,0,1730232540,1730232540,04:09:00 PM,04:09:00 PM,0
2106342,3378,RICHGRO1,-16,1730232614,1730232598,04:10:14 PM,04:09:58 PM,-16
2106342,3378,RICHUNI1,-69,1730232782,1730232713,04:13:02 PM,04:11:53 PM,-69
2106342,3378,RICHWIN1,-146,1730232986,1730232840,04:16:26 PM,04:14:00 PM,-146
2106342,3378,MASOSTO4,-255,1730233200,1730232945,04:20:00 PM,04:15:45 PM,-255
2098009,3501,FLORFAI1,237,1730228701,1730228938,03:05:01 PM,03:08:58 PM,237
2098009,3501,FLOREGE1,259,1730228744,1730229003,03:05:44 PM,03:10:03 PM,259
2098009,3501,FLORKEL1,244,1730228780,1730229024,03:06:20 PM,03:10:24 PM,244
2098009,3501,FLORELE1,223,1730228824,1730229047,03:07:04 PM,03:10:47 PM,223
2098009,3501,FLORASH1,207,1730228861,1730229068,03:07:41 PM,03:11:08 PM,207
2098009,3501,HIGBBEA2,181,1730228961,1730229142,03:09:21 PM,03:12:22 PM,181
2098009,3501,HIGBWIL2,158,1730229013,1730229171,03:10:13 PM,03:12:51 PM,158
2098009,3501,BRYDHIG3,215,1730229060,1730229275,03:11:00 PM,03:14:35 PM,215
2098009,3501,BRYDHAL1,221,1730229113,1730229334,03:11:53 PM,03:15:34 PM,221
2098009,3501,BRYDCORN,214,1730229150,1730229364,03:12:30 PM,03:16:04 PM,214
2098009,3501,WAVEKIW1,205,1730229192,1730229397,03:13:12 PM,03:16:37 PM,205
2098009,3501,WAVEVANC,195,1730229248,1730229443,03:14:08 PM,03:17:23 PM,195
2098009,3501,WAVEEDM1,184,1730229302,1730229486,03:15:02 PM,03:18:06 PM,184
2098009,3501,WAVEMER1,167,1730229363,1730229530,03:16:03 PM,03:18:50 PM,167
2098009,3501,CLARWAV1,168,1730229410,1730229578,03:16:50 PM,03:19:38 PM,168
2098009,3501,CLARCHU1,160,1730229442,1730229602,03:17:22 PM,03:20:02 PM,160
2098009,3501,ARGYMAL2,213,1730229480,1730229693,03:18:00 PM,03:21:33 PM,213
2098009,3501,DUNDEAS3,260,1730229593,1730229853,03:19:53 PM,03:24:13 PM,260
2098009,3501,WAVEDUN6,223,1730229663,1730229886,03:21:03 PM,03:24:46 PM,223
2098009,3501,WAVEDUN2,201,1730229699,1730229900,03:21:39 PM,03:25:00 PM,201
2098009,3501,WAVEDUN4,176,1730229742,1730229918,03:22:22 PM,03:25:18 PM,176
2098009,3501,WAVECAS2,142,1730229816,1730229958,03:23:36 PM,03:25:58 PM,142
2098009,3501,CLARWAV1,111,1730229878,1730229989,03:24:38 PM,03:26:29 PM,111
2098009,3501,CLARCHU1,92,1730229921,1730230013,03:25:21 PM,03:26:53 PM,92
2098009,3501,ARGYMAL1,9,1730230020,1730230029,03:27:00 PM,03:27:09 PM,9
2098055,3501,ARGYMAL1,46,1730230500,1730230546,03:35:00 PM,03:35:46 PM,46
2098055,3501,CLARCHU2,15,1730230554,1730230569,03:35:54 PM,03:36:09 PM,15
2098055,3501,WAVECLA2,18,1730230591,1730230609,03:36:31 PM,03:36:49 PM,18
2098055,3501,WAVEMER2,10,1730230629,1730230639,03:37:09 PM,03:37:19 PM,10
2098055,3501,WAVEEDM2,-1,1730230675,1730230674,03:37:55 PM,03:37:54 PM,-1
2098055,3501,WAVEWIN2,-2,1730230706,1730230704,03:38:26 PM,03:38:24 PM,-2
2098055,3501,WAVESASK,-3,1730230745,1730230742,03:39:05 PM,03:39:02 PM,-3
2098055,3501,WAVEKIW2,7,1730230780,1730230787,03:39:40 PM,03:39:47 PM,7
2098055,3501,BRYDGRAY,-11,1730230815,1730230804,03:40:15 PM,03:40:04 PM,-11
2098055,3501,BRYDHAL2,-14,1730230853,1730230839,03:40:53 PM,03:40:39 PM,-14
2098055,3501,BRYDHIG2,42,1730230920,1730230962,03:42:00 PM,03:42:42 PM,42
2098055,3501,HIGBWIL1,38,1730230953,1730230991,03:42:33 PM,03:43:11 PM,38
2098055,3501,HIGBBEA1,36,1730230992,1730231028,03:43:12 PM,03:43:48 PM,36
2098055,3501,FLORHIG2,54,1730231021,1730231075,03:43:41 PM,03:44:35 PM,54
2098055,3501,FLORASH2,64,1730231074,1730231138,03:44:34 PM,03:45:38 PM,64
2098055,3501,FLORELE2,49,1730231111,1730231160,03:45:11 PM,03:46:00 PM,49
2098055,3501,FLORKEL2,33,1730231148,1730231181,03:45:48 PM,03:46:21 PM,33
2098055,3501,FLOREGE2,23,1730231176,1730231199,03:46:16 PM,03:46:39 PM,23
2098055,3501,FLORFAI2,13,1730231216,1730231229,03:46:56 PM,03:47:09 PM,13
2098055,3501,YORKREC2,15,1730231280,1730231295,03:48:00 PM,03:48:15 PM,15
2098055,3501,YORKLYL2,-42,1730231377,1730231335,03:49:37 PM,03:48:55 PM,-42
2098055,3501,YORKADE2,-64,1730231424,1730231360,03:50:24 PM,03:49:20 PM,-64
2098055,3501,YORKWIL2,-97,1730231485,1730231388,03:51:25 PM,03:49:48 PM,-97
2098055,3501,YORKMAI2,-140,1730231550,1730231410,03:52:30 PM,03:50:10 PM,-140
2098055,3501,YORKCOL2,-185,1730231633,1730231448,03:53:53 PM,03:50:48 PM,-185
2098055,3501,YORKWAT2,-204,1730231676,1730231472,03:54:36 PM,03:51:12 PM,-204
2098055,3501,WELLYOR1,,,,,,
2098055,3501,WELLDUN3,,,,,,
2098055,3501,QUEECLAR,2,1730231937,1730231939,03:58:57 PM,03:58:59 PM,2
2098055,3501,QUEERIC1,2,1730232000,1730232002,04:00:00 PM,04:00:02 PM,2
2098055,3501,QUEERIC1,62,1730232000,1730232062,04:00:00 PM,04:01:02 PM,62
2098055,3501,RIDOYORK,91,1730232159,1730232250,04:02:39 PM,04:04:10 PM,91
2098055,3501,YORKTHA2,73,1730232209,1730232282,04:03:29 PM,04:04:42 PM,73
2098055,3501,WHARHORT,11,1730232385,1730232396,04:06:25 PM,04:06:36 PM,11
2098055,3501,WHARBYR2,2,1730232425,1730232427,04:07:05 PM,04:07:07 PM,2
2098055,3501,WHARELM2,-38,1730232507,1730232469,04:08:27 PM,04:07:49 PM,-38
2098055,3501,WHARTEC2,-80,1730232579,1730232499,04:09:39 PM,04:08:19 PM,-80
2098055,3501,LANGHOLB,-96,1730232646,1730232550,04:10:46 PM,04:09:10 PM,-96
2098055,3501,MACKEMER,-105,1730232693,1730232588,04:11:33 PM,04:09:48 PM,-105
2098055,3501,EMERWIN2,-137,1730232751,1730232614,04:12:31 PM,04:10:14 PM,-137
2098055,3501,EMERHIW2,-159,1730232790,1730232631,04:13:10 PM,04:10:31 PM,-159
2098055,3501,EMERPHY2,0,1730232840,1730232840,04:14:00 PM,04:14:00 PM,0
2098055,3501,EMERRIDG,0,1730232881,1730232881,04:14:41 PM,04:14:41 PM,0
2098055,3501,SOUTBAS1,0,1730232934,1730232934,04:15:34 PM,04:15:34 PM,0
2098055,3501,SOUTGAR1,0,1730232990,1730232990,04:16:30 PM,04:16:30 PM,0
2098055,3501,BERKGAR2,0,1730233017,1730233017,04:16:57 PM,04:16:57 PM,0
2098055,3501,BERKROB2,0,1730233047,1730233047,04:17:27 PM,04:17:27 PM,0
2098055,3501,BERKTOP2,0,1730233076,1730233076,04:17:56 PM,04:17:56 PM,0
2098055,3501,COMMTOP1,0,1730233160,1730233160,04:19:20 PM,04:19:20 PM,0
2098055,3501,COMMFOE1,0,1730233207,1730233207,04:20:07 PM,04:20:07 PM,0
2098055,3501,WONDCOM2,0,1730233250,1730233250,04:20:50 PM,04:20:50 PM,0
2098055,3501,WONDVIL2,0,1730233288,1730233288,04:21:28 PM,04:21:28 PM,0
2098055,3501,WONDVIS4,0,1730233349,1730233349,04:22:29 PM,04:22:29 PM,0
2098055,3501,WESTMAL5,0,1730233440,1730233440,04:24:00 PM,04:24:00 PM,0
2102346,3502,OXFOHIG4,,,,,,
2102346,3502,OXFOHIG2,,,,,,
2102346,3502,OXFOWIST,,,,,,
2102346,3502,OXFOOAKS,1498,1730227868,1730229366,02:51:08 PM,03:16:06 PM,1498
2102346,3502,OXFOCLE2,1484,1730227918,1730229402,02:51:58 PM,03:16:42 PM,1484
2102346,3502,OXFOLYMA,1457,1730227967,1730229424,02:52:47 PM,03:17:04 PM,1457
2102346,3502,OXFOSTUA,1441,1730228001,1730229442,02:53:21 PM,03:17:22 PM,1441
2102346,3502,OXFOQUE2,1416,1730228047,1730229463,02:54:07 PM,03:17:43 PM,1416
2102346,3502,OXFOSTE2,1408,1730228081,1730229489,02:54:41 PM,03:18:09 PM,1408
2102346,3502,OXFOGAM2,1408,1730228107,1730229515,02:55:07 PM,03:18:35 PM,1408
2102346,3502,OXFOELL2,1383,1730228169,1730229552,02:56:09 PM,03:19:12 PM,1383
2102346,3502,OXFOELI2,1360,1730228215,1730229575,02:56:55 PM,03:19:35 PM,1360
2102346,3502,OXFOADE2,1413,1730228280,1730229693,02:58:00 PM,03:21:33 PM,1413
2102346,3502,OXFOWIL2,1393,1730228326,1730229719,02:58:46 PM,03:21:59 PM,1393
2102346,3502,OXFOMAI2,1360,1730228378,1730229738,02:59:38 PM,03:22:18 PM,1360
2102346,3502,OXFOCOL2,1341,1730228420,1730229761,03:00:20 PM,03:22:41 PM,1341
2102346,3502,OXFOWAT2,1322,1730228467,1730229789,03:01:07 PM,03:23:09 PM,1322
2102346,3502,OXFOWEL2,1299,1730228523,1730229822,03:02:03 PM,03:23:42 PM,1299
2102346,3502,OXFORIC2,1309,1730228580,1730229889,03:03:00 PM,03:24:49 PM,1309
2102346,3502,OXFOGEO2,1295,1730228628,1730229923,03:03:48 PM,03:25:23 PM,1295
2102346,3502,OXFOTAL2,1273,1730228670,1730229943,03:04:30 PM,03:25:43 PM,1273
2102346,3502,OXFOGRAC,1211,1730228784,1730229995,03:06:24 PM,03:26:35 PM,1211
2102346,3502,OXFOWHA2,1202,1730228822,1730230024,03:07:02 PM,03:27:04 PM,1202
2102346,3502,OXFOFERN,1204,1730228844,1730230048,03:07:24 PM,03:27:28 PM,1204
2102346,3502,OXFORAT2,1172,1730228905,1730230077,03:08:25 PM,03:27:57 PM,1172
2102346,3502,OXFOPLAT,1159,1730229000,1730230159,03:10:00 PM,03:29:19 PM,1159
2102346,3502,OXFOCHE2,1146,1730229048,1730230194,03:10:48 PM,03:29:54 PM,1146
2102346,3502,OXFOBEA4,1099,1730229128,1730230227,03:12:08 PM,03:30:27 PM,1099
2102346,3502,OXFOBEA2,,,,,,
2102346,3502,OXFOPRO2,1063,1730229223,1730230286,03:13:43 PM,03:31:26 PM,1063
2102346,3502,OXFOWON2,1117,1730229300,1730230417,03:15:00 PM,03:33:37 PM,1117
2102346,3502,OXFOCAP2,1093,1730229338,1730230431,03:15:38 PM,03:33:51 PM,1093
2102346,3502,OXFOLAR2,1056,1730229403,1730230459,03:16:43 PM,03:34:19 PM,1056
2102346,3502,OXFOGUI2,1020,1730229469,1730230489,03:17:49 PM,03:34:49 PM,1020
2102346,3502,OXFOFRE2,986,1730229529,1730230515,03:18:49 PM,03:35:15 PM,986
2102346,3502,OXFOGUI3,960,1730229579,1730230539,03:19:39 PM,03:35:39 PM,960
2102346,3502,OXFOFID2,954,1730229616,1730230570,03:20:16 PM,03:36:10 PM,954
2102346,3502,HYDEOXF2,998,1730229660,1730230658,03:21:00 PM,03:37:38 PM,998
2102346,3502,HYDEFIG2,976,1730229714,1730230690,03:21:54 PM,03:38:10 PM,976
2102346,3502,HYDEHAZE,960,1730229753,1730230713,03:22:33 PM,03:38:33 PM,960
2102346,3502,HYDERIV1,943,1730229805,1730230748,03:23:25 PM,03:39:08 PM,943
2102346,3502,RIVEHAR2,934,1730229845,1730230779,03:24:05 PM,03:39:39 PM,934
2102346,3502,RIVEANT2,915,1730229895,1730230810,03:24:55 PM,03:40:10 PM,915
2102346,3502,RIVEHAR4,906,1730229916,1730230822,03:25:16 PM,03:40:22 PM,906
2102346,3502,RIVESAN2,901,1730229952,1730230853,03:25:52 PM,03:40:53 PM,901
2102346,3502,HALLCOMM,868,1730230020,1730230888,03:27:00 PM,03:41:28 PM,868
2102346,3502,HALLCOMM,868,1730230080,1730230948,03:28:00 PM,03:42:28 PM,868
2102346,3502,COMMSTEP,857,1730230118,1730230975,03:28:38 PM,03:42:55 PM,857
2102346,3502,COMMGRAN,849,1730230149,1730230998,03:29:09 PM,03:43:18 PM,849
2102346,3502,COMMCAD1,845,1730230172,1730231017,03:29:32 PM,03:43:37 PM,845
2102346,3502,COMMCAD2,838,1730230203,1730231041,03:30:03 PM,03:44:01 PM,838
2102346,3502,KAINOXFN,818,1730230260,1730231078,03:31:00 PM,03:44:38 PM,818
2102288,3502,KAINOXFN,878,1730230260,1730231138,03:31:00 PM,03:45:38 PM,878
2102288,3502,KAINKIRK,841,1730230325,1730231166,03:32:05 PM,03:46:06 PM,841
2102288,3502,KAINSUMM,837,1730230340,1730231177,03:32:20 PM,03:46:17 PM,837
2102288,3502,KAINRIVE,818,1730230398,1730231216,03:33:18 PM,03:46:56 PM,818
2102288,3502,RIVESHOR,793,1730230486,1730231279,03:34:46 PM,03:47:59 PM,793
2102288,3502,RIVEOXF1,793,1730230525,1730231318,03:35:25 PM,03:48:38 PM,793
2102288,3502,OXFORIV1,806,1730230566,1730231372,03:36:06 PM,03:49:32 PM,806
2102288,3502,COMMCHE1,762,1730230642,1730231404,03:37:22 PM,03:50:04 PM,762
2102288,3502,COMMCHE2,736,1730230693,1730231429,03:38:13 PM,03:50:29 PM,736
2102288,3502,COMMGRA2,721,1730230722,1730231443,03:38:42 PM,03:50:43 PM,721
2102288,3502,COMMREYN,705,1730230756,1730231461,03:39:16 PM,03:51:01 PM,705
2102288,3502,COMMSTE1,687,1730230795,1730231482,03:39:55 PM,03:51:22 PM,687
2102288,3502,COMMHAL2,689,1730230830,1730231519,03:40:30 PM,03:51:59 PM,689
2102288,3502,BOLECOM3,660,1730230860,1730231520,03:41:00 PM,03:52:00 PM,660
2102288,3502,BOLECOM3,720,1730230860,1730231580,03:41:00 PM,03:53:00 PM,720
2102288,3502,RIVESAN1,689,1730230931,1730231620,03:42:11 PM,03:53:40 PM,689
2102288,3502,RIVEHAR3,680,1730230961,1730231641,03:42:41 PM,03:54:01 PM,680
2102288,3502,RIVEANT1,674,1730230985,1730231659,03:43:05 PM,03:54:19 PM,674
2102288,3502,RIVEHAR1,666,1730231030,1730231696,03:43:50 PM,03:54:56 PM,666
2102288,3502,HYDERIVE,688,1730231078,1730231766,03:44:38 PM,03:56:06 PM,688
2102288,3502,HYDEVALE,669,1730231129,1730231798,03:45:29 PM,03:56:38 PM,669
2102288,3502,HYDEFIG1,654,1730231165,1730231819,03:46:05 PM,03:56:59 PM,654
2102288,3502,HYDEOXF1,672,1730231220,1730231892,03:47:00 PM,03:58:12 PM,672
2102288,3502,OXFOFID1,657,1730231271,1730231928,03:47:51 PM,03:58:48 PM,657
2102288,3502,OXFOGUI1,645,1730231335,1730231980,03:48:55 PM,03:59:40 PM,645
2102288,3502,OXFOFRE1,616,1730231385,1730232001,03:49:45 PM,04:00:01 PM,616
2102288,3502,OXFOJUNI,579,1730231449,1730232028,03:50:49 PM,04:00:28 PM,579
2102288,3502,OXFOLAR1,532,1730231543,1730232075,03:52:23 PM,04:01:15 PM,532
2102288,3502,OXFOCAP1,496,1730231616,1730232112,03:53:36 PM,04:01:52 PM,496
2102288,3502,OXFOWON1,542,1730231700,1730232242,03:55:00 PM,04:04:02 PM,542
2102288,3502,OXFOPRO1,548,1730231747,1730232295,03:55:47 PM,04:04:55 PM,548
2102288,3502,OXFOBEA1,524,1730231822,1730232346,03:57:02 PM,04:05:46 PM,524
2102288,3502,OXFOCHE1,519,1730231865,1730232384,03:57:45 PM,04:06:24 PM,519
2102288,3502,OXFOCHE3,533,1730231882,1730232415,03:58:02 PM,04:06:55 PM,533
2102288,3502,OXFOBRI1,584,1730231940,1730232524,03:59:00 PM,04:08:44 PM,584
2102288,3502,OXFORAT1,529,1730232019,1730232548,04:00:19 PM,04:09:08 PM,529
2102288,3502,OXFOWHA1,498,1730232104,1730232602,04:01:44 PM,04:10:02 PM,498
2102288,3502,OXFOANDR,485,1730232136,1730232621,04:02:16 PM,04:10:21 PM,485
2102288,3502,OXFOTAL1,440,1730232240,1730232680,04:04:00 PM,04:11:20 PM,440
2102288,3502,OXFOGEO1,415,1730232296,1730232711,04:04:56 PM,04:11:51 PM,415
2102288,3502,OXFORIC1,493,1730232360,1730232853,04:06:00 PM,04:14:13 PM,493
2102288,3502,OXFOWEL1,488,1730232385,1730232873,04:06:25 PM,04:14:33 PM,488
2102288,3502,OXFOWAT1,478,1730232429,1730232907,04:07:09 PM,04:15:07 PM,478
2102288,3502,OXFOCOL1,473,1730232472,1730232945,04:07:52 PM,04:15:45 PM,473
2102288,3502,OXFOMAI1,453,1730232525,1730232978,04:08:45 PM,04:16:18 PM,453
2102288,3502,OXFOWIL1,452,1730232561,1730233013,04:09:21 PM,04:16:53 PM,452
2102288,3502,OXFOADE1,502,1730232600,1730233102,04:10:00 PM,04:18:22 PM,502
2102288,3502,OXFOELI1,479,1730232649,1730233128,04:10:49 PM,04:18:48 PM,479
2102288,3502,OXFOELL1,462,1730232692,1730233154,04:11:32 PM,04:19:14 PM,462
2102288,3502,OXFOGAM1,440,1730232746,1730233186,04:12:26 PM,04:19:46 PM,440
2102288,3502,OXFOSTE1,433,1730232787,1730233220,04:13:07 PM,04:20:20 PM,433
2102288,3502,OXFOQUE1,438,1730232811,1730233249,04:13:31 PM,04:20:49 PM,438
2102288,3502,OXFOSTRA,433,1730232850,1730233283,04:14:10 PM,04:21:23 PM,433
2102288,3502,OXFOSPIT,425,1730232897,1730233322,04:14:57 PM,04:22:02 PM,425
2102288,3502,OXFOCLE1,417,1730232940,1730233357,04:15:40 PM,04:22:37 PM,417
2102288,3502,OXFOEMPI,457,1730232986,1730233443,04:16:26 PM,04:24:03 PM,457
2102288,3502,OXFOMORN,,,,,,
2102288,3502,OXFOHIG1,,,,,,
2102288,3502,OXFOHIG3,,,,,,
2102288,3502,FANCOLL1,723,1730233200,1730233923,04:20:00 PM,04:32:03 PM,723
2102288,3502,OXFOSEC1,719,1730233272,1730233991,04:21:12 PM,04:33:11 PM,719
2102288,3502,OXFOTHI1,702,1730233335,1730234037,04:22:15 PM,04:33:57 PM,702
2102288,3502,THIROXF2,687,1730233378,1730234065,04:22:58 PM,04:34:25 PM,687
2102288,3502,THIROFO2,671,1730233409,1730234080,04:23:29 PM,04:34:40 PM,671
2102288,3502,THIRCUL2,686,1730233440,1730234126,04:24:00 PM,04:35:26 PM,686
2102288,3502,CULVTHR1,686,1730233463,1730234149,04:24:23 PM,04:35:49 PM,686
2102288,3502,CULVCUL1,668,1730233513,1730234181,04:25:13 PM,04:36:21 PM,668
2102288,3502,CULVCUL3,665,1730233546,1730234211,04:25:46 PM,04:36:51 PM,665
2102288,3502,CULVCUL5,645,1730233599,1730234244,04:26:39 PM,04:37:24 PM,645
2102288,3502,CULVCLA1,631,1730233654,1730234285,04:27:34 PM,04:38:05 PM,631
2102288,3502,CLARCULV,606,1730233706,1730234312,04:28:26 PM,04:38:32 PM,606
2102288,3502,CLARHERB,595,1730233735,1730234330,04:28:55 PM,04:38:50 PM,595
2102288,3502,CLARPKH2,585,1730233752,1730234337,04:29:12 PM,04:38:57 PM,585
2102288,3502,CLARAVA2,558,1730233800,1730234358,04:30:00 PM,04:39:18 PM,558
2102288,3502,CLARDUN2,614,1730233841,1730234455,04:30:41 PM,04:40:55 PM,614
2102288,3502,CLARWHI2,602,1730233889,1730234491,04:31:29 PM,04:41:31 PM,602
2102288,3502,ARGYMAL2,529,1730233980,1730234509,04:33:00 PM,04:41:49 PM,529
2110306,3503,ALUMHAL1,487,1730228807,1730229294,03:06:47 PM,03:14:54 PM,487
2110306,3503,DELAHALL,375,1730229060,1730229435,03:11:00 PM,03:17:15 PM,375
2110306,3503,UNIVHOS1,328,1730229215,1730229543,03:13:35 PM,03:19:03 PM,328
2110306,3503,PERTWIN1,317,1730229251,1730229568,03:14:11 PM,03:19:28 PM,317
2110306,3503,RICHWIN1,309,1730229343,1730229652,03:15:43 PM,03:20:52 PM,309
2110306,3503,RICHWEC1,276,1730229395,1730229671,03:16:35 PM,03:21:11 PM,276
2110306,3503,RICHCANT,350,1730229443,1730229793,03:17:23 PM,03:23:13 PM,350
2110306,3503,RICHSUNN,325,1730229526,1730229851,03:18:46 PM,03:24:11 PM,325
2110306,3503,MASOSTO4,192,1730229660,1730229852,03:21:00 PM,03:24:12 PM,192
2110362,3503,MASOSTO4,80,1730229900,1730229980,03:25:00 PM,03:26:20 PM,80
2110362,3503,RICHJACK,46,1730229971,1730230017,03:26:11 PM,03:26:57 PM,46
2110362,3503,RICHSHAV,54,1730230011,1730230065,03:26:51 PM,03:27:45 PM,54
2110362,3503,RICHWES2,41,1730230057,1730230098,03:27:37 PM,03:28:18 PM,41
2110362,3503,RICHWES4,33,1730230080,1730230113,03:28:00 PM,03:28:33 PM,33
2110362,3503,RICHWYND,13,1730230115,1730230128,03:28:35 PM,03:28:48 PM,13
2110362,3503,WINDRIC2,-14,1730230189,1730230175,03:29:49 PM,03:29:35 PM,-14
2110362,3503,PERTWIN2,-21,1730230234,1730230213,03:30:34 PM,03:30:13 PM,-21
2110362,3503,UNIVHOS2,-37,1730230286,1730230249,03:31:26 PM,03:30:49 PM,-37
2110362,3503,MIDDPERT,-33,1730230425,1730230392,03:33:45 PM,03:33:12 PM,-33
2110362,3503,NATSCI,-77,1730230500,1730230423,03:35:00 PM,03:33:43 PM,-77
2110362,3503,NATSCI,0,1730230800,1730230800,03:40:00 PM,03:40:00 PM,0
2110362,3503,WESTELG2,-75,1730230997,1730230922,03:43:17 PM,03:42:02 PM,-75
2110362,3503,WESTLAM2,0,1730231100,1730231100,03:45:00 PM,03:45:00 PM,0
2110362,3503,SARNWES2,83,1730231221,1730231304,03:47:01 PM,03:48:24 PM,83
2110362,3503,SARNBRES,4,1730231339,1730231343,03:48:59 PM,03:49:03 PM,4
2110362,3503,SARNSLEI,-69,1730231455,1730231386,03:50:55 PM,03:49:46 PM,-69
2110362,3503,SARNLEYT,-151,1730231590,1730231439,03:53:10 PM,03:50:39 PM,-151
2110362,3503,WONDSAR2,0,1730231760,1730231760,03:56:00 PM,03:56:00 PM,0
2110362,3503,WONDBEA2,-89,1730231907,1730231818,03:58:27 PM,03:56:58 PM,-89
2110362,3503,WONDFAR4,-89,1730231976,1730231887,03:59:36 PM,03:58:07 PM,-89
2110362,3503,WONDFAR2,-66,1730232011,1730231945,04:00:11 PM,03:59:05 PM,-66
2110362,3503,WONDOXF2,0,1730232060,1730232060,04:01:00 PM,04:01:00 PM,0
2110362,3503,WONDOXF4,-5,1730232099,1730232094,04:01:39 PM,04:01:34 PM,-5
2110362,3503,WONDKIW2,-25,1730232145,1730232120,04:02:25 PM,04:02:00 PM,-25
2110362,3503,WONDRIV2,-52,1730232197,1730232145,04:03:17 PM,04:02:25 PM,-52
2110362,3503,WONDSPRI,-146,1730232410,1730232264,04:06:50 PM,04:04:24 PM,-146
2110362,3503,WONDROSE,-163,1730232468,1730232305,04:07:48 PM,04:05:05 PM,-163
2110362,3503,WONDCOM2,-138,1730232568,1730232430,04:09:28 PM,04:07:10 PM,-138
2110362,3503,WONDVIL2,-133,1730232605,1730232472,04:10:05 PM,04:07:52 PM,-133
2110362,3503,WONDVIS4,-142,1730232664,1730232522,04:11:04 PM,04:08:42 PM,-142
2110362,3503,WESTMAL4,0,1730232720,1730232720,04:12:00 PM,04:12:00 PM,0
2110362,3503,VISCWON1,-2,1730232780,1730232778,04:13:00 PM,04:12:58 PM,-2
2110362,3503,VISCWON5,-15,1730232814,1730232799,04:13:34 PM,04:13:19 PM,-15
2110362,3503,WONDMMA4,-52,1730232898,1730232846,04:14:58 PM,04:14:06 PM,-52
2110362,3503,WONDMMA2,-69,1730232949,1730232880,04:15:49 PM,04:14:40 PM,-69
2110362,3503,WONDPVA2,-70,1730233005,1730232935,04:16:45 PM,04:15:35 PM,-70
2110362,3503,WONDPVA4,-91,1730233046,1730232955,04:17:26 PM,04:15:55 PM,-91
2110362,3503,SOUTWON1,-79,1730233116,1730233037,04:18:36 PM,04:17:17 PM,-79
2110362,3503,SOUTSING,-138,1730233191,1730233053,04:19:51 PM,04:17:33 PM,-138
2110362,3503,SOUTAND1,0,1730233260,1730233260,04:21:00 PM,04:21:00 PM,0
2110362,3503,SOUTSPRI,0,1730233298,1730233298,04:21:38 PM,04:21:38 PM,0
2110362,3503,SOUTNOD1,0,1730233338,1730233338,04:22:18 PM,04:22:18 PM,0
2110362,3503,SOUTNOD3,0,1730233367,1730233367,04:22:47 PM,04:22:47 PM,0
2110362,3503,SOUTWHA1,0,1730233435,1730233435,04:23:55 PM,04:23:55 PM,0
2110362,3503,SOUTWHA3,0,1730233461,1730233461,04:24:21 PM,04:24:21 PM,0
2110362,3503,SOUTWHOK,0,1730233523,1730233523,04:25:23 PM,04:25:23 PM,0
2110362,3503,SOUTJAL1,0,1730233626,1730233626,04:27:06 PM,04:27:06 PM,0
2110362,3503,SOUTDUL1,0,1730233657,1730233657,04:27:37 PM,04:27:37 PM,0
2110362,3503,SOUTNIX1,0,1730233695,1730233695,04:28:15 PM,04:28:15 PM,0
2110362,3503,SOUTVER1,0,1730233789,1730233789,04:29:49 PM,04:29:49 PM,0
2110362,3503,WELLHARL,,,,,,
2110362,3503,WELLMON4,,,,,,
2110362,3503,WELLMON2,,,,,,
2110362,3503,WELLBRA2,0,1730233994,1730233994,04:33:14 PM,04:33:14 PM,0
2110362,3503,WHITOMA3,0,1730234040,1730234040,04:34:00 PM,04:34:00 PM,0
2110362,3503,WHITOMA3,0,1730234820,1730234820,04:47:00 PM,04:47:00 PM,0
2110362,3503,BRADWEL3,0,1730234961,1730234961,04:49:21 PM,04:49:21 PM,0
2110362,3503,BRADWIL1,0,1730235008,1730235008,04:50:08 PM,04:50:08 PM,0
2110362,3503,BRADAGN1,0,1730235034,1730235034,04:50:34 PM,04:50:34 PM,0
2110362,3503,BRADADE1,0,1730235084,1730235084,04:51:24 PM,04:51:24 PM,0
2110362,3503,BRADADE3,0,1730235137,1730235137,04:52:17 PM,04:52:17 PM,0
2110362,3503,ADELOSG5,0,1730235177,1730235177,04:52:57 PM,04:52:57 PM,0
2110362,3503,ADELOSG7,0,1730235219,1730235219,04:53:39 PM,04:53:39 PM,0
2110362,3503,ADELOSG3,0,1730235294,1730235294,04:54:54 PM,04:54:54 PM,0
2110362,3503,SOUTADE1,0,1730235346,1730235346,04:55:46 PM,04:55:46 PM,0
2110362,3503,SOUTMIL5,0,1730235374,1730235374,04:56:14 PM,04:56:14 PM,0
2110362,3503,SOUTMIL3,0,1730235413,1730235413,04:56:53 PM,04:56:53 PM,0
2110362,3503,SOUTMIL1,0,1730235480,1730235480,04:58:00 PM,04:58:00 PM,0
2110362,3503,SOUTKOR1,0,1730235535,1730235535,04:58:55 PM,04:58:55 PM,0
2110362,3503,SOUTPOM1,0,1730235572,1730235572,04:59:32 PM,04:59:32 PM,0
2110362,3503,PONDPONV,0,1730235654,1730235654,05:00:54 PM,05:00:54 PM,0
2110362,3503,PONDMIR3,0,1730235692,1730235692,05:01:32 PM,05:01:32 PM,0
2110362,3503,PONDMIR1,0,1730235720,1730235720,05:02:00 PM,05:02:00 PM,0
2110362,3503,PONDDEV1,0,1730235770,1730235770,05:02:50 PM,05:02:50 PM,0
2110362,3503,PONDBAN1,0,1730235794,1730235794,05:03:14 PM,05:03:14 PM,0
2110362,3503,PONDOLDH,0,1730235860,1730235860,05:04:20 PM,05:04:20 PM,0
2110362,3503,COMMPOM3,0,1730235915,1730235915,05:05:15 PM,05:05:15 PM,0
2110362,3503,COMMDEV1,0,1730235960,1730235960,05:06:00 PM,05:06:00 PM,0
2110362,3503,COMMHIG1,0,1730236012,1730236012,05:06:52 PM,05:06:52 PM,0
2110362,3503,HIGBHAM1,0,1730236248,1730236248,05:10:48 PM,05:10:48 PM,0
2110362,3503,HIGBMAGE,0,1730236271,1730236271,05:11:11 PM,05:11:11 PM,0
2110362,3503,HIGBTRA1,0,1730236318,1730236318,05:11:58 PM,05:11:58 PM,0
2110362,3503,HIGBBRY1,0,1730236380,1730236380,05:13:00 PM,05:13:00 PM,0
2110362,3503,HIGBWIL1,0,1730236430,1730236430,05:13:50 PM,05:13:50 PM,0
2110362,3503,HIGBBEA1,0,1730236479,1730236479,05:14:39 PM,05:14:39 PM,0
2110362,3503,HIGBDUN1,0,1730236560,1730236560,05:16:00 PM,05:16:00 PM,0
2110362,3503,HIGBLPH1,,,,,,
2110362,3503,HIGBOXF1,,,,,,
2110362,3503,HIGBOXF3,,,,,,
2110362,3503,HIGBLAN1,0,1730236859,1730236859,05:20:59 PM,05:20:59 PM,0
2110362,3503,HIGBCHE1,0,1730236900,1730236900,05:21:40 PM,05:21:40 PM,0
2110362,3503,HIGBGOD1,0,1730236945,1730236945,05:22:25 PM,05:22:25 PM,0
2110362,3503,HIGBHURO,0,1730236999,1730236999,05:23:19 PM,05:23:19 PM,0
2110362,3503,HIGBHIC1,0,1730237048,1730237048,05:24:08 PM,05:24:08 PM,0
2110362,3503,HIGBFUL1,0,1730237082,1730237082,05:24:42 PM,05:24:42 PM,0
2110362,3503,FULLVES2,0,1730237159,1730237159,05:25:59 PM,05:25:59 PM,0
2110362,3503,FULLREGA,0,1730237202,1730237202,05:26:42 PM,05:26:42 PM,0
2110362,3503,MCNAMEL2,0,1730237252,1730237252,05:27:32 PM,05:27:32 PM,0
2110362,3503,MELSBRIA,0,1730237284,1730237284,05:28:04 PM,05:28:04 PM,0
2110362,3503,MELSSUSS,0,1730237338,1730237338,05:28:58 PM,05:28:58 PM,0
2110362,3503,BARKHURO,0,1730237400,1730237400,05:30:00 PM,05:30:00 PM,0
2096670,3504,ERNECON2,297,1730228925,1730229222,03:08:45 PM,03:13:42 PM,297
2096670,3504,ERNEFEN2,276,1730228978,1730229254,03:09:38 PM,03:14:14 PM,276
2096670,3504,ERNEFINC,263,1730229010,1730229273,03:10:10 PM,03:14:33 PM,263
2096670,3504,ERNESCO1,253,1730229040,1730229293,03:10:40 PM,03:14:53 PM,253
2096670,3504,JALNERN5,261,1730229083,1730229344,03:11:23 PM,03:15:44 PM,261
2096670,3504,MEGEXE2,267,1730229125,1730229392,03:12:05 PM,03:16:32 PM,267
2096670,3504,EXETMEG,240,1730229185,1730229425,03:13:05 PM,03:17:05 PM,240
2096670,3504,SHOLEXE1,225,1730229238,1730229463,03:13:58 PM,03:17:43 PM,225
2096670,3504,SHOLJAL1,227,1730229261,1730229488,03:14:21 PM,03:18:08 PM,227
2096670,3504,JALNPIER,221,1730229295,1730229516,03:14:55 PM,03:18:36 PM,221
2096670,3504,WHOKMANB,109,1730229420,1730229529,03:17:00 PM,03:18:49 PM,109
2096742,3504,WHOKMANB,0,1730229660,1730229660,03:21:00 PM,03:21:00 PM,0
2096742,3504,JALNBRA1,0,1730229708,1730229708,03:21:48 PM,03:21:48 PM,0
2096742,3504,JALNBRA3,40,1730229736,1730229776,03:22:16 PM,03:22:56 PM,40
2096742,3504,JALNPON1,35,1730229792,1730229827,03:23:12 PM,03:23:47 PM,35
2096742,3504,JALNBEE1,21,1730229834,1730229855,03:23:54 PM,03:24:15 PM,21
2096742,3504,JALNPOP1,12,1730229858,1730229870,03:24:18 PM,03:24:30 PM,12
2096742,3504,ERNEJAL1,-9,1730229931,1730229922,03:25:31 PM,03:25:22 PM,-9
2096742,3504,NIXOWIMB,19,1730229962,1730229981,03:26:02 PM,03:26:21 PM,19
2096742,3504,NIXOEDEN,-1,1730230020,1730230019,03:27:00 PM,03:26:59 PM,-1
2096742,3504,EDENEAS1,-13,1730230063,1730230050,03:27:43 PM,03:27:30 PM,-13
2096742,3504,EDENVERU,-20,1730230105,1730230085,03:28:25 PM,03:28:05 PM,-20
2096742,3504,SANDVER2,0,1730230140,1730230140,03:29:00 PM,03:29:00 PM,0
2096742,3504,SANDWIL4,-10,1730230177,1730230167,03:29:37 PM,03:29:27 PM,-10
2096742,3504,WILKCHI1,-16,1730230216,1730230200,03:30:16 PM,03:30:00 PM,-16
2096742,3504,CHIDWILK,-7,1730230247,1730230240,03:30:47 PM,03:30:40 PM,-7
2096742,3504,CHIDHUN2,-10,1730230285,1730230275,03:31:25 PM,03:31:15 PM,-10
2096742,3504,CHIDUPQ2,-26,1730230340,1730230314,03:32:20 PM,03:31:54 PM,-26
2096742,3504,UPPECOM1,-20,1730230423,1730230403,03:33:43 PM,03:33:23 PM,-20
2096742,3504,RIDOBAS1,-39,1730230478,1730230439,03:34:38 PM,03:33:59 PM,-39
2096742,3504,RIDOHICK,-54,1730230509,1730230455,03:35:09 PM,03:34:15 PM,-54
2096742,3504,RIDOEME1,0,1730230560,1730230560,03:36:00 PM,03:36:00 PM,0
2096742,3504,RIDOBAKE,-33,1730230617,1730230584,03:36:57 PM,03:36:24 PM,-33
2096742,3504,RIDOTEC1,-51,1730230659,1730230608,03:37:39 PM,03:36:48 PM,-51
2096742,3504,RIDOGRAN,-68,1730230702,1730230634,03:38:22 PM,03:37:14 PM,-68
2096742,3504,RIDOCRA1,-92,1730230762,1730230670,03:39:22 PM,03:37:50 PM,-92
2096742,3504,RIDOING1,-113,1730230796,1730230683,03:39:56 PM,03:38:03 PM,-113
2096742,3504,HORTRID1,-130,1730230847,1730230717,03:40:47 PM,03:38:37 PM,-130
2096742,3504,RICHHOT1,-147,1730230913,1730230766,03:41:53 PM,03:39:26 PM,-147
2096742,3504,RICHKIN1,0,1730230980,1730230980,03:43:00 PM,03:43:00 PM,0
2096742,3504,RICHQUEE,-149,1730231160,1730231011,03:46:00 PM,03:43:31 PM,-149
2096742,3504,RICHQUEE,144,1730231160,1730231304,03:46:00 PM,03:48:24 PM,144
2096742,3504,RICHKEN1,75,1730231263,1730231338,03:47:43 PM,03:48:58 PM,75
2096742,3504,RICHHYM1,33,1730231356,1730231389,03:49:16 PM,03:49:49 PM,33
2096742,3504,RICHPALL,11,1730231410,1730231421,03:50:10 PM,03:50:21 PM,11
2096742,3504,OXFORIC1,1,1730231520,1730231521,03:52:00 PM,03:52:01 PM,1
2096742,3504,OXFOWEL1,-20,1730231551,1730231531,03:52:31 PM,03:52:11 PM,-20
2096742,3504,OXFOWAT1,-45,1730231606,1730231561,03:53:26 PM,03:52:41 PM,-45
2096742,3504,OXFOCOL1,-70,1730231659,1730231589,03:54:19 PM,03:53:09 PM,-70
2096742,3504,OXFOMAI1,-101,1730231726,1730231625,03:55:26 PM,03:53:45 PM,-101
2096742,3504,OXFOWIL1,-119,1730231771,1730231652,03:56:11 PM,03:54:12 PM,-119
2096742,3504,OXFOADE1,0,1730231820,1730231820,03:57:00 PM,03:57:00 PM,0
2096742,3504,OXFOELI1,-12,1730231859,1730231847,03:57:39 PM,03:57:27 PM,-12
2096742,3504,OXFOELL1,-26,1730231894,1730231868,03:58:14 PM,03:57:48 PM,-26
2096742,3504,OXFOGAM1,-38,1730231938,1730231900,03:58:58 PM,03:58:20 PM,-38
2096742,3504,OXFOSTE1,-44,1730231971,1730231927,03:59:31 PM,03:58:47 PM,-44
2096742,3504,OXFOQUE1,-38,1730231990,1730231952,03:59:50 PM,03:59:12 PM,-38
2096742,3504,OXFOSTRA,-40,1730232022,1730231982,04:00:22 PM,03:59:42 PM,-40
2096742,3504,OXFOSPIT,-43,1730232060,1730232017,04:01:00 PM,04:00:17 PM,-43
2096742,3504,OXFOCLE1,-50,1730232095,1730232045,04:01:35 PM,04:00:45 PM,-50
2096742,3504,OXFOEMPI,1,1730232132,1730232133,04:02:12 PM,04:02:13 PM,1
2096742,3504,OXFOMORN,,,,,,
2096742,3504,OXFOHIG1,,,,,,
2096742,3504,OXFOHIG3,,,,,,
2096742,3504,FANCOLL2,126,1730232300,1730232426,04:05:00 PM,04:07:06 PM,126
2101632,3505,COMMPOM1,305,1730228966,1730229271,03:09:26 PM,03:14:31 PM,305
2101632,3505,PONDDEV2,305,1730228991,1730229296,03:09:51 PM,03:14:56 PM,305
2101632,3505,PONDBAN2,310,1730229018,1730229328,03:10:18 PM,03:15:28 PM,310
2101632,3505,DEVEPOND,302,1730229049,1730229351,03:10:49 PM,03:15:51 PM,302
2101632,3505,DEVEGLEN,297,1730229095,1730229392,03:11:35 PM,03:16:32 PM,297
2101632,3505,DEVELYSA,286,1730229140,1730229426,03:12:20 PM,03:17:06 PM,286
2101632,3505,DEVEBANB,269,1730229180,1730229449,03:13:00 PM,03:17:29 PM,269
2101632,3505,DEVECOM1,269,1730229220,1730229489,03:13:40 PM,03:18:09 PM,269
2101632,3505,COMMDEV4,200,1730229300,1730229500,03:15:00 PM,03:18:20 PM,200
2101706,3505,COMMDEV4,50,1730229600,1730229650,03:20:00 PM,03:20:50 PM,50
2101706,3505,COMMPOM4,50,1730229657,1730229707,03:20:57 PM,03:21:47 PM,50
2101706,3505,COMMKIE2,26,1730229711,1730229737,03:21:51 PM,03:22:17 PM,26
2101706,3505,COMMFRO2,16,1730229751,1730229767,03:22:31 PM,03:22:47 PM,16
2101706,3505,COMMLEA2,4,1730229791,1730229795,03:23:11 PM,03:23:15 PM,4
2101706,3505,COMMADE2,-1,1730229815,1730229814,03:23:35 PM,03:23:34 PM,-1
2101706,3505,ADELLEA1,-17,1730229865,1730229848,03:24:25 PM,03:24:08 PM,-17
2101706,3505,ADELLEA3,-33,1730229918,1730229885,03:25:18 PM,03:24:45 PM,-33
2101706,3505,ADELLEA5,-39,1730229937,1730229898,03:25:37 PM,03:24:58 PM,-39
2101706,3505,ADELLEA7,-59,1730229972,1730229913,03:26:12 PM,03:25:13 PM,-59
2101706,3505,ADELTHO1,0,1730230020,1730230020,03:27:00 PM,03:27:00 PM,0
2101706,3505,ADELMAUD,0,1730230056,1730230056,03:27:36 PM,03:27:36 PM,0
2101706,3505,ADELTERR,-4,1730230094,1730230090,03:28:14 PM,03:28:10 PM,-4
2101706,3505,ADELADA1,-13,1730230116,1730230103,03:28:36 PM,03:28:23 PM,-13
2101706,3505,ADELNEL1,-23,1730230172,1730230149,03:29:32 PM,03:29:09 PM,-23
2101706,3505,ADELHIL1,-21,1730230210,1730230189,03:30:10 PM,03:29:49 PM,-21
2101706,3505,ADELLISI,0,1730230260,1730230260,03:31:00 PM,03:31:00 PM,0
2101706,3505,ADELDUN1,0,1730230440,1730230440,03:34:00 PM,03:34:00 PM,0
2101706,3505,ADELLORN,-67,1730230538,1730230471,03:35:38 PM,03:34:31 PM,-67
2101706,3505,ADELCEN1,-102,1730230609,1730230507,03:36:49 PM,03:35:07 PM,-102
2101706,3505,ADELMCMA,,,,,,
2101706,3505,ADELPIC1,-176,1730230744,1730230568,03:39:04 PM,03:36:08 PM,-176
2101706,3505,ADELOXF1,0,1730230800,1730230800,03:40:00 PM,03:40:00 PM,0
2101706,3505,ADELSJA1,-17,1730230830,1730230813,03:40:30 PM,03:40:13 PM,-17
2101706,3505,ADELGRO1,-38,1730230876,1730230838,03:41:16 PM,03:40:38 PM,-38
2101706,3505,ADELCHE1,32,1730230920,1730230952,03:42:00 PM,03:42:32 PM,32
2101706,3505,ADELVIC1,13,1730230955,1730230968,03:42:35 PM,03:42:48 PM,13
2101706,3505,ADELREG1,13,1730231009,1730231022,03:43:29 PM,03:43:42 PM,13
2101706,3505,ADELHUR1,22,1730231047,1730231069,03:44:07 PM,03:44:29 PM,22
2101706,3505,ADELHUR5,-7,1730231113,1730231106,03:45:13 PM,03:45:06 PM,-7
2101706,3505,ADELKIP1,-1,1730231159,1730231158,03:45:59 PM,03:45:58 PM,-1
2101706,3505,ADELWIN1,-59,1730231270,1730231211,03:47:50 PM,03:46:51 PM,-59
2101706,3505,ADELGLEN,-107,1730231383,1730231276,03:49:43 PM,03:47:56 PM,-107
2101706,3505,ADELTENN,-103,1730231411,1730231308,03:50:11 PM,03:48:28 PM,-103
2101706,3505,FANSADE4,0,1730231520,1730231520,03:52:00 PM,03:52:00 PM,0
2101706,3505,FANSSTO2,-17,1730231556,1730231539,03:52:36 PM,03:52:19 PM,-17
2101706,3505,FANSHAS2,-30,1730231654,1730231624,03:54:14 PM,03:53:44 PM,-30
2101706,3505,FANSJEN2,-23,1730231689,1730231666,03:54:49 PM,03:54:26 PM,-23
2101706,3505,FANSJEN4,-17,1730231715,1730231698,03:55:15 PM,03:54:58 PM,-17
2101706,3505,FANSNCR2,-9,1730231754,1730231745,03:55:54 PM,03:55:45 PM,-9
2101706,3505,MASOSTO6,-13,1730231820,1730231807,03:57:00 PM,03:56:47 PM,-13
2107650,3507,VICTWES1,120,1730229005,1730229125,03:10:05 PM,03:12:05 PM,120
2107650,3507,COMMWELL,97,1730229149,1730229246,03:12:29 PM,03:14:06 PM,97
2107650,3507,COMMHIG3,48,1730229223,1730229271,03:13:43 PM,03:14:31 PM,48
2107650,3507,COMMKIFD,8,1730229282,1730229290,03:14:42 PM,03:14:50 PM,8
2107650,3507,COMMRIDO,-13,1730229338,1730229325,03:15:38 PM,03:15:25 PM,-13
2107650,3507,COMMWORT,-51,1730229398,1730229347,03:16:38 PM,03:15:47 PM,-51
2107650,3507,COMMCAR2,-128,1730229504,1730229376,03:18:24 PM,03:16:16 PM,-128
2107650,3507,COMMHILD,-190,1730229609,1730229419,03:20:09 PM,03:16:59 PM,-190
2107650,3507,COMMWHA2,0,1730229660,1730229660,03:21:00 PM,03:21:00 PM,0
2107650,3507,COMMGRD2,-7,1730229693,1730229686,03:21:33 PM,03:21:26 PM,-7
2107650,3507,COMMHUXL,-12,1730229737,1730229725,03:22:17 PM,03:22:05 PM,-12
2107650,3507,COMMWES1,-27,1730229773,1730229746,03:22:53 PM,03:22:26 PM,-27
2107650,3507,COMMBEA1,-48,1730229852,1730229804,03:24:12 PM,03:23:24 PM,-48
2107650,3507,COMMBEA3,-68,1730229889,1730229821,03:24:49 PM,03:23:41 PM,-68
2107650,3507,COMMTOP1,-96,1730229940,1730229844,03:25:40 PM,03:24:04 PM,-96
2107650,3507,COMMFOE1,-106,1730229987,1730229881,03:26:27 PM,03:24:41 PM,-106
2107650,3507,WONDCOM2,-65,1730230030,1730229965,03:27:10 PM,03:26:05 PM,-65
2107650,3507,WONDVIL2,-73,1730230068,1730229995,03:27:48 PM,03:26:35 PM,-73
2107650,3507,WONDVIS4,-91,1730230129,1730230038,03:28:49 PM,03:27:18 PM,-91
2107650,3507,WESTMAL1,-133,1730230200,1730230067,03:30:00 PM,03:27:47 PM,-133
2107650,3507,WESTMAL1,18,1730230440,1730230458,03:34:00 PM,03:34:18 PM,18
2107650,3507,VISCFARN,-31,1730230516,1730230485,03:35:16 PM,03:34:45 PM,-31
2107650,3507,VISCVIGR,-52,1730230570,1730230518,03:36:10 PM,03:35:18 PM,-52
2107650,3507,VISCCRAN,-71,1730230623,1730230552,03:37:03 PM,03:35:52 PM,-71
2107650,3507,CRANBAR2,-108,1730230698,1730230590,03:38:18 PM,03:36:30 PM,-108
2107650,3507,CRANBIRC,-130,1730230753,1730230623,03:39:13 PM,03:37:03 PM,-130
2107650,3507,CRANSCHR,-146,1730230791,1730230645,03:39:51 PM,03:37:25 PM,-146
2107650,3507,TILLSOUT,-104,1730230842,1730230738,03:40:42 PM,03:38:58 PM,-104
2107650,3507,TILLRALE,-117,1730230881,1730230764,03:41:21 PM,03:39:24 PM,-117
2107650,3507,TILBPOME,-129,1730230926,1730230797,03:42:06 PM,03:39:57 PM,-129
2107650,3507,RALERALE,-144,1730230985,1730230841,03:43:05 PM,03:40:41 PM,-144
2107650,3507,RALECOLT,-146,1730231018,1730230872,03:43:38 PM,03:41:12 PM,-146
2107650,3507,COLTSOU2,-199,1730231100,1730230901,03:45:00 PM,03:41:41 PM,-199
2107683,3507,COLTSOU2,0,1730231100,1730231100,03:45:00 PM,03:45:00 PM,0
2107683,3507,SOUTPOME,0,1730231168,1730231168,03:46:08 PM,03:46:08 PM,0
2107683,3507,TILLSOU2,5,1730231202,1730231207,03:46:42 PM,03:46:47 PM,5
2107683,3507,CRANROBE,2,1730231236,1730231238,03:47:16 PM,03:47:18 PM,2
2107683,3507,CRANBAR3,2,1730231287,1730231289,03:48:07 PM,03:48:09 PM,2
2107683,3507,CRANVIS2,-3,1730231328,1730231325,03:48:48 PM,03:48:45 PM,-3
2107683,3507,VISCDUN2,-6,1730231374,1730231368,03:49:34 PM,03:49:28 PM,-6
2107683,3507,WESTMAL6,-38,1730231460,1730231422,03:51:00 PM,03:50:22 PM,-38
2107683,3507,WESTMAL6,22,1730231460,1730231482,03:51:00 PM,03:51:22 PM,22
2107683,3507,WONDVIS3,23,1730231513,1730231536,03:51:53 PM,03:52:16 PM,23
2107683,3507,WONDVIL1,19,1730231544,1730231563,03:52:24 PM,03:52:43 PM,19
2107683,3507,WONDCOM1,22,1730231591,1730231613,03:53:11 PM,03:53:33 PM,22
2107683,3507,COMMFOE2,3,1730231634,1730231637,03:53:54 PM,03:53:57 PM,3
2107683,3507,COMMTOP2,-23,1730231691,1730231668,03:54:51 PM,03:54:28 PM,-23
2107683,3507,COMMBEA2,-66,1730231757,1730231691,03:55:57 PM,03:54:51 PM,-66
2107683,3507,COMMAND1,-76,1730231808,1730231732,03:56:48 PM,03:55:32 PM,-76
2107683,3507,COMMVISC,-109,1730231882,1730231773,03:58:02 PM,03:56:13 PM,-109
2107683,3507,COMMGRD1,0,1730231940,1730231940,03:59:00 PM,03:59:00 PM,0
2107683,3507,COMMWHA1,-11,1730232009,1730231998,04:00:09 PM,03:59:58 PM,-11
2107683,3507,COMMCAR1,-69,1730232118,1730232049,04:01:58 PM,04:00:49 PM,-69
2107683,3507,COMMHIHE,-153,1730232249,1730232096,04:04:09 PM,04:01:36 PM,-153
2107683,3507,COMMUPP1,-169,1730232297,1730232128,04:04:57 PM,04:02:08 PM,-169
2107683,3507,COMMHIG2,-223,1730232391,1730232168,04:06:31 PM,04:02:48 PM,-223
2107683,3507,COMMWEL1,-181,1730232446,1730232265,04:07:26 PM,04:04:25 PM,-181
2107683,3507,VICTWEST,-195,1730232500,1730232305,04:08:20 PM,04:05:05 PM,-195
2107683,3507,VICZONC,0,1730232540,1730232540,04:09:00 PM,04:09:00 PM,0
2107683,3507,VICTWES1,11,1730232593,1730232604,04:09:53 PM,04:10:04 PM,11
2107683,3507,COMMWCO1,-37,1730232678,1730232641,04:11:18 PM,04:10:41 PM,-37
2107683,3507,COMMADE1,-67,1730232731,1730232664,04:12:11 PM,04:11:04 PM,-67
2107683,3507,COMMLEA1,-86,1730232764,1730232678,04:12:44 PM,04:11:18 PM,-86
2107683,3507,COMMFRO1,-117,1730232827,1730232710,04:13:47 PM,04:11:50 PM,-117
2107683,3507,COMMKIE1,-134,1730232864,1730232730,04:14:24 PM,04:12:10 PM,-134
2107683,3507,COMMPOM1,-151,1730232920,1730232769,04:15:20 PM,04:12:49 PM,-151
2107683,3507,COMMPOM3,-163,1730232975,1730232812,04:16:15 PM,04:13:32 PM,-163
2107683,3507,COMMDEV1,-198,1730233020,1730232822,04:17:00 PM,04:13:42 PM,-198
2107683,3507,COMMDEV1,0,1730233080,1730233080,04:18:00 PM,04:18:00 PM,0
2107683,3507,COMMMED1,0,1730233200,1730233200,04:20:00 PM,04:20:00 PM,0
2107683,3507,MEADREA3,0,1730233249,1730233249,04:20:49 PM,04:20:49 PM,0
2107683,3507,MEADEVAN,0,1730233269,1730233269,04:21:09 PM,04:21:09 PM,0
2107683,3507,MEADGOOD,0,1730233290,1730233290,04:21:30 PM,04:21:30 PM,0
2107683,3507,MEADDORM,0,1730233317,1730233317,04:21:57 PM,04:21:57 PM,0
2107683,3507,DARNMEAD,0,1730233380,1730233380,04:23:00 PM,04:23:00 PM,0
2094956,3509,WELLGRA2,269,1730228934,1730229203,03:08:54 PM,03:13:23 PM,269
2094956,3509,WELLCOLG,235,1730228996,1730229231,03:09:56 PM,03:13:51 PM,235
2094956,3509,WELLWELL,190,1730229064,1730229254,03:11:04 PM,03:14:14 PM,190
2094956,3509,WELLTHJA,126,1730229159,1730229285,03:12:39 PM,03:14:45 PM,126
2094956,3509,WELLPERC,94,1730229216,1730229310,03:13:36 PM,03:15:10 PM,94
2094956,3509,BASEWEL1,81,1730229285,1730229366,03:14:45 PM,03:16:06 PM,81
2094956,3509,BASEFAI3,82,1730229360,1730229442,03:16:00 PM,03:17:22 PM,82
2094956,3509,WESTBAS1,78,1730229400,1730229478,03:16:40 PM,03:17:58 PM,78
2094956,3509,WESTWHE1,72,1730229418,1730229490,03:16:58 PM,03:18:10 PM,72
2094956,3509,WESTTHO1,69,1730229443,1730229512,03:17:23 PM,03:18:32 PM,69
2094956,3509,THOMADE1,114,1730229474,1730229588,03:17:54 PM,03:19:48 PM,114
2094956,3509,THOMEME1,116,1730229495,1730229611,03:18:15 PM,03:20:11 PM,116
2094956,3509,THOMCHE1,109,1730229528,1730229637,03:18:48 PM,03:20:37 PM,109
2094956,3509,THOMGLA1,113,1730229540,1730229653,03:19:00 PM,03:20:53 PM,113
2094956,3509,THOMKED1,112,1730229562,1730229674,03:19:22 PM,03:21:14 PM,112
2094956,3509,PONDSCE2,106,1730229618,1730229724,03:20:18 PM,03:22:04 PM,106
2094956,3509,PONDSCE4,112,1730229641,1730229753,03:20:41 PM,03:22:33 PM,112
2094956,3509,PONDAILS,115,1730229671,1730229786,03:21:11 PM,03:23:06 PM,115
2094956,3509,PONDCLE2,114,1730229720,1730229834,03:22:00 PM,03:23:54 PM,114
2094956,3509,SHELBUR2,79,1730229821,1730229900,03:23:41 PM,03:25:00 PM,79
2094956,3509,SHELODEL,83,1730229843,1730229926,03:24:03 PM,03:25:26 PM,83
2094956,3509,SHELDEVE,35,1730229900,1730229935,03:25:00 PM,03:25:35 PM,35
2095025,3509,SHELDEVE,64,1730230380,1730230444,03:33:00 PM,03:34:04 PM,64
2095025,3509,COMMDEV4,20,1730230435,1730230454,03:33:55 PM,03:34:14 PM,19
2095025,3509,COMMPOM4,20,1730230501,1730230520,03:35:01 PM,03:35:20 PM,19
2095025,3509,COMMKIE2,-14,1730230564,1730230550,03:36:04 PM,03:35:50 PM,-14
2095025,3509,KINGBUR1,-30,1730230596,1730230566,03:36:36 PM,03:36:06 PM,-30
2095025,3509,KINGCHI1,-50,1730230643,1730230592,03:37:23 PM,03:36:32 PM,-51
2095025,3509,KINGVERM,-68,1730230680,1730230612,03:38:00 PM,03:36:52 PM,-68
2095025,3509,KINGSCE1,-78,1730230716,1730230638,03:38:36 PM,03:37:18 PM,-78
2095025,3509,KINGDIP1,0,1730230740,1730230740,03:39:00 PM,03:39:00 PM,0
2095025,3509,THOMKED2,-3,1730230800,1730230797,03:40:00 PM,03:39:57 PM,-3
2095025,3509,THOMGLA2,-14,1730230827,1730230813,03:40:27 PM,03:40:13 PM,-14
2095025,3509,THOMCHE2,-38,1730230861,1730230823,03:41:01 PM,03:40:23 PM,-38
2095025,3509,THOMJACQ,-48,1730230909,1730230861,03:41:49 PM,03:41:01 PM,-48
2095025,3509,THOMADE2,-43,1730230964,1730230921,03:42:44 PM,03:42:01 PM,-43
2095025,3509,WESTTHO2,-50,1730230995,1730230945,03:43:15 PM,03:42:25 PM,-50
2095025,3509,WESTWHE2,-67,1730231032,1730230965,03:43:52 PM,03:42:45 PM,-67
2095025,3509,WESTBAS2,-90,1730231076,1730230986,03:44:36 PM,03:43:06 PM,-90
2095025,3509,BASEFAI2,0,1730231160,1730231160,03:46:00 PM,03:46:00 PM,0
2095025,3509,WELLBAS3,-26,1730231238,1730231212,03:47:18 PM,03:46:52 PM,-26
2095025,3509,WELLCHES,-46,1730231292,1730231246,03:48:12 PM,03:47:26 PM,-46
2095025,3509,WELLALEX,-86,1730231365,1730231279,03:49:25 PM,03:47:59 PM,-86
2095025,3509,WELLBOND,-118,1730231417,1730231299,03:50:17 PM,03:48:19 PM,-118
2095025,3509,WELLMCL1,-148,1730231472,1730231324,03:51:12 PM,03:48:44 PM,-148
2095025,3509,WELLGRA1,-173,1730231521,1730231348,03:52:01 PM,03:49:08 PM,-173
2095025,3509,SOUTWEL3,-213,1730231612,1730231399,03:53:32 PM,03:49:59 PM,-213
2095025,3509,SOUTWATE,-232,1730231652,1730231420,03:54:12 PM,03:50:20 PM,-232
2095025,3509,SOUTHOSP,-247,1730231695,1730231448,03:54:55 PM,03:50:48 PM,-247
2095025,3509,COLBGRE1,-267,1730231779,1730231512,03:56:19 PM,03:51:52 PM,-267
2095025,3509,COLBHOR1,-236,1730231821,1730231585,03:57:01 PM,03:53:05 PM,-236
2095025,3509,YORKCOL2,-213,1730231895,1730231682,03:58:15 PM,03:54:42 PM,-213
2095025,3509,YORKWAT2,-218,1730231928,1730231710,03:58:48 PM,03:55:10 PM,-218
2095025,3509,WATEDUN1,0,1730232000,1730232000,04:00:00 PM,04:00:00 PM,0
2095025,3509,WATEQUE1,-26,1730232053,1730232027,04:00:53 PM,04:00:27 PM,-26
2095025,3509,DUFFCOLB,-50,1730232128,1730232078,04:02:08 PM,04:01:18 PM,-50
2095025,3509,COLBPRIN,,,,,,
2095025,3509,COLBCEN1,,,,,,
2095025,3509,COLBPAM1,-22,1730232321,1730232299,04:05:21 PM,04:04:59 PM,-22
2095025,3509,COLBOXFO,0,1730232420,1730232420,04:07:00 PM,04:07:00 PM,0
2095025,3509,COLBSJM1,-14,1730232447,1730232433,04:07:27 PM,04:07:13 PM,-14
2095025,3509,COLBGRO2,-29,1730232488,1730232459,04:08:08 PM,04:07:39 PM,-29
2095025,3509,CHEACOLB,-20,1730232536,1730232516,04:08:56 PM,04:08:36 PM,-20
2095025,3509,CHEAMAI1,-35,1730232579,1730232544,04:09:39 PM,04:09:04 PM,-35
2095025,3509,CHEAWIL1,-47,1730232619,1730232572,04:10:19 PM,04:09:32 PM,-47
2095025,3509,ADELCHE1,0,1730232660,1730232660,04:11:00 PM,04:11:00 PM,0
2095025,3509,ADELVIC1,-16,1730232695,1730232679,04:11:35 PM,04:11:19 PM,-16
2095025,3509,ADELREG1,8,1730232749,1730232757,04:12:29 PM,04:12:37 PM,8
2095025,3509,ADELHUR1,27,1730232787,1730232814,04:13:07 PM,04:13:34 PM,27
2095025,3509,ADELHUR5,-7,1730232854,1730232847,04:14:14 PM,04:14:07 PM,-7
2095025,3509,KIPPADEL,-86,1730232960,1730232874,04:16:00 PM,04:14:34 PM,-86
2098053,3510,ARGYMAL1,348,1730228100,1730228448,02:55:00 PM,03:00:48 PM,348
2098053,3510,FLORHIG2,592,1730228621,1730229213,03:03:41 PM,03:13:33 PM,592
2098053,3510,FLORASH2,594,1730228674,1730229268,03:04:34 PM,03:14:28 PM,594
2098053,3510,FLORELE2,578,1730228711,1730229289,03:05:11 PM,03:14:49 PM,578
2098053,3510,FLORKEL2,562,1730228748,1730229310,03:05:48 PM,03:15:10 PM,562
2098053,3510,FLOREGE2,552,1730228776,1730229328,03:06:16 PM,03:15:28 PM,552
2098053,3510,FLORFAI2,543,1730228816,1730229359,03:06:56 PM,03:15:59 PM,543
2098053,3510,YORKREC2,547,1730228880,1730229427,03:08:00 PM,03:17:07 PM,547
2098053,3510,YORKLYL2,492,1730228977,1730229469,03:09:37 PM,03:17:49 PM,492
2098053,3510,YORKADE2,471,1730229024,1730229495,03:10:24 PM,03:18:15 PM,471
2098053,3510,YORKWIL2,440,1730229085,1730229525,03:11:25 PM,03:18:45 PM,440
2098053,3510,YORKMAI2,397,1730229150,1730229547,03:12:30 PM,03:19:07 PM,397
2098053,3510,YORKCOL2,353,1730229233,1730229586,03:13:53 PM,03:19:46 PM,353
2098053,3510,YORKWAT2,334,1730229276,1730229610,03:14:36 PM,03:20:10 PM,334
2098053,3510,WELLYOR1,,,,,,
2098053,3510,WELLDUN3,,,,,,
2098053,3510,QUEECLAR,539,1730229537,1730230076,03:18:57 PM,03:27:56 PM,539
2098053,3510,QUEERIC1,476,1730229600,1730230076,03:20:00 PM,03:27:56 PM,476
2098053,3510,QUEERIC1,536,1730229600,1730230136,03:20:00 PM,03:28:56 PM,536
2098053,3510,RIDOYORK,601,1730229725,1730230326,03:22:05 PM,03:32:06 PM,601
2098053,3510,YORKTHA2,593,1730229764,1730230357,03:22:44 PM,03:32:37 PM,593
2098053,3510,WHARHORT,571,1730229902,1730230473,03:25:02 PM,03:34:33 PM,571
2098053,3510,WHARBYR2,572,1730229934,1730230506,03:25:34 PM,03:35:06 PM,572
2098053,3510,WHARELM2,550,1730229999,1730230549,03:26:39 PM,03:35:49 PM,550
2098053,3510,WHARTEC2,525,1730230055,1730230580,03:27:35 PM,03:36:20 PM,525
2098053,3510,LANGHOLB,525,1730230107,1730230632,03:28:27 PM,03:37:12 PM,525
2098053,3510,MACKEMER,528,1730230144,1730230672,03:29:04 PM,03:37:52 PM,528
2098053,3510,EMERWIN2,508,1730230190,1730230698,03:29:50 PM,03:38:18 PM,508
2098053,3510,EMERHIW2,495,1730230220,1730230715,03:30:20 PM,03:38:35 PM,495
2098053,3510,EMERPHY2,495,1730230260,1730230755,03:31:00 PM,03:39:15 PM,495
2098053,3510,EMERRIDG,481,1730230301,1730230782,03:31:41 PM,03:39:42 PM,481
2098053,3510,SOUTBAS1,481,1730230354,1730230835,03:32:34 PM,03:40:35 PM,481
2098053,3510,SOUTGAR1,484,1730230410,1730230894,03:33:30 PM,03:41:34 PM,484
2098053,3510,BERKGAR2,488,1730230437,1730230925,03:33:57 PM,03:42:05 PM,488
2098053,3510,BERKROB2,485,1730230467,1730230952,03:34:27 PM,03:42:32 PM,485
2098053,3510,BERKTOP2,482,1730230496,1730230978,03:34:56 PM,03:42:58 PM,482
2098053,3510,COMMTOP1,477,1730230580,1730231057,03:36:20 PM,03:44:17 PM,477
2098053,3510,COMMFOE1,469,1730230627,1730231096,03:37:07 PM,03:44:56 PM,469
2098053,3510,WONDCOM2,515,1730230670,1730231185,03:37:50 PM,03:46:25 PM,515
2098053,3510,WONDVIL2,510,1730230708,1730231218,03:38:28 PM,03:46:58 PM,510
2098053,3510,WONDVIS4,492,1730230769,1730231261,03:39:29 PM,03:47:41 PM,492
2098053,3510,WESTMAL5,431,1730230860,1730231291,03:41:00 PM,03:48:11 PM,431
2098013,3510,WESTMAL5,131,1730231460,1730231591,03:51:00 PM,03:53:11 PM,131
2098013,3510,WONDVIS3,139,1730231519,1730231658,03:51:59 PM,03:54:18 PM,139
2098013,3510,WONDVIL1,128,1730231555,1730231683,03:52:35 PM,03:54:43 PM,128
2098013,3510,WONDCOM1,128,1730231611,1730231739,03:53:31 PM,03:55:39 PM,128
2098013,3510,COMMFOE2,102,1730231663,1730231765,03:54:23 PM,03:56:05 PM,102
2098013,3510,TOPPCOM1,90,1730231752,1730231842,03:55:52 PM,03:57:22 PM,90
2098013,3510,BERKTOP1,63,1730231833,1730231896,03:57:13 PM,03:58:16 PM,63
2098013,3510,BERKROB1,56,1730231861,1730231917,03:57:41 PM,03:58:37 PM,56
2098013,3510,GARDBER1,42,1730231920,1730231962,03:58:40 PM,03:59:22 PM,42
2098013,3510,SOUTGAR2,38,1730231946,1730231984,03:59:06 PM,03:59:44 PM,38
2098013,3510,SOUTBAS2,13,1730232016,1730232029,04:00:16 PM,04:00:29 PM,13
2098013,3510,SOUTBEA1,-3,1730232067,1730232064,04:01:07 PM,04:01:04 PM,-3
2098013,3510,EMERPHY1,0,1730232120,1730232120,04:02:00 PM,04:02:00 PM,0
2098013,3510,EMERHIW1,-30,1730232171,1730232141,04:02:51 PM,04:02:21 PM,-30
2098013,3510,EMERWIN1,-58,1730232226,1730232168,04:03:46 PM,04:02:48 PM,-58
2098013,3510,EMERPADD,-81,1730232281,1730232200,04:04:41 PM,04:03:20 PM,-81
2098013,3510,WHAREME1,-91,1730232326,1730232235,04:05:26 PM,04:03:55 PM,-91
2098013,3510,WHARTEC1,-125,1730232394,1730232269,04:06:34 PM,04:04:29 PM,-125
2098013,3510,WHARELM1,-159,1730232454,1730232295,04:07:34 PM,04:04:55 PM,-159
2098013,3510,WHARBYR1,-198,1730232535,1730232337,04:08:55 PM,04:05:37 PM,-198
2098013,3510,WHAREUCL,-191,1730232565,1730232374,04:09:25 PM,04:06:14 PM,-191
2098013,3510,STANWHAR,-219,1730232634,1730232415,04:10:34 PM,04:06:55 PM,-219
2098013,3510,STANPERR,-232,1730232663,1730232431,04:11:03 PM,04:07:11 PM,-232
2098013,3510,STANWORT,-258,1730232709,1730232451,04:11:49 PM,04:07:31 PM,-258
2098013,3510,YORKTHA1,-276,1730232744,1730232468,04:12:24 PM,04:07:48 PM,-276
2098013,3510,RIDOYOR2,-282,1730232787,1730232505,04:13:07 PM,04:08:25 PM,-282
2098013,3510,KINGTALB,-274,1730232834,1730232560,04:13:54 PM,04:09:20 PM,-274
2098013,3510,KINGRICH,-289,1730232900,1730232611,04:15:00 PM,04:10:11 PM,-289
2098013,3510,KINGRICH,22,1730232900,1730232922,04:15:00 PM,04:15:22 PM,22
2098013,3510,KINGWEL2,0,1730232982,1730232982,04:16:22 PM,04:16:22 PM,0
2098013,3510,WATEKINS,-18,1730233054,1730233036,04:17:34 PM,04:17:16 PM,-18
2098013,3510,YORKWAT1,-22,1730233105,1730233082,04:18:25 PM,04:18:02 PM,-23
2098013,3510,YORKCOL1,-42,1730233153,1730233112,04:19:13 PM,04:18:32 PM,-41
2098013,3510,YORKMAI1,-66,1730233206,1730233140,04:20:06 PM,04:19:00 PM,-66
2098013,3510,YORKWIL1,-92,1730233258,1730233166,04:20:58 PM,04:19:26 PM,-92
2098013,3510,YORKADE1,-142,1730233338,1730233196,04:22:18 PM,04:19:56 PM,-142
2098013,3510,YORKLYL1,-174,1730233399,1730233224,04:23:19 PM,04:20:24 PM,-175
2098013,3510,YORKREC1,0,1730233500,1730233500,04:25:00 PM,04:25:00 PM,0
2098013,3510,FLORFAI1,0,1730233561,1730233561,04:26:01 PM,04:26:01 PM,0
2098013,3510,FLOREGE1,0,1730233604,1730233604,04:26:44 PM,04:26:44 PM,0
2098013,3510,FLORKEL1,0,1730233640,1730233640,04:27:20 PM,04:27:20 PM,0
2098013,3510,FLORELE1,0,1730233684,1730233684,04:28:04 PM,04:28:04 PM,0
2098013,3510,FLORASH1,0,1730233721,1730233721,04:28:41 PM,04:28:41 PM,0
2098013,3510,HIGBBEA2,0,1730233821,1730233821,04:30:21 PM,04:30:21 PM,0
2098013,3510,HIGBWIL2,0,1730233873,1730233873,04:31:13 PM,04:31:13 PM,0
2098013,3510,BRYDHIG3,0,1730233920,1730233920,04:32:00 PM,04:32:00 PM,0
2098013,3510,BRYDHAL1,0,1730233973,1730233973,04:32:53 PM,04:32:53 PM,0
2098013,3510,BRYDCORN,0,1730234010,1730234010,04:33:30 PM,04:33:30 PM,0
2098013,3510,WAVEKIW1,0,1730234052,1730234052,04:34:12 PM,04:34:12 PM,0
2098013,3510,WAVEVANC,0,1730234108,1730234108,04:35:08 PM,04:35:08 PM,0
2098013,3510,WAVEEDM1,0,1730234162,1730234162,04:36:02 PM,04:36:02 PM,0
2098013,3510,WAVEMER1,0,1730234223,1730234223,04:37:03 PM,04:37:03 PM,0
2098013,3510,CLARWAV1,0,1730234270,1730234270,04:37:50 PM,04:37:50 PM,0
2098013,3510,CLARCHU1,0,1730234302,1730234302,04:38:22 PM,04:38:22 PM,0
2098013,3510,ARGYMAL2,0,1730234340,1730234340,04:39:00 PM,04:39:00 PM,0
2098013,3510,DUNDEAS3,0,1730234453,1730234453,04:40:53 PM,04:40:53 PM,0
2098013,3510,WAVEDUN6,0,1730234523,1730234523,04:42:03 PM,04:42:03 PM,0
2098013,3510,WAVEDUN2,0,1730234559,1730234559,04:42:39 PM,04:42:39 PM,0
2098013,3510,WAVEDUN4,0,1730234602,1730234602,04:43:22 PM,04:43:22 PM,0
2098013,3510,WAVECAS2,0,1730234676,1730234676,04:44:36 PM,04:44:36 PM,0
2098013,3510,CLARWAV1,0,1730234738,1730234738,04:45:38 PM,04:45:38 PM,0
2098013,3510,CLARCHU1,0,1730234781,1730234781,04:46:21 PM,04:46:21 PM,0
2098013,3510,ARGYMAL1,0,1730234880,1730234880,04:48:00 PM,04:48:00 PM,0
2110334,3511,WELLBRA1,,,,,,
2110334,3511,WELLMON1,,,,,,
2110334,3511,WELLSDA5,,,,,,
2110334,3511,SOUTMONT,,,,,,
2110334,3511,SOUTVER2,0,1730228838,1730229098,03:07:18 PM,03:11:38 PM,260
2110334,3511,SOUTEAS2,0,1730228872,1730229119,03:07:52 PM,03:11:59 PM,247
2110334,3511,SOUTNIX2,0,1730228951,1730229185,03:09:11 PM,03:13:05 PM,234
2110334,3511,SOUTDUL2,0,1730228998,1730229217,03:09:58 PM,03:13:37 PM,219
2110334,3511,SOUTDUN2,0,1730229060,1730229269,03:11:00 PM,03:14:29 PM,209
2110334,3511,SOUTHOME,0,1730229167,1730229333,03:12:47 PM,03:15:33 PM,166
2110334,3511,SOUTWHA4,0,1730229224,1730229363,03:13:44 PM,03:16:03 PM,139
2110334,3511,SOUTWHA2,0,1730229274,1730229404,03:14:34 PM,03:16:44 PM,130
2110334,3511,SOUTNOD2,0,1730229348,1730229435,03:15:48 PM,03:17:15 PM,87
2110334,3511,SOUTNOD4,0,1730229388,1730229462,03:16:28 PM,03:17:42 PM,74
2110334,3511,SOUTAND2,0,1730229475,1730229519,03:17:55 PM,03:18:39 PM,44
2110334,3511,SOUTWON2,0,1730229559,1730229569,03:19:19 PM,03:19:29 PM,10
2110334,3511,WONDSDA1,0,1730229607,1730229625,03:20:07 PM,03:20:25 PM,18
2110334,3511,WONDPVA1,0,1730229671,1730229657,03:21:11 PM,03:20:57 PM,-14
2110334,3511,WONDMMA3,0,1730229699,1730229679,03:21:39 PM,03:21:19 PM,-20
2110334,3511,WONDMMA1,0,1730229741,1730229707,03:22:21 PM,03:21:47 PM,-34
2110334,3511,WESTMAL6,0,1730229900,1730229961,03:25:00 PM,03:26:01 PM,61
2110334,3511,WONDVIS3,0,1730229967,1730230008,03:26:07 PM,03:26:48 PM,41
2110334,3511,WONDVIL1,0,1730230006,1730230039,03:26:46 PM,03:27:19 PM,33
2110334,3511,WONDCOM1,0,1730230066,1730230117,03:27:46 PM,03:28:37 PM,51
2110334,3511,WONDCOM3,0,1730230118,1730230168,03:28:38 PM,03:29:28 PM,50
2110334,3511,WONDTEE1,0,1730230198,1730230202,03:29:58 PM,03:30:02 PM,4
2110334,3511,WONDSPR1,0,1730230320,1730230320,03:32:00 PM,03:32:00 PM,0
2110334,3511,WONDRIV1,0,1730230545,1730230423,03:35:45 PM,03:33:43 PM,-122
2110334,3511,WONDKIW1,0,1730230582,1730230447,03:36:22 PM,03:34:07 PM,-135
2110334,3511,WONDOXF3,0,1730230648,1730230495,03:37:28 PM,03:34:55 PM,-153
2110334,3511,WONDOXF1,0,1730230680,1730230680,03:38:00 PM,03:38:00 PM,0
2110334,3511,WONDFAR1,0,1730230734,1730230722,03:38:54 PM,03:38:42 PM,-12
2110334,3511,WONDFAR3,0,1730230782,1730230776,03:39:42 PM,03:39:36 PM,-6
2110334,3511,WONDBEA1,0,1730230855,1730230836,03:40:55 PM,03:40:36 PM,-19
2110334,3511,SARNCAS1,0,1730231040,1730230980,03:44:00 PM,03:43:00 PM,-60
2110334,3511,SARNCAS1,0,1730231040,1730231052,03:44:00 PM,03:44:12 PM,12
2110334,3511,SARNRIPP,0,1730231103,1730231094,03:45:03 PM,03:44:54 PM,-9
2110334,3511,SARNCAS3,0,1730231175,1730231144,03:46:15 PM,03:45:44 PM,-31
2110334,3511,SARNCOOM,0,1730231238,1730231186,03:47:18 PM,03:46:26 PM,-52
2110334,3511,SARNWES1,0,1730231280,1730231280,03:48:00 PM,03:48:00 PM,0
2110334,3511,WESTPHA3,0,1730231373,1730231356,03:49:33 PM,03:49:16 PM,-17
2110334,3511,ALUMHAL1,0,1730231567,1730231506,03:52:47 PM,03:51:46 PM,-61
2110334,3511,DELAHALL,0,1730231820,1730231820,03:57:00 PM,03:57:00 PM,0
2110334,3511,UNIVHOS1,0,1730231975,1730231927,03:59:35 PM,03:58:47 PM,-48
2110334,3511,PERTWIN1,0,1730232011,1730231951,04:00:11 PM,03:59:11 PM,-60
2110334,3511,RICHWIN1,0,1730232103,1730232035,04:01:43 PM,04:00:35 PM,-68
2110334,3511,RICHWEC1,0,1730232155,1730232054,04:02:35 PM,04:00:54 PM,-101
2110334,3511,RICHCANT,0,1730232203,1730232174,04:03:23 PM,04:02:54 PM,-29
2110334,3511,RICHSUNN,0,1730232286,1730232232,04:04:46 PM,04:03:52 PM,-54
2110334,3511,MASOSTO4,0,1730232420,1730232233,04:07:00 PM,04:03:53 PM,-187
2110393,3511,MASOSTO4,0,1730232420,1730232498,04:07:00 PM,04:08:18 PM,78
2110393,3511,RICHJACK,0,1730232491,1730232532,04:08:11 PM,04:08:52 PM,41
2110393,3511,RICHSHAV,0,1730232531,1730232582,04:08:51 PM,04:09:42 PM,51
2110393,3511,RICHWES2,0,1730232577,1730232616,04:09:37 PM,04:10:16 PM,39
2110393,3511,RICHWES4,0,1730232600,1730232636,04:10:00 PM,04:10:36 PM,36
2110393,3511,RICHWYND,0,1730232635,1730232652,04:10:35 PM,04:10:52 PM,17
2110393,3511,WINDRIC2,0,1730232709,1730232698,04:11:49 PM,04:11:38 PM,-11
2110393,3511,PERTWIN2,0,1730232754,1730232734,04:12:34 PM,04:12:14 PM,-20
2110393,3511,UNIVHOS2,0,1730232806,1730232768,04:13:26 PM,04:12:48 PM,-38
2110393,3511,MIDDPERT,0,1730232945,1730232910,04:15:45 PM,04:15:10 PM,-35
2110393,3511,NATSCI,0,1730233020,1730232942,04:17:00 PM,04:15:42 PM,-78
2110393,3511,NATSCI,0,1730233020,1730233020,04:17:00 PM,04:17:00 PM,0
2110393,3511,WESTELG2,0,1730233335,1730233335,04:22:15 PM,04:22:15 PM,0
2110393,3511,WESTLAM2,0,1730233500,1730233500,04:25:00 PM,04:25:00 PM,0
2110393,3511,SARNWES2,0,1730233632,1730233632,04:27:12 PM,04:27:12 PM,0
2110393,3511,SARNBRES,0,1730233760,1730233760,04:29:20 PM,04:29:20 PM,0
2110393,3511,SARNSLEI,0,1730233887,1730233887,04:31:27 PM,04:31:27 PM,0
2110393,3511,SARNLEYT,0,1730234034,1730234034,04:33:54 PM,04:33:54 PM,0
2110393,3511,WONDSAR2,0,1730234220,1730234220,04:37:00 PM,04:37:00 PM,0
2110393,3511,WONDBEA2,0,1730234367,1730234367,04:39:27 PM,04:39:27 PM,0
2110393,3511,WONDFAR4,0,1730234436,1730234436,04:40:36 PM,04:40:36 PM,0
2110393,3511,WONDFAR2,0,1730234471,1730234471,04:41:11 PM,04:41:11 PM,0
2110393,3511,WONDOXF2,0,1730234520,1730234520,04:42:00 PM,04:42:00 PM,0
2110393,3511,WONDOXF4,0,1730234567,1730234567,04:42:47 PM,04:42:47 PM,0
2110393,3511,WONDKIW2,0,1730234622,1730234622,04:43:42 PM,04:43:42 PM,0
2110393,3511,WONDRIV2,0,1730234683,1730234683,04:44:43 PM,04:44:43 PM,0
2110393,3511,WONDSPRI,0,1730234935,1730234935,04:48:55 PM,04:48:55 PM,0
2110393,3511,WONDROSE,0,1730235003,1730235003,04:50:03 PM,04:50:03 PM,0
2110393,3511,WONDCOM2,0,1730235122,1730235122,04:52:02 PM,04:52:02 PM,0
2110393,3511,WONDVIL2,0,1730235165,1730235165,04:52:45 PM,04:52:45 PM,0
2110393,3511,WONDVIS4,0,1730235235,1730235235,04:53:55 PM,04:53:55 PM,0
2110393,3511,WESTMAL4,0,1730235300,1730235300,04:55:00 PM,04:55:00 PM,0
2110393,3511,VISCWON1,0,1730235367,1730235367,04:56:07 PM,04:56:07 PM,0
2110393,3511,VISCWON5,0,1730235405,1730235405,04:56:45 PM,04:56:45 PM,0
2110393,3511,WONDMMA4,0,1730235499,1730235499,04:58:19 PM,04:58:19 PM,0
2110393,3511,WONDMMA2,0,1730235556,1730235556,04:59:16 PM,04:59:16 PM,0
2110393,3511,WONDPVA2,0,1730235618,1730235618,05:00:18 PM,05:00:18 PM,0
2110393,3511,WONDPVA4,0,1730235663,1730235663,05:01:03 PM,05:01:03 PM,0
2110393,3511,SOUTWON1,0,1730235741,1730235741,05:02:21 PM,05:02:21 PM,0
2110393,3511,SOUTSING,0,1730235825,1730235825,05:03:45 PM,05:03:45 PM,0
2110393,3511,SOUTAND1,0,1730235900,1730235900,05:05:00 PM,05:05:00 PM,0
2110393,3511,SOUTSPRI,0,1730235941,1730235941,05:05:41 PM,05:05:41 PM,0
2110393,3511,SOUTNOD1,0,1730235985,1730235985,05:06:25 PM,05:06:25 PM,0
2110393,3511,SOUTNOD3,0,1730236016,1730236016,05:06:56 PM,05:06:56 PM,0
2110393,3511,SOUTWHA1,0,1730236089,1730236089,05:08:09 PM,05:08:09 PM,0
2110393,3511,SOUTWHA3,0,1730236117,1730236117,05:08:37 PM,05:08:37 PM,0
2110393,3511,SOUTWHOK,0,1730236184,1730236184,05:09:44 PM,05:09:44 PM,0
2110393,3511,SOUTJAL1,0,1730236295,1730236295,05:11:35 PM,05:11:35 PM,0
2110393,3511,SOUTDUL1,0,1730236328,1730236328,05:12:08 PM,05:12:08 PM,0
2110393,3511,SOUTNIX1,0,1730236369,1730236369,05:12:49 PM,05:12:49 PM,0
2110393,3511,SOUTVER1,0,1730236470,1730236470,05:14:30 PM,05:14:30 PM,0
2110393,3511,WELLHARL,,,,,,
2110393,3511,WELLMON4,,,,,,
2110393,3511,WELLMON2,,,,,,
2110393,3511,WELLBRA2,0,1730236692,1730236692,05:18:12 PM,05:18:12 PM,0
2110393,3511,WHITOMA3,0,1730236740,1730236740,05:19:00 PM,05:19:00 PM,0
2110393,3511,WHITOMA3,0,1730237280,1730237280,05:28:00 PM,05:28:00 PM,0
2110393,3511,BRADWEL3,0,1730237421,1730237421,05:30:21 PM,05:30:21 PM,0
2110393,3511,BRADWIL1,0,1730237468,1730237468,05:31:08 PM,05:31:08 PM,0
2110393,3511,BRADAGN1,0,1730237494,1730237494,05:31:34 PM,05:31:34 PM,0
2110393,3511,BRADADE1,0,1730237544,1730237544,05:32:24 PM,05:32:24 PM,0
2110393,3511,BRADADE3,0,1730237597,1730237597,05:33:17 PM,05:33:17 PM,0
2110393,3511,ADELOSG5,0,1730237637,1730237637,05:33:57 PM,05:33:57 PM,0
2110393,3511,ADELOSG7,0,1730237679,1730237679,05:34:39 PM,05:34:39 PM,0
2110393,3511,ADELOSG3,0,1730237754,1730237754,05:35:54 PM,05:35:54 PM,0
2110393,3511,SOUTADE1,0,1730237806,1730237806,05:36:46 PM,05:36:46 PM,0
2110393,3511,SOUTMIL5,0,1730237834,1730237834,05:37:14 PM,05:37:14 PM,0
2110393,3511,SOUTMIL3,0,1730237873,1730237873,05:37:53 PM,05:37:53 PM,0
2110393,3511,SOUTMIL1,0,1730237940,1730237940,05:39:00 PM,05:39:00 PM,0
2110393,3511,SOUTKOR1,0,1730237995,1730237995,05:39:55 PM,05:39:55 PM,0
2110393,3511,SOUTPOM1,0,1730238032,1730238032,05:40:32 PM,05:40:32 PM,0
2110393,3511,PONDPONV,0,1730238114,1730238114,05:41:54 PM,05:41:54 PM,0
2110393,3511,PONDMIR3,0,1730238152,1730238152,05:42:32 PM,05:42:32 PM,0
2110393,3511,PONDMIR1,0,1730238180,1730238180,05:43:00 PM,05:43:00 PM,0
2110393,3511,PONDDEV1,0,1730238230,1730238230,05:43:50 PM,05:43:50 PM,0
2110393,3511,PONDBAN1,0,1730238254,1730238254,05:44:14 PM,05:44:14 PM,0
2110393,3511,PONDOLDH,0,1730238320,1730238320,05:45:20 PM,05:45:20 PM,0
2110393,3511,COMMPOM3,0,1730238375,1730238375,05:46:15 PM,05:46:15 PM,0
2110393,3511,COMMDEV1,0,1730238420,1730238420,05:47:00 PM,05:47:00 PM,0
2110393,3511,COMMHIG1,0,1730238472,1730238472,05:47:52 PM,05:47:52 PM,0
2110393,3511,HIGBHAM1,0,1730238708,1730238708,05:51:48 PM,05:51:48 PM,0
2110393,3511,HIGBMAGE,0,1730238731,1730238731,05:52:11 PM,05:52:11 PM,0
2110393,3511,HIGBTRA1,0,1730238778,1730238778,05:52:58 PM,05:52:58 PM,0
2110393,3511,HIGBBRY1,0,1730238840,1730238840,05:54:00 PM,05:54:00 PM,0
2110393,3511,HIGBWIL1,0,1730238907,1730238907,05:55:07 PM,05:55:07 PM,0
2110393,3511,HIGBBEA1,0,1730238973,1730238973,05:56:13 PM,05:56:13 PM,0
2110393,3511,HIGBDUN1,0,1730239080,1730239080,05:58:00 PM,05:58:00 PM,0
2110393,3511,HIGBLPH1,,,,,,
2110393,3511,HIGBOXF1,,,,,,
2110393,3511,HIGBOXF3,,,,,,
2110393,3511,HIGBLAN1,0,1730239379,1730239379,06:02:59 PM,06:02:59 PM,0
2110393,3511,HIGBCHE1,0,1730239420,1730239420,06:03:40 PM,06:03:40 PM,0
2110393,3511,HIGBGOD1,0,1730239465,1730239465,06:04:25 PM,06:04:25 PM,0
2110393,3511,HIGBHURO,0,1730239519,1730239519,06:05:19 PM,06:05:19 PM,0
2110393,3511,HIGBHIC1,0,1730239568,1730239568,06:06:08 PM,06:06:08 PM,0
2110393,3511,HIGBFUL1,0,1730239602,1730239602,06:06:42 PM,06:06:42 PM,0
2110393,3511,FULLVES2,0,1730239679,1730239679,06:07:59 PM,06:07:59 PM,0
2110393,3511,FULLREGA,0,1730239722,1730239722,06:08:42 PM,06:08:42 PM,0
2110393,3511,MCNAMEL2,0,1730239772,1730239772,06:09:32 PM,06:09:32 PM,0
2110393,3511,MELSBRIA,0,1730239804,1730239804,06:10:04 PM,06:10:04 PM,0
2110393,3511,MELSSUSS,0,1730239858,1730239858,06:10:58 PM,06:10:58 PM,0
2110393,3511,BARKHURO,0,1730239920,1730239920,06:12:00 PM,06:12:00 PM,0
2107223,3512,WESTSAR2,24,1730229342,1730229366,03:15:42 PM,03:16:06 PM,24
2107223,3512,WHARMCDO,-83,1730229583,1730229500,03:19:43 PM,03:18:20 PM,-83
2107223,3512,WHAROXF2,0,1730229660,1730229660,03:21:00 PM,03:21:00 PM,0
2107223,3512,RIVEWHA1,-55,1730229833,1730229778,03:23:53 PM,03:22:58 PM,-55
2107223,3512,KINGRICH,0,1730230020,1730230020,03:27:00 PM,03:27:00 PM,0
2107223,3512,WELLDUN3,0,1730230260,1730230260,03:31:00 PM,03:31:00 PM,0
2107223,3512,DUNDADE1,0,1730230500,1730230500,03:35:00 PM,03:35:00 PM,0
2107223,3512,DUNDEGE1,,,,,,
2107223,3512,DUNDHIG1,184,1730230920,1730231104,03:42:00 PM,03:45:04 PM,184
2107223,3512,DUNDSASK,122,1730231099,1730231221,03:44:59 PM,03:47:01 PM,122
2107223,3512,ARGYMAL1,24,1730231340,1730231364,03:49:00 PM,03:49:24 PM,24
2107247,3512,ARGYMAL1,0,1730231700,1730231700,03:55:00 PM,03:55:00 PM,0
2107247,3512,DUNDBUR2,,,,,,
2107247,3512,DUNDHIG2,0,1730232180,1730232180,04:03:00 PM,04:03:00 PM,0
2107247,3512,DUNDEGE2,,,,,,
2107247,3512,DUNDADE2,0,1730232540,1730232540,04:09:00 PM,04:09:00 PM,0
2107247,3512,DUNDWEL2,0,1730232720,1730232720,04:12:00 PM,04:12:00 PM,0
2107247,3512,QUEERIC1,0,1730232840,1730232840,04:14:00 PM,04:14:00 PM,0
2107247,3512,RIVEWHA2,0,1730233138,1730233138,04:18:58 PM,04:18:58 PM,0
2107247,3512,WHAROXF1,0,1730233440,1730233440,04:24:00 PM,04:24:00 PM,0
2107247,3512,WESTESSE,0,1730233519,1730233519,04:25:19 PM,04:25:19 PM,0
2107247,3512,AZIZWEST,0,1730233799,1730233799,04:29:59 PM,04:29:59 PM,0
2107247,3512,HUROLAMB,0,1730233925,1730233925,04:32:05 PM,04:32:05 PM,0
2107247,3512,NATSCI,0,1730234100,1730234100,04:35:00 PM,04:35:00 PM,0
2098011,3513,WONDVIS3,15,1730229179,1730229194,03:12:59 PM,03:13:14 PM,15
2098011,3513,WONDVIL1,3,1730229215,1730229218,03:13:35 PM,03:13:38 PM,3
2098011,3513,WONDCOM1,2,1730229271,1730229273,03:14:31 PM,03:14:33 PM,2
2098011,3513,COMMFOE2,-24,1730229323,1730229299,03:15:23 PM,03:14:59 PM,-24
2098011,3513,TOPPCOM1,-37,1730229412,1730229375,03:16:52 PM,03:16:15 PM,-37
2098011,3513,BERKTOP1,-66,1730229493,1730229427,03:18:13 PM,03:17:07 PM,-66
2098011,3513,BERKROB1,-75,1730229521,1730229446,03:18:41 PM,03:17:26 PM,-75
2098011,3513,GARDBER1,-91,1730229580,1730229489,03:19:40 PM,03:18:09 PM,-91
2098011,3513,SOUTGAR2,-96,1730229606,1730229510,03:20:06 PM,03:18:30 PM,-96
2098011,3513,SOUTBAS2,-122,1730229676,1730229554,03:21:16 PM,03:19:14 PM,-122
2098011,3513,SOUTBEA1,-139,1730229727,1730229588,03:22:07 PM,03:19:48 PM,-139
2098011,3513,EMERPHY1,0,1730229780,1730229780,03:23:00 PM,03:23:00 PM,0
2098011,3513,EMERHIW1,-27,1730229827,1730229800,03:23:47 PM,03:23:20 PM,-27
2098011,3513,EMERWIN1,-51,1730229877,1730229826,03:24:37 PM,03:23:46 PM,-51
2098011,3513,EMERPADD,-71,1730229927,1730229856,03:25:27 PM,03:24:16 PM,-71
2098011,3513,WHAREME1,-80,1730229968,1730229888,03:26:08 PM,03:24:48 PM,-80
2098011,3513,WHARTEC1,-109,1730230031,1730229922,03:27:11 PM,03:25:22 PM,-109
2098011,3513,WHARELM1,-136,1730230086,1730229950,03:28:06 PM,03:25:50 PM,-136
2098011,3513,WHARBYR1,-169,1730230161,1730229992,03:29:21 PM,03:26:32 PM,-169
2098011,3513,WHAREUCL,-167,1730230188,1730230021,03:29:48 PM,03:27:01 PM,-167
2098011,3513,STANWHAR,-170,1730230252,1730230082,03:30:52 PM,03:28:02 PM,-170
2098011,3513,STANPERR,-183,1730230279,1730230096,03:31:19 PM,03:28:16 PM,-183
2098011,3513,STANWORT,-203,1730230321,1730230118,03:32:01 PM,03:28:38 PM,-203
2098011,3513,YORKTHA1,-217,1730230353,1730230136,03:32:33 PM,03:28:56 PM,-217
2098011,3513,RIDOYOR2,-218,1730230392,1730230174,03:33:12 PM,03:29:34 PM,-218
2098011,3513,KINGTALB,-197,1730230436,1730230239,03:33:56 PM,03:30:39 PM,-197
2098011,3513,KINGRICH,-210,1730230500,1730230290,03:35:00 PM,03:31:30 PM,-210
2098011,3513,KINGRICH,22,1730230500,1730230522,03:35:00 PM,03:35:22 PM,22
2098011,3513,KINGWEL2,8,1730230573,1730230580,03:36:13 PM,03:36:20 PM,7
2098011,3513,WATEKINS,-6,1730230638,1730230632,03:37:18 PM,03:37:12 PM,-6
2098011,3513,YORKWAT1,-6,1730230684,1730230678,03:38:04 PM,03:37:58 PM,-6
2098011,3513,YORKCOL1,-20,1730230727,1730230706,03:38:47 PM,03:38:26 PM,-21
2098011,3513,YORKMAI1,-40,1730230775,1730230734,03:39:35 PM,03:38:54 PM,-41
2098011,3513,YORKWIL1,-60,1730230822,1730230762,03:40:22 PM,03:39:22 PM,-60
2098011,3513,YORKADE1,-100,1730230894,1730230794,03:41:34 PM,03:39:54 PM,-100
2098011,3513,YORKLYL1,-120,1730230949,1730230828,03:42:29 PM,03:40:28 PM,-121
2098011,3513,YORKREC1,0,1730231040,1730231040,03:44:00 PM,03:44:00 PM,0
2098011,3513,FLORFAI1,-19,1730231101,1730231082,03:45:01 PM,03:44:42 PM,-19
2098011,3513,FLOREGE1,3,1730231144,1730231147,03:45:44 PM,03:45:47 PM,3
2098011,3513,FLORKEL1,-12,1730231180,1730231168,03:46:20 PM,03:46:08 PM,-12
2098011,3513,FLORELE1,-33,1730231224,1730231191,03:47:04 PM,03:46:31 PM,-33
2098011,3513,FLORASH1,-49,1730231261,1730231212,03:47:41 PM,03:46:52 PM,-49
2098011,3513,HIGBBEA2,-75,1730231361,1730231286,03:49:21 PM,03:48:06 PM,-75
2098011,3513,HIGBWIL2,-98,1730231413,1730231315,03:50:13 PM,03:48:35 PM,-98
2098011,3513,BRYDHIG3,0,1730231460,1730231460,03:51:00 PM,03:51:00 PM,0
2098011,3513,BRYDHAL1,6,1730231513,1730231519,03:51:53 PM,03:51:59 PM,6
2098011,3513,BRYDCORN,-1,1730231550,1730231549,03:52:30 PM,03:52:29 PM,-1
2098011,3513,WAVEKIW1,-10,1730231592,1730231582,03:53:12 PM,03:53:02 PM,-10
2098011,3513,WAVEVANC,-20,1730231648,1730231628,03:54:08 PM,03:53:48 PM,-20
2098011,3513,WAVEEDM1,-31,1730231702,1730231671,03:55:02 PM,03:54:31 PM,-31
2098011,3513,WAVEMER1,-48,1730231763,1730231715,03:56:03 PM,03:55:15 PM,-48
2098011,3513,CLARWAV1,-47,1730231810,1730231763,03:56:50 PM,03:56:03 PM,-47
2098011,3513,CLARCHU1,-55,1730231842,1730231787,03:57:22 PM,03:56:27 PM,-55
2098011,3513,ARGYMAL2,0,1730231880,1730231880,03:58:00 PM,03:58:00 PM,0
2098011,3513,DUNDEAS3,47,1730231993,1730232040,03:59:53 PM,04:00:40 PM,47
2098011,3513,WAVEDUN6,10,1730232063,1730232073,04:01:03 PM,04:01:13 PM,10
2098011,3513,WAVEDUN2,-12,1730232099,1730232087,04:01:39 PM,04:01:27 PM,-12
2098011,3513,WAVEDUN4,-37,1730232142,1730232105,04:02:22 PM,04:01:45 PM,-37
2098011,3513,WAVECAS2,-71,1730232216,1730232145,04:03:36 PM,04:02:25 PM,-71
2098011,3513,CLARWAV1,-102,1730232278,1730232176,04:04:38 PM,04:02:56 PM,-102
2098011,3513,CLARCHU1,-121,1730232321,1730232200,04:05:21 PM,04:03:20 PM,-121
2098011,3513,ARGYMAL1,-204,1730232420,1730232216,04:07:00 PM,04:03:36 PM,-204
2098057,3513,ARGYMAL1,46,1730232840,1730232886,04:14:00 PM,04:14:46 PM,46
2098057,3513,CLARCHU2,15,1730232894,1730232909,04:14:54 PM,04:15:09 PM,15
2098057,3513,WAVECLA2,18,1730232931,1730232949,04:15:31 PM,04:15:49 PM,18
2098057,3513,WAVEMER2,10,1730232969,1730232979,04:16:09 PM,04:16:19 PM,10
2098057,3513,WAVEEDM2,-1,1730233015,1730233014,04:16:55 PM,04:16:54 PM,-1
2098057,3513,WAVEWIN2,-2,1730233046,1730233044,04:17:26 PM,04:17:24 PM,-2
2098057,3513,WAVESASK,-3,1730233085,1730233082,04:18:05 PM,04:18:02 PM,-3
2098057,3513,WAVEKIW2,7,1730233120,1730233127,04:18:40 PM,04:18:47 PM,7
2098057,3513,BRYDGRAY,-11,1730233155,1730233144,04:19:15 PM,04:19:04 PM,-11
2098057,3513,BRYDHAL2,-14,1730233193,1730233179,04:19:53 PM,04:19:39 PM,-14
2098057,3513,BRYDHIG2,42,1730233260,1730233302,04:21:00 PM,04:21:42 PM,42
2098057,3513,HIGBWIL1,32,1730233299,1730233331,04:21:39 PM,04:22:11 PM,32
2098057,3513,HIGBBEA1,23,1730233345,1730233368,04:22:25 PM,04:22:48 PM,23
2098057,3513,FLORHIG2,36,1730233379,1730233415,04:22:59 PM,04:23:35 PM,36
2098057,3513,FLORASH2,37,1730233441,1730233478,04:24:01 PM,04:24:38 PM,37
2098057,3513,FLORELE2,16,1730233484,1730233500,04:24:44 PM,04:25:00 PM,16
2098057,3513,FLORKEL2,-7,1730233528,1730233521,04:25:28 PM,04:25:21 PM,-7
2098057,3513,FLOREGE2,-22,1730233561,1730233539,04:26:01 PM,04:25:39 PM,-22
2098057,3513,FLORFAI2,-39,1730233608,1730233569,04:26:48 PM,04:26:09 PM,-39
2098057,3513,YORKREC2,0,1730233680,1730233680,04:28:00 PM,04:28:00 PM,0
2098057,3513,YORKLYL2,0,1730233777,1730233777,04:29:37 PM,04:29:37 PM,0
2098057,3513,YORKADE2,0,1730233824,1730233824,04:30:24 PM,04:30:24 PM,0
2098057,3513,YORKWIL2,0,1730233885,1730233885,04:31:25 PM,04:31:25 PM,0
2098057,3513,YORKMAI2,0,1730233950,1730233950,04:32:30 PM,04:32:30 PM,0
2098057,3513,YORKCOL2,0,1730234033,1730234033,04:33:53 PM,04:33:53 PM,0
2098057,3513,YORKWAT2,0,1730234076,1730234076,04:34:36 PM,04:34:36 PM,0
2098057,3513,WELLYOR1,,,,,,
2098057,3513,WELLDUN3,,,,,,
2098057,3513,QUEECLAR,0,1730234337,1730234337,04:38:57 PM,04:38:57 PM,0
2098057,3513,QUEERIC1,0,1730234400,1730234400,04:40:00 PM,04:40:00 PM,0
2098057,3513,QUEERIC1,0,1730234400,1730234400,04:40:00 PM,04:40:00 PM,0
2098057,3513,RIDOYORK,0,1730234559,1730234559,04:42:39 PM,04:42:39 PM,0
2098057,3513,YORKTHA2,0,1730234609,1730234609,04:43:29 PM,04:43:29 PM,0
2098057,3513,WHARHORT,0,1730234785,1730234785,04:46:25 PM,04:46:25 PM,0
2098057,3513,WHARBYR2,0,1730234825,1730234825,04:47:05 PM,04:47:05 PM,0
2098057,3513,WHARELM2,0,1730234907,1730234907,04:48:27 PM,04:48:27 PM,0
2098057,3513,WHARTEC2,0,1730234979,1730234979,04:49:39 PM,04:49:39 PM,0
2098057,3513,LANGHOLB,0,1730235046,1730235046,04:50:46 PM,04:50:46 PM,0
2098057,3513,MACKEMER,0,1730235093,1730235093,04:51:33 PM,04:51:33 PM,0
2098057,3513,EMERWIN2,0,1730235151,1730235151,04:52:31 PM,04:52:31 PM,0
2098057,3513,EMERHIW2,0,1730235190,1730235190,04:53:10 PM,04:53:10 PM,0
2098057,3513,EMERPHY2,0,1730235240,1730235240,04:54:00 PM,04:54:00 PM,0
2098057,3513,EMERRIDG,0,1730235281,1730235281,04:54:41 PM,04:54:41 PM,0
2098057,3513,SOUTBAS1,0,1730235334,1730235334,04:55:34 PM,04:55:34 PM,0
2098057,3513,SOUTGAR1,0,1730235390,1730235390,04:56:30 PM,04:56:30 PM,0
2098057,3513,BERKGAR2,0,1730235417,1730235417,04:56:57 PM,04:56:57 PM,0
2098057,3513,BERKROB2,0,1730235447,1730235447,04:57:27 PM,04:57:27 PM,0
2098057,3513,BERKTOP2,0,1730235476,1730235476,04:57:56 PM,04:57:56 PM,0
2098057,3513,COMMTOP1,0,1730235560,1730235560,04:59:20 PM,04:59:20 PM,0
2098057,3513,COMMFOE1,0,1730235607,1730235607,05:00:07 PM,05:00:07 PM,0
2098057,3513,WONDCOM2,0,1730235650,1730235650,05:00:50 PM,05:00:50 PM,0
2098057,3513,WONDVIL2,0,1730235688,1730235688,05:01:28 PM,05:01:28 PM,0
2098057,3513,WONDVIS4,0,1730235749,1730235749,05:02:29 PM,05:02:29 PM,0
2098057,3513,WESTMAL5,0,1730235840,1730235840,05:04:00 PM,05:04:00 PM,0
2107260,3514,WHITOMA4,336,1730225700,1730226036,02:15:00 PM,02:20:36 PM,336
2107260,3514,BRADWEL3,373,1730225822,1730226195,02:17:02 PM,02:23:15 PM,373
2107260,3514,BRADADE3,263,1730225968,1730226231,02:19:28 PM,02:23:51 PM,263
2107260,3514,BRADMIL1,254,1730226060,1730226314,02:21:00 PM,02:25:14 PM,254
2107260,3514,BRADPOM1,246,1730226128,1730226374,02:22:08 PM,02:26:14 PM,246
2107260,3514,HIGBHAM1,171,1730226480,1730226651,02:28:00 PM,02:30:51 PM,171
2107260,3514,HIGBBRY1,159,1730226660,1730226819,02:31:00 PM,02:33:39 PM,159
2107260,3514,HIGBDUN1,188,1730226780,1730226968,02:33:00 PM,02:36:08 PM,188
2107260,3514,HIGBOXF1,357,1730226900,1730227257,02:35:00 PM,02:40:57 PM,357
2107260,3514,FANCOLL6,264,1730227020,1730227284,02:37:00 PM,02:41:24 PM,264
2108466,3515,UNIVSUN1,585,1730228536,1730229121,03:02:16 PM,03:12:01 PM,585
2108466,3515,UNIVRIC1,577,1730228603,1730229180,03:03:23 PM,03:13:00 PM,577
2108466,3515,HURORIC1,577,1730228671,1730229248,03:04:31 PM,03:14:08 PM,577
2108466,3515,HUROWAT1,562,1730228737,1730229299,03:05:37 PM,03:14:59 PM,562
2108466,3515,HUROCOLB,546,1730228783,1730229329,03:06:23 PM,03:15:29 PM,546
2108466,3515,MAITREGE,531,1730228850,1730229381,03:07:30 PM,03:16:21 PM,531
2108466,3515,REGEWILL,518,1730228898,1730229416,03:08:18 PM,03:16:56 PM,518
2108466,3515,ADELHUR1,526,1730229000,1730229526,03:10:00 PM,03:18:46 PM,526
2108466,3515,ADELHUR5,496,1730229060,1730229556,03:11:00 PM,03:19:16 PM,496
2108466,3515,KIPPADEL,528,1730229120,1730229648,03:12:00 PM,03:20:48 PM,528
2108466,3515,KIPPBELF,511,1730229175,1730229686,03:12:55 PM,03:21:26 PM,511
2108466,3515,KIPPBARK,484,1730229262,1730229746,03:14:22 PM,03:22:26 PM,484
2108466,3515,BARKMELS,452,1730229355,1730229807,03:15:55 PM,03:23:27 PM,452
2108466,3515,BARKHURO,433,1730229417,1730229850,03:16:57 PM,03:24:10 PM,433
2108466,3515,HUROBRI3,384,1730229506,1730229890,03:18:26 PM,03:24:50 PM,384
2108466,3515,HUROBRI1,400,1730229540,1730229940,03:19:00 PM,03:25:40 PM,400
2108466,3515,HUROMCN1,375,1730229597,1730229972,03:19:57 PM,03:26:12 PM,375
2108466,3515,HUROVES1,361,1730229646,1730230007,03:20:46 PM,03:26:47 PM,361
2108466,3515,HUROHIG1,408,1730229720,1730230128,03:22:00 PM,03:28:48 PM,408
2108466,3515,HUROHIG3,396,1730229758,1730230154,03:22:38 PM,03:29:14 PM,396
2108466,3515,HUROWEB1,397,1730229828,1730230225,03:23:48 PM,03:30:25 PM,397
2108466,3515,HUROSAN1,378,1730229899,1730230277,03:24:59 PM,03:31:17 PM,378
2108466,3515,SANDBEC2,368,1730229952,1730230320,03:25:52 PM,03:32:00 PM,368
2108466,3515,FCBLCHE2,349,1730230047,1730230396,03:27:27 PM,03:33:16 PM,349
2108466,3515,FCBLFLE2,324,1730230105,1730230429,03:28:25 PM,03:33:49 PM,324
2108466,3515,FANCOLL4,289,1730230200,1730230489,03:30:00 PM,03:34:49 PM,289
2108399,3515,FANCOLL4,199,1730230380,1730230579,03:33:00 PM,03:36:19 PM,199
2108399,3515,FCBLFLE1,199,1730230500,1730230699,03:35:00 PM,03:38:19 PM,199
2108399,3515,FCBLCHE1,172,1730230575,1730230747,03:36:15 PM,03:39:07 PM,172
2108399,3515,SANDBEC1,116,1730230685,1730230801,03:38:05 PM,03:40:01 PM,116
2108399,3515,SANDHUR1,122,1730230720,1730230842,03:38:40 PM,03:40:42 PM,122
2108399,3515,HUROSAN2,147,1730230779,1730230926,03:39:39 PM,03:42:06 PM,147
2108399,3515,HUROWEB2,133,1730230851,1730230984,03:40:51 PM,03:43:04 PM,133
2108399,3515,HUROHIG4,150,1730230980,1730231130,03:43:00 PM,03:45:30 PM,150
2108399,3515,HUROVES2,138,1730231029,1730231167,03:43:49 PM,03:46:07 PM,138
2108399,3515,HUROMCN2,122,1730231112,1730231234,03:45:12 PM,03:47:14 PM,122
2108399,3515,HUROBRI2,123,1730231155,1730231278,03:45:55 PM,03:47:58 PM,123
2108399,3515,BARKHUR1,127,1730231220,1730231347,03:47:00 PM,03:49:07 PM,127
2108399,3515,BARKMEL1,114,1730231279,1730231393,03:47:59 PM,03:49:53 PM,114
2108399,3515,BARKKIPP,106,1730231342,1730231448,03:49:02 PM,03:50:48 PM,106
2108399,3515,KIPPBEL1,96,1730231408,1730231504,03:50:08 PM,03:51:44 PM,96
2108399,3515,KIPPADE1,110,1730231460,1730231570,03:51:00 PM,03:52:50 PM,110
2108399,3515,ADELKIP6,82,1730231565,1730231647,03:52:45 PM,03:54:07 PM,82
2108399,3515,HUROADE4,99,1730231643,1730231742,03:54:03 PM,03:55:42 PM,99
2108399,3515,WILLREGE,71,1730231714,1730231785,03:55:14 PM,03:56:25 PM,71
2108399,3515,REGEMAIT,55,1730231764,1730231819,03:56:04 PM,03:56:59 PM,55
2108399,3515,HUROFRAS,28,1730231827,1730231855,03:57:07 PM,03:57:35 PM,28
2108399,3515,HUROWAT2,17,1730231886,1730231903,03:58:06 PM,03:58:23 PM,17
2108399,3515,HURORIC2,-5,1730231974,1730231969,03:59:34 PM,03:59:29 PM,-5
2108399,3515,UNIVRIC2,0,1730232060,1730232060,04:01:00 PM,04:01:00 PM,0
2108399,3515,UNIVSUN2,-12,1730232122,1730232110,04:02:02 PM,04:01:50 PM,-12
2108399,3515,MIDDPERT,-16,1730232219,1730232203,04:03:39 PM,04:03:23 PM,-16
2108399,3515,NATSCI,101,1730232300,1730232401,04:05:00 PM,04:06:41 PM,101
2108399,3515,WESTELG2,-81,1730232588,1730232507,04:09:48 PM,04:08:27 PM,-81
2108399,3515,WESTLAM2,-133,1730232738,1730232605,04:12:18 PM,04:10:05 PM,-133
2108399,3515,SARNWES2,0,1730232960,1730232960,04:16:00 PM,04:16:00 PM,0
2108399,3515,SARNBRES,0,1730233052,1730233052,04:17:32 PM,04:17:32 PM,0
2108399,3515,SARNSLEI,0,1730233143,1730233143,04:19:03 PM,04:19:03 PM,0
2108399,3515,SARNLEYT,0,1730233249,1730233249,04:20:49 PM,04:20:49 PM,0
2108399,3515,WONDSAR2,0,1730233380,1730233380,04:23:00 PM,04:23:00 PM,0
2108399,3515,BEAVBLYT,0,1730233543,1730233543,04:25:43 PM,04:25:43 PM,0
2108399,3515,BEAVCAP1,0,1730233579,1730233579,04:26:19 PM,04:26:19 PM,0
2108399,3515,CAPUBLSM,0,1730233603,1730233603,04:26:43 PM,04:26:43 PM,0
2108399,3515,CAPUCAPW,0,1730233664,1730233664,04:27:44 PM,04:27:44 PM,0
2108399,3515,CAPUOXFO,0,1730233740,1730233740,04:29:00 PM,04:29:00 PM,0
2109341,3517,KINGWON2,225,1730228500,1730228725,03:01:40 PM,03:05:25 PM,225
2109341,3517,KINGOAK2,209,1730228550,1730228759,03:02:30 PM,03:05:59 PM,209
2109341,3517,VALECAYL,201,1730228587,1730228788,03:03:07 PM,03:06:28 PM,201
2109341,3517,VALESHR2,192,1730228620,1730228812,03:03:40 PM,03:06:52 PM,192
2109341,3517,VALEADEV,185,1730228658,1730228843,03:04:18 PM,03:07:23 PM,185
2109341,3517,VALEDER2,172,1730228712,1730228884,03:05:12 PM,03:08:04 PM,172
2109341,3517,VALEDER4,164,1730228735,1730228899,03:05:35 PM,03:08:19 PM,164
2109341,3517,VALEHIB2,151,1730228765,1730228916,03:06:05 PM,03:08:36 PM,151
2109341,3517,VALEPLA2,130,1730228826,1730228956,03:07:06 PM,03:09:16 PM,130
2109341,3517,VALEWOO2,126,1730228847,1730228973,03:07:27 PM,03:09:33 PM,126
2109341,3517,VALEHYP2,121,1730228869,1730228990,03:07:49 PM,03:09:50 PM,121
2109341,3517,HYDEFIG1,100,1730228928,1730229028,03:08:48 PM,03:10:28 PM,100
2109341,3517,HYDEOXF1,135,1730229000,1730229135,03:10:00 PM,03:12:15 PM,135
2109341,3517,HYDEOXF3,132,1730229029,1730229161,03:10:29 PM,03:12:41 PM,132
2109341,3517,HYDEROY1,162,1730229057,1730229219,03:10:57 PM,03:13:39 PM,162
2109341,3517,HYDEIVAN,124,1730229115,1730229239,03:11:55 PM,03:13:59 PM,124
2109341,3517,HYDEPRIP,104,1730229152,1730229256,03:12:32 PM,03:14:16 PM,104
2109341,3517,HYDESAR1,67,1730229267,1730229334,03:14:27 PM,03:15:34 PM,67
2109341,3517,HYDESCA1,29,1730229392,1730229421,03:16:32 PM,03:17:01 PM,29
2109341,3517,HYDEGAI1,13,1730229469,1730229482,03:17:49 PM,03:18:02 PM,13
2109341,3517,HYDENRN1,-6,1730229538,1730229532,03:18:58 PM,03:18:52 PM,-6
2109341,3517,SEAGHYP1,-75,1730229660,1730229585,03:21:00 PM,03:19:45 PM,-75
2109341,3517,SEAGHYP1,44,1730230500,1730230544,03:35:00 PM,03:35:44 PM,44
2109341,3517,STANFAN1,38,1730230561,1730230598,03:36:01 PM,03:36:38 PM,37
2109341,3517,FANSDAL2,26,1730230609,1730230636,03:36:49 PM,03:37:16 PM,27
2109341,3517,FANSDAL3,68,1730230672,1730230740,03:37:52 PM,03:39:00 PM,68
2109341,3517,FANSALD1,34,1730230760,1730230794,03:39:20 PM,03:39:54 PM,34
2109341,3517,FANSFOX1,4,1730230822,1730230826,03:40:22 PM,03:40:26 PM,4
2109341,3517,FANSWON1,-30,1730230932,1730230902,03:42:12 PM,03:41:42 PM,-30
2109341,3517,FANSPIN2,-98,1730231086,1730230988,03:44:46 PM,03:43:08 PM,-98
2109341,3517,FANSLOU1,-178,1730231222,1730231044,03:47:02 PM,03:44:04 PM,-178
2109341,3517,FANSRIC4,0,1730231340,1730231340,03:49:00 PM,03:49:00 PM,0
2109341,3517,FANSNCR1,-65,1730231447,1730231382,03:50:47 PM,03:49:42 PM,-65
2109341,3517,FANSNCR3,-117,1730231520,1730231403,03:52:00 PM,03:50:03 PM,-117
2109341,3517,FANSNCR3,22,1730231640,1730231662,03:54:00 PM,03:54:22 PM,22
2109341,3517,FANSHAS3,10,1730231691,1730231702,03:54:51 PM,03:55:02 PM,11
2109341,3517,HASTDONY,-2,1730231745,1730231744,03:55:45 PM,03:55:44 PM,-1
2109341,3517,HASTVIR1,-14,1730231779,1730231764,03:56:19 PM,03:56:04 PM,-15
2109341,3517,HASTCHA1,-20,1730231831,1730231812,03:57:11 PM,03:56:52 PM,-19
2109341,3517,CHAMSAND,-28,1730231878,1730231850,03:57:58 PM,03:57:30 PM,-28
2109341,3517,CHAMSKYL,-32,1730231912,1730231880,03:58:32 PM,03:58:00 PM,-32
2109341,3517,BLUESUN1,-30,1730231949,1730231920,03:59:09 PM,03:58:40 PM,-29
2109341,3517,SUNNBLAC,-60,1730232051,1730231992,04:00:51 PM,03:59:52 PM,-59
2109341,3517,ADELBLAC,-84,1730232145,1730232062,04:02:25 PM,04:01:02 PM,-83
2109341,3517,BKWTADE1,-84,1730232165,1730232080,04:02:45 PM,04:01:20 PM,-85
2109341,3517,THISBKW1,-84,1730232184,1730232100,04:03:04 PM,04:01:40 PM,-84
2109341,3517,THISSWEN,-102,1730232255,1730232154,04:04:15 PM,04:02:34 PM,-101
2109341,3517,SOWESUNN,-136,1730232300,1730232164,04:05:00 PM,04:02:44 PM,-136
2109352,3517,SOWESUNN,0,1730232300,1730232300,04:05:00 PM,04:05:00 PM,0
2109352,3517,SUNNGOUG,0,1730232394,1730232394,04:06:34 PM,04:06:34 PM,0
2109352,3517,SOWESAV1,-19,1730232448,1730232429,04:07:28 PM,04:07:09 PM,-19
2109352,3517,SOWESAV2,-19,1730232493,1730232474,04:08:13 PM,04:07:54 PM,-19
2109352,3517,SOWEFADA,-19,1730232530,1730232511,04:08:50 PM,04:08:31 PM,-19
2109352,3517,SOWEMCCA,-19,1730232586,1730232567,04:09:46 PM,04:09:27 PM,-19
2109352,3517,SOWEMARI,-19,1730232620,1730232601,04:10:20 PM,04:10:01 PM,-19
2109352,3517,SOWESUNN,0,1730232660,1730232660,04:11:00 PM,04:11:00 PM,0
2109352,3517,SUNNYMCA,0,1730232720,1730232720,04:12:00 PM,04:12:00 PM,0
2109352,3517,SUNNADE2,0,1730232767,1730232767,04:12:47 PM,04:12:47 PM,0
2109352,3517,SUNNCANV,-36,1730232886,1730232850,04:14:46 PM,04:14:10 PM,-36
2109352,3517,BLUESUN2,-40,1730232925,1730232885,04:15:25 PM,04:14:45 PM,-40
2109352,3517,SKYLCHAM,-41,1730232942,1730232901,04:15:42 PM,04:15:01 PM,-41
2109352,3517,CHAMWHIS,-55,1730233007,1730232952,04:16:47 PM,04:15:52 PM,-55
2109352,3517,HASTCHA2,-57,1730233030,1730232973,04:17:10 PM,04:16:13 PM,-57
2109352,3517,HASTVIR2,-74,1730233078,1730233004,04:17:58 PM,04:16:44 PM,-74
2109352,3517,FANSHAS2,-63,1730233140,1730233077,04:19:00 PM,04:17:57 PM,-63
2109352,3517,FANSHAS2,22,1730233140,1730233162,04:19:00 PM,04:19:22 PM,22
2109352,3517,FANSJEN2,7,1730233202,1730233209,04:20:02 PM,04:20:09 PM,7
2109352,3517,FANSJEN4,-4,1730233249,1730233245,04:20:49 PM,04:20:45 PM,-4
2109352,3517,FANSNCR2,0,1730233320,1730233320,04:22:00 PM,04:22:00 PM,0
2109352,3517,FANSRIC5,0,1730233380,1730233380,04:23:00 PM,04:23:00 PM,0
2109352,3517,FANSNCR4,0,1730233403,1730233403,04:23:23 PM,04:23:23 PM,0
2109352,3517,FANSLOU2,0,1730233452,1730233452,04:24:12 PM,04:24:12 PM,0
2109352,3517,FANSDERW,0,1730233506,1730233506,04:25:06 PM,04:25:06 PM,0
2109352,3517,FANSPINN,0,1730233558,1730233558,04:25:58 PM,04:25:58 PM,0
2109352,3517,517FANSH,0,1730233620,1730233620,04:27:00 PM,04:27:00 PM,0
2109352,3517,517FANSH,0,1730233620,1730233620,04:27:00 PM,04:27:00 PM,0
2109352,3517,FANSWON2,0,1730233672,1730233672,04:27:52 PM,04:27:52 PM,0
2109352,3517,FANSWON3,0,1730233751,1730233751,04:29:11 PM,04:29:11 PM,0
2109352,3517,FANSFOXW,0,1730233796,1730233796,04:29:56 PM,04:29:56 PM,0
2109352,3517,FANSALD2,0,1730233882,1730233882,04:31:22 PM,04:31:22 PM,0
2109352,3517,FANSDAL4,0,1730233942,1730233942,04:32:22 PM,04:32:22 PM,0
2109352,3517,FANSDALM,0,1730234027,1730234027,04:33:47 PM,04:33:47 PM,0
2109352,3517,STANFANS,0,1730234082,1730234082,04:34:42 PM,04:34:42 PM,0
2109352,3517,SEAGHYPK,0,1730234160,1730234160,04:36:00 PM,04:36:00 PM,0
2109352,3517,SEAGHYPK,0,1730234640,1730234640,04:44:00 PM,04:44:00 PM,0
2109352,3517,HYDENRN2,0,1730234748,1730234748,04:45:48 PM,04:45:48 PM,0
2109352,3517,HYDENRSL,0,1730234798,1730234798,04:46:38 PM,04:46:38 PM,0
2109352,3517,HYDEGAI2,0,1730234845,1730234845,04:47:25 PM,04:47:25 PM,0
2109352,3517,HYDESCA2,0,1730234913,1730234913,04:48:33 PM,04:48:33 PM,0
2109352,3517,HYDESAR2,0,1730235025,1730235025,04:50:25 PM,04:50:25 PM,0
2109352,3517,HYDEFITZ,0,1730235146,1730235146,04:52:26 PM,04:52:26 PM,0
2109352,3517,HYDEIVA2,0,1730235189,1730235189,04:53:09 PM,04:53:09 PM,0
2109352,3517,HYDEROY2,0,1730235249,1730235249,04:54:09 PM,04:54:09 PM,0
2109352,3517,HYDEOXF2,0,1730235300,1730235300,04:55:00 PM,04:55:00 PM,0
2109352,3517,HYDEFIG2,0,1730235376,1730235376,04:56:16 PM,04:56:16 PM,0
2109352,3517,VALEHYP1,0,1730235438,1730235438,04:57:18 PM,04:57:18 PM,0
2109352,3517,VALEWOO1,0,1730235465,1730235465,04:57:45 PM,04:57:45 PM,0
2109352,3517,VALEPLA1,0,1730235496,1730235496,04:58:16 PM,04:58:16 PM,0
2109352,3517,VALESAL1,0,1730235538,1730235538,04:58:58 PM,04:58:58 PM,0
2109352,3517,VALEHIB1,0,1730235558,1730235558,04:59:18 PM,04:59:18 PM,0
2109352,3517,VALEOPK2,0,1730235579,1730235579,04:59:39 PM,04:59:39 PM,0
2109352,3517,VALEDER1,0,1730235618,1730235618,05:00:18 PM,05:00:18 PM,0
2109352,3517,VALECRAM,0,1730235642,1730235642,05:00:42 PM,05:00:42 PM,0
2109352,3517,VALESHR1,0,1730235694,1730235694,05:01:34 PM,05:01:34 PM,0
2109352,3517,VALEOAKR,0,1730235755,1730235755,05:02:35 PM,05:02:35 PM,0
2109352,3517,KINGOAK1,0,1730235790,1730235790,05:03:10 PM,05:03:10 PM,0
2109352,3517,KINGWON1,0,1730235837,1730235837,05:03:57 PM,05:03:57 PM,0
2109352,3517,RIVEWON1,0,1730235900,1730235900,05:05:00 PM,05:05:00 PM,0
2109352,3517,RIVEBRE1,0,1730235932,1730235932,05:05:32 PM,05:05:32 PM,0
2109352,3517,RIVEORI1,0,1730235971,1730235971,05:06:11 PM,05:06:11 PM,0
2109352,3517,RIVEBEA1,0,1730236025,1730236025,05:07:05 PM,05:07:05 PM,0
2109352,3517,RIVEMURD,0,1730236099,1730236099,05:08:19 PM,05:08:19 PM,0
2109352,3517,RIVEWOO1,0,1730236129,1730236129,05:08:49 PM,05:08:49 PM,0
2109352,3517,RIVECAVE,0,1730236151,1730236151,05:09:11 PM,05:09:11 PM,0
2109352,3517,RIVEWHA1,0,1730236200,1730236200,05:10:00 PM,05:10:00 PM,0
2109352,3517,RIVEWIL1,0,1730236235,1730236235,05:10:35 PM,05:10:35 PM,0
2109352,3517,DUNDRIDO,0,1730236328,1730236328,05:12:08 PM,05:12:08 PM,0
2109352,3517,KINGTALB,0,1730236380,1730236380,05:13:00 PM,05:13:00 PM,0
2109352,3517,KINGRICH,0,1730236440,1730236440,05:14:00 PM,05:14:00 PM,0
2109352,3517,WELLDUN3,0,1730236500,1730236500,05:15:00 PM,05:15:00 PM,0
2108465,3520,HUROHIG3,255,1730228978,1730229233,03:09:38 PM,03:13:53 PM,255
2108465,3520,HUROWEB1,256,1730229048,1730229304,03:10:48 PM,03:15:04 PM,256
2108465,3520,HUROSAN1,237,1730229119,1730229356,03:11:59 PM,03:15:56 PM,237
2108465,3520,SANDBEC2,227,1730229172,1730229399,03:12:52 PM,03:16:39 PM,227
2108465,3520,FCBLCHE2,208,1730229267,1730229475,03:14:27 PM,03:17:55 PM,208
2108465,3520,FCBLFLE2,183,1730229325,1730229508,03:15:25 PM,03:18:28 PM,183
2108465,3520,FANCOLL4,148,1730229420,1730229568,03:17:00 PM,03:19:28 PM,148
2106910,3521,WHARWYAT,165,1730229060,1730229225,03:11:00 PM,03:13:45 PM,165
2106910,3521,WHARBYR2,182,1730229189,1730229371,03:13:09 PM,03:16:11 PM,182
2106910,3521,WHARELM2,164,1730229248,1730229412,03:14:08 PM,03:16:52 PM,164
2106910,3521,WHAREME2,117,1730229358,1730229475,03:15:58 PM,03:17:55 PM,117
2106910,3521,WHARBAS2,135,1730229420,1730229555,03:17:00 PM,03:19:15 PM,135
2106910,3521,HIGVWHA1,178,1730229538,1730229716,03:18:58 PM,03:21:56 PM,178
2106910,3521,HIGVWHA3,173,1730229566,1730229739,03:19:26 PM,03:22:19 PM,173
2106910,3521,HIGVROS2,162,1730229603,1730229765,03:20:03 PM,03:22:45 PM,162
2106910,3521,HIGVROS4,143,1730229651,1730229794,03:20:51 PM,03:23:14 PM,143
2106910,3521,HIGVFER2,135,1730229698,1730229833,03:21:38 PM,03:23:53 PM,135
2106910,3521,FERNHOM1,120,1730229775,1730229895,03:22:55 PM,03:24:55 PM,120
2106910,3521,FERNHAM1,98,1730229825,1730229923,03:23:45 PM,03:25:23 PM,98
2106910,3521,DUNDHARC,75,1730229888,1730229963,03:24:48 PM,03:26:03 PM,75
2106910,3521,DUNDHIN2,64,1730229915,1730229979,03:25:15 PM,03:26:19 PM,64
2106910,3521,DUNDSDAL,66,1730229959,1730230025,03:25:59 PM,03:27:05 PM,66
2106910,3521,JALNJOS2,58,1730229996,1730230054,03:26:36 PM,03:27:34 PM,58
2106910,3521,JALNJOS4,44,1730230049,1730230093,03:27:29 PM,03:28:13 PM,44
2106910,3521,JALNERI2,40,1730230075,1730230115,03:27:55 PM,03:28:35 PM,40
2106910,3521,JALNERI4,30,1730230140,1730230170,03:29:00 PM,03:29:30 PM,30
2106910,3521,BRADJALN,5,1730230205,1730230210,03:30:05 PM,03:30:10 PM,5
2106910,3521,BRADERNE,-7,1730230245,1730230238,03:30:45 PM,03:30:38 PM,-7
2106910,3521,BRADWOPS,-30,1730230310,1730230280,03:31:50 PM,03:31:20 PM,-30
2106910,3521,BRADMEDI,-34,1730230346,1730230312,03:32:26 PM,03:31:52 PM,-34
2106910,3521,JALNBRA4,-31,1730230391,1730230360,03:33:11 PM,03:32:40 PM,-31
2106910,3521,WHOKMASB,-72,1730230440,1730230368,03:34:00 PM,03:32:48 PM,-72
2106875,3521,WHOKMASB,0,1730230740,1730230740,03:39:00 PM,03:39:00 PM,0
2106875,3521,SHOLJAL2,0,1730230836,1730230836,03:40:36 PM,03:40:36 PM,0
2106875,3521,JALNARC5,-23,1730230886,1730230863,03:41:26 PM,03:41:03 PM,-23
2106875,3521,JALNMEG,-31,1730230913,1730230882,03:41:53 PM,03:41:22 PM,-31
2106875,3521,JALNERN4,-41,1730230964,1730230923,03:42:44 PM,03:42:03 PM,-41
2106875,3521,JALNAUGU,-47,1730230998,1730230951,03:43:18 PM,03:42:31 PM,-47
2106875,3521,JALNCLAR,-50,1730231017,1730230967,03:43:37 PM,03:42:47 PM,-50
2106875,3521,JALNFAI2,-55,1730231038,1730230983,03:43:58 PM,03:43:03 PM,-55
2106875,3521,JALNFAI1,-73,1730231096,1730231023,03:44:56 PM,03:43:43 PM,-73
2106875,3521,JALNCHES,-88,1730231129,1730231041,03:45:29 PM,03:44:01 PM,-88
2106875,3521,JALNCONW,-84,1730231173,1730231089,03:46:13 PM,03:44:49 PM,-84
2106875,3521,JALNBRA7,-66,1730231189,1730231123,03:46:29 PM,03:45:23 PM,-66
2106875,3521,JALNERI1,0,1730231220,1730231220,03:47:00 PM,03:47:00 PM,0
2106875,3521,JALNCOLE,-15,1730231273,1730231258,03:47:53 PM,03:47:38 PM,-15
2106875,3521,JALNJOS1,-27,1730231305,1730231278,03:48:25 PM,03:47:58 PM,-27
2106875,3521,JALNSDAL,-47,1730231368,1730231321,03:49:28 PM,03:48:41 PM,-47
2106875,3521,DUNDSTOC,-50,1730231395,1730231345,03:49:55 PM,03:49:05 PM,-50
2106875,3521,DUNDHIN1,-65,1730231444,1730231379,03:50:44 PM,03:49:39 PM,-65
2106875,3521,FERNVIN1,-77,1730231481,1730231404,03:51:21 PM,03:50:04 PM,-77
2106875,3521,FERNHAM2,-101,1730231539,1730231438,03:52:19 PM,03:50:38 PM,-101
2106875,3521,FERNCONT,-119,1730231603,1730231484,03:53:23 PM,03:51:24 PM,-119
2106875,3521,HIGVFER1,-137,1730231660,1730231523,03:54:20 PM,03:52:03 PM,-137
2106875,3521,HIGVROS3,-156,1730231714,1730231558,03:55:14 PM,03:52:38 PM,-156
2106875,3521,HIGVROS1,-174,1730231759,1730231585,03:55:59 PM,03:53:05 PM,-174
2106875,3521,HIGVWHA2,-182,1730231795,1730231613,03:56:35 PM,03:53:33 PM,-182
2106875,3521,HIGVWHA4,-177,1730231822,1730231645,03:57:02 PM,03:54:05 PM,-177
2106875,3521,WHARBAS3,0,1730231940,1730231940,03:59:00 PM,03:59:00 PM,0
2106875,3521,WHAREME1,-31,1730232022,1730231991,04:00:22 PM,03:59:51 PM,-31
2106875,3521,WHARELM1,-61,1730232110,1730232049,04:01:50 PM,04:00:49 PM,-61
2106875,3521,WHARBYR1,-78,1730232165,1730232087,04:02:45 PM,04:01:27 PM,-78
2106875,3521,WHARRIV1,0,1730232300,1730232300,04:05:00 PM,04:05:00 PM,0
2106875,3521,WHAROXF1,0,1730232660,1730232660,04:11:00 PM,04:11:00 PM,0
2106875,3521,WESTESSE,-6,1730232712,1730232706,04:11:52 PM,04:11:46 PM,-6
2106875,3521,WESTPHA3,0,1730232900,1730232900,04:15:00 PM,04:15:00 PM,0
2106875,3521,WESTLAM1,0,1730232973,1730232973,04:16:13 PM,04:16:13 PM,0
2106875,3521,WESTELG1,0,1730233042,1730233042,04:17:22 PM,04:17:22 PM,0
2106875,3521,RICHWEST,0,1730233223,1730233223,04:20:23 PM,04:20:23 PM,0
2106875,3521,MASOSTO3,0,1730233320,1730233320,04:22:00 PM,04:22:00 PM,0
2108174,3522,WESTELG1,150,1730228668,1730228818,03:04:28 PM,03:06:58 PM,150
2108174,3522,WESTWIN1,128,1730228762,1730228890,03:06:02 PM,03:08:10 PM,128
2108174,3522,WINDRIC1,110,1730228816,1730228926,03:06:56 PM,03:08:46 PM,110
2108174,3522,RICHRAY2,38,1730228945,1730228983,03:09:05 PM,03:09:43 PM,38
2108174,3522,RICHPAR2,37,1730228990,1730229027,03:09:50 PM,03:10:27 PM,37
2108174,3522,RICHUNI2,27,1730229039,1730229066,03:10:39 PM,03:11:06 PM,27
2108174,3522,RICHHUR2,7,1730229091,1730229098,03:11:31 PM,03:11:38 PM,7
2108174,3522,RICHVIC2,-27,1730229163,1730229136,03:12:43 PM,03:12:16 PM,-27
2108174,3522,RICHCHE2,-50,1730229207,1730229157,03:13:27 PM,03:12:37 PM,-50
2108174,3522,RICHGRO2,-65,1730229259,1730229194,03:14:19 PM,03:13:14 PM,-65
2108174,3522,RICHJAM2,-70,1730229293,1730229223,03:14:53 PM,03:13:43 PM,-70
2108174,3522,RICHOXF2,0,1730229360,1730229360,03:16:00 PM,03:16:00 PM,0
2108174,3522,RICHMILL,-30,1730229433,1730229403,03:17:13 PM,03:16:43 PM,-30
2108174,3522,RICHCENT,-71,1730229536,1730229465,03:18:56 PM,03:17:45 PM,-71
2108174,3522,RICHKEN2,-110,1730229606,1730229496,03:20:06 PM,03:18:16 PM,-110
2108174,3522,RICHDUF2,-126,1730229648,1730229522,03:20:48 PM,03:18:42 PM,-126
2108174,3522,RICHQUE1,-87,1730229714,1730229627,03:21:54 PM,03:20:27 PM,-87
2108174,3522,QUENRIDO,-174,1730229840,1730229666,03:24:00 PM,03:21:06 PM,-174
2105948,3524,OXFOSEC1,268,1730228233,1730228501,02:57:13 PM,03:01:41 PM,268
2105948,3524,OXFOTHI1,261,1730228293,1730228554,02:58:13 PM,03:02:34 PM,261
2105948,3524,OXFOCLA5,228,1730228375,1730228603,02:59:35 PM,03:03:23 PM,228
2105948,3524,CLARKOXF,218,1730228455,1730228673,03:00:55 PM,03:04:33 PM,218
2105948,3524,ROBHILSB,195,1730228852,1730229047,03:07:32 PM,03:10:47 PM,195
2105948,3524,ROBHILEB,169,1730228905,1730229074,03:08:25 PM,03:11:14 PM,169
2105948,3524,ROBICRUM,136,1730228985,1730229121,03:09:45 PM,03:12:01 PM,136
2105948,3524,1901CRUM,119,1730229029,1730229148,03:10:29 PM,03:12:28 PM,119
2105948,3524,YXUTERM,34,1730229180,1730229214,03:13:00 PM,03:13:34 PM,34
2105998,3524,YXUTERM,94,1730229180,1730229274,03:13:00 PM,03:14:34 PM,94
2105998,3524,1980CRUM,39,1730229363,1730229402,03:16:03 PM,03:16:42 PM,39
2105998,3524,ROBICRU1,-9,1730229421,1730229412,03:17:01 PM,03:16:52 PM,-9
2105998,3524,15701ROB,-54,1730229511,1730229457,03:18:31 PM,03:17:37 PM,-54
2105998,3524,15835ROB,-86,1730229571,1730229485,03:19:31 PM,03:18:05 PM,-86
2105998,3524,ROBIHUR1,0,1730229600,1730229600,03:20:00 PM,03:20:00 PM,0
2105998,3524,HUROVET1,-68,1730229737,1730229669,03:22:17 PM,03:21:09 PM,-68
2105998,3524,HUROCLA2,-120,1730229824,1730229704,03:23:44 PM,03:21:44 PM,-120
2105998,3524,CLARSTR,-112,1730229884,1730229772,03:24:44 PM,03:22:52 PM,-112
2105998,3524,CLARCHE3,0,1730229960,1730229960,03:26:00 PM,03:26:00 PM,0
2105998,3524,CLAROXF4,-15,1730230016,1730230001,03:26:56 PM,03:26:41 PM,-15
2105998,3524,OXFOCLA6,-20,1730230053,1730230033,03:27:33 PM,03:27:13 PM,-20
2105998,3524,OXFOTHI2,-16,1730230095,1730230079,03:28:15 PM,03:27:59 PM,-16
2105998,3524,OXFOSEC2,-8,1730230130,1730230122,03:28:50 PM,03:28:42 PM,-8
2105998,3524,FANCOLL3,-40,1730230200,1730230160,03:30:00 PM,03:29:20 PM,-40
2106774,3525,ADELLEA1,735,1730228529,1730229264,03:02:09 PM,03:14:24 PM,735
2106774,3525,ADELMAUD,660,1730228703,1730229363,03:05:03 PM,03:16:03 PM,660
2106774,3525,ADELLISI,633,1730228891,1730229524,03:08:11 PM,03:18:44 PM,633
2106774,3525,ADELDUN1,730,1730229000,1730229730,03:10:00 PM,03:22:10 PM,730
2106774,3525,ADELOXF1,724,1730229180,1730229904,03:13:00 PM,03:25:04 PM,724
2106774,3525,ADELCHE1,721,1730229281,1730230002,03:14:41 PM,03:26:42 PM,721
2106774,3525,ADELHUR1,722,1730229387,1730230109,03:16:27 PM,03:28:29 PM,722
2106774,3525,ADELKIP1,696,1730229481,1730230177,03:18:01 PM,03:29:37 PM,696
2106774,3525,FANSADE4,595,1730229780,1730230375,03:23:00 PM,03:32:55 PM,595
2106774,3525,FANSJEN4,551,1730229930,1730230481,03:25:30 PM,03:34:41 PM,551
2106774,3525,MASOSTO3,557,1730230020,1730230577,03:27:00 PM,03:36:17 PM,557
2106797,3525,MASOSTO3,347,1730230440,1730230787,03:34:00 PM,03:39:47 PM,347
2106797,3525,FANSNCR3,371,1730230536,1730230907,03:35:36 PM,03:41:47 PM,371
2106797,3525,ADELFAN2,335,1730230740,1730231075,03:39:00 PM,03:44:35 PM,335
2106797,3525,ADELKIP2,217,1730231004,1730231221,03:43:24 PM,03:47:01 PM,217
2106797,3525,ADELHUR2,203,1730231109,1730231312,03:45:09 PM,03:48:32 PM,203
2106797,3525,ADELCHE2,198,1730231192,1730231390,03:46:32 PM,03:49:50 PM,198
2106797,3525,ADELOXF2,298,1730231280,1730231578,03:48:00 PM,03:52:58 PM,298
2106797,3525,ADELDUN2,239,1730231520,1730231759,03:52:00 PM,03:55:59 PM,239
2106797,3525,ADELHAMI,250,1730231608,1730231858,03:53:28 PM,03:57:38 PM,250
2106797,3525,ADELEDNA,215,1730231757,1730231972,03:55:57 PM,03:59:32 PM,215
2106797,3525,ADELLEA2,165,1730231926,1730232091,03:58:46 PM,04:01:31 PM,165
2106797,3525,VICZONC,86,1730232120,1730232206,04:02:00 PM,04:03:26 PM,86
2108467,3527,WESTPHA3,300,1730228948,1730229248,03:09:08 PM,03:14:08 PM,300
2108467,3527,ALUMHAL1,304,1730229090,1730229394,03:11:30 PM,03:16:34 PM,304
2108467,3527,LAMBMID1,269,1730229240,1730229509,03:14:00 PM,03:18:29 PM,269
2108467,3527,UNIVSUN1,240,1730229316,1730229556,03:15:16 PM,03:19:16 PM,240
2108467,3527,UNIVRIC1,233,1730229383,1730229616,03:16:23 PM,03:20:16 PM,233
2108467,3527,HURORIC1,235,1730229451,1730229686,03:17:31 PM,03:21:26 PM,235
2108467,3527,HUROWAT1,221,1730229517,1730229738,03:18:37 PM,03:22:18 PM,221
2108467,3527,HUROCOLB,205,1730229563,1730229768,03:19:23 PM,03:22:48 PM,205
2108467,3527,MAITREGE,191,1730229630,1730229821,03:20:30 PM,03:23:41 PM,191
2108467,3527,REGEWILL,179,1730229678,1730229857,03:21:18 PM,03:24:17 PM,179
2108467,3527,ADELHUR1,190,1730229780,1730229970,03:23:00 PM,03:26:10 PM,190
2108467,3527,ADELHUR5,160,1730229840,1730230000,03:24:00 PM,03:26:40 PM,160
2108467,3527,KIPPADEL,193,1730229900,1730230093,03:25:00 PM,03:28:13 PM,193
2108467,3527,KIPPBELF,176,1730229955,1730230131,03:25:55 PM,03:28:51 PM,176
2108467,3527,KIPPBARK,151,1730230042,1730230193,03:27:22 PM,03:29:53 PM,151
2108467,3527,BARKMELS,119,1730230135,1730230254,03:28:55 PM,03:30:54 PM,119
2108467,3527,BARKHURO,100,1730230197,1730230297,03:29:57 PM,03:31:37 PM,100
2108467,3527,HUROBRI3,51,1730230286,1730230337,03:31:26 PM,03:32:17 PM,51
2108467,3527,HUROBRI1,67,1730230320,1730230387,03:32:00 PM,03:33:07 PM,67
2108467,3527,HUROMCN1,38,1730230377,1730230415,03:32:57 PM,03:33:35 PM,38
2108467,3527,HUROVES1,22,1730230426,1730230448,03:33:46 PM,03:34:08 PM,22
2108467,3527,HUROHIG1,69,1730230500,1730230569,03:35:00 PM,03:36:09 PM,69
2108467,3527,HUROHIG3,57,1730230538,1730230595,03:35:38 PM,03:36:35 PM,57
2108467,3527,HUROWEB1,56,1730230608,1730230664,03:36:48 PM,03:37:44 PM,56
2108467,3527,HUROSAN1,37,1730230679,1730230716,03:37:59 PM,03:38:36 PM,37
2108467,3527,SANDBEC2,29,1730230732,1730230761,03:38:52 PM,03:39:21 PM,29
2108467,3527,FCBLCHE2,10,1730230827,1730230837,03:40:27 PM,03:40:37 PM,10
2108467,3527,FCBLFLE2,-12,1730230885,1730230873,03:41:25 PM,03:41:13 PM,-12
2108467,3527,FANCOLL4,-45,1730230980,1730230935,03:43:00 PM,03:42:15 PM,-45
2108401,3527,FANCOLL4,0,1730231580,1730231580,03:53:00 PM,03:53:00 PM,0
2108401,3527,FCBLFLE1,0,1730231700,1730231700,03:55:00 PM,03:55:00 PM,0
2108401,3527,FCBLCHE1,-25,1730231775,1730231750,03:56:15 PM,03:55:50 PM,-25
2108401,3527,SANDBEC1,-79,1730231885,1730231806,03:58:05 PM,03:56:46 PM,-79
2108401,3527,SANDHUR1,-73,1730231920,1730231847,03:58:40 PM,03:57:27 PM,-73
2108401,3527,HUROSAN2,-48,1730231979,1730231931,03:59:39 PM,03:58:51 PM,-48
2108401,3527,HUROWEB2,-60,1730232051,1730231991,04:00:51 PM,03:59:51 PM,-60
2108401,3527,HUROHIG4,0,1730232180,1730232180,04:03:00 PM,04:03:00 PM,0
2108401,3527,HUROVES2,-12,1730232229,1730232217,04:03:49 PM,04:03:37 PM,-12
2108401,3527,HUROMCN2,-37,1730232312,1730232275,04:05:12 PM,04:04:35 PM,-37
2108401,3527,HUROBRI2,-43,1730232355,1730232312,04:05:55 PM,04:05:12 PM,-43
2108401,3527,BARKHUR1,0,1730232420,1730232420,04:07:00 PM,04:07:00 PM,0
2108401,3527,BARKMEL1,-16,1730232479,1730232463,04:07:59 PM,04:07:43 PM,-16
2108401,3527,BARKKIPP,-24,1730232542,1730232518,04:09:02 PM,04:08:38 PM,-24
2108401,3527,KIPPBEL1,-29,1730232608,1730232579,04:10:08 PM,04:09:39 PM,-29
2108401,3527,KIPPADE1,0,1730232660,1730232660,04:11:00 PM,04:11:00 PM,0
2108401,3527,ADELKIP6,-27,1730232765,1730232738,04:12:45 PM,04:12:18 PM,-27
2108401,3527,HUROADE4,-10,1730232843,1730232833,04:14:03 PM,04:13:53 PM,-10
2108401,3527,WILLREGE,-37,1730232914,1730232877,04:15:14 PM,04:14:37 PM,-37
2108401,3527,REGEMAIT,-52,1730232964,1730232912,04:16:04 PM,04:15:12 PM,-52
2108401,3527,HUROFRAS,-79,1730233027,1730232948,04:17:07 PM,04:15:48 PM,-79
2108401,3527,HUROWAT2,-91,1730233086,1730232995,04:18:06 PM,04:16:35 PM,-91
2108401,3527,HURORIC2,-112,1730233174,1730233062,04:19:34 PM,04:17:42 PM,-112
2108401,3527,UNIVRIC2,0,1730233260,1730233260,04:21:00 PM,04:21:00 PM,0
2108401,3527,UNIVSUN2,0,1730233322,1730233322,04:22:02 PM,04:22:02 PM,0
2108401,3527,MIDDPERT,0,1730233419,1730233419,04:23:39 PM,04:23:39 PM,0
2108401,3527,NATSCI,0,1730233500,1730233500,04:25:00 PM,04:25:00 PM,0
2108401,3527,WESTELG2,0,1730233788,1730233788,04:29:48 PM,04:29:48 PM,0
2108401,3527,WESTLAM2,0,1730233938,1730233938,04:32:18 PM,04:32:18 PM,0
2108401,3527,SARNWES2,0,1730234160,1730234160,04:36:00 PM,04:36:00 PM,0
2108401,3527,SARNBRES,0,1730234252,1730234252,04:37:32 PM,04:37:32 PM,0
2108401,3527,SARNSLEI,0,1730234343,1730234343,04:39:03 PM,04:39:03 PM,0
2108401,3527,SARNLEYT,0,1730234449,1730234449,04:40:49 PM,04:40:49 PM,0
2108401,3527,WONDSAR2,0,1730234580,1730234580,04:43:00 PM,04:43:00 PM,0
2108401,3527,BEAVBLYT,0,1730234743,1730234743,04:45:43 PM,04:45:43 PM,0
2108401,3527,BEAVCAP1,0,1730234779,1730234779,04:46:19 PM,04:46:19 PM,0
2108401,3527,CAPUBLSM,0,1730234803,1730234803,04:46:43 PM,04:46:43 PM,0
2108401,3527,CAPUCAPW,0,1730234864,1730234864,04:47:44 PM,04:47:44 PM,0
2108401,3527,CAPUOXFO,0,1730234940,1730234940,04:49:00 PM,04:49:00 PM,0
2101703,3528,COMMDEV4,54,1730227080,1730227134,02:38:00 PM,02:38:54 PM,54
2101703,3528,FANSSTO2,174,1730229036,1730229210,03:10:36 PM,03:13:30 PM,174
2101703,3528,FANSHAS2,161,1730229134,1730229295,03:12:14 PM,03:14:55 PM,161
2101703,3528,FANSJEN2,168,1730229169,1730229337,03:12:49 PM,03:15:37 PM,168
2101703,3528,FANSJEN4,174,1730229195,1730229369,03:13:15 PM,03:16:09 PM,174
2101703,3528,FANSNCR2,182,1730229234,1730229416,03:13:54 PM,03:16:56 PM,182
2101703,3528,MASOSTO6,178,1730229300,1730229478,03:15:00 PM,03:17:58 PM,178
2101636,3528,MASOSTO6,0,1730230080,1730230080,03:28:00 PM,03:28:00 PM,0
2101636,3528,FANSRIC1,0,1730230172,1730230172,03:29:32 PM,03:29:32 PM,0
2101636,3528,FANSNCR1,-2,1730230202,1730230200,03:30:02 PM,03:30:00 PM,-2
2101636,3528,FANSNCR3,1,1730230248,1730230249,03:30:48 PM,03:30:49 PM,1
2101636,3528,FANSHAS3,-26,1730230308,1730230282,03:31:48 PM,03:31:22 PM,-26
2101636,3528,FANSHAS1,-52,1730230358,1730230306,03:32:38 PM,03:31:46 PM,-52
2101636,3528,FANSSTO3,-88,1730230414,1730230326,03:33:34 PM,03:32:06 PM,-88
2101636,3528,FANSSTO1,-126,1730230476,1730230350,03:34:36 PM,03:32:30 PM,-126
2101636,3528,ADELFAN2,0,1730230560,1730230560,03:36:00 PM,03:36:00 PM,0
2101636,3528,ADELMAPL,-11,1730230602,1730230591,03:36:42 PM,03:36:31 PM,-11
2101636,3528,ADELWILL,-17,1730230633,1730230616,03:37:13 PM,03:36:56 PM,-17
2101636,3528,ADELWIN2,-46,1730230716,1730230670,03:38:36 PM,03:37:50 PM,-46
2101636,3528,ADELKIP2,0,1730230800,1730230800,03:40:00 PM,03:40:00 PM,0
2101636,3528,ADELKIP6,-26,1730230862,1730230836,03:41:02 PM,03:40:36 PM,-26
2101636,3528,ADELHUR2,-27,1730230933,1730230906,03:42:13 PM,03:41:46 PM,-27
2101636,3528,ADELVIC2,-48,1730230988,1730230940,03:43:08 PM,03:42:20 PM,-48
2101636,3528,ADELCHE2,0,1730231040,1730231040,03:44:00 PM,03:44:00 PM,0
2101636,3528,ADELGRO2,-2,1730231075,1730231073,03:44:35 PM,03:44:33 PM,-2
2101636,3528,ADELSJA2,-13,1730231121,1730231108,03:45:21 PM,03:45:08 PM,-13
2101636,3528,ADELOXF2,87,1730231160,1730231247,03:46:00 PM,03:47:27 PM,87
2101636,3528,ADELPIC2,57,1730231202,1730231259,03:46:42 PM,03:47:39 PM,57
2101636,3528,ADELPAMA,,,,,,
2101636,3528,ADELCEN2,-26,1730231323,1730231297,03:48:43 PM,03:48:17 PM,-26
2101636,3528,ADELROSE,-48,1730231357,1730231309,03:49:17 PM,03:48:29 PM,-48
2101636,3528,ADELPRIN,-72,1730231395,1730231323,03:49:55 PM,03:48:43 PM,-72
2101636,3528,ADELDUFR,-91,1730231427,1730231336,03:50:27 PM,03:48:56 PM,-91
2101636,3528,ADELQUEE,-98,1730231462,1730231364,03:51:02 PM,03:49:24 PM,-98
2101636,3528,ADELDUN2,0,1730231520,1730231520,03:52:00 PM,03:52:00 PM,0
2101636,3528,ADELHAMI,4,1730231640,1730231644,03:54:00 PM,03:54:04 PM,4
2101636,3528,ADELHIL2,-21,1730231681,1730231660,03:54:41 PM,03:54:20 PM,-21
2101636,3528,ADELNEL2,-51,1730231742,1730231691,03:55:42 PM,03:54:51 PM,-51
2101636,3528,ADELADA2,-87,1730231804,1730231717,03:56:44 PM,03:55:17 PM,-87
2101636,3528,ADELEDNA,-121,1730231863,1730231742,03:57:43 PM,03:55:42 PM,-121
2101636,3528,ADELTHO4,-135,1730231951,1730231816,03:59:11 PM,03:56:56 PM,-135
2101636,3528,ADELTHO6,-161,1730231989,1730231828,03:59:49 PM,03:57:08 PM,-161
2101636,3528,ADELTHO2,-185,1730232029,1730231844,04:00:29 PM,03:57:24 PM,-185
2101636,3528,ADELTHO8,-206,1730232065,1730231859,04:01:05 PM,03:57:39 PM,-206
2101636,3528,ADELLEA2,-232,1730232114,1730231882,04:01:54 PM,03:58:02 PM,-232
2101636,3528,COMMADE1,0,1730232180,1730232180,04:03:00 PM,04:03:00 PM,0
2101636,3528,COMMLEA1,-11,1730232205,1730232194,04:03:25 PM,04:03:14 PM,-11
2101636,3528,COMMFRO1,-28,1730232254,1730232226,04:04:14 PM,04:03:46 PM,-28
2101636,3528,COMMKIE1,-36,1730232282,1730232246,04:04:42 PM,04:04:06 PM,-36
2101636,3528,COMMPOM1,-40,1730232326,1730232286,04:05:26 PM,04:04:46 PM,-40
2101636,3528,COMMPOM1,20,1730232326,1730232346,04:05:26 PM,04:05:46 PM,20
2101636,3528,PONDDEV2,20,1730232351,1730232371,04:05:51 PM,04:06:11 PM,20
2101636,3528,PONDBAN2,25,1730232378,1730232403,04:06:18 PM,04:06:43 PM,25
2101636,3528,DEVEPOND,17,1730232409,1730232426,04:06:49 PM,04:07:06 PM,17
2101636,3528,DEVEGLEN,12,1730232455,1730232467,04:07:35 PM,04:07:47 PM,12
2101636,3528,DEVELYSA,1,1730232500,1730232501,04:08:20 PM,04:08:21 PM,1
2101636,3528,DEVEBANB,-16,1730232540,1730232524,04:09:00 PM,04:08:44 PM,-16
2101636,3528,DEVECOM1,-16,1730232580,1730232564,04:09:40 PM,04:09:24 PM,-16
2101636,3528,COMMDEV4,-85,1730232660,1730232575,04:11:00 PM,04:09:35 PM,-85
2100996,3529,BASEWES2,315,1730228934,1730229249,03:08:54 PM,03:14:09 PM,315
2100996,3529,BASEWES4,297,1730228976,1730229273,03:09:36 PM,03:14:33 PM,297
2100996,3529,BASECOTS,275,1730229030,1730229305,03:10:30 PM,03:15:05 PM,275
2100996,3529,BEACBAS2,267,1730229097,1730229364,03:11:37 PM,03:16:04 PM,267
2100996,3529,ANDOCOM2,272,1730229135,1730229407,03:12:15 PM,03:16:47 PM,272
2100996,3529,ANDOVIG2,261,1730229176,1730229437,03:12:56 PM,03:17:17 PM,261
2100996,3529,ANDOELMG,249,1730229212,1730229461,03:13:32 PM,03:17:41 PM,249
2100996,3529,ANDOVIS2,228,1730229280,1730229508,03:14:40 PM,03:18:28 PM,228
2100996,3529,VISCGARD,196,1730229371,1730229567,03:16:11 PM,03:19:27 PM,196
2100996,3529,VISCFOXM,179,1730229413,1730229592,03:16:53 PM,03:19:52 PM,179
2100996,3529,VISCWON2,162,1730229476,1730229638,03:17:56 PM,03:20:38 PM,162
2100996,3529,WESTMAL3,127,1730229540,1730229667,03:19:00 PM,03:21:07 PM,127
2101068,3529,WESTMAL3,148,1730229840,1730229988,03:24:00 PM,03:26:28 PM,148
2101068,3529,VISCFARN,100,1730229915,1730230016,03:25:15 PM,03:26:56 PM,101
2101068,3529,VISCVIGR,88,1730229960,1730230048,03:26:00 PM,03:27:28 PM,88
2101068,3529,VISCCRAN,78,1730230005,1730230084,03:26:45 PM,03:28:04 PM,79
2101068,3529,CRANHIMO,64,1730230061,1730230126,03:27:41 PM,03:28:46 PM,65
2101068,3529,CRANSALE,60,1730230119,1730230180,03:28:39 PM,03:29:40 PM,61
2101068,3529,CRANCOMM,64,1730230140,1730230204,03:29:00 PM,03:30:04 PM,64
2101068,3529,COMMNOT1,36,1730230188,1730230224,03:29:48 PM,03:30:24 PM,36
2101068,3529,COMMNOT3,18,1730230223,1730230240,03:30:23 PM,03:30:40 PM,17
2101068,3529,WONDCOM2,-10,1730230310,1730230300,03:31:50 PM,03:31:40 PM,-10
2101068,3529,WONDVIL2,-14,1730230349,1730230334,03:32:29 PM,03:32:14 PM,-15
2101068,3529,WONDVIS2,-36,1730230394,1730230358,03:33:14 PM,03:32:38 PM,-36
2101068,3529,VISCWON3,14,1730230440,1730230454,03:34:00 PM,03:34:14 PM,14
2101068,3529,VISCSTEE,-16,1730230496,1730230480,03:34:56 PM,03:34:40 PM,-16
2101068,3529,VISCPIVA,-32,1730230539,1730230506,03:35:39 PM,03:35:06 PM,-33
2101068,3529,ANDOVIS3,-52,1730230630,1730230578,03:37:10 PM,03:36:18 PM,-52
2101068,3529,ANDONOVE,-78,1730230720,1730230642,03:38:40 PM,03:37:22 PM,-78
2101068,3529,ANDOVIG1,-80,1730230736,1730230656,03:38:56 PM,03:37:36 PM,-80
2101068,3529,ANDOCOM1,-78,1730230776,1730230698,03:39:36 PM,03:38:18 PM,-78
2101068,3529,BEACBAS1,-62,1730230815,1730230754,03:40:15 PM,03:39:14 PM,-61
2101068,3529,BASEWES3,-80,1730230873,1730230794,03:41:13 PM,03:39:54 PM,-79
2101068,3529,BASEWES1,-92,1730230927,1730230834,03:42:07 PM,03:40:34 PM,-93
2101068,3529,BASEMGR1,-96,1730230977,1730230882,03:42:57 PM,03:41:22 PM,-95
2101068,3529,BASEWHA1,0,1730231040,1730231040,03:44:00 PM,03:44:00 PM,0
2101068,3529,BASEDUND,-13,1730231076,1730231063,03:44:36 PM,03:44:23 PM,-13
2101068,3529,CATHBASE,-37,1730231143,1730231106,03:45:43 PM,03:45:06 PM,-37
2101068,3529,CATHDEVO,-58,1730231199,1730231141,03:46:39 PM,03:45:41 PM,-58
2101068,3529,CATHLANG,-71,1730231245,1730231174,03:47:25 PM,03:46:14 PM,-71
2101068,3529,CATHTECU,-80,1730231295,1730231215,03:48:15 PM,03:46:55 PM,-80
2101068,3529,CATHELMW,-87,1730231349,1730231262,03:49:09 PM,03:47:42 PM,-87
2101068,3529,BRUCWORT,-85,1730231406,1730231321,03:50:06 PM,03:48:41 PM,-85
2101068,3529,BRUCMARL,-92,1730231437,1730231345,03:50:37 PM,03:49:05 PM,-92
2101068,3529,RIDOCRA1,-90,1730231483,1730231393,03:51:23 PM,03:49:53 PM,-90
2101068,3529,RIDOING1,-112,1730231517,1730231405,03:51:57 PM,03:50:05 PM,-112
2101068,3529,HORTRID1,-133,1730231567,1730231434,03:52:47 PM,03:50:34 PM,-133
2101068,3529,RICHHOT1,-133,1730231632,1730231499,03:53:52 PM,03:51:39 PM,-133
2101068,3529,RICHKIN1,0,1730231700,1730231700,03:55:00 PM,03:55:00 PM,0
2101068,3529,RICHQUEE,-89,1730231820,1730231731,03:57:00 PM,03:55:31 PM,-89
2101068,3529,RICHQUEE,72,1730231820,1730231892,03:57:00 PM,03:58:12 PM,72
2101068,3529,RICHKEN1,18,1730231908,1730231926,03:58:28 PM,03:58:46 PM,18
2101068,3529,RICHHYM1,-8,1730231988,1730231980,03:59:48 PM,03:59:40 PM,-8
2101068,3529,RICHPALL,-14,1730232034,1730232020,04:00:34 PM,04:00:20 PM,-14
2101068,3529,RICHOXF1,8,1730232130,1730232138,04:02:10 PM,04:02:18 PM,8
2101068,3529,RICHJAM1,-22,1730232176,1730232154,04:02:56 PM,04:02:34 PM,-22
2101068,3529,RICHGRO1,-56,1730232252,1730232196,04:04:12 PM,04:03:16 PM,-56
2101068,3529,RICHCHE1,0,1730232300,1730232300,04:05:00 PM,04:05:00 PM,0
2101068,3529,CHEAWAT1,-21,1730232386,1730232365,04:06:26 PM,04:06:05 PM,-21
2101068,3529,CHEACOLB,-40,1730232442,1730232402,04:07:22 PM,04:06:42 PM,-40
2101068,3529,CHEAMAI1,-63,1730232494,1730232431,04:08:14 PM,04:07:11 PM,-63
2101068,3529,CHEAWIL1,-83,1730232542,1730232459,04:09:02 PM,04:07:39 PM,-83
2101068,3529,CHEAADE1,0,1730232600,1730232600,04:10:00 PM,04:10:00 PM,0
2101068,3529,CHEABRA1,-46,1730232682,1730232636,04:11:22 PM,04:10:36 PM,-46
2101068,3529,CHEAGAM1,-60,1730232729,1730232669,04:12:09 PM,04:11:09 PM,-60
2101068,3529,CHEABARK,-66,1730232774,1730232708,04:12:54 PM,04:11:48 PM,-66
2101068,3529,CHEABOU1,-67,1730232812,1730232745,04:13:32 PM,04:12:25 PM,-67
2101068,3529,CHEAMCNA,-62,1730232879,1730232817,04:14:39 PM,04:13:37 PM,-62
2101068,3529,MCNAVIC3,-74,1730232935,1730232861,04:15:35 PM,04:14:21 PM,-74
2101068,3529,MCNAVIC1,-73,1730232956,1730232883,04:15:56 PM,04:14:43 PM,-73
2101068,3529,MCNAHUR1,-59,1730233006,1730232947,04:16:46 PM,04:15:47 PM,-59
2101068,3529,HUROVES1,-63,1730233072,1730233009,04:17:52 PM,04:16:49 PM,-63
2101068,3529,HUROHIG1,0,1730233140,1730233140,04:19:00 PM,04:19:00 PM,0
2101068,3529,HUROWEB1,0,1730233223,1730233223,04:20:23 PM,04:20:23 PM,0
2101068,3529,HUROSAN1,0,1730233277,1730233277,04:21:17 PM,04:21:17 PM,0
2101068,3529,BECKTOUK,0,1730233342,1730233342,04:22:22 PM,04:22:22 PM,0
2101068,3529,BECKLANC,0,1730233372,1730233372,04:22:52 PM,04:22:52 PM,0
2101068,3529,BECKLANG,0,1730233394,1730233394,04:23:14 PM,04:23:14 PM,0
2101068,3529,BECKTUDO,0,1730233415,1730233415,04:23:35 PM,04:23:35 PM,0
2101068,3529,BECKSORR,0,1730233442,1730233442,04:24:02 PM,04:24:02 PM,0
2101068,3529,SORRPERT,0,1730233493,1730233493,04:24:53 PM,04:24:53 PM,0
2101068,3529,SORRHURO,0,1730233525,1730233525,04:25:25 PM,04:25:25 PM,0
2101068,3529,OAKVHURO,0,1730233560,1730233560,04:26:00 PM,04:26:00 PM,0
2095023,3530,YORKWAT2,-20,1730229228,1730229208,03:13:48 PM,03:13:28 PM,-20
2095023,3530,WATEDUN1,18,1730229300,1730229318,03:15:00 PM,03:15:18 PM,18
2095023,3530,WATEQUE1,-8,1730229353,1730229345,03:15:53 PM,03:15:45 PM,-8
2095023,3530,DUFFCOLB,-32,1730229428,1730229396,03:17:08 PM,03:16:36 PM,-32
2095023,3530,COLBPRIN,,,,,,
2095023,3530,COLBCEN1,,,,,,
2095023,3530,COLBPAM1,-4,1730229621,1730229617,03:20:21 PM,03:20:17 PM,-4
2095023,3530,COLBOXFO,0,1730229720,1730229720,03:22:00 PM,03:22:00 PM,0
2095023,3530,COLBSJM1,-14,1730229747,1730229733,03:22:27 PM,03:22:13 PM,-14
2095023,3530,COLBGRO2,-29,1730229788,1730229759,03:23:08 PM,03:22:39 PM,-29
2095023,3530,CHEACOLB,-20,1730229836,1730229816,03:23:56 PM,03:23:36 PM,-20
2095023,3530,CHEAMAI1,-35,1730229879,1730229844,03:24:39 PM,03:24:04 PM,-35
2095023,3530,CHEAWIL1,-47,1730229919,1730229872,03:25:19 PM,03:24:32 PM,-47
2095023,3530,ADELCHE1,0,1730229960,1730229960,03:26:00 PM,03:26:00 PM,0
2095023,3530,ADELVIC1,-16,1730229995,1730229979,03:26:35 PM,03:26:19 PM,-16
2095023,3530,ADELREG1,8,1730230049,1730230057,03:27:29 PM,03:27:37 PM,8
2095023,3530,ADELHUR1,27,1730230087,1730230114,03:28:07 PM,03:28:34 PM,27
2095023,3530,ADELHUR5,-7,1730230154,1730230147,03:29:14 PM,03:29:07 PM,-7
2095023,3530,KIPPADEL,-86,1730230260,1730230174,03:31:00 PM,03:29:34 PM,-86
2094962,3530,KIPPADEL,0,1730230500,1730230500,03:35:00 PM,03:35:00 PM,0
2094962,3530,KIPPBELF,0,1730230565,1730230565,03:36:05 PM,03:36:05 PM,0
2094962,3530,KIPPBARK,-16,1730230636,1730230620,03:37:16 PM,03:37:00 PM,-16
2094962,3530,KIPPARBO,-32,1730230679,1730230647,03:37:59 PM,03:37:27 PM,-32
2094962,3530,KIPPBRIA,-64,1730230748,1730230684,03:39:08 PM,03:38:04 PM,-64
2094962,3530,BRIAMEL2,-83,1730230801,1730230718,03:40:01 PM,03:38:38 PM,-83
2094962,3530,BRIAMEL3,-94,1730230847,1730230753,03:40:47 PM,03:39:13 PM,-94
2094962,3530,BRIAHURO,-68,1730230872,1730230804,03:41:12 PM,03:40:04 PM,-68
2094962,3530,HUROBRI2,-69,1730230901,1730230832,03:41:41 PM,03:40:32 PM,-69
2094962,3530,HUROBARK,-102,1730230969,1730230867,03:42:49 PM,03:41:07 PM,-102
2094962,3530,HUROWEDG,-137,1730231039,1730230902,03:43:59 PM,03:41:42 PM,-137
2094962,3530,HUROADE6,-159,1730231100,1730230941,03:45:00 PM,03:42:21 PM,-159
2094962,3530,ADELHUR2,0,1730231160,1730231160,03:46:00 PM,03:46:00 PM,0
2094962,3530,ADELVIC2,-49,1730231237,1730231188,03:47:17 PM,03:46:28 PM,-49
2094962,3530,CHEAADE2,-69,1730231310,1730231241,03:48:30 PM,03:47:21 PM,-69
2094962,3530,CHEAWIL2,-94,1730231347,1730231253,03:49:07 PM,03:47:33 PM,-94
2094962,3530,CHEAMAI2,-139,1730231421,1730231282,03:50:21 PM,03:48:02 PM,-139
2094962,3530,COLBCHEA,-171,1730231479,1730231308,03:51:19 PM,03:48:28 PM,-171
2094962,3530,COLBGRO1,-195,1730231525,1730231330,03:52:05 PM,03:48:50 PM,-195
2094962,3530,COLBSJM2,-228,1730231582,1730231354,03:53:02 PM,03:49:14 PM,-228
2094962,3530,COLBOXFD,0,1730231640,1730231640,03:54:00 PM,03:54:00 PM,0
2094962,3530,COLBPAM2,-27,1730231719,1730231692,03:55:19 PM,03:54:52 PM,-27
2094962,3530,COLBCEN2,,,,,,
2094962,3530,COLBDUFF,10,1730231860,1730231870,03:57:40 PM,03:57:50 PM,10
2094962,3530,WATEDUF1,6,1730231927,1730231933,03:58:47 PM,03:58:53 PM,6
2094962,3530,WATEKINS,28,1730232014,1730232042,04:00:14 PM,04:00:42 PM,28
2094962,3530,YORKWAT1,32,1730232060,1730232092,04:01:00 PM,04:01:32 PM,32
2094962,3530,COLBHOR2,18,1730232182,1730232200,04:03:02 PM,04:03:20 PM,18
2094962,3530,GREYCOLB,-14,1730232250,1730232236,04:04:10 PM,04:03:56 PM,-14
2094962,3530,GREYWATE,-40,1730232295,1730232255,04:04:55 PM,04:04:15 PM,-40
2094962,3530,WELLGRE2,-35,1730232373,1730232338,04:06:13 PM,04:05:38 PM,-35
2094962,3530,WELLSOU2,-78,1730232437,1730232359,04:07:17 PM,04:05:59 PM,-78
2094962,3530,WELLGRA2,-116,1730232534,1730232418,04:08:54 PM,04:06:58 PM,-116
2094962,3530,WELLCOLG,-150,1730232596,1730232446,04:09:56 PM,04:07:26 PM,-150
2094962,3530,WELLWELL,-195,1730232664,1730232469,04:11:04 PM,04:07:49 PM,-195
2094962,3530,WELLTHJA,-259,1730232759,1730232500,04:12:39 PM,04:08:20 PM,-259
2094962,3530,WELLPERC,-291,1730232816,1730232525,04:13:36 PM,04:08:45 PM,-291
2094962,3530,BASEWEL1,-304,1730232885,1730232581,04:14:45 PM,04:09:41 PM,-304
2094962,3530,BASEFAI3,0,1730232960,1730232960,04:16:00 PM,04:16:00 PM,0
2094962,3530,WESTBAS1,0,1730233000,1730233000,04:16:40 PM,04:16:40 PM,0
2094962,3530,WESTWHE1,0,1730233018,1730233018,04:16:58 PM,04:16:58 PM,0
2094962,3530,WESTTHO1,0,1730233043,1730233043,04:17:23 PM,04:17:23 PM,0
2094962,3530,THOMADE1,0,1730233074,1730233074,04:17:54 PM,04:17:54 PM,0
2094962,3530,THOMEME1,0,1730233095,1730233095,04:18:15 PM,04:18:15 PM,0
2094962,3530,THOMCHE1,0,1730233128,1730233128,04:18:48 PM,04:18:48 PM,0
2094962,3530,THOMGLA1,0,1730233140,1730233140,04:19:00 PM,04:19:00 PM,0
2094962,3530,THOMKED1,0,1730233162,1730233162,04:19:22 PM,04:19:22 PM,0
2094962,3530,PONDSCE2,0,1730233218,1730233218,04:20:18 PM,04:20:18 PM,0
2094962,3530,PONDSCE4,0,1730233241,1730233241,04:20:41 PM,04:20:41 PM,0
2094962,3530,PONDAILS,0,1730233271,1730233271,04:21:11 PM,04:21:11 PM,0
2094962,3530,PONDCLE2,0,1730233320,1730233320,04:22:00 PM,04:22:00 PM,0
2094962,3530,SHELBUR2,0,1730233421,1730233421,04:23:41 PM,04:23:41 PM,0
2094962,3530,SHELODEL,0,1730233443,1730233443,04:24:03 PM,04:24:03 PM,0
2094962,3530,SHELDEVE,0,1730233500,1730233500,04:25:00 PM,04:25:00 PM,0
2095615,3533,NATSCI,351,1730226060,1730226411,02:21:00 PM,02:26:51 PM,351
2095615,3533,WESTELG2,265,1730226222,1730226487,02:23:42 PM,02:28:07 PM,265
2095615,3533,ARGYMAL1,74,1730229420,1730229494,03:17:00 PM,03:18:14 PM,74
2095615,3533,CLARCHU2,47,1730229465,1730229512,03:17:45 PM,03:18:32 PM,47
2095615,3533,CLARWAV2,35,1730229510,1730229545,03:18:30 PM,03:19:05 PM,35
2095615,3533,CLARROY2,23,1730229534,1730229557,03:18:54 PM,03:19:17 PM,23
2095615,3533,CLARSUD2,-3,1730229588,1730229585,03:19:48 PM,03:19:45 PM,-3
2095615,3533,MARCTRAF,27,1730229661,1730229688,03:21:01 PM,03:21:28 PM,27
2095615,3533,MARCNOEL,39,1730229711,1730229750,03:21:51 PM,03:22:30 PM,39
2095615,3533,NOELBOW,37,1730229759,1730229796,03:22:39 PM,03:23:16 PM,37
2095615,3533,BOWBANC,36,1730229800,1730229836,03:23:20 PM,03:23:56 PM,36
2095615,3533,HUDSBAFF,37,1730229825,1730229862,03:23:45 PM,03:24:22 PM,37
2095615,3533,HUDSFROB,44,1730229848,1730229892,03:24:08 PM,03:24:52 PM,44
2095615,3533,HUDSJOLI,38,1730229900,1730229938,03:25:00 PM,03:25:38 PM,38
2095615,3533,HUDSTRAF,27,1730229929,1730229956,03:25:29 PM,03:25:56 PM,27
2095615,3533,TRAFHUD2,-64,1730230020,1730229956,03:27:00 PM,03:25:56 PM,-64
2095654,3533,TRAFHUD2,0,1730230020,1730230020,03:27:00 PM,03:27:00 PM,0
2095654,3533,TRAFHUD4,0,1730230064,1730230064,03:27:44 PM,03:27:44 PM,0
2095654,3533,TRAFBANC,0,1730230102,1730230102,03:28:22 PM,03:28:22 PM,0
2095654,3533,TRAFMARC,-5,1730230186,1730230181,03:29:46 PM,03:29:41 PM,-5
2095654,3533,TRAFCLA2,-10,1730230221,1730230211,03:30:21 PM,03:30:11 PM,-10
2095654,3533,TRAFCLA4,-20,1730230247,1730230227,03:30:47 PM,03:30:27 PM,-20
2095654,3533,TRAFATK2,-65,1730230329,1730230264,03:32:09 PM,03:31:04 PM,-65
2095654,3533,TRAFDAWN,-79,1730230363,1730230284,03:32:43 PM,03:31:24 PM,-79
2095654,3533,TRAFVAN2,-89,1730230406,1730230317,03:33:26 PM,03:31:57 PM,-89
2095654,3533,TRAFTHO2,-129,1730230488,1730230359,03:34:48 PM,03:32:39 PM,-129
2095654,3533,TRAFSTE2,-146,1730230532,1730230386,03:35:32 PM,03:33:06 PM,-146
2095654,3533,HALESTE1,-187,1730230620,1730230433,03:37:00 PM,03:33:53 PM,-187
2095654,3533,HALEBRY1,-178,1730230667,1730230489,03:37:47 PM,03:34:49 PM,-178
2095654,3533,HALEGRAY,-194,1730230706,1730230512,03:38:26 PM,03:35:12 PM,-194
2095654,3533,HALEEAST,-188,1730230739,1730230551,03:38:59 PM,03:35:51 PM,-188
2095654,3533,HALEDOU1,,,,,,
2095654,3533,HALEDUND,,,,,,
2095654,3533,DUNDHAL4,,,,,,
2095654,3533,DUNDHIG2,185,1730230920,1730231105,03:42:00 PM,03:45:05 PM,185
2095654,3533,DUNDASH4,129,1730231011,1730231140,03:43:31 PM,03:45:40 PM,129
2095654,3533,DUNDMCOR,,,,,,
2095654,3533,DUNDDORI,,,,,,
2095654,3533,DUNDEGE2,,,,,,
2095654,3533,DUNDQUE2,-4,1730231244,1730231240,03:47:24 PM,03:47:20 PM,-4
2095654,3533,DUNDONT2,-32,1730231298,1730231266,03:48:18 PM,03:47:46 PM,-32
2095654,3533,DUNDREC2,-56,1730231349,1730231293,03:49:09 PM,03:48:13 PM,-56
2095654,3533,DUNDENGL,-78,1730231403,1730231325,03:50:03 PM,03:48:45 PM,-78
2095654,3533,DUNDELIZ,-88,1730231459,1730231371,03:50:59 PM,03:49:31 PM,-88
2095654,3533,DUNDADE2,0,1730231520,1730231520,03:52:00 PM,03:52:00 PM,0
2095654,3533,DUNDWIL2,-9,1730231564,1730231555,03:52:44 PM,03:52:35 PM,-9
2095654,3533,DUNDMAI2,-33,1730231626,1730231593,03:53:46 PM,03:53:13 PM,-33
2095654,3533,DUNDCOL2,-53,1730231689,1730231636,03:54:49 PM,03:53:56 PM,-53
2095654,3533,DUNDWAT2,-74,1730231753,1730231679,03:55:53 PM,03:54:39 PM,-74
2095654,3533,DUNDWEL2,0,1730231820,1730231820,03:57:00 PM,03:57:00 PM,0
2095654,3533,QUEECLAR,-48,1730231931,1730231883,03:58:51 PM,03:58:03 PM,-48
2095654,3533,QUEERIC1,-117,1730232000,1730231883,04:00:00 PM,03:58:03 PM,-117
2095654,3533,QUEERIC1,38,1730232000,1730232038,04:00:00 PM,04:00:38 PM,38
2095654,3533,QUENRIDO,-40,1730232110,1730232070,04:01:50 PM,04:01:10 PM,-40
2095654,3533,RIVEWIL2,-134,1730232251,1730232118,04:04:11 PM,04:01:58 PM,-133
2095654,3533,RIVEWHA2,-168,1730232305,1730232138,04:05:05 PM,04:02:18 PM,-167
2095654,3533,WHARMPL1,-200,1730232362,1730232162,04:06:02 PM,04:02:42 PM,-200
2095654,3533,WHARMOIR,-232,1730232415,1730232184,04:06:55 PM,04:03:04 PM,-231
2095654,3533,WHAREMPR,-234,1730232495,1730232262,04:08:15 PM,04:04:22 PM,-233
2095654,3533,WHAROXF1,0,1730232600,1730232600,04:10:00 PM,04:10:00 PM,0
2095654,3533,WESTESSE,-10,1730232661,1730232651,04:11:01 PM,04:10:51 PM,-10
2095654,3533,WESTHOL1,-27,1730232712,1730232685,04:11:52 PM,04:11:25 PM,-27
2095654,3533,WESTPLA1,-41,1730232766,1730232725,04:12:46 PM,04:12:05 PM,-41
2095654,3533,WESTPHA1,0,1730232840,1730232840,04:14:00 PM,04:14:00 PM,0
2095654,3533,WESTPHA3,0,1730232905,1730232905,04:15:05 PM,04:15:05 PM,0
2095654,3533,ALUMHAL1,0,1730233039,1730233039,04:17:19 PM,04:17:19 PM,0
2095654,3533,MIDDPERT,0,1730233204,1730233204,04:20:04 PM,04:20:04 PM,0
2095654,3533,NATSCI,0,1730233320,1730233320,04:22:00 PM,04:22:00 PM,0
2105408,3534,DOONMUS1,15,1730228858,1730228873,03:07:38 PM,03:07:53 PM,15
2105408,3534,DOONMUS3,5,1730228881,1730228886,03:08:01 PM,03:08:06 PM,5
2105408,3534,DOONSUNY,-9,1730228934,1730228925,03:08:54 PM,03:08:45 PM,-9
2105408,3534,DOONRAV4,-17,1730228975,1730228958,03:09:35 PM,03:09:18 PM,-17
2105408,3534,DOONRAV2,-24,1730228993,1730228969,03:09:53 PM,03:09:29 PM,-24
2105408,3534,DOONWIN2,-39,1730229040,1730229001,03:10:40 PM,03:10:01 PM,-39
2105408,3534,WINDTAL2,-59,1730229080,1730229021,03:11:20 PM,03:10:21 PM,-59
2105408,3534,WINDRIC2,-69,1730229148,1730229079,03:12:28 PM,03:11:19 PM,-69
2105408,3534,PERTWIN2,-74,1730229189,1730229115,03:13:09 PM,03:11:55 PM,-74
2105408,3534,UNIVHOS2,-108,1730229240,1730229132,03:14:00 PM,03:12:12 PM,-108
2105408,3534,UNIVHOS2,12,1730229240,1730229252,03:14:00 PM,03:14:12 PM,12
2105408,3534,DELAHAL2,-20,1730229375,1730229354,03:16:15 PM,03:15:54 PM,-21
2105408,3534,NATSCI,126,1730229480,1730229606,03:18:00 PM,03:20:06 PM,126
2105408,3534,WESTELG1,140,1730229544,1730229684,03:19:04 PM,03:21:24 PM,140
2105408,3534,WESTAMB1,114,1730229656,1730229770,03:20:56 PM,03:22:50 PM,114
2105408,3534,AMBLHILL,106,1730229710,1730229816,03:21:50 PM,03:23:36 PM,106
2105408,3534,AMBLGRA2,98,1730229770,1730229868,03:22:50 PM,03:24:28 PM,98
2105408,3534,AMBLGRN2,78,1730229847,1730229926,03:24:07 PM,03:25:26 PM,79
2105408,3534,AMBLWHI1,54,1730229912,1730229966,03:25:12 PM,03:26:06 PM,54
2105408,3534,AMBLWHI2,56,1730229939,1730229994,03:25:39 PM,03:26:34 PM,55
2105408,3534,PINNFAN1,52,1730230020,1730230072,03:27:00 PM,03:27:52 PM,52
2105408,3534,PINNERIV,40,1730230068,1730230108,03:27:48 PM,03:28:28 PM,40
2105408,3534,PINNPLNE,22,1730230110,1730230132,03:28:30 PM,03:28:52 PM,22
2105408,3534,PLANFAIR,-2,1730230171,1730230170,03:29:31 PM,03:29:30 PM,-1
2105408,3534,QUARPLNE,-20,1730230227,1730230206,03:30:27 PM,03:30:06 PM,-21
2105408,3534,MEADQUAR,-48,1730230318,1730230270,03:31:58 PM,03:31:10 PM,-48
2105408,3534,MEADSUNN,-64,1730230387,1730230322,03:33:07 PM,03:32:02 PM,-65
2105408,3534,SUNNVILW,0,1730230440,1730230440,03:34:00 PM,03:34:00 PM,0
2105408,3534,SUNNRICH,-10,1730230493,1730230483,03:34:53 PM,03:34:43 PM,-10
2105408,3534,1985RICH,-44,1730230557,1730230513,03:35:57 PM,03:35:13 PM,-44
2105408,3534,RICHPLNE,-80,1730230612,1730230532,03:36:52 PM,03:35:32 PM,-80
2105408,3534,RICHNCRE,-113,1730230671,1730230558,03:37:51 PM,03:35:58 PM,-113
2105408,3534,MASOSTO2,-151,1730230800,1730230649,03:40:00 PM,03:37:29 PM,-151
2101013,3535,RIDOCRA2,105,1730229058,1730229163,03:10:58 PM,03:12:43 PM,105
2101013,3535,RIDOELMW,108,1730229091,1730229199,03:11:31 PM,03:13:19 PM,108
2101013,3535,ELMWMARL,96,1730229135,1730229231,03:12:15 PM,03:13:51 PM,96
2101013,3535,ELMWWORT,96,1730229167,1730229263,03:12:47 PM,03:14:23 PM,96
2101013,3535,ELMWCATH,93,1730229188,1730229281,03:13:08 PM,03:14:41 PM,93
2101013,3535,EDWAELMW,76,1730229241,1730229317,03:14:01 PM,03:15:17 PM,76
2101013,3535,EDWATECU,66,1730229279,1730229345,03:14:39 PM,03:15:45 PM,66
2101013,3535,EDWALANG,59,1730229326,1730229385,03:15:26 PM,03:16:25 PM,59
2101013,3535,EDWAHIWY,42,1730229384,1730229426,03:16:24 PM,03:17:06 PM,42
2101013,3535,EDWABASE,28,1730229425,1730229453,03:17:05 PM,03:17:33 PM,28
2101013,3535,BASEWHA2,82,1730229480,1730229562,03:18:00 PM,03:19:22 PM,82
2101013,3535,BASEWES2,79,1730229538,1730229617,03:18:58 PM,03:20:17 PM,79
2101013,3535,BASEWES4,57,1730229584,1730229641,03:19:44 PM,03:20:41 PM,57
2101013,3535,BASECOTS,31,1730229642,1730229673,03:20:42 PM,03:21:13 PM,31
2101013,3535,BEACBAS2,17,1730229715,1730229732,03:21:55 PM,03:22:12 PM,17
2101013,3535,ANDOCOM2,19,1730229756,1730229775,03:22:36 PM,03:22:55 PM,19
2101013,3535,ANDOVIG2,5,1730229800,1730229805,03:23:20 PM,03:23:25 PM,5
2101013,3535,ANDOELMG,-10,1730229839,1730229829,03:23:59 PM,03:23:49 PM,-10
2101013,3535,ANDOVIS2,-36,1730229912,1730229876,03:25:12 PM,03:24:36 PM,-36
2101013,3535,VISCGARD,-75,1730230010,1730229935,03:26:50 PM,03:25:35 PM,-75
2101013,3535,VISCFOXM,-96,1730230056,1730229960,03:27:36 PM,03:26:00 PM,-96
2101013,3535,VISCWON2,-118,1730230124,1730230006,03:28:44 PM,03:26:46 PM,-118
2101013,3535,WESTMAL2,-164,1730230200,1730230036,03:30:00 PM,03:27:16 PM,-164
2101086,3535,WESTMAL2,0,1730230560,1730230560,03:36:00 PM,03:36:00 PM,0
2101086,3535,VISCWON1,0,1730230607,1730230607,03:36:47 PM,03:36:47 PM,0
2101086,3535,VISCWON5,-3,1730230633,1730230630,03:37:13 PM,03:37:10 PM,-3
2101086,3535,WONDMMA4,-27,1730230698,1730230671,03:38:18 PM,03:37:51 PM,-27
2101086,3535,MCMAWON2,-39,1730230736,1730230697,03:38:56 PM,03:38:17 PM,-39
2101086,3535,DALHMCM1,-65,1730230797,1730230732,03:39:57 PM,03:38:52 PM,-65
2101086,3535,DALHBRI2,0,1730230860,1730230860,03:41:00 PM,03:41:00 PM,0
2101086,3535,SOUTSWCC,-22,1730230974,1730230952,03:42:54 PM,03:42:32 PM,-22
2101086,3535,SOUTPINE,-44,1730231049,1730231005,03:44:09 PM,03:43:25 PM,-44
2101086,3535,WONDSDA1,-34,1730231097,1730231063,03:44:57 PM,03:44:23 PM,-34
2101086,3535,WONDPVA1,-73,1730231168,1730231095,03:46:08 PM,03:44:55 PM,-73
2101086,3535,WONDMMA3,-90,1730231199,1730231109,03:46:39 PM,03:45:09 PM,-90
2101086,3535,WONDMMA1,-114,1730231246,1730231132,03:47:26 PM,03:45:32 PM,-114
2101086,3535,VISCWON3,0,1730231340,1730231340,03:49:00 PM,03:49:00 PM,0
2101086,3535,VISCSTEE,-30,1730231396,1730231366,03:49:56 PM,03:49:26 PM,-30
2101086,3535,VISCPIVA,-47,1730231439,1730231392,03:50:39 PM,03:49:52 PM,-47
2101086,3535,ANDOVIS3,-67,1730231530,1730231463,03:52:10 PM,03:51:03 PM,-67
2101086,3535,ANDONOVE,-92,1730231620,1730231528,03:53:40 PM,03:52:08 PM,-92
2101086,3535,ANDOVIG1,-95,1730231636,1730231541,03:53:56 PM,03:52:21 PM,-95
2101086,3535,ANDOCOM1,-93,1730231676,1730231583,03:54:36 PM,03:53:03 PM,-93
2101086,3535,BEACBAS1,-76,1730231715,1730231639,03:55:15 PM,03:53:59 PM,-76
2101086,3535,BASEWES3,-94,1730231773,1730231679,03:56:13 PM,03:54:39 PM,-94
2101086,3535,BASEWES1,-107,1730231827,1730231720,03:57:07 PM,03:55:20 PM,-107
2101086,3535,BASEMGR1,-110,1730231877,1730231767,03:57:57 PM,03:56:07 PM,-110
2101086,3535,BASEWHA1,0,1730231940,1730231940,03:59:00 PM,03:59:00 PM,0
2101086,3535,BASEDUND,-13,1730231976,1730231963,03:59:36 PM,03:59:23 PM,-13
2101086,3535,CATHBASE,-37,1730232043,1730232006,04:00:43 PM,04:00:06 PM,-37
2101086,3535,CATHDEVO,-58,1730232099,1730232041,04:01:39 PM,04:00:41 PM,-58
2101086,3535,CATHLANG,-71,1730232145,1730232074,04:02:25 PM,04:01:14 PM,-71
2101086,3535,CATHTECU,-80,1730232195,1730232115,04:03:15 PM,04:01:55 PM,-80
2101086,3535,CATHELMW,-87,1730232249,1730232162,04:04:09 PM,04:02:42 PM,-87
2101086,3535,BRUCWORT,-85,1730232306,1730232221,04:05:06 PM,04:03:41 PM,-85
2101086,3535,BRUCMARL,-92,1730232337,1730232245,04:05:37 PM,04:04:05 PM,-92
2101086,3535,RIDOCRA1,-90,1730232383,1730232293,04:06:23 PM,04:04:53 PM,-90
2101086,3535,RIDOING1,-112,1730232417,1730232305,04:06:57 PM,04:05:05 PM,-112
2101086,3535,HORTRID1,-133,1730232467,1730232334,04:07:47 PM,04:05:34 PM,-133
2101086,3535,RICHHOT1,-133,1730232532,1730232399,04:08:52 PM,04:06:39 PM,-133
2101086,3535,RICHKIN1,0,1730232600,1730232600,04:10:00 PM,04:10:00 PM,0
2101086,3535,RICHQUEE,-89,1730232720,1730232631,04:12:00 PM,04:10:31 PM,-89
2101086,3535,RICHQUEE,72,1730232720,1730232792,04:12:00 PM,04:13:12 PM,72
2101086,3535,RICHKEN1,-6,1730232831,1730232826,04:13:51 PM,04:13:46 PM,-5
2101086,3535,RICHHYM1,-52,1730232931,1730232880,04:15:31 PM,04:14:40 PM,-51
2101086,3535,RICHPALL,-68,1730232989,1730232920,04:16:29 PM,04:15:20 PM,-69
2101086,3535,RICHOXF1,-70,1730233109,1730233038,04:18:29 PM,04:17:18 PM,-71
2101086,3535,RICHJAM1,-112,1730233166,1730233054,04:19:26 PM,04:17:34 PM,-112
2101086,3535,RICHGRO1,-164,1730233261,1730233096,04:21:01 PM,04:18:16 PM,-165
2101086,3535,RICHCHE1,0,1730233320,1730233320,04:22:00 PM,04:22:00 PM,0
2101086,3535,CHEAWAT1,0,1730233406,1730233406,04:23:26 PM,04:23:26 PM,0
2101086,3535,CHEACOLB,0,1730233462,1730233462,04:24:22 PM,04:24:22 PM,0
2101086,3535,CHEAMAI1,0,1730233514,1730233514,04:25:14 PM,04:25:14 PM,0
2101086,3535,CHEAWIL1,0,1730233562,1730233562,04:26:02 PM,04:26:02 PM,0
2101086,3535,CHEAADE1,0,1730233620,1730233620,04:27:00 PM,04:27:00 PM,0
2101086,3535,CHEABRA1,0,1730233702,1730233702,04:28:22 PM,04:28:22 PM,0
2101086,3535,CHEAGAM1,0,1730233749,1730233749,04:29:09 PM,04:29:09 PM,0
2101086,3535,CHEABARK,0,1730233794,1730233794,04:29:54 PM,04:29:54 PM,0
2101086,3535,CHEABOU1,0,1730233832,1730233832,04:30:32 PM,04:30:32 PM,0
2101086,3535,CHEAMCNA,0,1730233899,1730233899,04:31:39 PM,04:31:39 PM,0
2101086,3535,MCNAVIC3,0,1730233955,1730233955,04:32:35 PM,04:32:35 PM,0
2101086,3535,MCNAVIC1,0,1730233976,1730233976,04:32:56 PM,04:32:56 PM,0
2101086,3535,MCNAHUR1,0,1730234026,1730234026,04:33:46 PM,04:33:46 PM,0
2101086,3535,HUROVES1,0,1730234092,1730234092,04:34:52 PM,04:34:52 PM,0
2101086,3535,HUROHIG1,0,1730234160,1730234160,04:36:00 PM,04:36:00 PM,0
2101086,3535,HUROWEB1,0,1730234243,1730234243,04:37:23 PM,04:37:23 PM,0
2101086,3535,HUROSAN1,0,1730234297,1730234297,04:38:17 PM,04:38:17 PM,0
2101086,3535,BECKTOUK,0,1730234362,1730234362,04:39:22 PM,04:39:22 PM,0
2101086,3535,BECKLANC,0,1730234392,1730234392,04:39:52 PM,04:39:52 PM,0
2101086,3535,BECKLANG,0,1730234414,1730234414,04:40:14 PM,04:40:14 PM,0
2101086,3535,BECKTUDO,0,1730234435,1730234435,04:40:35 PM,04:40:35 PM,0
2101086,3535,BECKSORR,0,1730234462,1730234462,04:41:02 PM,04:41:02 PM,0
2101086,3535,SORRPERT,0,1730234513,1730234513,04:41:53 PM,04:41:53 PM,0
2101086,3535,SORRHURO,0,1730234545,1730234545,04:42:25 PM,04:42:25 PM,0
2101086,3535,OAKVHURO,0,1730234580,1730234580,04:43:00 PM,04:43:00 PM,0
2105439,3536,GRENDEVO,-8,1730228814,1730228806,03:06:54 PM,03:06:46 PM,-8
2105439,3536,GRENTROS,-23,1730228855,1730228832,03:07:35 PM,03:07:12 PM,-23
2105439,3536,GRENMIDA,-61,1730228921,1730228860,03:08:41 PM,03:07:40 PM,-61
2105439,3536,GRENGREN,-102,1730228992,1730228890,03:09:52 PM,03:08:10 PM,-102
2105439,3536,GRENADEL,-129,1730229060,1730228931,03:11:00 PM,03:08:51 PM,-129
2105439,3536,PHILSILV,-144,1730229103,1730228959,03:11:43 PM,03:09:19 PM,-144
2105439,3536,PHILPHIL,-183,1730229176,1730228993,03:12:56 PM,03:09:53 PM,-183
2105439,3536,PHILBILL,-200,1730229227,1730229027,03:13:47 PM,03:10:27 PM,-200
2105439,3536,FANSPHIL,0,1730229300,1730229300,03:15:00 PM,03:15:00 PM,0
2105439,3536,FANSHAS2,-26,1730229354,1730229328,03:15:54 PM,03:15:28 PM,-26
2105439,3536,FANSJEN2,-41,1730229401,1730229360,03:16:41 PM,03:16:00 PM,-41
2105439,3536,FANSJEN4,-55,1730229437,1730229382,03:17:17 PM,03:16:22 PM,-55
2105439,3536,FANSNCR2,-62,1730229489,1730229427,03:18:09 PM,03:17:07 PM,-62
2105439,3536,MASOSTO1,-137,1730229600,1730229463,03:20:00 PM,03:17:43 PM,-137
2106796,3537,MASOSTO3,482,1730228940,1730229422,03:09:00 PM,03:17:02 PM,482
2106796,3537,FANSNCR3,506,1730229036,1730229542,03:10:36 PM,03:19:02 PM,506
2106796,3537,ADELFAN2,470,1730229240,1730229710,03:14:00 PM,03:21:50 PM,470
2106796,3537,ADELKIP2,352,1730229504,1730229856,03:18:24 PM,03:24:16 PM,352
2106796,3537,ADELHUR2,338,1730229609,1730229947,03:20:09 PM,03:25:47 PM,338
2106796,3537,ADELCHE2,333,1730229692,1730230025,03:21:32 PM,03:27:05 PM,333
2106796,3537,ADELOXF2,433,1730229780,1730230213,03:23:00 PM,03:30:13 PM,433
2106796,3537,ADELDUN2,374,1730230020,1730230394,03:27:00 PM,03:33:14 PM,374
2106796,3537,ADELHAMI,385,1730230108,1730230493,03:28:28 PM,03:34:53 PM,385
2106796,3537,ADELEDNA,350,1730230257,1730230607,03:30:57 PM,03:36:47 PM,350
2106796,3537,ADELLEA2,300,1730230426,1730230726,03:33:46 PM,03:38:46 PM,300
2106796,3537,VICZONC,221,1730230620,1730230841,03:37:00 PM,03:40:41 PM,221
2106776,3537,VICZONC,0,1730231340,1730231340,03:49:00 PM,03:49:00 PM,0
2106776,3537,ADELLEA1,0,1730231529,1730231529,03:52:09 PM,03:52:09 PM,0
2106776,3537,ADELMAUD,-75,1730231703,1730231628,03:55:03 PM,03:53:48 PM,-75
2106776,3537,ADELLISI,-102,1730231891,1730231789,03:58:11 PM,03:56:29 PM,-102
2106776,3537,ADELDUN1,0,1730232000,1730232000,04:00:00 PM,04:00:00 PM,0
2106776,3537,ADELOXF1,0,1730232180,1730232180,04:03:00 PM,04:03:00 PM,0
2106776,3537,ADELCHE1,-3,1730232281,1730232278,04:04:41 PM,04:04:38 PM,-3
2106776,3537,ADELHUR1,-2,1730232387,1730232385,04:06:27 PM,04:06:25 PM,-2
2106776,3537,ADELKIP1,-28,1730232481,1730232453,04:08:01 PM,04:07:33 PM,-28
2106776,3537,FANSADE4,0,1730232780,1730232780,04:13:00 PM,04:13:00 PM,0
2106776,3537,FANSJEN4,-44,1730232930,1730232886,04:15:30 PM,04:14:46 PM,-44
2106776,3537,MASOSTO3,-38,1730233020,1730232982,04:17:00 PM,04:16:22 PM,-38
2108043,3538,WESTSAR2,150,1730229176,1730229326,03:12:56 PM,03:15:26 PM,150
2108043,3538,WESTSAR4,132,1730229235,1730229367,03:13:55 PM,03:16:07 PM,132
2108043,3538,PLATTRO2,69,1730229367,1730229436,03:16:07 PM,03:17:16 PM,69
2108043,3538,CHERPLA2,48,1730229470,1730229518,03:17:50 PM,03:18:38 PM,48
2108043,3538,CHERCHC4,31,1730229515,1730229546,03:18:35 PM,03:19:06 PM,31
2108043,3538,CHERCHBL,9,1730229572,1730229581,03:19:32 PM,03:19:41 PM,9
2108043,3538,CHEROXF2,6,1730229647,1730229653,03:20:47 PM,03:20:53 PM,6
2108043,3538,BEAVOXF2,-65,1730229784,1730229719,03:23:04 PM,03:21:59 PM,-65
2108043,3538,PROUBEA2,-114,1730229889,1730229775,03:24:49 PM,03:22:55 PM,-114
2108043,3538,FOREHIL2,0,1730229960,1730229960,03:26:00 PM,03:26:00 PM,0
2108043,3538,PROUOXF3,19,1730230032,1730230051,03:27:12 PM,03:27:31 PM,19
2108043,3538,OXFOWON2,-20,1730230130,1730230110,03:28:50 PM,03:28:30 PM,-20
2108043,3538,WONDFAR5,-36,1730230175,1730230139,03:29:35 PM,03:28:59 PM,-36
2108043,3538,FARRPROU,-90,1730230260,1730230170,03:31:00 PM,03:29:30 PM,-90
2108109,3538,FARRPROU,0,1730230680,1730230680,03:38:00 PM,03:38:00 PM,0
2108109,3538,PROUFAR2,0,1730230713,1730230713,03:38:33 PM,03:38:33 PM,0
2108109,3538,PROUOXF2,-8,1730230744,1730230736,03:39:04 PM,03:38:56 PM,-8
2108109,3538,FOREHIL1,0,1730230800,1730230800,03:40:00 PM,03:40:00 PM,0
2108109,3538,PROUBEA1,-27,1730230858,1730230831,03:40:58 PM,03:40:31 PM,-27
2108109,3538,BEAVOXF1,-54,1730230945,1730230891,03:42:25 PM,03:41:31 PM,-54
2108109,3538,OXFOCHE1,-87,1730231008,1730230921,03:43:28 PM,03:42:01 PM,-87
2108109,3538,CHEROXF1,-72,1730231053,1730230981,03:44:13 PM,03:43:01 PM,-72
2108109,3538,CHERCHC1,0,1730231100,1730231100,03:45:00 PM,03:45:00 PM,0
2108109,3538,CHERCHC3,-11,1730231144,1730231133,03:45:44 PM,03:45:33 PM,-11
2108109,3538,CHERPLA1,2,1730231185,1730231187,03:46:25 PM,03:46:27 PM,2
2108109,3538,PLATTRO1,-31,1730231282,1730231251,03:48:02 PM,03:47:31 PM,-31
2108109,3538,WESTPHA1,-82,1730231399,1730231317,03:49:59 PM,03:48:37 PM,-82
2108109,3538,WESTPHA3,-80,1730231452,1730231372,03:50:52 PM,03:49:32 PM,-80
2108109,3538,ALUMHAL2,-170,1730231580,1730231410,03:53:00 PM,03:50:10 PM,-170
2103201,3539,FANCOLL3,122,1730229480,1730229602,03:18:00 PM,03:20:02 PM,122
2103201,3539,OXFOROE2,92,1730229530,1730229622,03:18:50 PM,03:20:22 PM,92
2103201,3539,OXFOHIG4,,,,,,
2103201,3539,OXFOHIG2,,,,,,
2103201,3539,MORNOXF2,242,1730229665,1730229908,03:21:05 PM,03:25:08 PM,243
2103201,3539,MORNOXF4,236,1730229688,1730229924,03:21:28 PM,03:25:24 PM,236
2103201,3539,MORNCON2,220,1730229729,1730229950,03:22:09 PM,03:25:50 PM,221
2103201,3539,MORNMOR4,224,1730229755,1730229980,03:22:35 PM,03:26:20 PM,225
2103201,3539,MORNSAL2,228,1730229780,1730230008,03:23:00 PM,03:26:48 PM,228
2103201,3539,MORNCURR,216,1730229812,1730230028,03:23:32 PM,03:27:08 PM,216
2103201,3539,MORNGLAS,202,1730229873,1730230076,03:24:33 PM,03:27:56 PM,203
2103201,3539,QUEBMORN,210,1730229908,1730230118,03:25:08 PM,03:28:38 PM,210
2103201,3539,QUEBELI2,170,1730229979,1730230150,03:26:19 PM,03:29:10 PM,171
2103201,3539,QUEBLOR2,160,1730230011,1730230170,03:26:51 PM,03:29:30 PM,159
2103201,3539,QUEBDUFF,154,1730230028,1730230182,03:27:08 PM,03:29:42 PM,154
2103201,3539,DUNDQUE2,146,1730230080,1730230226,03:28:00 PM,03:30:26 PM,146
2103201,3539,DUNDONT2,114,1730230140,1730230254,03:29:00 PM,03:30:54 PM,114
2103201,3539,DUNDREC2,82,1730230196,1730230278,03:29:56 PM,03:31:18 PM,82
2103201,3539,DUNDENGL,64,1730230255,1730230318,03:30:55 PM,03:31:58 PM,63
2103201,3539,DUNDELIZ,44,1730230317,1730230360,03:31:57 PM,03:32:40 PM,43
2103201,3539,DUNDADE2,68,1730230380,1730230448,03:33:00 PM,03:34:08 PM,68
2103201,3539,DUNDWIL2,52,1730230424,1730230476,03:33:44 PM,03:34:36 PM,52
2103201,3539,DUNDMAI2,34,1730230486,1730230520,03:34:46 PM,03:35:20 PM,34
2103201,3539,DUNDCOL2,22,1730230549,1730230570,03:35:49 PM,03:36:10 PM,21
2103201,3539,DUNDWAT2,2,1730230613,1730230616,03:36:53 PM,03:36:56 PM,3
2103201,3539,DUNDWEL2,0,1730230680,1730230680,03:38:00 PM,03:38:00 PM,0
2103201,3539,QUEECLAR,-66,1730230809,1730230743,03:40:09 PM,03:39:03 PM,-66
2103201,3539,QUEERIC2,-117,1730230860,1730230743,03:41:00 PM,03:39:03 PM,-117
2103201,3539,QUEERIC2,168,1730230860,1730231028,03:41:00 PM,03:43:48 PM,168
2103201,3539,QUENRIDO,136,1730230949,1730231086,03:42:29 PM,03:44:46 PM,137
2103201,3539,RIVEWIL2,94,1730231038,1730231132,03:43:58 PM,03:45:32 PM,94
2103201,3539,RIVEWHA4,88,1730231098,1730231186,03:44:58 PM,03:46:26 PM,88
2103201,3539,RIVEMTPL,64,1730231150,1730231214,03:45:50 PM,03:46:54 PM,64
2103201,3539,WOODRIVE,62,1730231198,1730231260,03:46:38 PM,03:47:40 PM,62
2103201,3539,WOODEDI1,26,1730231267,1730231292,03:47:47 PM,03:48:12 PM,25
2103201,3539,WOODCAM1,12,1730231298,1730231310,03:48:18 PM,03:48:30 PM,12
2103201,3539,PLATOXF1,20,1730231350,1730231370,03:49:10 PM,03:49:30 PM,20
2103201,3539,CHERPLA2,16,1730231388,1730231404,03:49:48 PM,03:50:04 PM,16
2103201,3539,CHERCHC4,10,1730231420,1730231430,03:50:20 PM,03:50:30 PM,10
2103201,3539,CHERCHBL,4,1730231461,1730231464,03:51:01 PM,03:51:04 PM,3
2103201,3539,CHEROXF2,0,1730231520,1730231520,03:52:00 PM,03:52:00 PM,0
2103201,3539,BEAVOXF2,-31,1730231617,1730231586,03:53:37 PM,03:53:06 PM,-31
2103201,3539,PROUBEA2,-55,1730231691,1730231636,03:54:51 PM,03:53:56 PM,-55
2103201,3539,FOREHIL2,-62,1730231737,1730231675,03:55:37 PM,03:54:35 PM,-62
2103201,3539,PROUOXF3,-80,1730231796,1730231716,03:56:36 PM,03:55:16 PM,-80
2103201,3539,PROUOXF1,-88,1730231827,1730231739,03:57:07 PM,03:55:39 PM,-88
2103201,3539,PROUFAR3,-96,1730231849,1730231753,03:57:29 PM,03:55:53 PM,-96
2103201,3539,PROUFAR1,-114,1730231885,1730231771,03:58:05 PM,03:56:11 PM,-114
2103201,3539,BEAVHORI,-141,1730231956,1730231815,03:59:16 PM,03:56:55 PM,-141
2103201,3539,BEAVWOND,-131,1730231995,1730231864,03:59:55 PM,03:57:44 PM,-131
2103201,3539,BEAVBLYT,-180,1730232060,1730231880,04:01:00 PM,03:58:00 PM,-180
2107788,3540,WELLDUN3,0,1730229300,1730229300,03:15:00 PM,03:15:00 PM,0
2107788,3540,QUEECLAR,0,1730229382,1730229382,03:16:22 PM,03:16:22 PM,0
2107788,3540,RICHQUEE,0,1730229480,1730229480,03:18:00 PM,03:18:00 PM,0
2107788,3540,RICHKEN1,-66,1730229577,1730229511,03:19:37 PM,03:18:31 PM,-66
2107788,3540,RICHHYM1,-101,1730229671,1730229570,03:21:11 PM,03:19:30 PM,-101
2107788,3540,RICHPALL,-111,1730229725,1730229614,03:22:05 PM,03:20:14 PM,-111
2107788,3540,RICHOXF1,0,1730229840,1730229840,03:24:00 PM,03:24:00 PM,0
2107788,3540,RICHJAM1,-16,1730229871,1730229855,03:24:31 PM,03:24:15 PM,-16
2107788,3540,RICHGRO1,-37,1730229923,1730229886,03:25:23 PM,03:24:46 PM,-37
2107788,3540,RICHCHE1,-28,1730229954,1730229926,03:25:54 PM,03:25:26 PM,-28
2107788,3540,RICHVIC1,-43,1730229997,1730229954,03:26:37 PM,03:25:54 PM,-43
2107788,3540,RICHREG1,-58,1730230040,1730229982,03:27:20 PM,03:26:22 PM,-58
2107788,3540,RICHHUR1,-69,1730230075,1730230006,03:27:55 PM,03:26:46 PM,-69
2107788,3540,UNIVRIC2,-50,1730230130,1730230080,03:28:50 PM,03:28:00 PM,-50
2107788,3540,UNIVSUN2,-50,1730230179,1730230129,03:29:39 PM,03:28:49 PM,-50
2107788,3540,MIDDPERT,-45,1730230256,1730230211,03:30:56 PM,03:30:11 PM,-45
2107788,3540,NATSCI,-78,1730230320,1730230242,03:32:00 PM,03:30:42 PM,-78
2107870,3540,NATSCI,0,1730230620,1730230620,03:37:00 PM,03:37:00 PM,0
2107870,3540,WESTELG2,0,1730230776,1730230776,03:39:36 PM,03:39:36 PM,0
2107870,3540,WESTLAM2,31,1730230855,1730230886,03:40:55 PM,03:41:26 PM,31
2107870,3540,WESTSAR2,89,1730230980,1730231069,03:43:00 PM,03:44:29 PM,89
2107870,3540,WESTSAR4,88,1730231022,1730231110,03:43:42 PM,03:45:10 PM,88
2107870,3540,WESTPLA2,61,1730231092,1730231153,03:44:52 PM,03:45:53 PM,61
2107870,3540,WESTHOL2,63,1730231143,1730231206,03:45:43 PM,03:46:46 PM,63
2107870,3540,WHARMCDO,50,1730231206,1730231256,03:46:46 PM,03:47:36 PM,50
2107870,3540,WHAROXF2,61,1730231280,1730231341,03:48:00 PM,03:49:01 PM,61
2107870,3540,WHARPAUL,32,1730231344,1730231376,03:49:04 PM,03:49:36 PM,32
2107870,3540,WHARLEXI,21,1730231396,1730231417,03:49:56 PM,03:50:17 PM,21
2107870,3540,WHARMPL2,-2,1730231439,1730231437,03:50:39 PM,03:50:37 PM,-2
2107870,3540,RIVEWHA1,40,1730231476,1730231516,03:51:16 PM,03:51:56 PM,40
2107870,3540,RIVEWIL1,27,1730231507,1730231534,03:51:47 PM,03:52:14 PM,27
2107870,3540,DUNDRIDO,-2,1730231590,1730231588,03:53:10 PM,03:53:08 PM,-2
2107870,3540,KINGTALB,34,1730231640,1730231674,03:54:00 PM,03:54:34 PM,34
2107870,3540,KINGRICH,29,1730231760,1730231789,03:56:00 PM,03:56:29 PM,29
2107870,3540,WELLDUN3,-154,1730232000,1730231846,04:00:00 PM,03:57:26 PM,-154
2100458,3541,WELLCHES,105,1730229078,1730229183,03:11:18 PM,03:13:03 PM,105
2100458,3541,WELLALEX,62,1730229153,1730229215,03:12:33 PM,03:13:35 PM,62
2100458,3541,WELLBOND,29,1730229206,1730229235,03:13:26 PM,03:13:55 PM,29
2100458,3541,WELLMCL1,-3,1730229262,1730229259,03:14:22 PM,03:14:19 PM,-3
2100458,3541,GRANHIG2,32,1730229349,1730229381,03:15:49 PM,03:16:21 PM,32
2100458,3541,GRANHIG4,13,1730229384,1730229397,03:16:24 PM,03:16:37 PM,13
2100458,3541,CARFGRAN,-12,1730229437,1730229425,03:17:17 PM,03:17:05 PM,-12
2100458,3541,CARFCAR1,-40,1730229494,1730229454,03:18:14 PM,03:17:34 PM,-40
2100458,3541,RICHSIM1,-89,1730229572,1730229483,03:19:32 PM,03:18:03 PM,-89
2100458,3541,RICHHOT3,-45,1730229607,1730229562,03:20:07 PM,03:19:22 PM,-45
2100458,3541,RICHKIN1,-26,1730229700,1730229674,03:21:40 PM,03:21:14 PM,-26
2100458,3541,RICHQUEE,-65,1730229780,1730229715,03:23:00 PM,03:21:55 PM,-65
2100458,3541,RICHQUEE,144,1730229780,1730229924,03:23:00 PM,03:25:24 PM,144
2100458,3541,RICHKEN1,75,1730229882,1730229957,03:24:42 PM,03:25:57 PM,75
2100458,3541,RICHHYM1,39,1730229974,1730230013,03:26:14 PM,03:26:53 PM,39
2100458,3541,RICHPALL,31,1730230027,1730230058,03:27:07 PM,03:27:38 PM,31
2100458,3541,RICHOXF1,66,1730230140,1730230206,03:29:00 PM,03:30:06 PM,66
2100458,3541,RICHJAM1,40,1730230180,1730230220,03:29:40 PM,03:30:20 PM,40
2100458,3541,RICHGRO1,9,1730230246,1730230255,03:30:46 PM,03:30:55 PM,9
2100458,3541,RICHCHE1,0,1730230285,1730230285,03:31:25 PM,03:31:25 PM,0
2100458,3541,RICHVIC1,-22,1730230339,1730230317,03:32:19 PM,03:31:57 PM,-22
2100458,3541,RICHREG1,-50,1730230393,1730230343,03:33:13 PM,03:32:23 PM,-50
2100458,3541,RICHHUR1,-69,1730230437,1730230368,03:33:57 PM,03:32:48 PM,-69
2100458,3541,UNIVRIC2,-69,1730230507,1730230438,03:35:07 PM,03:33:58 PM,-69
2100458,3541,UNIVSUN2,-83,1730230569,1730230486,03:36:09 PM,03:34:46 PM,-83
2100458,3541,DELAHALL,0,1730230680,1730230680,03:38:00 PM,03:38:00 PM,0
2100458,3541,UNIVHOS1,-12,1730230803,1730230791,03:40:03 PM,03:39:51 PM,-12
2100458,3541,PERTWIN1,-15,1730230831,1730230816,03:40:31 PM,03:40:16 PM,-15
2100458,3541,RICHWIN1,1,1730230904,1730230905,03:41:44 PM,03:41:45 PM,1
2100458,3541,RICHWEC1,-20,1730230945,1730230925,03:42:25 PM,03:42:05 PM,-20
2100458,3541,RICHCANT,-32,1730230983,1730230951,03:43:03 PM,03:42:31 PM,-32
2100458,3541,RICHSUNN,-21,1730231049,1730231028,03:44:09 PM,03:43:48 PM,-21
2100458,3541,MASOSTO5,-102,1730231160,1730231058,03:46:00 PM,03:44:18 PM,-102
2100392,3541,MASOSTO5,52,1730231400,1730231452,03:50:00 PM,03:50:52 PM,52
2100392,3541,RICHJACK,14,1730231458,1730231472,03:50:58 PM,03:51:12 PM,14
2100392,3541,RICHSHAV,10,1730231496,1730231506,03:51:36 PM,03:51:46 PM,10
2100392,3541,RICHWES2,-2,1730231540,1730231538,03:52:20 PM,03:52:18 PM,-2
2100392,3541,RICHWES4,-10,1730231562,1730231552,03:52:42 PM,03:52:32 PM,-10
2100392,3541,RICHWYND,-28,1730231595,1730231568,03:53:15 PM,03:52:48 PM,-27
2100392,3541,WINDRIC2,-58,1730231665,1730231608,03:54:25 PM,03:53:28 PM,-57
2100392,3541,PERTWIN2,-64,1730231708,1730231644,03:55:08 PM,03:54:04 PM,-64
2100392,3541,UNIVHOS2,0,1730231760,1730231760,03:56:00 PM,03:56:00 PM,0
2100392,3541,DELAHAL2,-48,1730231912,1730231864,03:58:32 PM,03:57:44 PM,-48
2100392,3541,UNIVSUN1,-70,1730232016,1730231946,04:00:16 PM,03:59:06 PM,-70
2100392,3541,UNIVRIC1,-104,1730232104,1730232000,04:01:44 PM,04:00:00 PM,-104
2100392,3541,RICHHUR2,-134,1730232175,1730232041,04:02:55 PM,04:00:41 PM,-134
2100392,3541,RICHVIC2,-195,1730232274,1730232079,04:04:34 PM,04:01:19 PM,-195
2100392,3541,RICHCHE2,-233,1730232334,1730232101,04:05:34 PM,04:01:41 PM,-233
2100392,3541,RICHGRO2,-263,1730232406,1730232143,04:06:46 PM,04:02:23 PM,-263
2100392,3541,RICHJAM2,-278,1730232453,1730232175,04:07:33 PM,04:02:55 PM,-278
2100392,3541,RICHOXF2,0,1730232540,1730232540,04:09:00 PM,04:09:00 PM,0
2100392,3541,RICHMILL,-19,1730232597,1730232578,04:09:57 PM,04:09:38 PM,-19
2100392,3541,RICHCENT,-39,1730232678,1730232639,04:11:18 PM,04:10:39 PM,-39
2100392,3541,RICHKEN2,-59,1730232733,1730232674,04:12:13 PM,04:11:14 PM,-59
2100392,3541,RICHDUF2,-52,1730232766,1730232714,04:12:46 PM,04:11:54 PM,-52
2100392,3541,RICHQUE2,-90,1730232840,1730232750,04:14:00 PM,04:12:30 PM,-90
2100392,3541,RICHQUE2,73,1730232840,1730232913,04:14:00 PM,04:15:13 PM,73
2100392,3541,RICHKIN4,57,1730232891,1730232948,04:14:51 PM,04:15:48 PM,57
2100392,3541,RICHSIM2,46,1730233028,1730233074,04:17:08 PM,04:17:54 PM,46
2100392,3541,RICHGREY,25,1730233062,1730233087,04:17:42 PM,04:18:07 PM,25
2100392,3541,CARFCAR2,-21,1730233135,1730233114,04:18:55 PM,04:18:34 PM,-21
2100392,3541,CARFWOOD,-32,1730233194,1730233162,04:19:54 PM,04:19:22 PM,-32
2100392,3541,GRANHIG1,-69,1730233286,1730233217,04:21:26 PM,04:20:17 PM,-69
2100392,3541,WELLGRA2,-56,1730233349,1730233293,04:22:29 PM,04:21:33 PM,-56
2100392,3541,WELLCOLG,-91,1730233411,1730233320,04:23:31 PM,04:22:00 PM,-91
2100392,3541,WELLWELL,-135,1730233479,1730233344,04:24:39 PM,04:22:24 PM,-135
2100392,3541,WELLTHJA,-191,1730233575,1730233384,04:26:15 PM,04:23:04 PM,-191
2100392,3541,WELLBAS2,0,1730233680,1730233680,04:28:00 PM,04:28:00 PM,0
2100392,3541,WELLCOM4,0,1730233780,1730233780,04:29:40 PM,04:29:40 PM,0
2100392,3541,WELLWAT2,0,1730233862,1730233862,04:31:02 PM,04:31:02 PM,0
2100392,3541,WELLWIL4,0,1730233945,1730233945,04:32:25 PM,04:32:25 PM,0
2100392,3541,WELLNAD1,0,1730234008,1730234008,04:33:28 PM,04:33:28 PM,0
2100392,3541,WELLNADI,0,1730234044,1730234044,04:34:04 PM,04:34:04 PM,0
2100392,3541,SOUTWEL1,0,1730234160,1730234160,04:36:00 PM,04:36:00 PM,0
2100392,3541,SOUTWIL1,0,1730234203,1730234203,04:36:43 PM,04:36:43 PM,0
2100392,3541,SOUTADE1,0,1730234281,1730234281,04:38:01 PM,04:38:01 PM,0
2100392,3541,MILLSDA1,0,1730234315,1730234315,04:38:35 PM,04:38:35 PM,0
2100392,3541,MILLDOWN,0,1730234339,1730234339,04:38:59 PM,04:38:59 PM,0
2100392,3541,MILLSTAN,0,1730234364,1730234364,04:39:24 PM,04:39:24 PM,0
2100392,3541,MILLSHA3,0,1730234391,1730234391,04:39:51 PM,04:39:51 PM,0
2100392,3541,MILLPAR1,0,1730234445,1730234445,04:40:45 PM,04:40:45 PM,0
2100392,3541,MILLSHA2,0,1730234492,1730234492,04:41:32 PM,04:41:32 PM,0
2100392,3541,MILLSDA4,0,1730234570,1730234570,04:42:50 PM,04:42:50 PM,0
2100392,3541,MILLDUD2,0,1730234595,1730234595,04:43:15 PM,04:43:15 PM,0
2100392,3541,MILLASHB,0,1730234633,1730234633,04:43:53 PM,04:43:53 PM,0
2100392,3541,MILLBEX2,0,1730234656,1730234656,04:44:16 PM,04:44:16 PM,0
2100392,3541,MILLBEX4,0,1730234691,1730234691,04:44:51 PM,04:44:51 PM,0
2100392,3541,ASHBMIL2,0,1730234735,1730234735,04:45:35 PM,04:45:35 PM,0
2100392,3541,ASHBSUR1,0,1730234770,1730234770,04:46:10 PM,04:46:10 PM,0
2100392,3541,DOWASH2,0,1730234792,1730234792,04:46:32 PM,04:46:32 PM,0
2100392,3541,OSGOWOO2,0,1730234828,1730234828,04:47:08 PM,04:47:08 PM,0
2100392,3541,ADELOSG1,0,1730234880,1730234880,04:48:00 PM,04:48:00 PM,0
2100392,3541,OSGOKIN2,0,1730234916,1730234916,04:48:36 PM,04:48:36 PM,0
2100392,3541,OSGOKIN4,0,1730234946,1730234946,04:49:06 PM,04:49:06 PM,0
2100392,3541,OSGOFITZ,0,1730234981,1730234981,04:49:41 PM,04:49:41 PM,0
2100392,3541,OSGOBRE2,0,1730235017,1730235017,04:50:17 PM,04:50:17 PM,0
2100392,3541,WILLOSG2,0,1730235056,1730235056,04:50:56 PM,04:50:56 PM,0
2100392,3541,DEARWILL,0,1730235107,1730235107,04:51:47 PM,04:51:47 PM,0
2100392,3541,DEARDUL2,0,1730235138,1730235138,04:52:18 PM,04:52:18 PM,0
2100392,3541,BRADDEAR,0,1730235189,1730235189,04:53:09 PM,04:53:09 PM,0
2100392,3541,WELLBRA2,0,1730235228,1730235228,04:53:48 PM,04:53:48 PM,0
2100392,3541,WHITOMA1,0,1730235300,1730235300,04:55:00 PM,04:55:00 PM,0
2107682,3542,COLTSOU2,0,1730229300,1730229300,03:15:00 PM,03:15:00 PM,0
2107682,3542,SOUTPOME,0,1730229368,1730229368,03:16:08 PM,03:16:08 PM,0
2107682,3542,TILLSOU2,6,1730229402,1730229408,03:16:42 PM,03:16:48 PM,6
2107682,3542,CRANROBE,3,1730229436,1730229439,03:17:16 PM,03:17:19 PM,3
2107682,3542,CRANBAR3,3,1730229487,1730229490,03:18:07 PM,03:18:10 PM,3
2107682,3542,CRANVIS2,-2,1730229528,1730229526,03:18:48 PM,03:18:46 PM,-2
2107682,3542,VISCDUN2,-5,1730229574,1730229569,03:19:34 PM,03:19:29 PM,-5
2107682,3542,WESTMAL6,-37,1730229660,1730229623,03:21:00 PM,03:20:23 PM,-37
2107682,3542,WESTMAL6,23,1730229660,1730229683,03:21:00 PM,03:21:23 PM,23
2107682,3542,WONDVIS3,25,1730229713,1730229738,03:21:53 PM,03:22:18 PM,25
2107682,3542,WONDVIL1,21,1730229744,1730229765,03:22:24 PM,03:22:45 PM,21
2107682,3542,WONDCOM1,26,1730229791,1730229817,03:23:11 PM,03:23:37 PM,26
2107682,3542,COMMFOE2,7,1730229834,1730229841,03:23:54 PM,03:24:01 PM,7
2107682,3542,COMMTOP2,-19,1730229891,1730229872,03:24:51 PM,03:24:32 PM,-19
2107682,3542,COMMBEA2,-62,1730229957,1730229895,03:25:57 PM,03:24:55 PM,-62
2107682,3542,COMMAND1,-72,1730230008,1730229936,03:26:48 PM,03:25:36 PM,-72
2107682,3542,COMMVISC,-104,1730230082,1730229978,03:28:02 PM,03:26:18 PM,-104
2107682,3542,COMMGRD1,0,1730230140,1730230140,03:29:00 PM,03:29:00 PM,0
2107682,3542,COMMWHA1,-10,1730230209,1730230199,03:30:09 PM,03:29:59 PM,-10
2107682,3542,COMMCAR1,-68,1730230318,1730230250,03:31:58 PM,03:30:50 PM,-68
2107682,3542,COMMHIHE,-151,1730230449,1730230298,03:34:09 PM,03:31:38 PM,-151
2107682,3542,COMMUPP1,-166,1730230497,1730230331,03:34:57 PM,03:32:11 PM,-166
2107682,3542,COMMHIG2,-219,1730230591,1730230372,03:36:31 PM,03:32:52 PM,-219
2107682,3542,COMMWEL1,-174,1730230646,1730230472,03:37:26 PM,03:34:32 PM,-174
2107682,3542,VICTWEST,-184,1730230700,1730230516,03:38:20 PM,03:35:16 PM,-184
2107682,3542,VICZONC,0,1730230740,1730230740,03:39:00 PM,03:39:00 PM,0
2107682,3542,VICTWES1,6,1730230793,1730230799,03:39:53 PM,03:39:59 PM,6
2107682,3542,COMMWCO1,-43,1730230878,1730230835,03:41:18 PM,03:40:35 PM,-43
2107682,3542,COMMADE1,-71,1730230931,1730230860,03:42:11 PM,03:41:00 PM,-71
2107682,3542,COMMLEA1,-86,1730230964,1730230878,03:42:44 PM,03:41:18 PM,-86
2107682,3542,COMMFRO1,-118,1730231027,1730230909,03:43:47 PM,03:41:49 PM,-118
2107682,3542,COMMKIE1,-136,1730231064,1730230928,03:44:24 PM,03:42:08 PM,-136
2107682,3542,COMMPOM1,-152,1730231120,1730230968,03:45:20 PM,03:42:48 PM,-152
2107682,3542,COMMPOM3,-164,1730231175,1730231011,03:46:15 PM,03:43:31 PM,-164
2107682,3542,COMMDEV1,-199,1730231220,1730231021,03:47:00 PM,03:43:41 PM,-199
2107682,3542,COMMDEV1,0,1730231280,1730231280,03:48:00 PM,03:48:00 PM,0
2107682,3542,COMMMED1,0,1730231400,1730231400,03:50:00 PM,03:50:00 PM,0
2107682,3542,MEADREA3,-7,1730231449,1730231442,03:50:49 PM,03:50:42 PM,-7
2107682,3542,MEADEVAN,-3,1730231469,1730231466,03:51:09 PM,03:51:06 PM,-3
2107682,3542,MEADGOOD,-2,1730231490,1730231488,03:51:30 PM,03:51:28 PM,-2
2107682,3542,MEADDORM,6,1730231517,1730231523,03:51:57 PM,03:52:03 PM,6
2107682,3542,DARNMEAD,-18,1730231580,1730231562,03:53:00 PM,03:52:42 PM,-18
2107652,3542,DARNMEAD,42,1730231580,1730231622,03:53:00 PM,03:53:42 PM,42
2107652,3542,LIGHWHSA,11,1730231638,1730231649,03:53:58 PM,03:54:09 PM,11
2107652,3542,LIGHEMER,-4,1730231681,1730231677,03:54:41 PM,03:54:37 PM,-4
2107652,3542,LIGHREAR,-8,1730231701,1730231693,03:55:01 PM,03:54:53 PM,-8
2107652,3542,REARCHE1,-16,1730231740,1730231724,03:55:40 PM,03:55:24 PM,-16
2107652,3542,REARROTH,-32,1730231779,1730231747,03:56:19 PM,03:55:47 PM,-32
2107652,3542,MEADREA1,-39,1730231836,1730231797,03:57:16 PM,03:56:37 PM,-39
2107652,3542,COMMMED2,-68,1730231929,1730231861,03:58:49 PM,03:57:41 PM,-68
2107652,3542,COMMDEV6,-108,1730232026,1730231918,04:00:26 PM,03:58:38 PM,-108
2107652,3542,COMMDEV2,-129,1730232060,1730231931,04:01:00 PM,03:58:51 PM,-129
2107652,3542,COMMDEV2,0,1730232060,1730232060,04:01:00 PM,04:01:00 PM,0
2107652,3542,COMMPOM4,-34,1730232134,1730232100,04:02:14 PM,04:01:40 PM,-34
2107652,3542,COMMKIE2,-63,1730232193,1730232130,04:03:13 PM,04:02:10 PM,-63
2107652,3542,COMMFRO2,-79,1730232237,1730232158,04:03:57 PM,04:02:38 PM,-79
2107652,3542,COMMLEA2,-98,1730232281,1730232183,04:04:41 PM,04:03:03 PM,-98
2107652,3542,COMMADE2,-98,1730232307,1730232209,04:05:07 PM,04:03:29 PM,-98
2107652,3542,COMMADE4,-140,1730232390,1730232250,04:06:30 PM,04:04:10 PM,-140
2107652,3542,COMMWCO2,-164,1730232428,1730232264,04:07:08 PM,04:04:24 PM,-164
2107652,3542,VICTWEST,-187,1730232503,1730232316,04:08:23 PM,04:05:16 PM,-187
2107652,3542,VICZONC,0,1730232540,1730232540,04:09:00 PM,04:09:00 PM,0
2107652,3542,VICTWES1,-6,1730232605,1730232599,04:10:05 PM,04:09:59 PM,-6
2107652,3542,COMMWELL,-26,1730232749,1730232723,04:12:29 PM,04:12:03 PM,-26
2107652,3542,COMMHIG3,-76,1730232823,1730232747,04:13:43 PM,04:12:27 PM,-76
2107652,3542,COMMKIFD,-116,1730232882,1730232766,04:14:42 PM,04:12:46 PM,-116
2107652,3542,COMMRIDO,-136,1730232938,1730232802,04:15:38 PM,04:13:22 PM,-136
2107652,3542,COMMWORT,-174,1730232998,1730232824,04:16:38 PM,04:13:44 PM,-174
2107652,3542,COMMCAR2,-251,1730233104,1730232853,04:18:24 PM,04:14:13 PM,-251
2107652,3542,COMMHILD,-312,1730233209,1730232897,04:20:09 PM,04:14:57 PM,-312
2107652,3542,COMMWHA2,0,1730233260,1730233260,04:21:00 PM,04:21:00 PM,0
2107652,3542,COMMGRD2,0,1730233293,1730233293,04:21:33 PM,04:21:33 PM,0
2107652,3542,COMMHUXL,0,1730233337,1730233337,04:22:17 PM,04:22:17 PM,0
2107652,3542,COMMWES1,0,1730233373,1730233373,04:22:53 PM,04:22:53 PM,0
2107652,3542,COMMBEA1,0,1730233452,1730233452,04:24:12 PM,04:24:12 PM,0
2107652,3542,COMMBEA3,0,1730233489,1730233489,04:24:49 PM,04:24:49 PM,0
2107652,3542,COMMTOP1,0,1730233540,1730233540,04:25:40 PM,04:25:40 PM,0
2107652,3542,COMMFOE1,0,1730233587,1730233587,04:26:27 PM,04:26:27 PM,0
2107652,3542,WONDCOM2,0,1730233630,1730233630,04:27:10 PM,04:27:10 PM,0
2107652,3542,WONDVIL2,0,1730233668,1730233668,04:27:48 PM,04:27:48 PM,0
2107652,3542,WONDVIS4,0,1730233729,1730233729,04:28:49 PM,04:28:49 PM,0
2107652,3542,WESTMAL1,0,1730233800,1730233800,04:30:00 PM,04:30:00 PM,0
2107652,3542,WESTMAL1,0,1730234040,1730234040,04:34:00 PM,04:34:00 PM,0
2107652,3542,VISCFARN,0,1730234116,1730234116,04:35:16 PM,04:35:16 PM,0
2107652,3542,VISCVIGR,0,1730234170,1730234170,04:36:10 PM,04:36:10 PM,0
2107652,3542,VISCCRAN,0,1730234223,1730234223,04:37:03 PM,04:37:03 PM,0
2107652,3542,CRANBAR2,0,1730234298,1730234298,04:38:18 PM,04:38:18 PM,0
2107652,3542,CRANBIRC,0,1730234353,1730234353,04:39:13 PM,04:39:13 PM,0
2107652,3542,CRANSCHR,0,1730234391,1730234391,04:39:51 PM,04:39:51 PM,0
2107652,3542,TILLSOUT,0,1730234442,1730234442,04:40:42 PM,04:40:42 PM,0
2107652,3542,TILLRALE,0,1730234481,1730234481,04:41:21 PM,04:41:21 PM,0
2107652,3542,TILBPOME,0,1730234526,1730234526,04:42:06 PM,04:42:06 PM,0
2107652,3542,RALERALE,0,1730234585,1730234585,04:43:05 PM,04:43:05 PM,0
2107652,3542,RALECOLT,0,1730234618,1730234618,04:43:38 PM,04:43:38 PM,0
2107652,3542,COLTSOU2,0,1730234700,1730234700,04:45:00 PM,04:45:00 PM,0
2106795,3543,ADELDUN2,390,1730228820,1730229210,03:07:00 PM,03:13:30 PM,390
2106795,3543,ADELHAMI,401,1730228908,1730229309,03:08:28 PM,03:15:09 PM,401
2106795,3543,ADELEDNA,366,1730229057,1730229423,03:10:57 PM,03:17:03 PM,366
2106795,3543,ADELLEA2,316,1730229226,1730229542,03:13:46 PM,03:19:02 PM,316
2106795,3543,VICZONC,237,1730229420,1730229657,03:17:00 PM,03:20:57 PM,237
2106775,3543,VICZONC,27,1730229840,1730229867,03:24:00 PM,03:24:27 PM,27
2106775,3543,ADELLEA1,27,1730230029,1730230056,03:27:09 PM,03:27:36 PM,27
2106775,3543,ADELMAUD,-48,1730230203,1730230155,03:30:03 PM,03:29:15 PM,-48
2106775,3543,ADELLISI,-75,1730230391,1730230316,03:33:11 PM,03:31:56 PM,-75
2106775,3543,ADELDUN1,22,1730230500,1730230522,03:35:00 PM,03:35:22 PM,22
2106775,3543,ADELOXF1,16,1730230680,1730230696,03:38:00 PM,03:38:16 PM,16
2106775,3543,ADELCHE1,13,1730230781,1730230794,03:39:41 PM,03:39:54 PM,13
2106775,3543,ADELHUR1,14,1730230887,1730230901,03:41:27 PM,03:41:41 PM,14
2106775,3543,ADELKIP1,-12,1730230981,1730230969,03:43:01 PM,03:42:49 PM,-12
2106775,3543,FANSADE4,0,1730231280,1730231280,03:48:00 PM,03:48:00 PM,0
2106775,3543,FANSJEN4,-44,1730231430,1730231386,03:50:30 PM,03:49:46 PM,-44
2106775,3543,MASOSTO3,-38,1730231520,1730231482,03:52:00 PM,03:51:22 PM,-38
2095019,3547,COLBGRO2,329,1730228888,1730229217,03:08:08 PM,03:13:37 PM,329
2095019,3547,CHEACOLB,338,1730228936,1730229274,03:08:56 PM,03:14:34 PM,338
2095019,3547,CHEAMAI1,323,1730228979,1730229302,03:09:39 PM,03:15:02 PM,323
2095019,3547,CHEAWIL1,311,1730229019,1730229330,03:10:19 PM,03:15:30 PM,311
2095019,3547,ADELCHE1,327,1730229060,1730229387,03:11:00 PM,03:16:27 PM,327
2095019,3547,ADELVIC1,311,1730229095,1730229406,03:11:35 PM,03:16:46 PM,311
2095019,3547,ADELREG1,335,1730229149,1730229484,03:12:29 PM,03:18:04 PM,335
2095019,3547,ADELHUR1,354,1730229187,1730229541,03:13:07 PM,03:19:01 PM,354
2095019,3547,ADELHUR5,320,1730229254,1730229574,03:14:14 PM,03:19:34 PM,320
2095019,3547,KIPPADEL,241,1730229360,1730229601,03:16:00 PM,03:20:01 PM,241
2094961,3547,KIPPADEL,121,1730229600,1730229721,03:20:00 PM,03:22:01 PM,121
2094961,3547,KIPPBELF,121,1730229665,1730229786,03:21:05 PM,03:23:06 PM,121
2094961,3547,KIPPBARK,105,1730229736,1730229841,03:22:16 PM,03:24:01 PM,105
2094961,3547,KIPPARBO,89,1730229779,1730229868,03:22:59 PM,03:24:28 PM,89
2094961,3547,KIPPBRIA,57,1730229848,1730229905,03:24:08 PM,03:25:05 PM,57
2094961,3547,BRIAMEL2,38,1730229901,1730229939,03:25:01 PM,03:25:39 PM,38
2094961,3547,BRIAMEL3,27,1730229947,1730229974,03:25:47 PM,03:26:14 PM,27
2094961,3547,BRIAHURO,53,1730229972,1730230025,03:26:12 PM,03:27:05 PM,53
2094961,3547,HUROBRI2,52,1730230001,1730230053,03:26:41 PM,03:27:33 PM,52
2094961,3547,HUROBARK,19,1730230069,1730230088,03:27:49 PM,03:28:08 PM,19
2094961,3547,HUROWEDG,-16,1730230139,1730230123,03:28:59 PM,03:28:43 PM,-16
2094961,3547,HUROADE6,-38,1730230200,1730230162,03:30:00 PM,03:29:22 PM,-38
2094961,3547,ADELHUR2,0,1730230260,1730230260,03:31:00 PM,03:31:00 PM,0
2094961,3547,ADELVIC2,-49,1730230337,1730230288,03:32:17 PM,03:31:28 PM,-49
2094961,3547,CHEAADE2,-69,1730230410,1730230341,03:33:30 PM,03:32:21 PM,-69
2094961,3547,CHEAWIL2,-94,1730230447,1730230353,03:34:07 PM,03:32:33 PM,-94
2094961,3547,CHEAMAI2,-139,1730230521,1730230382,03:35:21 PM,03:33:02 PM,-139
2094961,3547,COLBCHEA,-171,1730230579,1730230408,03:36:19 PM,03:33:28 PM,-171
2094961,3547,COLBGRO1,-195,1730230625,1730230430,03:37:05 PM,03:33:50 PM,-195
2094961,3547,COLBSJM2,-228,1730230682,1730230454,03:38:02 PM,03:34:14 PM,-228
2094961,3547,COLBOXFD,0,1730230740,1730230740,03:39:00 PM,03:39:00 PM,0
2094961,3547,COLBPAM2,-27,1730230819,1730230792,03:40:19 PM,03:39:52 PM,-27
2094961,3547,COLBCEN2,,,,,,
2094961,3547,COLBDUFF,10,1730230960,1730230970,03:42:40 PM,03:42:50 PM,10
2094961,3547,WATEDUF1,6,1730231027,1730231033,03:43:47 PM,03:43:53 PM,6
2094961,3547,WATEKINS,28,1730231114,1730231142,03:45:14 PM,03:45:42 PM,28
2094961,3547,YORKWAT1,32,1730231160,1730231192,03:46:00 PM,03:46:32 PM,32
2094961,3547,COLBHOR2,18,1730231282,1730231300,03:48:02 PM,03:48:20 PM,18
2094961,3547,GREYCOLB,-14,1730231350,1730231336,03:49:10 PM,03:48:56 PM,-14
2094961,3547,GREYWATE,-40,1730231395,1730231355,03:49:55 PM,03:49:15 PM,-40
2094961,3547,WELLGRE2,-35,1730231473,1730231438,03:51:13 PM,03:50:38 PM,-35
2094961,3547,WELLSOU2,-78,1730231537,1730231459,03:52:17 PM,03:50:59 PM,-78
2094961,3547,WELLGRA2,-116,1730231634,1730231518,03:53:54 PM,03:51:58 PM,-116
2094961,3547,WELLCOLG,-150,1730231696,1730231546,03:54:56 PM,03:52:26 PM,-150
2094961,3547,WELLWELL,-195,1730231764,1730231569,03:56:04 PM,03:52:49 PM,-195
2094961,3547,WELLTHJA,-259,1730231859,1730231600,03:57:39 PM,03:53:20 PM,-259
2094961,3547,WELLPERC,-291,1730231916,1730231625,03:58:36 PM,03:53:45 PM,-291
2094961,3547,BASEWEL1,-304,1730231985,1730231681,03:59:45 PM,03:54:41 PM,-304
2094961,3547,BASEFAI3,0,1730232060,1730232060,04:01:00 PM,04:01:00 PM,0
2094961,3547,WESTBAS1,-22,1730232118,1730232096,04:01:58 PM,04:01:36 PM,-22
2094961,3547,WESTWHE1,-37,1730232145,1730232108,04:02:25 PM,04:01:48 PM,-37
2094961,3547,WESTTHO1,-51,1730232181,1730232130,04:03:01 PM,04:02:10 PM,-51
2094961,3547,THOMADE1,-20,1730232226,1730232206,04:03:46 PM,04:03:26 PM,-20
2094961,3547,THOMEME1,-27,1730232256,1730232229,04:04:16 PM,04:03:49 PM,-27
2094961,3547,THOMCHE1,-49,1730232304,1730232255,04:05:04 PM,04:04:15 PM,-49
2094961,3547,THOMGLA1,-51,1730232322,1730232271,04:05:22 PM,04:04:31 PM,-51
2094961,3547,KINGTHO2,-65,1730232360,1730232295,04:06:00 PM,04:04:55 PM,-65
2094961,3547,KINGTHO2,6,1730232360,1730232366,04:06:00 PM,04:06:06 PM,6
2094961,3547,KINGDIP2,6,1730232387,1730232393,04:06:27 PM,04:06:33 PM,6
2094961,3547,KINGSCE2,0,1730232414,1730232414,04:06:54 PM,04:06:54 PM,0
2094961,3547,KINGECHO,-12,1730232443,1730232431,04:07:23 PM,04:07:11 PM,-12
2094961,3547,KINGCHI2,-22,1730232477,1730232455,04:07:57 PM,04:07:35 PM,-22
2094961,3547,KINGEAGL,-28,1730232501,1730232473,04:08:21 PM,04:07:53 PM,-28
2094961,3547,BURLCAIR,-43,1730232585,1730232542,04:09:45 PM,04:09:02 PM,-43
2094961,3547,BURLPOMI,-36,1730232621,1730232585,04:10:21 PM,04:09:45 PM,-36
2094961,3547,SHELBUR2,-31,1730232642,1730232611,04:10:42 PM,04:10:11 PM,-31
2094961,3547,SHELODEL,-26,1730232663,1730232637,04:11:03 PM,04:10:37 PM,-26
2094961,3547,SHELDEVE,-74,1730232720,1730232646,04:12:00 PM,04:10:46 PM,-74
2101704,3548,ADELPIC1,171,1730229064,1730229235,03:11:04 PM,03:13:55 PM,171
2101704,3548,ADELOXF1,205,1730229120,1730229325,03:12:00 PM,03:15:25 PM,205
2101704,3548,ADELSJA1,188,1730229150,1730229338,03:12:30 PM,03:15:38 PM,188
2101704,3548,ADELGRO1,167,1730229196,1730229363,03:13:16 PM,03:16:03 PM,167
2101704,3548,ADELCHE1,237,1730229240,1730229477,03:14:00 PM,03:17:57 PM,237
2101704,3548,ADELVIC1,218,1730229275,1730229493,03:14:35 PM,03:18:13 PM,218
2101704,3548,ADELREG1,218,1730229329,1730229547,03:15:29 PM,03:19:07 PM,218
2101704,3548,ADELHUR1,227,1730229367,1730229594,03:16:07 PM,03:19:54 PM,227
2101704,3548,ADELHUR5,198,1730229433,1730229631,03:17:13 PM,03:20:31 PM,198
2101704,3548,ADELKIP1,204,1730229479,1730229683,03:17:59 PM,03:21:23 PM,204
2101704,3548,ADELWIN1,146,1730229590,1730229736,03:19:50 PM,03:22:16 PM,146
2101704,3548,ADELGLEN,98,1730229703,1730229801,03:21:43 PM,03:23:21 PM,98
2101704,3548,ADELTENN,102,1730229731,1730229833,03:22:11 PM,03:23:53 PM,102
2101704,3548,FANSADE4,96,1730229840,1730229936,03:24:00 PM,03:25:36 PM,96
2101704,3548,FANSSTO2,79,1730229876,1730229955,03:24:36 PM,03:25:55 PM,79
2101704,3548,FANSHAS2,66,1730229974,1730230040,03:26:14 PM,03:27:20 PM,66
2101704,3548,FANSJEN2,73,1730230009,1730230082,03:26:49 PM,03:28:02 PM,73
2101704,3548,FANSJEN4,79,1730230035,1730230114,03:27:15 PM,03:28:34 PM,79
2101704,3548,FANSNCR2,87,1730230074,1730230161,03:27:54 PM,03:29:21 PM,87
2101704,3548,MASOSTO6,83,1730230140,1730230223,03:29:00 PM,03:30:23 PM,83
2101637,3548,MASOSTO6,0,1730230620,1730230620,03:37:00 PM,03:37:00 PM,0
2101637,3548,FANSRIC1,0,1730230712,1730230712,03:38:32 PM,03:38:32 PM,0
2101637,3548,FANSNCR1,-2,1730230742,1730230740,03:39:02 PM,03:39:00 PM,-2
2101637,3548,FANSNCR3,1,1730230788,1730230789,03:39:48 PM,03:39:49 PM,1
2101637,3548,FANSHAS3,-26,1730230848,1730230822,03:40:48 PM,03:40:22 PM,-26
2101637,3548,FANSHAS1,-52,1730230898,1730230846,03:41:38 PM,03:40:46 PM,-52
2101637,3548,FANSSTO3,-88,1730230954,1730230866,03:42:34 PM,03:41:06 PM,-88
2101637,3548,FANSSTO1,-126,1730231016,1730230890,03:43:36 PM,03:41:30 PM,-126
2101637,3548,ADELFAN2,0,1730231100,1730231100,03:45:00 PM,03:45:00 PM,0
2101637,3548,ADELMAPL,-11,1730231142,1730231131,03:45:42 PM,03:45:31 PM,-11
2101637,3548,ADELWILL,-17,1730231173,1730231156,03:46:13 PM,03:45:56 PM,-17
2101637,3548,ADELWIN2,-46,1730231256,1730231210,03:47:36 PM,03:46:50 PM,-46
2101637,3548,ADELKIP2,0,1730231340,1730231340,03:49:00 PM,03:49:00 PM,0
2101637,3548,ADELKIP6,-26,1730231402,1730231376,03:50:02 PM,03:49:36 PM,-26
2101637,3548,ADELHUR2,-27,1730231473,1730231446,03:51:13 PM,03:50:46 PM,-27
2101637,3548,ADELVIC2,-48,1730231528,1730231480,03:52:08 PM,03:51:20 PM,-48
2101637,3548,ADELCHE2,0,1730231580,1730231580,03:53:00 PM,03:53:00 PM,0
2101637,3548,ADELGRO2,-20,1730231633,1730231613,03:53:53 PM,03:53:33 PM,-20
2101637,3548,ADELSJA2,-54,1730231702,1730231648,03:55:02 PM,03:54:08 PM,-54
2101637,3548,ADELOXF2,27,1730231760,1730231787,03:56:00 PM,03:56:27 PM,27
2101637,3548,ADELPIC2,-3,1730231802,1730231799,03:56:42 PM,03:56:39 PM,-3
2101637,3548,ADELPAMA,,,,,,
2101637,3548,ADELCEN2,-86,1730231923,1730231837,03:58:43 PM,03:57:17 PM,-86
2101637,3548,ADELROSE,-108,1730231957,1730231849,03:59:17 PM,03:57:29 PM,-108
2101637,3548,ADELPRIN,-132,1730231995,1730231863,03:59:55 PM,03:57:43 PM,-132
2101637,3548,ADELDUFR,-151,1730232027,1730231876,04:00:27 PM,03:57:56 PM,-151
2101637,3548,ADELQUEE,-158,1730232062,1730231904,04:01:02 PM,03:58:24 PM,-158
2101637,3548,ADELDUN2,0,1730232120,1730232120,04:02:00 PM,04:02:00 PM,0
2101637,3548,ADELHAMI,4,1730232240,1730232244,04:04:00 PM,04:04:04 PM,4
2101637,3548,ADELHIL2,-16,1730232276,1730232260,04:04:36 PM,04:04:20 PM,-16
2101637,3548,ADELNEL2,-39,1730232330,1730232291,04:05:30 PM,04:04:51 PM,-39
2101637,3548,ADELADA2,-68,1730232385,1730232317,04:06:25 PM,04:05:17 PM,-68
2101637,3548,ADELEDNA,-95,1730232437,1730232342,04:07:17 PM,04:05:42 PM,-95
2101637,3548,ADELTHO4,-99,1730232515,1730232416,04:08:35 PM,04:06:56 PM,-99
2101637,3548,ADELTHO6,-121,1730232549,1730232428,04:09:09 PM,04:07:08 PM,-121
2101637,3548,ADELTHO2,-141,1730232585,1730232444,04:09:45 PM,04:07:24 PM,-141
2101637,3548,ADELTHO8,-158,1730232617,1730232459,04:10:17 PM,04:07:39 PM,-158
2101637,3548,ADELLEA2,-179,1730232661,1730232482,04:11:01 PM,04:08:02 PM,-179
2101637,3548,COMMADE1,0,1730232720,1730232720,04:12:00 PM,04:12:00 PM,0
2101637,3548,COMMLEA1,-11,1730232745,1730232734,04:12:25 PM,04:12:14 PM,-11
2101637,3548,COMMFRO1,-28,1730232794,1730232766,04:13:14 PM,04:12:46 PM,-28
2101637,3548,COMMKIE1,-36,1730232822,1730232786,04:13:42 PM,04:13:06 PM,-36
2101637,3548,COMMPOM1,-40,1730232866,1730232826,04:14:26 PM,04:13:46 PM,-40
2101637,3548,COMMPOM1,20,1730232866,1730232886,04:14:26 PM,04:14:46 PM,20
2101637,3548,PONDDEV2,20,1730232891,1730232911,04:14:51 PM,04:15:11 PM,20
2101637,3548,PONDBAN2,25,1730232918,1730232943,04:15:18 PM,04:15:43 PM,25
2101637,3548,DEVEPOND,17,1730232949,1730232966,04:15:49 PM,04:16:06 PM,17
2101637,3548,DEVEGLEN,12,1730232995,1730233007,04:16:35 PM,04:16:47 PM,12
2101637,3548,DEVELYSA,1,1730233040,1730233041,04:17:20 PM,04:17:21 PM,1
2101637,3548,DEVEBANB,-16,1730233080,1730233064,04:18:00 PM,04:17:44 PM,-16
2101637,3548,DEVECOM1,-16,1730233120,1730233104,04:18:40 PM,04:18:24 PM,-16
2101637,3548,COMMDEV4,-85,1730233200,1730233115,04:20:00 PM,04:18:35 PM,-85
2095580,3549,DUNDFIR1,333,1730229218,1730229551,03:13:38 PM,03:19:11 PM,333
2095580,3549,DUNDSASK,327,1730229293,1730229620,03:14:53 PM,03:20:20 PM,327
2095580,3549,DUNDMANI,297,1730229361,1730229658,03:16:01 PM,03:20:58 PM,297
2095580,3549,DUNDBEA1,269,1730229453,1730229722,03:17:33 PM,03:22:02 PM,269
2095580,3549,DUNDCLK1,247,1730229515,1730229762,03:18:35 PM,03:22:42 PM,247
2095580,3549,ARGYMAL1,208,1730229600,1730229808,03:20:00 PM,03:23:28 PM,208
2095580,3549,ARGYMAL1,268,1730229600,1730229868,03:20:00 PM,03:24:28 PM,268
2095580,3549,DUNDEAS3,228,1730229710,1730229938,03:21:50 PM,03:25:38 PM,228
2095580,3549,DUNDWAV1,202,1730229758,1730229960,03:22:38 PM,03:26:00 PM,202
2095580,3549,DUNDFOR1,184,1730229792,1730229976,03:23:12 PM,03:26:16 PM,184
2095580,3549,DUNDSPE1,171,1730229814,1730229985,03:23:34 PM,03:26:25 PM,171
2095580,3549,DUNDCARL,149,1730229858,1730230007,03:24:18 PM,03:26:47 PM,149
2095580,3549,BONADUND,114,1730229900,1730230014,03:25:00 PM,03:26:54 PM,114
2095690,3549,BONADUND,174,1730229900,1730230074,03:25:00 PM,03:27:54 PM,174
2095690,3549,BONASIMP,174,1730229951,1730230125,03:25:51 PM,03:28:45 PM,174
2095690,3549,BONAMORE,174,1730230017,1730230191,03:26:57 PM,03:29:51 PM,174
2095690,3549,ADMIBON2,191,1730230062,1730230253,03:27:42 PM,03:30:53 PM,191
2095690,3549,ADMIVAU3,179,1730230095,1730230274,03:28:15 PM,03:31:14 PM,179
2095690,3549,ADMICAR2,168,1730230128,1730230296,03:28:48 PM,03:31:36 PM,168
2095690,3549,CARLCAPR,147,1730230174,1730230321,03:29:34 PM,03:32:01 PM,147
2095690,3549,CARLSPE3,126,1730230225,1730230351,03:30:25 PM,03:32:31 PM,126
2095690,3549,CARLSPE1,118,1730230247,1730230365,03:30:47 PM,03:32:45 PM,118
2095690,3549,CARLTIFF,112,1730230287,1730230399,03:31:27 PM,03:33:19 PM,112
2095690,3549,DUNDSPE2,105,1730230340,1730230445,03:32:20 PM,03:34:05 PM,105
2095690,3549,DUNDSPE4,84,1730230373,1730230457,03:32:53 PM,03:34:17 PM,84
2095690,3549,DUNDFOR2,64,1730230402,1730230466,03:33:22 PM,03:34:26 PM,64
2095690,3549,DUNDARVI,46,1730230451,1730230497,03:34:11 PM,03:34:57 PM,46
2095690,3549,DUNDEAS2,23,1730230499,1730230522,03:34:59 PM,03:35:22 PM,23
2095690,3549,CLARWHI2,6,1730230604,1730230610,03:36:44 PM,03:36:50 PM,6
2095690,3549,ARGYMAL2,-52,1730230680,1730230628,03:38:00 PM,03:37:08 PM,-52
2095690,3549,ARGYMAL2,4,1730231160,1730231164,03:46:00 PM,03:46:04 PM,4
2095690,3549,DUNDCLK4,-18,1730231261,1730231243,03:47:41 PM,03:47:23 PM,-18
2095690,3549,DUNDBEA2,-66,1730231347,1730231281,03:49:07 PM,03:48:01 PM,-66
2095690,3549,DUNDTHR,-92,1730231451,1730231359,03:50:51 PM,03:49:19 PM,-92
2095690,3549,DUNDBUR2,,,,,,
2095690,3549,DUNDFIR2,,,,,,
2095690,3549,DUNDHAL2,,,,,,
2095690,3549,DUNDHAL4,,,,,,
2095690,3549,DUNDHIG2,410,1730231820,1730232230,03:57:00 PM,04:03:50 PM,410
2095690,3549,DUNDASH4,354,1730231911,1730232265,03:58:31 PM,04:04:25 PM,354
2095690,3549,DUNDMCOR,,,,,,
2095690,3549,DUNDDORI,,,,,,
2095690,3549,DUNDEGE2,,,,,,
2095690,3549,DUNDQUE2,221,1730232144,1730232365,04:02:24 PM,04:06:05 PM,221
2095690,3549,DUNDONT2,193,1730232198,1730232391,04:03:18 PM,04:06:31 PM,193
2095690,3549,DUNDREC2,169,1730232249,1730232418,04:04:09 PM,04:06:58 PM,169
2095690,3549,DUNDENGL,147,1730232303,1730232450,04:05:03 PM,04:07:30 PM,147
2095690,3549,DUNDELIZ,137,1730232359,1730232496,04:05:59 PM,04:08:16 PM,137
2095690,3549,DUNDADE2,161,1730232420,1730232581,04:07:00 PM,04:09:41 PM,161
2095690,3549,DUNDWIL2,152,1730232464,1730232616,04:07:44 PM,04:10:16 PM,152
2095690,3549,DUNDMAI2,128,1730232526,1730232654,04:08:46 PM,04:10:54 PM,128
2095690,3549,DUNDCOL2,108,1730232589,1730232697,04:09:49 PM,04:11:37 PM,108
2095690,3549,DUNDWAT2,87,1730232653,1730232740,04:10:53 PM,04:12:20 PM,87
2095690,3549,DUNDWEL2,80,1730232720,1730232800,04:12:00 PM,04:13:20 PM,80
2095690,3549,QUEECLAR,32,1730232831,1730232863,04:13:51 PM,04:14:23 PM,32
2095690,3549,QUEERIC1,-37,1730232900,1730232863,04:15:00 PM,04:14:23 PM,-37
2095690,3549,QUEERIC1,38,1730232900,1730232938,04:15:00 PM,04:15:38 PM,38
2095690,3549,QUENRIDO,-42,1730233012,1730232970,04:16:52 PM,04:16:10 PM,-42
2095690,3549,RIVEWIL2,-124,1730233141,1730233018,04:19:01 PM,04:16:58 PM,-123
2095690,3549,RIVEWHA2,-158,1730233196,1730233038,04:19:56 PM,04:17:18 PM,-158
2095690,3549,WHARMPL1,-194,1730233255,1730233062,04:20:55 PM,04:17:42 PM,-193
2095690,3549,WHARMOIR,-226,1730233309,1730233084,04:21:49 PM,04:18:04 PM,-225
2095690,3549,WHAREMPR,-230,1730233391,1730233162,04:23:11 PM,04:19:22 PM,-229
2095690,3549,WHAROXF1,0,1730233500,1730233500,04:25:00 PM,04:25:00 PM,0
2095690,3549,WESTESSE,0,1730233561,1730233561,04:26:01 PM,04:26:01 PM,0
2095690,3549,WESTHOL1,0,1730233612,1730233612,04:26:52 PM,04:26:52 PM,0
2095690,3549,WESTPLA1,0,1730233666,1730233666,04:27:46 PM,04:27:46 PM,0
2095690,3549,WESTPHA1,0,1730233740,1730233740,04:29:00 PM,04:29:00 PM,0
2095690,3549,WESTPHA3,0,1730233810,1730233810,04:30:10 PM,04:30:10 PM,0
2095690,3549,ALUMHAL1,0,1730233952,1730233952,04:32:32 PM,04:32:32 PM,0
2095690,3549,MIDDPERT,0,1730234127,1730234127,04:35:27 PM,04:35:27 PM,0
2095690,3549,NATSCI,0,1730234220,1730234220,04:37:00 PM,04:37:00 PM,0
2098052,3550,ARGYMAL1,702,1730226900,1730227602,02:35:00 PM,02:46:42 PM,702
2098052,3550,CLARCHU2,481,1730226954,1730227435,02:35:54 PM,02:43:55 PM,481
2098052,3550,QUEERIC1,796,1730228400,1730229196,03:00:00 PM,03:13:16 PM,796
2098052,3550,RIDOYORK,859,1730228525,1730229384,03:02:05 PM,03:16:24 PM,859
2098052,3550,YORKTHA2,852,1730228564,1730229416,03:02:44 PM,03:16:56 PM,852
2098052,3550,WHARHORT,828,1730228702,1730229530,03:05:02 PM,03:18:50 PM,828
2098052,3550,WHARBYR2,827,1730228734,1730229561,03:05:34 PM,03:19:21 PM,827
2098052,3550,WHARELM2,804,1730228799,1730229603,03:06:39 PM,03:20:03 PM,804
2098052,3550,WHARTEC2,778,1730228855,1730229633,03:07:35 PM,03:20:33 PM,778
2098052,3550,LANGHOLB,777,1730228907,1730229684,03:08:27 PM,03:21:24 PM,777
2098052,3550,MACKEMER,778,1730228944,1730229722,03:09:04 PM,03:22:02 PM,778
2098052,3550,EMERWIN2,758,1730228990,1730229748,03:09:50 PM,03:22:28 PM,758
2098052,3550,EMERHIW2,745,1730229020,1730229765,03:10:20 PM,03:22:45 PM,745
2098052,3550,EMERPHY2,745,1730229060,1730229805,03:11:00 PM,03:23:25 PM,745
2098052,3550,EMERRIDG,731,1730229101,1730229832,03:11:41 PM,03:23:52 PM,731
2098052,3550,SOUTBAS1,730,1730229154,1730229884,03:12:34 PM,03:24:44 PM,730
2098052,3550,SOUTGAR1,733,1730229210,1730229943,03:13:30 PM,03:25:43 PM,733
2098052,3550,BERKGAR2,736,1730229237,1730229973,03:13:57 PM,03:26:13 PM,736
2098052,3550,BERKROB2,733,1730229267,1730230000,03:14:27 PM,03:26:40 PM,733
2098052,3550,BERKTOP2,730,1730229296,1730230026,03:14:56 PM,03:27:06 PM,730
2098052,3550,COMMTOP1,725,1730229380,1730230105,03:16:20 PM,03:28:25 PM,725
2098052,3550,COMMFOE1,716,1730229427,1730230143,03:17:07 PM,03:29:03 PM,716
2098052,3550,WONDCOM2,754,1730229470,1730230224,03:17:50 PM,03:30:24 PM,754
2098052,3550,WONDVIL2,749,1730229508,1730230257,03:18:28 PM,03:30:57 PM,749
2098052,3550,WONDVIS4,729,1730229569,1730230298,03:19:29 PM,03:31:38 PM,729
2098052,3550,WESTMAL5,668,1730229660,1730230328,03:21:00 PM,03:32:08 PM,668
2098012,3550,WESTMAL5,338,1730230320,1730230658,03:32:00 PM,03:37:38 PM,338
2098012,3550,WONDVIS3,344,1730230379,1730230723,03:32:59 PM,03:38:43 PM,344
2098012,3550,WONDVIL1,332,1730230415,1730230747,03:33:35 PM,03:39:07 PM,332
2098012,3550,WONDCOM1,331,1730230471,1730230802,03:34:31 PM,03:40:02 PM,331
2098012,3550,COMMFOE2,305,1730230523,1730230828,03:35:23 PM,03:40:28 PM,305
2098012,3550,TOPPCOM1,292,1730230612,1730230904,03:36:52 PM,03:41:44 PM,292
2098012,3550,BERKTOP1,263,1730230693,1730230956,03:38:13 PM,03:42:36 PM,263
2098012,3550,BERKROB1,254,1730230721,1730230975,03:38:41 PM,03:42:55 PM,254
2098012,3550,GARDBER1,238,1730230780,1730231018,03:39:40 PM,03:43:38 PM,238
2098012,3550,SOUTGAR2,233,1730230806,1730231039,03:40:06 PM,03:43:59 PM,233
2098012,3550,SOUTBAS2,207,1730230876,1730231083,03:41:16 PM,03:44:43 PM,207
2098012,3550,SOUTBEA1,190,1730230927,1730231117,03:42:07 PM,03:45:17 PM,190
2098012,3550,EMERPHY1,174,1730230980,1730231154,03:43:00 PM,03:45:54 PM,174
2098012,3550,EMERHIW1,147,1730231027,1730231174,03:43:47 PM,03:46:14 PM,147
2098012,3550,EMERWIN1,123,1730231077,1730231200,03:44:37 PM,03:46:40 PM,123
2098012,3550,EMERPADD,103,1730231127,1730231230,03:45:27 PM,03:47:10 PM,103
2098012,3550,WHAREME1,94,1730231168,1730231262,03:46:08 PM,03:47:42 PM,94
2098012,3550,WHARTEC1,65,1730231231,1730231296,03:47:11 PM,03:48:16 PM,65
2098012,3550,WHARELM1,38,1730231286,1730231324,03:48:06 PM,03:48:44 PM,38
2098012,3550,WHARBYR1,5,1730231361,1730231366,03:49:21 PM,03:49:26 PM,5
2098012,3550,WHAREUCL,7,1730231388,1730231395,03:49:48 PM,03:49:55 PM,7
2098012,3550,STANWHAR,4,1730231452,1730231456,03:50:52 PM,03:50:56 PM,4
2098012,3550,STANPERR,-9,1730231479,1730231470,03:51:19 PM,03:51:10 PM,-9
2098012,3550,STANWORT,-29,1730231521,1730231492,03:52:01 PM,03:51:32 PM,-29
2098012,3550,YORKTHA1,-43,1730231553,1730231510,03:52:33 PM,03:51:50 PM,-43
2098012,3550,RIDOYOR2,-44,1730231592,1730231548,03:53:12 PM,03:52:28 PM,-44
2098012,3550,KINGTALB,-23,1730231636,1730231613,03:53:56 PM,03:53:33 PM,-23
2098012,3550,KINGRICH,-36,1730231700,1730231664,03:55:00 PM,03:54:24 PM,-36
2098012,3550,KINGRICH,24,1730231700,1730231724,03:55:00 PM,03:55:24 PM,24
2098012,3550,KINGWEL2,10,1730231773,1730231783,03:56:13 PM,03:56:23 PM,10
2098012,3550,WATEKINS,-3,1730231838,1730231835,03:57:18 PM,03:57:15 PM,-3
2098012,3550,YORKWAT1,-4,1730231884,1730231880,03:58:04 PM,03:58:00 PM,-4
2098012,3550,YORKCOL1,-18,1730231927,1730231909,03:58:47 PM,03:58:29 PM,-18
2098012,3550,YORKMAI1,-38,1730231975,1730231937,03:59:35 PM,03:58:57 PM,-38
2098012,3550,YORKWIL1,-58,1730232022,1730231964,04:00:22 PM,03:59:24 PM,-58
2098012,3550,YORKADE1,-98,1730232094,1730231996,04:01:34 PM,03:59:56 PM,-98
2098012,3550,YORKLYL1,-118,1730232149,1730232031,04:02:29 PM,04:00:31 PM,-118
2098012,3550,YORKREC1,0,1730232240,1730232240,04:04:00 PM,04:04:00 PM,0
2098012,3550,FLORFAI1,-19,1730232301,1730232282,04:05:01 PM,04:04:42 PM,-19
2098012,3550,FLOREGE1,3,1730232344,1730232347,04:05:44 PM,04:05:47 PM,3
2098012,3550,FLORKEL1,-12,1730232380,1730232368,04:06:20 PM,04:06:08 PM,-12
2098012,3550,FLORELE1,-33,1730232424,1730232391,04:07:04 PM,04:06:31 PM,-33
2098012,3550,FLORASH1,-49,1730232461,1730232412,04:07:41 PM,04:06:52 PM,-49
2098012,3550,HIGBBEA2,-75,1730232561,1730232486,04:09:21 PM,04:08:06 PM,-75
2098012,3550,HIGBWIL2,-98,1730232613,1730232515,04:10:13 PM,04:08:35 PM,-98
2098012,3550,BRYDHIG3,0,1730232660,1730232660,04:11:00 PM,04:11:00 PM,0
2098012,3550,BRYDHAL1,6,1730232713,1730232719,04:11:53 PM,04:11:59 PM,6
2098012,3550,BRYDCORN,-1,1730232750,1730232749,04:12:30 PM,04:12:29 PM,-1
2098012,3550,WAVEKIW1,-10,1730232792,1730232782,04:13:12 PM,04:13:02 PM,-10
2098012,3550,WAVEVANC,-20,1730232848,1730232828,04:14:08 PM,04:13:48 PM,-20
2098012,3550,WAVEEDM1,-31,1730232902,1730232871,04:15:02 PM,04:14:31 PM,-31
2098012,3550,WAVEMER1,-48,1730232963,1730232915,04:16:03 PM,04:15:15 PM,-48
2098012,3550,CLARWAV1,-47,1730233010,1730232963,04:16:50 PM,04:16:03 PM,-47
2098012,3550,CLARCHU1,-55,1730233042,1730232987,04:17:22 PM,04:16:27 PM,-55
2098012,3550,ARGYMAL2,0,1730233080,1730233080,04:18:00 PM,04:18:00 PM,0
2098012,3550,DUNDEAS3,47,1730233193,1730233240,04:19:53 PM,04:20:40 PM,47
2098012,3550,WAVEDUN6,10,1730233263,1730233273,04:21:03 PM,04:21:13 PM,10
2098012,3550,WAVEDUN2,-12,1730233299,1730233287,04:21:39 PM,04:21:27 PM,-12
2098012,3550,WAVEDUN4,-37,1730233342,1730233305,04:22:22 PM,04:21:45 PM,-37
2098012,3550,WAVECAS2,-71,1730233416,1730233345,04:23:36 PM,04:22:25 PM,-71
2098012,3550,CLARWAV1,-102,1730233478,1730233376,04:24:38 PM,04:22:56 PM,-102
2098012,3550,CLARCHU1,-121,1730233521,1730233400,04:25:21 PM,04:23:20 PM,-121
2098012,3550,ARGYMAL1,-204,1730233620,1730233416,04:27:00 PM,04:23:36 PM,-204
2104043,3551,FCBLFLE1,193,1730227901,1730228094,02:51:41 PM,02:54:54 PM,193
2104043,3551,FCBLCHE1,167,1730227963,1730228130,02:52:43 PM,02:55:30 PM,167
2104043,3551,SANDBEC1,119,1730228054,1730228173,02:54:14 PM,02:56:13 PM,119
2104043,3551,SANDHUR1,116,1730228083,1730228199,02:54:43 PM,02:56:39 PM,116
2104043,3551,HUROSAN2,123,1730228132,1730228255,02:55:32 PM,02:57:35 PM,123
2104043,3551,HUROWEB2,101,1730228191,1730228292,02:56:31 PM,02:58:12 PM,101
2104043,3551,HIGBHIC1,390,1730228327,1730228717,02:58:47 PM,03:05:17 PM,390
2104043,3551,HIGBFUL1,394,1730228359,1730228753,02:59:19 PM,03:05:53 PM,394
2104043,3551,HIGHTOW1,360,1730228441,1730228801,03:00:41 PM,03:06:41 PM,360
2104043,3551,HIGBKIL1,344,1730228492,1730228836,03:01:32 PM,03:07:16 PM,344
2104043,3551,HIGH1550,327,1730228542,1730228869,03:02:22 PM,03:07:49 PM,327
2104043,3551,HIGBEDG1,324,1730228588,1730228912,03:03:08 PM,03:08:32 PM,324
2104043,3551,HIGHKIL2,310,1730228649,1730228959,03:04:09 PM,03:09:19 PM,310
2104043,3551,FANSHIG2,300,1730228746,1730229046,03:05:46 PM,03:10:46 PM,300
2104043,3551,FANSMCLE,295,1730228795,1730229090,03:06:35 PM,03:11:30 PM,295
2104043,3551,FANSSTAC,267,1730228844,1730229111,03:07:24 PM,03:11:51 PM,267
2104043,3551,FANSGLEN,249,1730228882,1730229131,03:08:02 PM,03:12:11 PM,249
2104043,3551,FANSTRO4,206,1730228964,1730229170,03:09:24 PM,03:12:50 PM,206
2104043,3551,FANSFREE,179,1730229039,1730229218,03:10:39 PM,03:13:38 PM,179
2104043,3551,FANSADE4,193,1730229120,1730229313,03:12:00 PM,03:15:13 PM,193
2104043,3551,FANSSTO2,169,1730229162,1730229331,03:12:42 PM,03:15:31 PM,169
2104043,3551,FANSPHIL,148,1730229229,1730229377,03:13:49 PM,03:16:17 PM,148
2104043,3551,FANSHAS2,136,1730229274,1730229410,03:14:34 PM,03:16:50 PM,136
2104043,3551,FANSJEN2,135,1730229314,1730229449,03:15:14 PM,03:17:29 PM,135
2104043,3551,FANSJEN4,135,1730229344,1730229479,03:15:44 PM,03:17:59 PM,135
2104043,3551,FANSNCR2,136,1730229389,1730229525,03:16:29 PM,03:18:45 PM,136
2104043,3551,MASOSTO2,104,1730229480,1730229584,03:18:00 PM,03:19:44 PM,104
2104096,3551,MASOSTO2,44,1730229600,1730229644,03:20:00 PM,03:20:44 PM,44
2104096,3551,FANSRIC1,4,1730229664,1730229668,03:21:04 PM,03:21:08 PM,4
2104096,3551,FANSNCR1,4,1730229692,1730229696,03:21:32 PM,03:21:36 PM,4
2104096,3551,FANSNCR3,17,1730229734,1730229751,03:22:14 PM,03:22:31 PM,17
2104096,3551,FANSHAS3,-2,1730229789,1730229787,03:23:09 PM,03:23:07 PM,-2
2104096,3551,FANSHAS1,-24,1730229835,1730229811,03:23:55 PM,03:23:31 PM,-24
2104096,3551,FANSSTO3,-53,1730229887,1730229834,03:24:47 PM,03:23:54 PM,-53
2104096,3551,FANSSTO1,-85,1730229944,1730229859,03:25:44 PM,03:24:19 PM,-85
2104096,3551,FANSADE1,0,1730230020,1730230020,03:27:00 PM,03:27:00 PM,0
2104096,3551,FANSFRE1,-38,1730230083,1730230045,03:28:03 PM,03:27:25 PM,-38
2104096,3551,FANSGLE1,-49,1730230122,1730230073,03:28:42 PM,03:27:53 PM,-49
2104096,3551,FANSTRO3,-59,1730230150,1730230091,03:29:10 PM,03:28:11 PM,-59
2104096,3551,FANSGLE3,-83,1730230225,1730230142,03:30:25 PM,03:29:02 PM,-83
2104096,3551,FANSMCL3,-94,1730230255,1730230161,03:30:55 PM,03:29:21 PM,-94
2104096,3551,FANSMCL1,-115,1730230307,1730230192,03:31:47 PM,03:29:52 PM,-115
2104096,3551,FANSHIGH,-134,1730230362,1730230228,03:32:42 PM,03:30:28 PM,-134
2104096,3551,HIGBKIAR,-162,1730230438,1730230276,03:33:58 PM,03:31:16 PM,-162
2104096,3551,HIGBEDVA,-162,1730230501,1730230339,03:35:01 PM,03:32:19 PM,-162
2104096,3551,HIGBREMB,-169,1730230543,1730230374,03:35:43 PM,03:32:54 PM,-169
2104096,3551,HIGBKIL2,-170,1730230568,1730230398,03:36:08 PM,03:33:18 PM,-170
2104096,3551,HIGBTOWN,-190,1730230620,1730230430,03:37:00 PM,03:33:50 PM,-190
2104096,3551,HIGBFUL2,-221,1730230699,1730230478,03:38:19 PM,03:34:38 PM,-221
2104096,3551,HIGBHIC2,-233,1730230741,1730230508,03:39:01 PM,03:35:08 PM,-233
2104096,3551,HUROHIG3,0,1730230800,1730230800,03:40:00 PM,03:40:00 PM,0
2104096,3551,HUROWEB1,0,1730230866,1730230866,03:41:06 PM,03:41:06 PM,0
2104096,3551,HUROSAN1,-15,1730230934,1730230919,03:42:14 PM,03:41:59 PM,-15
2104096,3551,SANDBEC2,-28,1730230985,1730230957,03:43:05 PM,03:42:37 PM,-28
2104096,3551,FCBLCHE2,-47,1730231075,1730231028,03:44:35 PM,03:43:48 PM,-47
2104096,3551,FCBLFLE2,-56,1730231130,1730231074,03:45:30 PM,03:44:34 PM,-56
2104096,3551,FANCOLL4,-86,1730231220,1730231134,03:47:00 PM,03:45:34 PM,-86
2110359,3554,WHITOMA3,199,1730229240,1730229439,03:14:00 PM,03:17:19 PM,199
2110359,3554,BRADWEL3,200,1730229381,1730229581,03:16:21 PM,03:19:41 PM,200
2110359,3554,BRADWIL1,183,1730229428,1730229611,03:17:08 PM,03:20:11 PM,183
2110359,3554,BRADAGN1,166,1730229454,1730229620,03:17:34 PM,03:20:20 PM,166
2110359,3554,BRADADE1,133,1730229504,1730229637,03:18:24 PM,03:20:37 PM,133
2110359,3554,BRADADE3,103,1730229557,1730229660,03:19:17 PM,03:21:00 PM,103
2110359,3554,ADELOSG5,95,1730229597,1730229692,03:19:57 PM,03:21:32 PM,95
2110359,3554,ADELOSG7,75,1730229639,1730229714,03:20:39 PM,03:21:54 PM,75
2110359,3554,ADELOSG3,44,1730229714,1730229758,03:21:54 PM,03:22:38 PM,44
2110359,3554,SOUTADE1,37,1730229766,1730229803,03:22:46 PM,03:23:23 PM,37
2110359,3554,SOUTMIL5,33,1730229794,1730229827,03:23:14 PM,03:23:47 PM,33
2110359,3554,SOUTMIL3,14,1730229833,1730229847,03:23:53 PM,03:24:07 PM,14
2110359,3554,SOUTMIL1,19,1730229900,1730229919,03:25:00 PM,03:25:19 PM,19
2110359,3554,SOUTKOR1,-7,1730229955,1730229948,03:25:55 PM,03:25:48 PM,-7
2110359,3554,SOUTPOM1,-20,1730229992,1730229972,03:26:32 PM,03:26:12 PM,-20
2110359,3554,PONDPONV,-50,1730230074,1730230024,03:27:54 PM,03:27:04 PM,-50
2110359,3554,PONDMIR3,-69,1730230112,1730230043,03:28:32 PM,03:27:23 PM,-69
2110359,3554,PONDMIR1,-82,1730230140,1730230058,03:29:00 PM,03:27:38 PM,-82
2110359,3554,PONDDEV1,-94,1730230190,1730230096,03:29:50 PM,03:28:16 PM,-94
2110359,3554,PONDBAN1,-100,1730230214,1730230114,03:30:14 PM,03:28:34 PM,-100
2110359,3554,PONDOLDH,-109,1730230280,1730230171,03:31:20 PM,03:29:31 PM,-109
2110359,3554,COMMPOM3,-114,1730230335,1730230221,03:32:15 PM,03:30:21 PM,-114
2110359,3554,COMMDEV1,0,1730230380,1730230380,03:33:00 PM,03:33:00 PM,0
2110359,3554,COMMHIG1,2,1730230432,1730230434,03:33:52 PM,03:33:54 PM,2
2110359,3554,HIGBHAM1,-87,1730230668,1730230581,03:37:48 PM,03:36:21 PM,-87
2110359,3554,HIGBMAGE,-95,1730230691,1730230596,03:38:11 PM,03:36:36 PM,-95
2110359,3554,HIGBTRA1,-106,1730230738,1730230632,03:38:58 PM,03:37:12 PM,-106
2110359,3554,HIGBBRY1,120,1730230800,1730230920,03:40:00 PM,03:42:00 PM,120
2110359,3554,HIGBWIL1,96,1730230850,1730230946,03:40:50 PM,03:42:26 PM,96
2110359,3554,HIGBBEA1,76,1730230899,1730230975,03:41:39 PM,03:42:55 PM,76
2110359,3554,HIGBDUN1,52,1730230980,1730231032,03:43:00 PM,03:43:52 PM,52
2110359,3554,HIGBLPH1,,,,,,
2110359,3554,HIGBOXF1,,,,,,
2110359,3554,HIGBOXF3,,,,,,
2110359,3554,HIGBLAN1,-89,1730231279,1730231190,03:47:59 PM,03:46:30 PM,-89
2110359,3554,HIGBCHE1,-87,1730231320,1730231233,03:48:40 PM,03:47:13 PM,-87
2110359,3554,HIGBGOD1,-95,1730231365,1730231270,03:49:25 PM,03:47:50 PM,-95
2110359,3554,HIGBHURO,-110,1730231419,1730231309,03:50:19 PM,03:48:29 PM,-110
2110359,3554,HIGBHIC1,-126,1730231468,1730231342,03:51:08 PM,03:49:02 PM,-126
2110359,3554,HIGBFUL1,-136,1730231502,1730231366,03:51:42 PM,03:49:26 PM,-136
2110359,3554,FULLVES2,-143,1730231579,1730231436,03:52:59 PM,03:50:36 PM,-143
2110359,3554,FULLREGA,-151,1730231622,1730231471,03:53:42 PM,03:51:11 PM,-151
2110359,3554,MCNAMEL2,-154,1730231672,1730231518,03:54:32 PM,03:51:58 PM,-154
2110359,3554,MELSBRIA,-157,1730231704,1730231547,03:55:04 PM,03:52:27 PM,-157
2110359,3554,MELSSUSS,-170,1730231758,1730231588,03:55:58 PM,03:53:08 PM,-170
2110359,3554,BARKHURO,-208,1730231820,1730231612,03:57:00 PM,03:53:32 PM,-208
2110311,3554,BARKHURO,0,1730231820,1730231820,03:57:00 PM,03:57:00 PM,0
2110311,3554,HUROBRI3,0,1730231916,1730231916,03:58:36 PM,03:58:36 PM,0
2110311,3554,HUROBRI1,-11,1730231946,1730231935,03:59:06 PM,03:58:55 PM,-11
2110311,3554,HUROMCN1,-26,1730232001,1730231975,04:00:01 PM,03:59:35 PM,-26
2110311,3554,HUROVES1,-44,1730232048,1730232004,04:00:48 PM,04:00:04 PM,-44
2110311,3554,HUROHIG1,0,1730232120,1730232120,04:02:00 PM,04:02:00 PM,0
2110311,3554,HIGBGOD2,-61,1730232246,1730232185,04:04:06 PM,04:03:05 PM,-61
2110311,3554,HIGBCHE2,-48,1730232317,1730232269,04:05:17 PM,04:04:29 PM,-48
2110311,3554,HIGBLAN2,-48,1730232349,1730232301,04:05:49 PM,04:05:01 PM,-48
2110311,3554,HIGBOXF4,,,,,,
2110311,3554,HIGBOXF2,,,,,,
2110311,3554,HIGBLPH2,,,,,,
2110311,3554,HIGBDUN2,5,1730232660,1730232665,04:11:00 PM,04:11:05 PM,5
2110311,3554,HIGBBEA2,-43,1730232742,1730232699,04:12:22 PM,04:11:39 PM,-43
2110311,3554,HIGBWIL2,-91,1730232817,1730232726,04:13:37 PM,04:12:06 PM,-91
2110311,3554,HIGBBRY2,0,1730232900,1730232900,04:15:00 PM,04:15:00 PM,0
2110311,3554,HIGBTRA2,0,1730232991,1730232991,04:16:31 PM,04:16:31 PM,0
2110311,3554,HIGBCALV,0,1730233072,1730233072,04:17:52 PM,04:17:52 PM,0
2110311,3554,HIGBHAM2,0,1730233103,1730233103,04:18:23 PM,04:18:23 PM,0
2110311,3554,COMMDEV6,0,1730233523,1730233523,04:25:23 PM,04:25:23 PM,0
2110311,3554,COMMDEV2,0,1730233560,1730233560,04:26:00 PM,04:26:00 PM,0
2110311,3554,PONDDEV2,0,1730233643,1730233643,04:27:23 PM,04:27:23 PM,0
2110311,3554,PONDBAN2,0,1730233698,1730233698,04:28:18 PM,04:28:18 PM,0
2110311,3554,PONDDEV4,0,1730233741,1730233741,04:29:01 PM,04:29:01 PM,0
2110311,3554,PONDMIR4,0,1730233791,1730233791,04:29:51 PM,04:29:51 PM,0
2110311,3554,PONDMIR2,0,1730233837,1730233837,04:30:37 PM,04:30:37 PM,0
2110311,3554,PONDMILL,0,1730233861,1730233861,04:31:01 PM,04:31:01 PM,0
2110311,3554,SOUTPOM2,0,1730233942,1730233942,04:32:22 PM,04:32:22 PM,0
2110311,3554,SOUTKOR2,0,1730233993,1730233993,04:33:13 PM,04:33:13 PM,0
2110311,3554,SOUTMIL2,0,1730234040,1730234040,04:34:00 PM,04:34:00 PM,0
2110311,3554,SOUTMIL4,0,1730234115,1730234115,04:35:15 PM,04:35:15 PM,0
2110311,3554,SOUTMIL6,0,1730234159,1730234159,04:35:59 PM,04:35:59 PM,0
2110311,3554,ADELSDAL,0,1730234203,1730234203,04:36:43 PM,04:36:43 PM,0
2110311,3554,ADELOSG2,0,1730234244,1730234244,04:37:24 PM,04:37:24 PM,0
2110311,3554,ADELOSG6,0,1730234310,1730234310,04:38:30 PM,04:38:30 PM,0
2110311,3554,ADELOSG4,0,1730234347,1730234347,04:39:07 PM,04:39:07 PM,0
2110311,3554,BRADADE2,0,1730234385,1730234385,04:39:45 PM,04:39:45 PM,0
2110311,3554,BRADADE4,0,1730234439,1730234439,04:40:39 PM,04:40:39 PM,0
2110311,3554,BRADAGN2,0,1730234482,1730234482,04:41:22 PM,04:41:22 PM,0
2110311,3554,BRADWIL4,0,1730234516,1730234516,04:41:56 PM,04:41:56 PM,0
2110311,3554,BRADDEAR,0,1730234554,1730234554,04:42:34 PM,04:42:34 PM,0
2110311,3554,WELLBRA2,0,1730234591,1730234591,04:43:11 PM,04:43:11 PM,0
2110311,3554,WHITOMA3,0,1730234640,1730234640,04:44:00 PM,04:44:00 PM,0
2110311,3554,WHITOMA3,0,1730234940,1730234940,04:49:00 PM,04:49:00 PM,0
2110311,3554,WELLBRA1,,,,,,
2110311,3554,WELLMON1,,,,,,
2110311,3554,WELLSDA5,,,,,,
2110311,3554,SOUTMONT,,,,,,
2110311,3554,SOUTVER2,0,1730235318,1730235318,04:55:18 PM,04:55:18 PM,0
2110311,3554,SOUTEAS2,0,1730235352,1730235352,04:55:52 PM,04:55:52 PM,0
2110311,3554,SOUTNIX2,0,1730235431,1730235431,04:57:11 PM,04:57:11 PM,0
2110311,3554,SOUTDUL2,0,1730235478,1730235478,04:57:58 PM,04:57:58 PM,0
2110311,3554,SOUTDUN2,0,1730235540,1730235540,04:59:00 PM,04:59:00 PM,0
2110311,3554,SOUTHOME,0,1730235640,1730235640,05:00:40 PM,05:00:40 PM,0
2110311,3554,SOUTWHA4,0,1730235693,1730235693,05:01:33 PM,05:01:33 PM,0
2110311,3554,SOUTWHA2,0,1730235739,1730235739,05:02:19 PM,05:02:19 PM,0
2110311,3554,SOUTNOD2,0,1730235808,1730235808,05:03:28 PM,05:03:28 PM,0
2110311,3554,SOUTNOD4,0,1730235845,1730235845,05:04:05 PM,05:04:05 PM,0
2110311,3554,SOUTAND2,0,1730235925,1730235925,05:05:25 PM,05:05:25 PM,0
2110311,3554,SOUTWON2,0,1730236003,1730236003,05:06:43 PM,05:06:43 PM,0
2110311,3554,WONDSDA1,0,1730236048,1730236048,05:07:28 PM,05:07:28 PM,0
2110311,3554,WONDPVA1,0,1730236108,1730236108,05:08:28 PM,05:08:28 PM,0
2110311,3554,WONDMMA3,0,1730236134,1730236134,05:08:54 PM,05:08:54 PM,0
2110311,3554,WONDMMA1,0,1730236173,1730236173,05:09:33 PM,05:09:33 PM,0
2110311,3554,WESTMAL6,0,1730236320,1730236320,05:12:00 PM,05:12:00 PM,0
2110311,3554,WONDVIS3,0,1730236397,1730236397,05:13:17 PM,05:13:17 PM,0
2110311,3554,WONDVIL1,0,1730236442,1730236442,05:14:02 PM,05:14:02 PM,0
2110311,3554,WONDCOM1,0,1730236510,1730236510,05:15:10 PM,05:15:10 PM,0
2110311,3554,WONDCOM3,0,1730236570,1730236570,05:16:10 PM,05:16:10 PM,0
2110311,3554,WONDTEE1,0,1730236662,1730236662,05:17:42 PM,05:17:42 PM,0
2110311,3554,WONDSPR1,0,1730236800,1730236800,05:20:00 PM,05:20:00 PM,0
2110311,3554,WONDRIV1,0,1730237100,1730237100,05:25:00 PM,05:25:00 PM,0
2110311,3554,WONDKIW1,0,1730237150,1730237150,05:25:50 PM,05:25:50 PM,0
2110311,3554,WONDOXF3,0,1730237238,1730237238,05:27:18 PM,05:27:18 PM,0
2110311,3554,WONDOXF1,0,1730237280,1730237280,05:28:00 PM,05:28:00 PM,0
2110311,3554,WONDFAR1,0,1730237334,1730237334,05:28:54 PM,05:28:54 PM,0
2110311,3554,WONDFAR3,0,1730237382,1730237382,05:29:42 PM,05:29:42 PM,0
2110311,3554,WONDBEA1,0,1730237455,1730237455,05:30:55 PM,05:30:55 PM,0
2110311,3554,SARNCAS1,0,1730237640,1730237640,05:34:00 PM,05:34:00 PM,0
2110311,3554,SARNCAS1,0,1730237640,1730237640,05:34:00 PM,05:34:00 PM,0
2110311,3554,SARNRIPP,0,1730237703,1730237703,05:35:03 PM,05:35:03 PM,0
2110311,3554,SARNCAS3,0,1730237775,1730237775,05:36:15 PM,05:36:15 PM,0
2110311,3554,SARNCOOM,0,1730237838,1730237838,05:37:18 PM,05:37:18 PM,0
2110311,3554,SARNWES1,0,1730237880,1730237880,05:38:00 PM,05:38:00 PM,0
2110311,3554,WESTPHA3,0,1730237984,1730237984,05:39:44 PM,05:39:44 PM,0
2110311,3554,ALUMHAL1,0,1730238199,1730238199,05:43:19 PM,05:43:19 PM,0
2110311,3554,DELAHALL,0,1730238480,1730238480,05:48:00 PM,05:48:00 PM,0
2110311,3554,UNIVHOS1,0,1730238682,1730238682,05:51:22 PM,05:51:22 PM,0
2110311,3554,PERTWIN1,0,1730238728,1730238728,05:52:08 PM,05:52:08 PM,0
2110311,3554,RICHWIN1,0,1730238847,1730238847,05:54:07 PM,05:54:07 PM,0
2110311,3554,RICHWEC1,0,1730238914,1730238914,05:55:14 PM,05:55:14 PM,0
2110311,3554,RICHCANT,0,1730238977,1730238977,05:56:17 PM,05:56:17 PM,0
2110311,3554,RICHSUNN,0,1730239085,1730239085,05:58:05 PM,05:58:05 PM,0
2110311,3554,MASOSTO4,0,1730239260,1730239260,06:01:00 PM,06:01:00 PM,0
2108042,3556,PROUOXF3,-105,1730229132,1730229027,03:12:12 PM,03:10:27 PM,-105
2108042,3556,OXFOWON2,-144,1730229230,1730229086,03:13:50 PM,03:11:26 PM,-144
2108042,3556,WONDFAR5,-160,1730229275,1730229115,03:14:35 PM,03:11:55 PM,-160
2108042,3556,FARRPROU,-214,1730229360,1730229146,03:16:00 PM,03:12:26 PM,-214
2108108,3556,FARRPROU,0,1730229780,1730229780,03:23:00 PM,03:23:00 PM,0
2108108,3556,PROUFAR2,0,1730229813,1730229813,03:23:33 PM,03:23:33 PM,0
2108108,3556,PROUOXF2,-8,1730229844,1730229836,03:24:04 PM,03:23:56 PM,-8
2108108,3556,FOREHIL1,0,1730229900,1730229900,03:25:00 PM,03:25:00 PM,0
2108108,3556,PROUBEA1,-27,1730229958,1730229931,03:25:58 PM,03:25:31 PM,-27
2108108,3556,BEAVOXF1,-54,1730230045,1730229991,03:27:25 PM,03:26:31 PM,-54
2108108,3556,OXFOCHE1,-87,1730230108,1730230021,03:28:28 PM,03:27:01 PM,-87
2108108,3556,CHEROXF1,-72,1730230153,1730230081,03:29:13 PM,03:28:01 PM,-72
2108108,3556,CHERCHC1,0,1730230200,1730230200,03:30:00 PM,03:30:00 PM,0
2108108,3556,CHERCHC3,-11,1730230244,1730230233,03:30:44 PM,03:30:33 PM,-11
2108108,3556,CHERPLA1,2,1730230285,1730230287,03:31:25 PM,03:31:27 PM,2
2108108,3556,PLATTRO1,-31,1730230382,1730230351,03:33:02 PM,03:32:31 PM,-31
2108108,3556,WESTPHA1,-82,1730230499,1730230417,03:34:59 PM,03:33:37 PM,-82
2108108,3556,WESTPHA3,-80,1730230552,1730230472,03:35:52 PM,03:34:32 PM,-80
2108108,3556,ALUMHAL2,-170,1730230680,1730230510,03:38:00 PM,03:35:10 PM,-170
2110138,3557,COMMNASH,157,1730229081,1730229238,03:11:21 PM,03:13:58 PM,157
2110138,3557,COMMNOR1,147,1730229111,1730229258,03:11:51 PM,03:14:18 PM,147
2110138,3557,SPRICOM1,166,1730229169,1730229335,03:12:49 PM,03:15:35 PM,166
2110138,3557,SPRIWES1,155,1730229200,1730229355,03:13:20 PM,03:15:55 PM,155
2110138,3557,SPRIWES3,137,1730229242,1730229379,03:14:02 PM,03:16:19 PM,137
2110138,3557,SPRIHIC1,109,1730229299,1730229408,03:14:59 PM,03:16:48 PM,109
2110138,3557,SPRIJAR1,92,1730229337,1730229429,03:15:37 PM,03:17:09 PM,92
2110138,3557,SPRIQUI1,79,1730229365,1730229444,03:16:05 PM,03:17:24 PM,79
2110138,3557,SPRIWON1,92,1730229420,1730229512,03:17:00 PM,03:18:32 PM,92
2110138,3557,SPRIBER1,96,1730229450,1730229546,03:17:30 PM,03:19:06 PM,96
2110138,3557,SPRIBER3,74,1730229504,1730229578,03:18:24 PM,03:19:38 PM,74
2110138,3557,SPRIMAR1,49,1730229556,1730229605,03:19:16 PM,03:20:05 PM,49
2110138,3557,SPRIKER1,19,1730229618,1730229637,03:20:18 PM,03:20:37 PM,19
2110138,3557,SPRIGROW,-3,1730229675,1730229672,03:21:15 PM,03:21:12 PM,-3
2110138,3557,SPRIGRE1,-51,1730229753,1730229702,03:22:33 PM,03:21:42 PM,-51
2110138,3557,SPRISPRI,-83,1730229809,1730229726,03:23:29 PM,03:22:06 PM,-83
2110138,3557,HORTWHA3,-133,1730229898,1730229765,03:24:58 PM,03:22:45 PM,-133
2110138,3557,STANWHAR,-150,1730229963,1730229813,03:26:03 PM,03:23:33 PM,-150
2110138,3557,STANPERR,-163,1730229989,1730229826,03:26:29 PM,03:23:46 PM,-163
2110138,3557,STANWORT,-182,1730230029,1730229847,03:27:09 PM,03:24:07 PM,-182
2110138,3557,YORKTHA1,-197,1730230060,1730229863,03:27:40 PM,03:24:23 PM,-197
2110138,3557,RIDOYOR2,-200,1730230098,1730229898,03:28:18 PM,03:24:58 PM,-200
2110138,3557,KINGTALB,-188,1730230140,1730229952,03:29:00 PM,03:25:52 PM,-188
2110138,3557,KINGRICH,-197,1730230200,1730230003,03:30:00 PM,03:26:43 PM,-197
2110138,3557,KINGRICH,40,1730230200,1730230240,03:30:00 PM,03:30:40 PM,40
2110138,3557,KINGWEL2,-30,1730230331,1730230300,03:32:11 PM,03:31:40 PM,-31
2110138,3557,WELLYOR2,,,,,,
2110138,3557,HORTWELL,,,,,,
2110138,3557,HORTCOL2,,,,,,
2110138,3557,HORTMAIT,-141,1730230666,1730230525,03:37:46 PM,03:35:25 PM,-141
2110138,3557,HAMIWIL1,-184,1730230752,1730230568,03:39:12 PM,03:36:08 PM,-184
2110138,3557,HAMIADE1,0,1730230800,1730230800,03:40:00 PM,03:40:00 PM,0
2110138,3557,HAMIMAME,-28,1730230865,1730230837,03:41:05 PM,03:40:37 PM,-28
2110138,3557,HAMIREC1,-56,1730230926,1730230870,03:42:06 PM,03:41:10 PM,-56
2110138,3557,HAMISAC1,-69,1730231002,1730230933,03:43:22 PM,03:42:13 PM,-69
2110138,3557,HAMIEGE1,-86,1730231046,1730230960,03:44:06 PM,03:42:40 PM,-86
2110138,3557,HAMITENN,-124,1730231125,1730231001,03:45:25 PM,03:43:21 PM,-124
2110138,3557,HAMISJU1,-145,1730231168,1730231023,03:46:08 PM,03:43:43 PM,-145
2110138,3557,HAMIPILA,-171,1730231227,1730231056,03:47:07 PM,03:44:16 PM,-171
2110138,3557,HAMIGIL1,-190,1730231295,1730231105,03:48:15 PM,03:45:05 PM,-190
2110138,3557,HAMIHIG1,0,1730231340,1730231340,03:49:00 PM,03:49:00 PM,0
2110138,3557,HALEHAM2,7,1730231366,1730231373,03:49:26 PM,03:49:33 PM,7
2110138,3557,HALEMAG2,-5,1730231422,1730231417,03:50:22 PM,03:50:17 PM,-5
2110138,3557,TWEEFAI2,-8,1730231446,1730231438,03:50:46 PM,03:50:38 PM,-8
2110138,3557,TWEEMAN2,-20,1730231484,1730231464,03:51:24 PM,03:51:04 PM,-20
2110138,3557,TWEEBER2,-25,1730231504,1730231479,03:51:44 PM,03:51:19 PM,-25
2110138,3557,MANITWE2,-33,1730231550,1730231517,03:52:30 PM,03:51:57 PM,-33
2110138,3557,MONTTWE2,-42,1730231591,1730231549,03:53:11 PM,03:52:29 PM,-42
2110138,3557,MONTELD2,-45,1730231632,1730231587,03:53:52 PM,03:53:07 PM,-45
2110138,3557,GOREVAL2,-51,1730231647,1730231596,03:54:07 PM,03:53:16 PM,-51
2110138,3557,GOREBRA2,-67,1730231693,1730231626,03:54:53 PM,03:53:46 PM,-67
2110138,3557,GOREFIR2,-69,1730231730,1730231661,03:55:30 PM,03:54:21 PM,-69
2110138,3557,CLARGORE,-85,1730231805,1730231720,03:56:45 PM,03:55:20 PM,-85
2110138,3557,CLARFIS1,-94,1730231826,1730231732,03:57:06 PM,03:55:32 PM,-94
2110138,3557,CLARCHA3,-120,1730231893,1730231773,03:58:13 PM,03:56:13 PM,-120
2110138,3557,CLARCHA1,0,1730231940,1730231940,03:59:00 PM,03:59:00 PM,0
2110138,3557,CLARTRA1,-14,1730231991,1730231977,03:59:51 PM,03:59:37 PM,-14
2110138,3557,CLARROY1,-50,1730232053,1730232003,04:00:53 PM,04:00:03 PM,-50
2110138,3557,CLARROY3,-62,1730232085,1730232023,04:01:25 PM,04:00:23 PM,-62
2110138,3557,CLARWAV1,-74,1730232110,1730232036,04:01:50 PM,04:00:36 PM,-74
2110138,3557,CLARCHU1,-94,1730232149,1730232055,04:02:29 PM,04:00:55 PM,-94
2110138,3557,ARGYMAL1,-170,1730232240,1730232070,04:04:00 PM,04:01:10 PM,-170
2110036,3557,ARGYMAL1,49,1730232360,1730232409,04:06:00 PM,04:06:49 PM,49
2110036,3557,CLARCHU2,12,1730232411,1730232423,04:06:51 PM,04:07:03 PM,12
2110036,3557,CLARWAV2,9,1730232446,1730232455,04:07:26 PM,04:07:35 PM,9
2110036,3557,CLARROY2,1,1730232465,1730232466,04:07:45 PM,04:07:46 PM,1
2110036,3557,CLARSUD2,-14,1730232507,1730232493,04:08:27 PM,04:08:13 PM,-14
2110036,3557,CLARTRA2,-5,1730232521,1730232516,04:08:41 PM,04:08:36 PM,-5
2110036,3557,CLARTRA4,-1,1730232552,1730232551,04:09:12 PM,04:09:11 PM,-1
2110036,3557,CLARCHA2,-19,1730232594,1730232575,04:09:54 PM,04:09:35 PM,-19
2110036,3557,CLARFIS2,-48,1730232660,1730232612,04:11:00 PM,04:10:12 PM,-48
2110036,3557,CLARGOR2,-58,1730232702,1730232644,04:11:42 PM,04:10:44 PM,-58
2110036,3557,CLARBAY1,-59,1730232737,1730232678,04:12:17 PM,04:11:18 PM,-59
2110036,3557,CLARPEN1,-68,1730232784,1730232716,04:13:04 PM,04:11:56 PM,-68
2110036,3557,HAMIGOR1,-66,1730232861,1730232795,04:14:21 PM,04:13:15 PM,-66
2110036,3557,HAMICRI1,-81,1730232902,1730232821,04:15:02 PM,04:13:41 PM,-81
2110036,3557,HAMIRIV2,0,1730232960,1730232960,04:16:00 PM,04:16:00 PM,0
2110036,3557,HAMIBRA2,0,1730233017,1730233017,04:16:57 PM,04:16:57 PM,0
2110036,3557,HAMIOAKL,0,1730233050,1730233050,04:17:30 PM,04:17:30 PM,0
2110036,3557,HAMIVALL,0,1730233090,1730233090,04:18:10 PM,04:18:10 PM,0
2110036,3557,HAMIWAT2,0,1730233163,1730233163,04:19:23 PM,04:19:23 PM,0
2110036,3557,HAMIYMCA,0,1730233203,1730233203,04:20:03 PM,04:20:03 PM,0
2110036,3557,HAMIFAI1,0,1730233253,1730233253,04:20:53 PM,04:20:53 PM,0
2110036,3557,HAMIHALE,0,1730233284,1730233284,04:21:24 PM,04:21:24 PM,0
2110036,3557,HAMIHIG2,0,1730233320,1730233320,04:22:00 PM,04:22:00 PM,0
2110036,3557,HAMIGIL2,0,1730233342,1730233342,04:22:22 PM,04:22:22 PM,0
2110036,3557,HAMIEAST,0,1730233434,1730233434,04:23:54 PM,04:23:54 PM,0
2110036,3557,HAMISJU2,0,1730233513,1730233513,04:25:13 PM,04:25:13 PM,0
2110036,3557,HAMIELM,0,1730233575,1730233575,04:26:15 PM,04:26:15 PM,0
2110036,3557,HAMIEGE2,0,1730233666,1730233666,04:27:46 PM,04:27:46 PM,0
2110036,3557,HAMISAC2,0,1730233740,1730233740,04:29:00 PM,04:29:00 PM,0
2110036,3557,HAMIREC2,0,1730233803,1730233803,04:30:03 PM,04:30:03 PM,0
2110036,3557,HAMILTGR,0,1730233862,1730233862,04:31:02 PM,04:31:02 PM,0
2110036,3557,HAMIADE2,0,1730233920,1730233920,04:32:00 PM,04:32:00 PM,0
2110036,3557,HAMIWIL2,0,1730233975,1730233975,04:32:55 PM,04:32:55 PM,0
2110036,3557,HORTHAMI,0,1730234029,1730234029,04:33:49 PM,04:33:49 PM,0
2110036,3557,HORTCOL1,0,1730234093,1730234093,04:34:53 PM,04:34:53 PM,0
2110036,3557,HORTWAT2,,,,,,
2110036,3557,WELLHOR1,,,,,,
2110036,3557,WELLYOR1,,,,,,
2110036,3557,WELLDUN3,,,,,,
2110036,3557,WELLDUN3,,,,,,
2110036,3557,QUEECLAR,0,1730234463,1730234463,04:41:03 PM,04:41:03 PM,0
2110036,3557,RICHQUE2,0,1730234580,1730234580,04:43:00 PM,04:43:00 PM,0
2106612,3558,OXFOFERN,2171,1730227132,1730229303,02:38:52 PM,03:15:03 PM,2171
2106612,3558,OXFOPLAT,2172,1730227230,1730229402,02:40:30 PM,03:16:42 PM,2172
2106612,3558,OXFOPRO2,2116,1730227446,1730229562,02:44:06 PM,03:19:22 PM,2116
2106612,3558,OXFOWON2,2160,1730227517,1730229677,02:45:17 PM,03:21:17 PM,2160
2106612,3558,CAPUOXFO,2010,1730227680,1730229690,02:48:00 PM,03:21:30 PM,2010
2106566,3558,CAPUOXFO,1800,1730228100,1730229900,02:55:00 PM,03:25:00 PM,1800
2106566,3558,OXFOWON1,1763,1730228215,1730229978,02:56:55 PM,03:26:18 PM,1763
2106566,3558,OXFOPRO1,1733,1730228308,1730230041,02:58:28 PM,03:27:21 PM,1733
2106566,3558,OXFOBRI1,1646,1730228530,1730230176,03:02:10 PM,03:29:36 PM,1646
2106566,3558,OXFOWHA1,1663,1730228640,1730230303,03:04:00 PM,03:31:43 PM,1663
2106566,3558,OXFORIC1,1674,1730228820,1730230494,03:07:00 PM,03:34:54 PM,1674
2106566,3558,OXFOADE1,1725,1730228990,1730230715,03:09:50 PM,03:38:35 PM,1725
2106566,3558,OXFOGAM1,1708,1730229093,1730230801,03:11:33 PM,03:40:01 PM,1708
2106566,3558,OXFOHIG3,,,,,,
2106566,3558,FANCOLL1,2002,1730229420,1730231422,03:17:00 PM,03:50:22 PM,2002
2108107,3560,PROUBEA1,-66,1730229058,1730228992,03:10:58 PM,03:09:52 PM,-66
2108107,3560,BEAVOXF1,-93,1730229145,1730229052,03:12:25 PM,03:10:52 PM,-93
2108107,3560,OXFOCHE1,-126,1730229208,1730229082,03:13:28 PM,03:11:22 PM,-126
2108107,3560,CHEROXF1,-111,1730229253,1730229142,03:14:13 PM,03:12:22 PM,-111
2108107,3560,CHERCHC1,0,1730229300,1730229300,03:15:00 PM,03:15:00 PM,0
2108107,3560,CHERCHC3,-11,1730229344,1730229333,03:15:44 PM,03:15:33 PM,-11
2108107,3560,CHERPLA1,2,1730229385,1730229387,03:16:25 PM,03:16:27 PM,2
2108107,3560,PLATTRO1,-31,1730229482,1730229451,03:18:02 PM,03:17:31 PM,-31
2108107,3560,WESTPHA1,-82,1730229599,1730229517,03:19:59 PM,03:18:37 PM,-82
2108107,3560,WESTPHA3,-80,1730229652,1730229572,03:20:52 PM,03:19:32 PM,-80
2108107,3560,ALUMHAL2,-170,1730229780,1730229610,03:23:00 PM,03:20:10 PM,-170
2108044,3560,ALUMHAL2,82,1730229900,1730229982,03:25:00 PM,03:26:22 PM,82
2108044,3560,WESTSAR2,-8,1730230076,1730230068,03:27:56 PM,03:27:48 PM,-8
2108044,3560,WESTSAR4,-26,1730230135,1730230108,03:28:55 PM,03:28:28 PM,-27
2108044,3560,PLATTRO2,-90,1730230267,1730230178,03:31:07 PM,03:29:38 PM,-89
2108044,3560,CHERPLA2,-110,1730230370,1730230260,03:32:50 PM,03:31:00 PM,-110
2108044,3560,CHERCHC4,-128,1730230415,1730230288,03:33:35 PM,03:31:28 PM,-127
2108044,3560,CHERCHBL,-150,1730230472,1730230322,03:34:32 PM,03:32:02 PM,-150
2108044,3560,CHEROXF2,-152,1730230547,1730230394,03:35:47 PM,03:33:14 PM,-153
2108044,3560,BEAVOXF2,-224,1730230684,1730230460,03:38:04 PM,03:34:20 PM,-224
2108044,3560,PROUBEA2,-272,1730230789,1730230516,03:39:49 PM,03:35:16 PM,-273
2108044,3560,FOREHIL2,0,1730230860,1730230860,03:41:00 PM,03:41:00 PM,0
2108044,3560,PROUOXF3,19,1730230932,1730230951,03:42:12 PM,03:42:31 PM,19
2108044,3560,OXFOWON2,-20,1730231030,1730231010,03:43:50 PM,03:43:30 PM,-20
2108044,3560,WONDFAR5,-36,1730231075,1730231039,03:44:35 PM,03:43:59 PM,-36
2108044,3560,FARRPROU,-90,1730231160,1730231070,03:46:00 PM,03:44:30 PM,-90
2100388,3561,RICHJACK,83,1730228038,1730228121,02:53:58 PM,02:55:21 PM,83
2100388,3561,RICHSHAV,74,1730228076,1730228150,02:54:36 PM,02:55:50 PM,74
2100388,3561,RICHWES2,61,1730228120,1730228181,02:55:20 PM,02:56:21 PM,61
2100388,3561,RICHWES4,54,1730228142,1730228196,02:55:42 PM,02:56:36 PM,54
2100388,3561,RICHWYND,38,1730228175,1730228213,02:56:15 PM,02:56:53 PM,38
2100388,3561,WINDRIC2,10,1730228245,1730228255,02:57:25 PM,02:57:35 PM,10
2100388,3561,PERTWIN2,-1,1730228288,1730228287,02:58:08 PM,02:58:07 PM,-1
2100388,3561,RICHMILL,45,1730229046,1730229091,03:10:46 PM,03:11:31 PM,45
2100388,3561,RICHCENT,45,1730229111,1730229156,03:11:51 PM,03:12:36 PM,45
2100388,3561,RICHKEN2,37,1730229155,1730229192,03:12:35 PM,03:13:12 PM,37
2100388,3561,RICHDUF2,49,1730229181,1730229230,03:13:01 PM,03:13:50 PM,49
2100388,3561,RICHQUE2,26,1730229240,1730229266,03:14:00 PM,03:14:26 PM,26
2100388,3561,RICHQUE2,102,1730229240,1730229342,03:14:00 PM,03:15:42 PM,102
2100388,3561,RICHKIN4,105,1730229287,1730229392,03:14:47 PM,03:16:32 PM,105
2100388,3561,RICHSIM2,106,1730229414,1730229520,03:16:54 PM,03:18:40 PM,106
2100388,3561,RICHGREY,86,1730229445,1730229531,03:17:25 PM,03:18:51 PM,86
2100388,3561,CARFCAR2,45,1730229513,1730229558,03:18:33 PM,03:19:18 PM,45
2100388,3561,CARFWOOD,36,1730229567,1730229603,03:19:27 PM,03:20:03 PM,36
2100388,3561,GRANHIG1,6,1730229652,1730229658,03:20:52 PM,03:20:58 PM,6
2100388,3561,WELLGRA2,23,1730229711,1730229734,03:21:51 PM,03:22:14 PM,23
2100388,3561,WELLCOLG,-8,1730229769,1730229761,03:22:49 PM,03:22:41 PM,-8
2100388,3561,WELLWELL,-47,1730229832,1730229785,03:23:52 PM,03:23:05 PM,-47
2100388,3561,WELLTHJA,-98,1730229921,1730229823,03:25:21 PM,03:23:43 PM,-98
2100388,3561,WELLBAS2,0,1730230020,1730230020,03:27:00 PM,03:27:00 PM,0
2100388,3561,WELLCOM4,-38,1730230120,1730230082,03:28:40 PM,03:28:02 PM,-38
2100388,3561,WELLWAT2,-95,1730230202,1730230107,03:30:02 PM,03:28:27 PM,-95
2100388,3561,WELLWIL4,-92,1730230285,1730230193,03:31:25 PM,03:29:53 PM,-92
2100388,3561,WELLNAD1,-116,1730230348,1730230232,03:32:28 PM,03:30:32 PM,-116
2100388,3561,WELLNADI,-137,1730230384,1730230247,03:33:04 PM,03:30:47 PM,-137
2100388,3561,SOUTWEL1,0,1730230500,1730230500,03:35:00 PM,03:35:00 PM,0
2100388,3561,SOUTWIL1,-13,1730230543,1730230530,03:35:43 PM,03:35:30 PM,-13
2100388,3561,SOUTADE1,-22,1730230621,1730230599,03:37:01 PM,03:36:39 PM,-22
2100388,3561,MILLSDA1,-15,1730230655,1730230640,03:37:35 PM,03:37:20 PM,-15
2100388,3561,MILLDOWN,-19,1730230679,1730230660,03:37:59 PM,03:37:40 PM,-19
2100388,3561,MILLSTAN,-29,1730230704,1730230675,03:38:24 PM,03:37:55 PM,-29
2100388,3561,MILLSHA3,-37,1730230731,1730230694,03:38:51 PM,03:38:14 PM,-37
2100388,3561,MILLPAR1,-55,1730230785,1730230730,03:39:45 PM,03:38:50 PM,-55
2100388,3561,MILLSHA2,-74,1730230832,1730230758,03:40:32 PM,03:39:18 PM,-74
2100388,3561,MILLSDA4,-95,1730230910,1730230815,03:41:50 PM,03:40:15 PM,-95
2100388,3561,MILLDUD2,-89,1730230935,1730230846,03:42:15 PM,03:40:46 PM,-89
2100388,3561,MILLASHB,-90,1730230973,1730230883,03:42:53 PM,03:41:23 PM,-90
2100388,3561,MILLBEX2,-94,1730230996,1730230902,03:43:16 PM,03:41:42 PM,-94
2100388,3561,MILLBEX4,-100,1730231031,1730230931,03:43:51 PM,03:42:11 PM,-100
2100388,3561,ASHBMIL2,-105,1730231075,1730230970,03:44:35 PM,03:42:50 PM,-105
2100388,3561,ASHBSUR1,-108,1730231110,1730231002,03:45:10 PM,03:43:22 PM,-108
2100388,3561,DOWASH2,-111,1730231132,1730231021,03:45:32 PM,03:43:41 PM,-111
2100388,3561,OSGOWOO2,-114,1730231168,1730231054,03:46:08 PM,03:44:14 PM,-114
2100388,3561,ADELOSG1,0,1730231220,1730231220,03:47:00 PM,03:47:00 PM,0
2100388,3561,OSGOKIN2,-17,1730231256,1730231239,03:47:36 PM,03:47:19 PM,-17
2100388,3561,OSGOKIN4,-31,1730231286,1730231255,03:48:06 PM,03:47:35 PM,-31
2100388,3561,OSGOFITZ,-49,1730231321,1730231272,03:48:41 PM,03:47:52 PM,-49
2100388,3561,OSGOBRE2,-62,1730231357,1730231295,03:49:17 PM,03:48:15 PM,-62
2100388,3561,WILLOSG2,-71,1730231396,1730231325,03:49:56 PM,03:48:45 PM,-71
2100388,3561,DEARWILL,-81,1730231447,1730231366,03:50:47 PM,03:49:26 PM,-81
2100388,3561,DEARDUL2,-88,1730231478,1730231390,03:51:18 PM,03:49:50 PM,-88
2100388,3561,BRADDEAR,-68,1730231529,1730231461,03:52:09 PM,03:51:01 PM,-68
2100388,3561,WELLBRA2,16,1730231568,1730231584,03:52:48 PM,03:53:04 PM,16
2100388,3561,WHITOMA1,-41,1730231640,1730231599,03:54:00 PM,03:53:19 PM,-41
2100462,3561,WHITOMA1,133,1730232300,1730232433,04:05:00 PM,04:07:13 PM,133
2100462,3561,WELLBRA1,,,,,,
2100462,3561,WELLMON1,,,,,,
2100462,3561,WELLSDA1,,,,,,
2100462,3561,WELLCRES,,,,,,
2100462,3561,WELLCRE2,,,,,,
2100462,3561,WELLWIL1,,,,,,
2100462,3561,WELLWIL3,-126,1730232832,1730232706,04:13:52 PM,04:11:46 PM,-126
2100462,3561,WELLWAT1,-131,1730232867,1730232736,04:14:27 PM,04:12:16 PM,-131
2100462,3561,WELLCOM1,-151,1730232913,1730232762,04:15:13 PM,04:12:42 PM,-151
2100462,3561,WELLBAS1,0,1730232960,1730232960,04:16:00 PM,04:16:00 PM,0
2100462,3561,WELLCHES,0,1730233038,1730233038,04:17:18 PM,04:17:18 PM,0
2100462,3561,WELLALEX,0,1730233113,1730233113,04:18:33 PM,04:18:33 PM,0
2100462,3561,WELLBOND,0,1730233166,1730233166,04:19:26 PM,04:19:26 PM,0
2100462,3561,WELLMCL1,0,1730233222,1730233222,04:20:22 PM,04:20:22 PM,0
2100462,3561,GRANHIG2,0,1730233309,1730233309,04:21:49 PM,04:21:49 PM,0
2100462,3561,GRANHIG4,0,1730233344,1730233344,04:22:24 PM,04:22:24 PM,0
2100462,3561,CARFGRAN,0,1730233397,1730233397,04:23:17 PM,04:23:17 PM,0
2100462,3561,CARFCAR1,0,1730233454,1730233454,04:24:14 PM,04:24:14 PM,0
2100462,3561,RICHSIM1,0,1730233532,1730233532,04:25:32 PM,04:25:32 PM,0
2100462,3561,RICHHOT3,0,1730233567,1730233567,04:26:07 PM,04:26:07 PM,0
2100462,3561,RICHKIN1,0,1730233660,1730233660,04:27:40 PM,04:27:40 PM,0
2100462,3561,RICHQUEE,0,1730233740,1730233740,04:29:00 PM,04:29:00 PM,0
2100462,3561,RICHQUEE,0,1730233740,1730233740,04:29:00 PM,04:29:00 PM,0
2100462,3561,RICHKEN1,0,1730233876,1730233876,04:31:16 PM,04:31:16 PM,0
2100462,3561,RICHHYM1,0,1730233999,1730233999,04:33:19 PM,04:33:19 PM,0
2100462,3561,RICHPALL,0,1730234070,1730234070,04:34:30 PM,04:34:30 PM,0
2100462,3561,RICHOXF1,0,1730234220,1730234220,04:37:00 PM,04:37:00 PM,0
2100462,3561,RICHJAM1,0,1730234260,1730234260,04:37:40 PM,04:37:40 PM,0
2100462,3561,RICHGRO1,0,1730234326,1730234326,04:38:46 PM,04:38:46 PM,0
2100462,3561,RICHCHE1,0,1730234365,1730234365,04:39:25 PM,04:39:25 PM,0
2100462,3561,RICHVIC1,0,1730234419,1730234419,04:40:19 PM,04:40:19 PM,0
2100462,3561,RICHREG1,0,1730234473,1730234473,04:41:13 PM,04:41:13 PM,0
2100462,3561,RICHHUR1,0,1730234517,1730234517,04:41:57 PM,04:41:57 PM,0
2100462,3561,UNIVRIC2,0,1730234587,1730234587,04:43:07 PM,04:43:07 PM,0
2100462,3561,UNIVSUN2,0,1730234649,1730234649,04:44:09 PM,04:44:09 PM,0
2100462,3561,DELAHALL,0,1730234760,1730234760,04:46:00 PM,04:46:00 PM,0
2100462,3561,UNIVHOS1,0,1730234898,1730234898,04:48:18 PM,04:48:18 PM,0
2100462,3561,PERTWIN1,0,1730234930,1730234930,04:48:50 PM,04:48:50 PM,0
2100462,3561,RICHWIN1,0,1730235012,1730235012,04:50:12 PM,04:50:12 PM,0
2100462,3561,RICHWEC1,0,1730235058,1730235058,04:50:58 PM,04:50:58 PM,0
2100462,3561,RICHCANT,0,1730235101,1730235101,04:51:41 PM,04:51:41 PM,0
2100462,3561,RICHSUNN,0,1730235175,1730235175,04:52:55 PM,04:52:55 PM,0
2100462,3561,MASOSTO5,0,1730235300,1730235300,04:55:00 PM,04:55:00 PM,0
2098570,3562,WESTSAR2,-90,1730229378,1730229288,03:16:18 PM,03:14:48 PM,-90
2098570,3562,WESTSAR4,-116,1730229438,1730229322,03:17:18 PM,03:15:22 PM,-116
2098570,3562,PLATTRO2,-185,1730229571,1730229386,03:19:31 PM,03:16:26 PM,-185
2098570,3562,PLATCHE2,-195,1730229666,1730229471,03:21:06 PM,03:17:51 PM,-195
2098570,3562,PLATOXF2,0,1730229720,1730229720,03:22:00 PM,03:22:00 PM,0
2098570,3562,WOODCAM2,-20,1730229770,1730229750,03:22:50 PM,03:22:30 PM,-20
2098570,3562,WOODEDI2,-44,1730229811,1730229767,03:23:31 PM,03:22:47 PM,-44
2098570,3562,WOODTOZ2,-63,1730229851,1730229788,03:24:11 PM,03:23:08 PM,-63
2098570,3562,RIVEWOO1,-63,1730229902,1730229839,03:25:02 PM,03:23:59 PM,-63
2098570,3562,RIVECAVE,-86,1730229939,1730229853,03:25:39 PM,03:24:13 PM,-86
2098570,3562,RIVEWHA1,-95,1730230013,1730229918,03:26:53 PM,03:25:18 PM,-95
2098570,3562,RIVEWIL1,-110,1730230048,1730229938,03:27:28 PM,03:25:38 PM,-110
2098570,3562,DUNDRIDO,-122,1730230142,1730230020,03:29:02 PM,03:27:00 PM,-122
2098570,3562,KINGTALB,-76,1730230195,1730230119,03:29:55 PM,03:28:39 PM,-76
2098570,3562,KINGRICH,0,1730230260,1730230260,03:31:00 PM,03:31:00 PM,0
2098570,3562,WELLDUN3,-123,1730230440,1730230317,03:34:00 PM,03:31:57 PM,-123
2098503,3562,WELLDUN3,0,1730230440,1730230440,03:34:00 PM,03:34:00 PM,0
2098503,3562,QUEECLAR,0,1730230691,1730230691,03:38:11 PM,03:38:11 PM,0
2098503,3562,QUEERIC2,-49,1730230740,1730230691,03:39:00 PM,03:38:11 PM,-49
2098503,3562,QUEERIC2,42,1730230740,1730230782,03:39:00 PM,03:39:42 PM,42
2098503,3562,QUENRIDO,12,1730230816,1730230828,03:40:16 PM,03:40:28 PM,12
2098503,3562,RIVEWIL2,-14,1730230892,1730230878,03:41:32 PM,03:41:18 PM,-14
2098503,3562,RIVEWHA4,-10,1730230943,1730230932,03:42:23 PM,03:42:12 PM,-11
2098503,3562,RIVEMTPL,-32,1730230987,1730230956,03:43:07 PM,03:42:36 PM,-31
2098503,3562,WOODRIVE,-24,1730231028,1730231004,03:43:48 PM,03:43:24 PM,-24
2098503,3562,WOODEDI1,-46,1730231086,1730231040,03:44:46 PM,03:44:00 PM,-46
2098503,3562,WOODCAM1,-44,1730231112,1730231068,03:45:12 PM,03:44:28 PM,-44
2098503,3562,PLATOXF1,6,1730231160,1730231166,03:46:00 PM,03:46:06 PM,6
2098503,3562,PLATCHE1,-26,1730231219,1730231194,03:46:59 PM,03:46:34 PM,-25
2098503,3562,PLATTRO1,-70,1730231333,1730231262,03:48:53 PM,03:47:42 PM,-71
2098503,3562,WESTPHA1,-164,1730231499,1730231334,03:51:39 PM,03:48:54 PM,-165
2098503,3562,SARNWES2,-52,1730231580,1730231528,03:53:00 PM,03:52:08 PM,-52
2098503,3562,SARNWES2,32,1730231580,1730231612,03:53:00 PM,03:53:32 PM,32
2098503,3562,SARNBRES,1,1730231651,1730231652,03:54:11 PM,03:54:12 PM,1
2098503,3562,SARNSLEI,-27,1730231721,1730231694,03:55:21 PM,03:54:54 PM,-27
2098503,3562,SARNLEYT,-57,1730231802,1730231745,03:56:42 PM,03:55:45 PM,-57
2098503,3562,WONDSAR1,0,1730231880,1730231880,03:58:00 PM,03:58:00 PM,0
2098503,3562,LAWSBLF2,-53,1730232001,1730231948,04:00:01 PM,03:59:08 PM,-53
2098503,3562,LAWSBAN2,-63,1730232039,1730231976,04:00:39 PM,03:59:36 PM,-63
2098503,3562,LAWSLIMB,-74,1730232083,1730232009,04:01:23 PM,04:00:09 PM,-74
2098503,3562,LIMBARD3,-85,1730232137,1730232052,04:02:17 PM,04:00:52 PM,-85
2098503,3562,LIMBARD1,-108,1730232188,1730232080,04:03:08 PM,04:01:20 PM,-108
2098503,3562,LIMBGAI1,-88,1730232238,1730232150,04:03:58 PM,04:02:30 PM,-88
2098503,3562,GAINWON1,-127,1730232300,1730232173,04:05:00 PM,04:02:53 PM,-127
2098503,3562,GAINWON1,20,1730232720,1730232740,04:12:00 PM,04:12:20 PM,20
2098503,3562,WONDGAIN,-4,1730232757,1730232752,04:12:37 PM,04:12:32 PM,-5
2098503,3562,BLACWOND,-14,1730232819,1730232806,04:13:39 PM,04:13:26 PM,-13
2098503,3562,BLACHOM2,-46,1730232880,1730232834,04:14:40 PM,04:13:54 PM,-46
2098503,3562,BLACEDG2,-26,1730232913,1730232886,04:15:13 PM,04:14:46 PM,-27
2098503,3562,BLACEDG4,-60,1730232984,1730232924,04:16:24 PM,04:15:24 PM,-60
2098503,3562,BLACWWA2,-88,1730233046,1730232958,04:17:26 PM,04:15:58 PM,-88
2098503,3562,ALDEBLA3,-86,1730233080,1730232994,04:18:00 PM,04:16:34 PM,-86
2098503,3562,FANSALD1,-80,1730233150,1730233070,04:19:10 PM,04:17:50 PM,-80
2098503,3562,FANSFOX1,-106,1730233213,1730233106,04:20:13 PM,04:18:26 PM,-107
2098503,3562,FANSWOND,-182,1730233320,1730233138,04:22:00 PM,04:18:58 PM,-182
2099978,3563,WONDBRA3,210,1730228602,1730228812,03:03:22 PM,03:06:52 PM,210
2099978,3563,WONDBRA2,191,1730228648,1730228839,03:04:08 PM,03:07:19 PM,191
2099978,3563,WONDPOWR,165,1730228698,1730228863,03:04:58 PM,03:07:43 PM,165
2099978,3563,SOUTWON1,234,1730228738,1730228972,03:05:38 PM,03:09:32 PM,234
2099978,3563,SOUTSING,213,1730228777,1730228990,03:06:17 PM,03:09:50 PM,213
2099978,3563,SOUTAND1,201,1730228810,1730229011,03:06:50 PM,03:10:11 PM,201
2099978,3563,SOUTSPRI,187,1730228840,1730229027,03:07:20 PM,03:10:27 PM,187
2099978,3563,NOTRSDAL,184,1730228880,1730229064,03:08:00 PM,03:11:04 PM,184
2099978,3563,NOTRNORT,171,1730228909,1730229080,03:08:29 PM,03:11:20 PM,171
2099978,3563,NOTRBELM,166,1730228950,1730229116,03:09:10 PM,03:11:56 PM,166
2099978,3563,NOTRVIS2,165,1730229000,1730229165,03:10:00 PM,03:12:45 PM,165
2099978,3563,VISCGAL3,142,1730229038,1730229180,03:10:38 PM,03:13:00 PM,142
2099978,3563,VISCGAL1,123,1730229072,1730229195,03:11:12 PM,03:13:15 PM,123
2099978,3563,VISCTAV1,99,1730229116,1730229215,03:11:56 PM,03:13:35 PM,99
2099978,3563,COMMVISC,81,1730229179,1730229260,03:12:59 PM,03:14:20 PM,81
2099978,3563,COMMGRD1,60,1730229241,1730229301,03:14:01 PM,03:15:01 PM,60
2099978,3563,WHARCOM1,57,1730229319,1730229376,03:15:19 PM,03:16:16 PM,57
2099978,3563,WHARBAS1,81,1730229360,1730229441,03:16:00 PM,03:17:21 PM,81
2099978,3563,WHARDEVO,52,1730229409,1730229461,03:16:49 PM,03:17:41 PM,52
2099978,3563,WHAREME1,33,1730229443,1730229476,03:17:23 PM,03:17:56 PM,33
2099978,3563,WHARTEC1,4,1730229502,1730229506,03:18:22 PM,03:18:26 PM,4
2099978,3563,WHARELM1,-22,1730229554,1730229532,03:19:14 PM,03:18:52 PM,-22
2099978,3563,WHARBYR1,-54,1730229624,1730229570,03:20:24 PM,03:19:30 PM,-54
2099978,3563,WHAREUCL,-56,1730229649,1730229593,03:20:49 PM,03:19:53 PM,-56
2099978,3563,WHARRIG1,-87,1730229729,1730229642,03:22:09 PM,03:20:42 PM,-87
2099978,3563,RIVEWHA1,-105,1730229809,1730229704,03:23:29 PM,03:21:44 PM,-105
2099978,3563,RIVEWIL1,-115,1730229839,1730229724,03:23:59 PM,03:22:04 PM,-115
2099978,3563,DUNDRIDO,-145,1730229919,1730229774,03:25:19 PM,03:22:54 PM,-145
2099978,3563,KINGTALB,-115,1730229964,1730229849,03:26:04 PM,03:24:09 PM,-115
2099978,3563,KINGRICH,0,1730230020,1730230020,03:27:00 PM,03:27:00 PM,0
2099978,3563,WELLDUN3,-123,1730230200,1730230077,03:30:00 PM,03:27:57 PM,-123
2099978,3563,WELLDUN3,33,1730230200,1730230233,03:30:00 PM,03:30:33 PM,33
2099978,3563,QUEECLAR,-47,1730230304,1730230257,03:31:44 PM,03:30:57 PM,-47
2099978,3563,QUEERIC2,-123,1730230380,1730230257,03:33:00 PM,03:30:57 PM,-123
2099940,3563,QUEERIC2,61,1730230380,1730230441,03:33:00 PM,03:34:01 PM,61
2099940,3563,QUENRIDO,38,1730230449,1730230487,03:34:09 PM,03:34:47 PM,38
2099940,3563,RIVEWIL2,12,1730230533,1730230545,03:35:33 PM,03:35:45 PM,12
2099940,3563,WHARWYAT,26,1730230592,1730230618,03:36:32 PM,03:36:58 PM,26
2099940,3563,WHARRIG2,10,1730230643,1730230653,03:37:23 PM,03:37:33 PM,10
2099940,3563,WHARHORT,-16,1730230715,1730230699,03:38:35 PM,03:38:19 PM,-16
2099940,3563,WHARBYR2,-19,1730230751,1730230732,03:39:11 PM,03:38:52 PM,-19
2099940,3563,WHARELM2,-51,1730230824,1730230773,03:40:24 PM,03:39:33 PM,-51
2099940,3563,WHARTEC2,-77,1730230888,1730230811,03:41:28 PM,03:40:11 PM,-77
2099940,3563,WHAREME2,-109,1730230960,1730230851,03:42:40 PM,03:40:51 PM,-109
2099940,3563,WHARCENT,-126,1730231001,1730230875,03:43:21 PM,03:41:15 PM,-126
2099940,3563,WHARBAS2,0,1730231040,1730231040,03:44:00 PM,03:44:00 PM,0
2099940,3563,WHARCOM2,-5,1730231078,1730231073,03:44:38 PM,03:44:33 PM,-5
2099940,3563,COMMGRD2,-26,1730231140,1730231114,03:45:40 PM,03:45:14 PM,-26
2099940,3563,COMMHUXL,-31,1730231192,1730231161,03:46:32 PM,03:46:01 PM,-31
2099940,3563,VISCCOM2,-43,1730231232,1730231189,03:47:12 PM,03:46:29 PM,-43
2099940,3563,VISCTAV2,-72,1730231284,1730231212,03:48:04 PM,03:46:52 PM,-72
2099940,3563,VISCGAL2,-102,1730231346,1730231244,03:49:06 PM,03:47:24 PM,-102
2099940,3563,NOTRVISC,0,1730231400,1730231400,03:50:00 PM,03:50:00 PM,0
2099940,3563,BELMNODA,-15,1730231453,1730231438,03:50:53 PM,03:50:38 PM,-15
2099940,3563,BELMSLAW,-28,1730231497,1730231469,03:51:37 PM,03:51:09 PM,-28
2099940,3563,BELMHILL,-32,1730231534,1730231502,03:52:14 PM,03:51:42 PM,-32
2099940,3563,BELMWHAR,-20,1730231571,1730231551,03:52:51 PM,03:52:31 PM,-20
2099940,3563,WHARWDAL,-45,1730231635,1730231590,03:53:55 PM,03:53:10 PM,-45
2099940,3563,WHARSOUT,0,1730231700,1730231700,03:55:00 PM,03:55:00 PM,0
2099940,3563,WHARLEGE,0,1730231742,1730231742,03:55:42 PM,03:55:42 PM,0
2099940,3563,WHARCAST,-10,1730231799,1730231789,03:56:39 PM,03:56:29 PM,-10
2099940,3563,WHARMOR2,-12,1730231846,1730231834,03:57:26 PM,03:57:14 PM,-12
2099940,3563,WHARWON2,-13,1730231870,1730231857,03:57:50 PM,03:57:37 PM,-13
2099940,3563,WONDWHAR,-18,1730231924,1730231906,03:58:44 PM,03:58:26 PM,-18
2099940,3563,WONDWHA2,-34,1730231940,1730231906,03:59:00 PM,03:58:26 PM,-34
2102285,3564,OXFOTAL1,582,1730228640,1730229222,03:04:00 PM,03:13:42 PM,582
2102285,3564,OXFOGEO1,557,1730228696,1730229253,03:04:56 PM,03:14:13 PM,557
2102285,3564,OXFORIC1,635,1730228760,1730229395,03:06:00 PM,03:16:35 PM,635
2102285,3564,OXFOWEL1,630,1730228785,1730229415,03:06:25 PM,03:16:55 PM,630
2102285,3564,OXFOWAT1,620,1730228829,1730229449,03:07:09 PM,03:17:29 PM,620
2102285,3564,OXFOCOL1,615,1730228872,1730229487,03:07:52 PM,03:18:07 PM,615
2102285,3564,OXFOMAI1,595,1730228925,1730229520,03:08:45 PM,03:18:40 PM,595
2102285,3564,OXFOWIL1,594,1730228961,1730229555,03:09:21 PM,03:19:15 PM,594
2102285,3564,OXFOADE1,644,1730229000,1730229644,03:10:00 PM,03:20:44 PM,644
2102285,3564,OXFOELI1,621,1730229049,1730229670,03:10:49 PM,03:21:10 PM,621
2102285,3564,OXFOELL1,604,1730229092,1730229696,03:11:32 PM,03:21:36 PM,604
2102285,3564,OXFOGAM1,582,1730229146,1730229728,03:12:26 PM,03:22:08 PM,582
2102285,3564,OXFOSTE1,575,1730229187,1730229762,03:13:07 PM,03:22:42 PM,575
2102285,3564,OXFOQUE1,580,1730229211,1730229791,03:13:31 PM,03:23:11 PM,580
2102285,3564,OXFOSTRA,575,1730229250,1730229825,03:14:10 PM,03:23:45 PM,575
2102285,3564,OXFOSPIT,567,1730229297,1730229864,03:14:57 PM,03:24:24 PM,567
2102285,3564,OXFOCLE1,559,1730229340,1730229899,03:15:40 PM,03:24:59 PM,559
2102285,3564,OXFOEMPI,599,1730229386,1730229985,03:16:26 PM,03:26:25 PM,599
2102285,3564,OXFOMORN,,,,,,
2102285,3564,OXFOHIG1,,,,,,
2102285,3564,OXFOHIG3,,,,,,
2102285,3564,FANCOLL1,865,1730229600,1730230465,03:20:00 PM,03:34:25 PM,865
2102285,3564,OXFOSEC1,882,1730229651,1730230533,03:20:51 PM,03:35:33 PM,882
2102285,3564,OXFOTHI1,880,1730229699,1730230579,03:21:39 PM,03:36:19 PM,880
2102285,3564,THIROXF2,875,1730229732,1730230607,03:22:12 PM,03:36:47 PM,875
2102285,3564,THIROFO2,866,1730229756,1730230622,03:22:36 PM,03:37:02 PM,866
2102285,3564,THIRCUL2,888,1730229780,1730230668,03:23:00 PM,03:37:48 PM,888
2102285,3564,CULVTHR1,890,1730229801,1730230691,03:23:21 PM,03:38:11 PM,890
2102285,3564,CULVCUL1,878,1730229845,1730230723,03:24:05 PM,03:38:43 PM,878
2102285,3564,CULVCUL3,879,1730229874,1730230753,03:24:34 PM,03:39:13 PM,879
2102285,3564,CULVCUL5,865,1730229921,1730230786,03:25:21 PM,03:39:46 PM,865
2102285,3564,CULVCLA1,857,1730229970,1730230827,03:26:10 PM,03:40:27 PM,857
2102285,3564,CLARCULV,838,1730230016,1730230854,03:26:56 PM,03:40:54 PM,838
2102285,3564,CLARHERB,830,1730230042,1730230872,03:27:22 PM,03:41:12 PM,830
2102285,3564,CLARPKH2,822,1730230057,1730230879,03:27:37 PM,03:41:19 PM,822
2102285,3564,CLARAVA2,800,1730230100,1730230900,03:28:20 PM,03:41:40 PM,800
2102285,3564,CLARDUN2,860,1730230137,1730230997,03:28:57 PM,03:43:17 PM,860
2102285,3564,CLARWHI2,854,1730230179,1730231033,03:29:39 PM,03:43:53 PM,854
2102285,3564,ARGYMAL2,791,1730230260,1730231051,03:31:00 PM,03:44:11 PM,791
2102349,3564,ARGYMAL2,641,1730230560,1730231201,03:36:00 PM,03:46:41 PM,641
2102349,3564,CLARDUN1,641,1730230626,1730231267,03:37:06 PM,03:47:47 PM,641
2102349,3564,CLARAVA1,632,1730230655,1730231287,03:37:35 PM,03:48:07 PM,632
2102349,3564,CLARPKH1,615,1730230690,1730231305,03:38:10 PM,03:48:25 PM,615
2102349,3564,CLARPACI,589,1730230735,1730231324,03:38:55 PM,03:48:44 PM,589
2102349,3564,CULVCLA4,574,1730230800,1730231374,03:40:00 PM,03:49:34 PM,574
2102349,3564,CULVCLA2,557,1730230850,1730231407,03:40:50 PM,03:50:07 PM,557
2102349,3564,CULVCUL4,536,1730230910,1730231446,03:41:50 PM,03:50:46 PM,536
2102349,3564,CULVCUL2,521,1730230945,1730231466,03:42:25 PM,03:51:06 PM,521
2102349,3564,CULVTHR2,514,1730230990,1730231504,03:43:10 PM,03:51:44 PM,514
2102349,3564,THIRCUL1,498,1730231068,1730231566,03:44:28 PM,03:52:46 PM,498
2102349,3564,THIROXF1,533,1730231117,1730231650,03:45:17 PM,03:54:10 PM,533
2102349,3564,OXFOSEC2,513,1730231197,1730231710,03:46:37 PM,03:55:10 PM,513
2102349,3564,FANCOLL5,535,1730231280,1730231815,03:48:00 PM,03:56:55 PM,535
2102349,3564,OXFOROE2,516,1730231324,1730231840,03:48:44 PM,03:57:20 PM,516
2102349,3564,OXFOHIG4,,,,,,
2102349,3564,OXFOHIG2,,,,,,
2102349,3564,OXFOWIST,,,,,,
2102349,3564,OXFOOAKS,673,1730231468,1730232141,03:51:08 PM,04:02:21 PM,673
2102349,3564,OXFOCLE2,659,1730231518,1730232177,03:51:58 PM,04:02:57 PM,659
2102349,3564,OXFOLYMA,632,1730231567,1730232199,03:52:47 PM,04:03:19 PM,632
2102349,3564,OXFOSTUA,616,1730231601,1730232217,03:53:21 PM,04:03:37 PM,616
2102349,3564,OXFOQUE2,591,1730231647,1730232238,03:54:07 PM,04:03:58 PM,591
2102349,3564,OXFOSTE2,583,1730231681,1730232264,03:54:41 PM,04:04:24 PM,583
2102349,3564,OXFOGAM2,583,1730231707,1730232290,03:55:07 PM,04:04:50 PM,583
2102349,3564,OXFOELL2,558,1730231769,1730232327,03:56:09 PM,04:05:27 PM,558
2102349,3564,OXFOELI2,535,1730231815,1730232350,03:56:55 PM,04:05:50 PM,535
2102349,3564,OXFOADE2,588,1730231880,1730232468,03:58:00 PM,04:07:48 PM,588
2102349,3564,OXFOWIL2,568,1730231926,1730232494,03:58:46 PM,04:08:14 PM,568
2102349,3564,OXFOMAI2,535,1730231978,1730232513,03:59:38 PM,04:08:33 PM,535
2102349,3564,OXFOCOL2,516,1730232020,1730232536,04:00:20 PM,04:08:56 PM,516
2102349,3564,OXFOWAT2,497,1730232067,1730232564,04:01:07 PM,04:09:24 PM,497
2102349,3564,OXFOWEL2,474,1730232123,1730232597,04:02:03 PM,04:09:57 PM,474
2102349,3564,OXFORIC2,484,1730232180,1730232664,04:03:00 PM,04:11:04 PM,484
2102349,3564,OXFOGEO2,456,1730232242,1730232698,04:04:02 PM,04:11:38 PM,456
2102349,3564,OXFOTAL2,422,1730232296,1730232718,04:04:56 PM,04:11:58 PM,422
2102349,3564,OXFOGRAC,327,1730232443,1730232770,04:07:23 PM,04:12:50 PM,327
2102349,3564,OXFOWHA2,307,1730232492,1730232799,04:08:12 PM,04:13:19 PM,307
2102349,3564,OXFOFERN,303,1730232520,1730232823,04:08:40 PM,04:13:43 PM,303
2102349,3564,OXFORAT2,253,1730232599,1730232852,04:09:59 PM,04:14:12 PM,253
2102349,3564,OXFOPLAT,214,1730232720,1730232934,04:12:00 PM,04:15:34 PM,214
2102349,3564,OXFOCHE2,201,1730232768,1730232969,04:12:48 PM,04:16:09 PM,201
2102349,3564,OXFOBEA4,154,1730232848,1730233002,04:14:08 PM,04:16:42 PM,154
2102349,3564,OXFOBEA2,,,,,,
2102349,3564,OXFOPRO2,118,1730232943,1730233061,04:15:43 PM,04:17:41 PM,118
2102349,3564,OXFOWON2,172,1730233020,1730233192,04:17:00 PM,04:19:52 PM,172
2102349,3564,OXFOCAP2,144,1730233062,1730233206,04:17:42 PM,04:20:06 PM,144
2102349,3564,OXFOLAR2,99,1730233135,1730233234,04:18:55 PM,04:20:34 PM,99
2102349,3564,OXFOGUI2,56,1730233208,1730233264,04:20:08 PM,04:21:04 PM,56
2102349,3564,OXFOFRE2,15,1730233275,1730233290,04:21:15 PM,04:21:30 PM,15
2102349,3564,OXFOGUI3,-16,1730233330,1730233314,04:22:10 PM,04:21:54 PM,-16
2102349,3564,OXFOFID2,-27,1730233372,1730233345,04:22:52 PM,04:22:25 PM,-27
2102349,3564,OXFOHYD2,24,1730233440,1730233464,04:24:00 PM,04:24:24 PM,24
2102349,3564,OXFOROY2,11,1730233466,1730233477,04:24:26 PM,04:24:37 PM,11
2102349,3564,OXFOROY4,-11,1730233504,1730233493,04:25:04 PM,04:24:53 PM,-11
2102349,3564,OXFOOLH2,-38,1730233552,1730233514,04:25:52 PM,04:25:14 PM,-38
2102349,3564,SANISUT2,-61,1730233639,1730233578,04:27:19 PM,04:26:18 PM,-61
2102349,3564,SANIPLY2,-79,1730233684,1730233605,04:28:04 PM,04:26:45 PM,-79
2102349,3564,SANIRIV2,-88,1730233703,1730233615,04:28:23 PM,04:26:55 PM,-88
2102349,3564,HALLCOMM,-144,1730233800,1730233656,04:30:00 PM,04:27:36 PM,-144
2102349,3564,HALLCOMM,156,1730234220,1730234376,04:37:00 PM,04:39:36 PM,156
2102349,3564,COMMSTEP,130,1730234273,1730234402,04:37:53 PM,04:40:02 PM,129
2102349,3564,GRIFCOMM,120,1730234311,1730234432,04:38:31 PM,04:40:32 PM,121
2102349,3564,GRIFHEMO,114,1730234348,1730234462,04:39:08 PM,04:41:02 PM,114
2102349,3564,GRIFNORM,98,1730234396,1730234494,04:39:56 PM,04:41:34 PM,98
2102349,3564,BYBAGRIF,58,1730234460,1730234518,04:41:00 PM,04:41:58 PM,58
2108395,3567,FCBLFLE1,85,1730227500,1730227585,02:45:00 PM,02:46:25 PM,85
2108395,3567,FCBLCHE1,52,1730227575,1730227627,02:46:15 PM,02:47:07 PM,52
2108395,3567,SANDBEC1,-9,1730227685,1730227676,02:48:05 PM,02:47:56 PM,-9
2108395,3567,SANDHUR1,-4,1730227720,1730227716,02:48:40 PM,02:48:36 PM,-4
2108395,3567,HUROSAN2,-3,1730227779,1730227776,02:49:39 PM,02:49:36 PM,-3
2108395,3567,HUROWEB2,-38,1730227851,1730227813,02:50:51 PM,02:50:13 PM,-38
2108395,3567,ADELKIP6,180,1730228565,1730228745,03:02:45 PM,03:05:45 PM,180
2108395,3567,HUROADE4,197,1730228643,1730228840,03:04:03 PM,03:07:20 PM,197
2108395,3567,WILLREGE,170,1730228714,1730228884,03:05:14 PM,03:08:04 PM,170
2108395,3567,REGEMAIT,155,1730228764,1730228919,03:06:04 PM,03:08:39 PM,155
2108395,3567,HUROFRAS,128,1730228827,1730228955,03:07:07 PM,03:09:15 PM,128
2108395,3567,HUROWAT2,116,1730228886,1730229002,03:08:06 PM,03:10:02 PM,116
2108395,3567,HURORIC2,95,1730228974,1730229069,03:09:34 PM,03:11:09 PM,95
2108395,3567,UNIVRIC2,103,1730229060,1730229163,03:11:00 PM,03:12:43 PM,103
2108395,3567,UNIVSUN2,91,1730229122,1730229213,03:12:02 PM,03:13:33 PM,91
2108395,3567,MIDDPERT,79,1730229219,1730229298,03:13:39 PM,03:14:58 PM,79
2108395,3567,NATSCI,195,1730229300,1730229495,03:15:00 PM,03:18:15 PM,195
2108395,3567,WESTELG2,102,1730229509,1730229611,03:18:29 PM,03:20:11 PM,102
2108395,3567,WESTLAM2,110,1730229618,1730229728,03:20:18 PM,03:22:08 PM,110
2108395,3567,SARNWES2,177,1730229780,1730229957,03:23:00 PM,03:25:57 PM,177
2108395,3567,SARNBRES,157,1730229837,1730229994,03:23:57 PM,03:26:34 PM,157
2108395,3567,SARNSLEI,152,1730229893,1730230045,03:24:53 PM,03:27:25 PM,152
2108395,3567,SARNLEYT,154,1730229958,1730230112,03:25:58 PM,03:28:32 PM,154
2108395,3567,WONDSAR2,153,1730230039,1730230192,03:27:19 PM,03:29:52 PM,153
2108395,3567,BEAVBLYT,141,1730230139,1730230280,03:28:59 PM,03:31:20 PM,141
2108395,3567,BEAVCAP1,155,1730230161,1730230316,03:29:21 PM,03:31:56 PM,155
2108395,3567,CAPUBLSM,158,1730230176,1730230334,03:29:36 PM,03:32:14 PM,158
2108395,3567,CAPUCAPW,158,1730230213,1730230371,03:30:13 PM,03:32:51 PM,158
2108395,3567,CAPUOXFO,122,1730230260,1730230382,03:31:00 PM,03:33:02 PM,122
2108471,3567,CAPUOXFO,0,1730230860,1730230860,03:41:00 PM,03:41:00 PM,0
2108471,3567,WONDOXF1,0,1730230980,1730230980,03:43:00 PM,03:43:00 PM,0
2108471,3567,WONDFAR1,-24,1730231054,1730231030,03:44:14 PM,03:43:50 PM,-24
2108471,3567,WONDFAR3,-50,1730231120,1730231070,03:45:20 PM,03:44:30 PM,-50
2108471,3567,WONDBEA1,0,1730231220,1730231220,03:47:00 PM,03:47:00 PM,0
2108471,3567,SARNCAS1,-30,1730231406,1730231376,03:50:06 PM,03:49:36 PM,-30
2108471,3567,SARNRIPP,0,1730231520,1730231520,03:52:00 PM,03:52:00 PM,0
2108471,3567,SARNCAS3,-1,1730231569,1730231568,03:52:49 PM,03:52:48 PM,-1
2108471,3567,SARNCOOM,6,1730231612,1730231618,03:53:32 PM,03:53:38 PM,6
2108471,3567,SARNWES1,28,1730231640,1730231668,03:54:00 PM,03:54:28 PM,28
2108471,3567,WESTPHA3,48,1730231708,1730231756,03:55:08 PM,03:55:56 PM,48
2108471,3567,ALUMHAL1,52,1730231850,1730231902,03:57:30 PM,03:58:22 PM,52
2108471,3567,LAMBMID1,17,1730232000,1730232017,04:00:00 PM,04:00:17 PM,17
2108471,3567,UNIVSUN1,-12,1730232076,1730232064,04:01:16 PM,04:01:04 PM,-12
2108471,3567,UNIVRIC1,-19,1730232143,1730232124,04:02:23 PM,04:02:04 PM,-19
2108471,3567,HURORIC1,-17,1730232211,1730232194,04:03:31 PM,04:03:14 PM,-17
2108471,3567,HUROWAT1,-31,1730232277,1730232246,04:04:37 PM,04:04:06 PM,-31
2108471,3567,HUROCOLB,-47,1730232323,1730232276,04:05:23 PM,04:04:36 PM,-47
2108471,3567,MAITREGE,-61,1730232390,1730232329,04:06:30 PM,04:05:29 PM,-61
2108471,3567,REGEWILL,-73,1730232438,1730232365,04:07:18 PM,04:06:05 PM,-73
2108471,3567,ADELHUR1,0,1730232540,1730232540,04:09:00 PM,04:09:00 PM,0
2108471,3567,ADELHUR5,-30,1730232600,1730232570,04:10:00 PM,04:09:30 PM,-30
2108471,3567,KIPPADEL,3,1730232660,1730232663,04:11:00 PM,04:11:03 PM,3
2108471,3567,KIPPBELF,-14,1730232715,1730232701,04:11:55 PM,04:11:41 PM,-14
2108471,3567,KIPPBARK,-39,1730232802,1730232763,04:13:22 PM,04:12:43 PM,-39
2108471,3567,BARKMELS,-71,1730232895,1730232824,04:14:55 PM,04:13:44 PM,-71
2108471,3567,BARKHURO,-90,1730232957,1730232867,04:15:57 PM,04:14:27 PM,-90
2108471,3567,HUROBRI3,-139,1730233046,1730232907,04:17:26 PM,04:15:07 PM,-139
2108471,3567,HUROBRI1,0,1730233080,1730233080,04:18:00 PM,04:18:00 PM,0
2108471,3567,HUROMCN1,0,1730233137,1730233137,04:18:57 PM,04:18:57 PM,0
2108471,3567,HUROVES1,0,1730233186,1730233186,04:19:46 PM,04:19:46 PM,0
2108471,3567,HUROHIG1,0,1730233260,1730233260,04:21:00 PM,04:21:00 PM,0
2108471,3567,HUROHIG3,0,1730233298,1730233298,04:21:38 PM,04:21:38 PM,0
2108471,3567,HUROWEB1,0,1730233368,1730233368,04:22:48 PM,04:22:48 PM,0
2108471,3567,HUROSAN1,0,1730233439,1730233439,04:23:59 PM,04:23:59 PM,0
2108471,3567,SANDBEC2,0,1730233492,1730233492,04:24:52 PM,04:24:52 PM,0
2108471,3567,FCBLCHE2,0,1730233587,1730233587,04:26:27 PM,04:26:27 PM,0
2108471,3567,FCBLFLE2,0,1730233645,1730233645,04:27:25 PM,04:27:25 PM,0
2108471,3567,FANCOLL4,0,1730233740,1730233740,04:29:00 PM,04:29:00 PM,0
2098569,3568,WOODCAM2,-30,1730228870,1730228840,03:07:50 PM,03:07:20 PM,-30
2098569,3568,WOODEDI2,-54,1730228911,1730228857,03:08:31 PM,03:07:37 PM,-54
2098569,3568,WOODTOZ2,-73,1730228951,1730228878,03:09:11 PM,03:07:58 PM,-73
2098569,3568,RIVEWOO1,-73,1730229002,1730228929,03:10:02 PM,03:08:49 PM,-73
2098569,3568,RIVECAVE,-96,1730229039,1730228943,03:10:39 PM,03:09:03 PM,-96
2098569,3568,RIVEWHA1,-105,1730229113,1730229008,03:11:53 PM,03:10:08 PM,-105
2098569,3568,RIVEWIL1,-120,1730229148,1730229028,03:12:28 PM,03:10:28 PM,-120
2098569,3568,DUNDRIDO,-132,1730229242,1730229110,03:14:02 PM,03:11:50 PM,-132
2098569,3568,KINGTALB,-86,1730229295,1730229209,03:14:55 PM,03:13:29 PM,-86
2098569,3568,KINGRICH,0,1730229360,1730229360,03:16:00 PM,03:16:00 PM,0
2098569,3568,WELLDUN3,-123,1730229540,1730229417,03:19:00 PM,03:16:57 PM,-123
2098502,3568,WELLDUN3,0,1730229540,1730229540,03:19:00 PM,03:19:00 PM,0
2098502,3568,QUEECLAR,0,1730229791,1730229791,03:23:11 PM,03:23:11 PM,0
2098502,3568,QUEERIC2,-49,1730229840,1730229791,03:24:00 PM,03:23:11 PM,-49
2098502,3568,QUEERIC2,42,1730229840,1730229882,03:24:00 PM,03:24:42 PM,42
2098502,3568,QUENRIDO,12,1730229916,1730229928,03:25:16 PM,03:25:28 PM,12
2098502,3568,RIVEWIL2,-14,1730229992,1730229978,03:26:32 PM,03:26:18 PM,-14
2098502,3568,RIVEWHA4,-10,1730230043,1730230032,03:27:23 PM,03:27:12 PM,-11
2098502,3568,RIVEMTPL,-32,1730230087,1730230056,03:28:07 PM,03:27:36 PM,-31
2098502,3568,WOODRIVE,-24,1730230128,1730230104,03:28:48 PM,03:28:24 PM,-24
2098502,3568,WOODEDI1,-46,1730230186,1730230140,03:29:46 PM,03:29:00 PM,-46
2098502,3568,WOODCAM1,-44,1730230212,1730230168,03:30:12 PM,03:29:28 PM,-44
2098502,3568,PLATOXF1,6,1730230260,1730230266,03:31:00 PM,03:31:06 PM,6
2098502,3568,PLATCHE1,-26,1730230319,1730230294,03:31:59 PM,03:31:34 PM,-25
2098502,3568,PLATTRO1,-70,1730230433,1730230362,03:33:53 PM,03:32:42 PM,-71
2098502,3568,WESTPHA1,-164,1730230599,1730230434,03:36:39 PM,03:33:54 PM,-165
2098502,3568,SARNWES2,-52,1730230680,1730230628,03:38:00 PM,03:37:08 PM,-52
2098502,3568,SARNWES2,32,1730230680,1730230712,03:38:00 PM,03:38:32 PM,32
2098502,3568,SARNBRES,1,1730230751,1730230752,03:39:11 PM,03:39:12 PM,1
2098502,3568,SARNSLEI,-27,1730230821,1730230794,03:40:21 PM,03:39:54 PM,-27
2098502,3568,SARNLEYT,-57,1730230902,1730230845,03:41:42 PM,03:40:45 PM,-57
2098502,3568,WONDSAR1,0,1730230980,1730230980,03:43:00 PM,03:43:00 PM,0
2098502,3568,LAWSBLF2,-53,1730231101,1730231048,03:45:01 PM,03:44:08 PM,-53
2098502,3568,LAWSBAN2,-63,1730231139,1730231076,03:45:39 PM,03:44:36 PM,-63
2098502,3568,LAWSLIMB,-74,1730231183,1730231109,03:46:23 PM,03:45:09 PM,-74
2098502,3568,LIMBARD3,-85,1730231237,1730231152,03:47:17 PM,03:45:52 PM,-85
2098502,3568,LIMBARD1,-108,1730231288,1730231180,03:48:08 PM,03:46:20 PM,-108
2098502,3568,LIMBGAI1,-88,1730231338,1730231250,03:48:58 PM,03:47:30 PM,-88
2098502,3568,GAINWON1,-127,1730231400,1730231273,03:50:00 PM,03:47:53 PM,-127
2098502,3568,GAINWON1,20,1730231820,1730231840,03:57:00 PM,03:57:20 PM,20
2098502,3568,WONDGAIN,-4,1730231857,1730231852,03:57:37 PM,03:57:32 PM,-5
2098502,3568,BLACWOND,-14,1730231919,1730231906,03:58:39 PM,03:58:26 PM,-13
2098502,3568,BLACHOM2,-46,1730231980,1730231934,03:59:40 PM,03:58:54 PM,-46
2098502,3568,BLACEDG2,-26,1730232013,1730231986,04:00:13 PM,03:59:46 PM,-27
2098502,3568,BLACEDG4,-60,1730232084,1730232024,04:01:24 PM,04:00:24 PM,-60
2098502,3568,BLACWWA2,-88,1730232146,1730232058,04:02:26 PM,04:00:58 PM,-88
2098502,3568,ALDEBLA3,-86,1730232180,1730232094,04:03:00 PM,04:01:34 PM,-86
2098502,3568,FANSALD1,-80,1730232250,1730232170,04:04:10 PM,04:02:50 PM,-80
2098502,3568,FANSFOX1,-106,1730232313,1730232206,04:05:13 PM,04:03:26 PM,-107
2098502,3568,FANSWOND,-182,1730232420,1730232238,04:07:00 PM,04:03:58 PM,-182
2104795,3569,BES1EXET,15,1730229162,1730229177,03:12:42 PM,03:12:57 PM,15
2104795,3569,BESSHAR1,2,1730229202,1730229204,03:13:22 PM,03:13:24 PM,2
2104795,3569,BESSBES3,-22,1730229253,1730229231,03:14:13 PM,03:13:51 PM,-22
2104795,3569,NEWBBESS,0,1730229300,1730229300,03:15:00 PM,03:15:00 PM,0
2104795,3569,NEWBADE1,12,1730229319,1730229331,03:15:19 PM,03:15:31 PM,12
2104795,3569,NEWBCON1,15,1730229346,1730229361,03:15:46 PM,03:16:01 PM,15
2104795,3569,NEWBTOWE,17,1730229373,1730229390,03:16:13 PM,03:16:30 PM,17
2104795,3569,NEWBBRA1,19,1730229383,1730229402,03:16:23 PM,03:16:42 PM,19
2104795,3569,PONDBRA2,6,1730229482,1730229488,03:18:02 PM,03:18:08 PM,6
2104795,3569,PONDBRA4,0,1730229510,1730229510,03:18:30 PM,03:18:30 PM,0
2104795,3569,PONDBUC4,-3,1730229523,1730229520,03:18:43 PM,03:18:40 PM,-3
2104795,3569,PONDENT2,-8,1730229564,1730229556,03:19:24 PM,03:19:16 PM,-8
2104795,3569,ENTEPOM1,-7,1730229583,1730229576,03:19:43 PM,03:19:36 PM,-7
2104795,3569,ENTEMID1,-5,1730229606,1730229601,03:20:06 PM,03:20:01 PM,-5
2104795,3569,ENTEHUBR,-4,1730229623,1730229619,03:20:23 PM,03:20:19 PM,-4
2104795,3569,HUBRENT4,0,1730229660,1730229660,03:21:00 PM,03:21:00 PM,0
2104795,3569,HUBRWIL2,23,1730229673,1730229696,03:21:13 PM,03:21:36 PM,23
2104795,3569,WILTCOM1,10,1730229793,1730229803,03:23:13 PM,03:23:23 PM,10
2104795,3569,COMMGLOB,8,1730229833,1730229841,03:23:53 PM,03:24:01 PM,8
2104795,3569,COMMMABR,14,1730229861,1730229875,03:24:21 PM,03:24:35 PM,14
2104795,3569,CHEEGLOB,-18,1730229960,1730229942,03:26:00 PM,03:25:42 PM,-18
2104811,3569,CHEEGLOB,42,1730229960,1730230002,03:26:00 PM,03:26:42 PM,42
2104811,3569,WILTMIDP,42,1730230196,1730230238,03:29:56 PM,03:30:38 PM,42
2104811,3569,WILTPMI4,42,1730230222,1730230264,03:30:22 PM,03:31:04 PM,42
2104811,3569,WILTPMI2,42,1730230258,1730230300,03:30:58 PM,03:31:40 PM,42
2104811,3569,WILTSIS2,42,1730230295,1730230337,03:31:35 PM,03:32:17 PM,42
2104811,3569,WILTSIS4,42,1730230320,1730230362,03:32:00 PM,03:32:42 PM,42
2104811,3569,SISEWIG2,42,1730230340,1730230382,03:32:20 PM,03:33:02 PM,42
2104811,3569,SISEGVA2,42,1730230381,1730230423,03:33:01 PM,03:33:43 PM,42
2104811,3569,ROXBCAS2,42,1730230414,1730230456,03:33:34 PM,03:34:16 PM,42
2104811,3569,ROXBWEL2,42,1730230440,1730230482,03:34:00 PM,03:34:42 PM,42
2104811,3569,WELLEXE1,42,1730230620,1730230662,03:37:00 PM,03:37:42 PM,42
2104811,3569,WELLDEAR,,,,,,
2104811,3569,WHITOMA2,-75,1730230800,1730230725,03:40:00 PM,03:38:45 PM,-75
2098499,3570,WONDGAIN,90,1730229157,1730229247,03:12:37 PM,03:14:07 PM,90
2098499,3570,BLACWOND,81,1730229219,1730229300,03:13:39 PM,03:15:00 PM,81
2098499,3570,BLACHOM2,48,1730229280,1730229328,03:14:40 PM,03:15:28 PM,48
2098499,3570,BLACEDG2,68,1730229313,1730229381,03:15:13 PM,03:16:21 PM,68
2098499,3570,BLACEDG4,35,1730229384,1730229419,03:16:24 PM,03:16:59 PM,35
2098499,3570,BLACWWA2,7,1730229446,1730229453,03:17:26 PM,03:17:33 PM,7
2098499,3570,ALDEBLA3,9,1730229480,1730229489,03:18:00 PM,03:18:09 PM,9
2098499,3570,FANSALD1,15,1730229550,1730229565,03:19:10 PM,03:19:25 PM,15
2098499,3570,FANSFOX1,-12,1730229613,1730229601,03:20:13 PM,03:20:01 PM,-12
2098499,3570,FANSWOND,-88,1730229720,1730229632,03:22:00 PM,03:20:32 PM,-88
2098572,3570,FANSWOND,0,1730229720,1730229720,03:22:00 PM,03:22:00 PM,0
2098572,3570,WONDALDE,0,1730229784,1730229784,03:23:04 PM,03:23:04 PM,0
2098572,3570,WONDATTA,-18,1730229816,1730229798,03:23:36 PM,03:23:18 PM,-18
2098572,3570,WONDBLAC,-52,1730229891,1730229839,03:24:51 PM,03:23:59 PM,-52
2098572,3570,GAINWON2,-101,1730229960,1730229859,03:26:00 PM,03:24:19 PM,-101
2098572,3570,GAINWON2,0,1730230380,1730230380,03:33:00 PM,03:33:00 PM,0
2098572,3570,GAINWON4,-27,1730230423,1730230396,03:33:43 PM,03:33:16 PM,-27
2098572,3570,LIMBGAI2,-32,1730230464,1730230432,03:34:24 PM,03:33:52 PM,-32
2098572,3570,LIMBARD2,-44,1730230518,1730230474,03:35:18 PM,03:34:34 PM,-44
2098572,3570,LIMBARD4,-62,1730230571,1730230509,03:36:11 PM,03:35:09 PM,-62
2098572,3570,LAWSDENL,-78,1730230629,1730230551,03:37:09 PM,03:35:51 PM,-78
2098572,3570,LAWSBAN1,-95,1730230675,1730230580,03:37:55 PM,03:36:20 PM,-95
2098572,3570,LAWSBLF1,-101,1730230719,1730230618,03:38:39 PM,03:36:58 PM,-101
2098572,3570,SARNCAS1,0,1730230860,1730230860,03:41:00 PM,03:41:00 PM,0
2098572,3570,SARNRIPP,-23,1730230923,1730230900,03:42:03 PM,03:41:40 PM,-23
2098572,3570,SARNCAS3,-40,1730230995,1730230955,03:43:15 PM,03:42:35 PM,-40
2098572,3570,SARNCOOM,-53,1730231058,1730231005,03:44:18 PM,03:43:25 PM,-53
2098572,3570,SARNWES1,0,1730231100,1730231100,03:45:00 PM,03:45:00 PM,0
2098572,3570,WESTSAR2,-25,1730231178,1730231153,03:46:18 PM,03:45:53 PM,-25
2098572,3570,WESTSAR4,-51,1730231238,1730231187,03:47:18 PM,03:46:27 PM,-51
2098572,3570,PLATTRO2,-120,1730231371,1730231251,03:49:31 PM,03:47:31 PM,-120
2098572,3570,PLATCHE2,-130,1730231466,1730231336,03:51:06 PM,03:48:56 PM,-130
2098572,3570,PLATOXF2,0,1730231520,1730231520,03:52:00 PM,03:52:00 PM,0
2098572,3570,WOODCAM2,-20,1730231570,1730231550,03:52:50 PM,03:52:30 PM,-20
2098572,3570,WOODEDI2,-44,1730231611,1730231567,03:53:31 PM,03:52:47 PM,-44
2098572,3570,WOODTOZ2,-63,1730231651,1730231588,03:54:11 PM,03:53:08 PM,-63
2098572,3570,RIVEWOO1,-63,1730231702,1730231639,03:55:02 PM,03:53:59 PM,-63
2098572,3570,RIVECAVE,-86,1730231739,1730231653,03:55:39 PM,03:54:13 PM,-86
2098572,3570,RIVEWHA1,-95,1730231813,1730231718,03:56:53 PM,03:55:18 PM,-95
2098572,3570,RIVEWIL1,-110,1730231848,1730231738,03:57:28 PM,03:55:38 PM,-110
2098572,3570,DUNDRIDO,-122,1730231942,1730231820,03:59:02 PM,03:57:00 PM,-122
2098572,3570,KINGTALB,-76,1730231995,1730231919,03:59:55 PM,03:58:39 PM,-76
2098572,3570,KINGRICH,0,1730232060,1730232060,04:01:00 PM,04:01:00 PM,0
2098572,3570,WELLDUN3,-123,1730232240,1730232117,04:04:00 PM,04:01:57 PM,-123
2095689,3572,BONAMORE,700,1730228439,1730229139,03:00:39 PM,03:12:19 PM,700
2095689,3572,ADMIBON2,724,1730228477,1730229201,03:01:17 PM,03:13:21 PM,724
2095689,3572,ADMIVAU3,717,1730228505,1730229222,03:01:45 PM,03:13:42 PM,717
2095689,3572,ADMICAR2,711,1730228533,1730229244,03:02:13 PM,03:14:04 PM,711
2095689,3572,CARLCAPR,697,1730228572,1730229269,03:02:52 PM,03:14:29 PM,697
2095689,3572,CARLSPE3,684,1730228615,1730229299,03:03:35 PM,03:14:59 PM,684
2095689,3572,CARLSPE1,679,1730228634,1730229313,03:03:54 PM,03:15:13 PM,679
2095689,3572,CARLTIFF,680,1730228667,1730229347,03:04:27 PM,03:15:47 PM,680
2095689,3572,DUNDSPE2,681,1730228712,1730229393,03:05:12 PM,03:16:33 PM,681
2095689,3572,DUNDSPE4,665,1730228740,1730229405,03:05:40 PM,03:16:45 PM,665
2095689,3572,DUNDFOR2,650,1730228764,1730229414,03:06:04 PM,03:16:54 PM,650
2095689,3572,DUNDARVI,640,1730228805,1730229445,03:06:45 PM,03:17:25 PM,640
2095689,3572,DUNDEAS2,625,1730228845,1730229470,03:07:25 PM,03:17:50 PM,625
2095689,3572,CLARWHI2,623,1730228934,1730229557,03:08:54 PM,03:19:17 PM,623
2095689,3572,ARGYMAL2,574,1730229000,1730229574,03:10:00 PM,03:19:34 PM,574
2095689,3572,ARGYMAL2,364,1730229420,1730229784,03:17:00 PM,03:23:04 PM,364
2095689,3572,DUNDCLK4,350,1730229512,1730229862,03:18:32 PM,03:24:22 PM,350
2095689,3572,DUNDBEA2,308,1730229591,1730229899,03:19:51 PM,03:24:59 PM,308
2095689,3572,DUNDTHR,291,1730229685,1730229976,03:21:25 PM,03:26:16 PM,291
2095689,3572,DUNDBUR2,,,,,,
2095689,3572,DUNDFIR2,,,,,,
2095689,3572,DUNDHAL2,,,,,,
2095689,3572,DUNDHAL4,,,,,,
2095689,3572,DUNDHIG2,644,1730230020,1730230664,03:27:00 PM,03:37:44 PM,644
2095689,3572,DUNDASH4,597,1730230102,1730230699,03:28:22 PM,03:38:19 PM,597
2095689,3572,DUNDMCOR,,,,,,
2095689,3572,DUNDDORI,,,,,,
2095689,3572,DUNDEGE2,,,,,,
2095689,3572,DUNDQUE2,483,1730230312,1730230795,03:31:52 PM,03:39:55 PM,483
2095689,3572,DUNDONT2,459,1730230361,1730230820,03:32:41 PM,03:40:20 PM,459
2095689,3572,DUNDREC2,440,1730230407,1730230847,03:33:27 PM,03:40:47 PM,440
2095689,3572,DUNDENGL,424,1730230455,1730230879,03:34:15 PM,03:41:19 PM,424
2095689,3572,DUNDELIZ,419,1730230505,1730230924,03:35:05 PM,03:42:04 PM,419
2095689,3572,DUNDADE2,445,1730230560,1730231005,03:36:00 PM,03:43:25 PM,445
2095689,3572,DUNDWIL2,428,1730230613,1730231041,03:36:53 PM,03:44:01 PM,428
2095689,3572,DUNDMAI2,396,1730230688,1730231084,03:38:08 PM,03:44:44 PM,396
2095689,3572,DUNDCOL2,365,1730230764,1730231129,03:39:24 PM,03:45:29 PM,365
2095689,3572,DUNDWAT2,325,1730230841,1730231166,03:40:41 PM,03:46:06 PM,325
2095689,3572,DUNDWEL2,302,1730230920,1730231222,03:42:00 PM,03:47:02 PM,302
2095689,3572,QUEECLAR,250,1730231031,1730231281,03:43:51 PM,03:48:01 PM,250
2095689,3572,QUEERIC1,181,1730231100,1730231281,03:45:00 PM,03:48:01 PM,181
2095689,3572,QUEERIC1,241,1730231100,1730231341,03:45:00 PM,03:49:01 PM,241
2095689,3572,QUENRIDO,194,1730231178,1730231372,03:46:18 PM,03:49:32 PM,194
2095689,3572,RIVEWIL2,144,1730231268,1730231412,03:47:48 PM,03:50:12 PM,144
2095689,3572,RIVEWHA2,129,1730231306,1730231435,03:48:26 PM,03:50:35 PM,129
2095689,3572,WHARMPL1,111,1730231347,1730231458,03:49:07 PM,03:50:58 PM,111
2095689,3572,WHARMOIR,93,1730231385,1730231478,03:49:45 PM,03:51:18 PM,93
2095689,3572,WHAREMPR,117,1730231443,1730231560,03:50:43 PM,03:52:40 PM,117
2095689,3572,WHAROXF1,161,1730231520,1730231681,03:52:00 PM,03:54:41 PM,161
2095689,3572,WESTESSE,167,1730231565,1730231732,03:52:45 PM,03:55:32 PM,167
2095689,3572,WESTHOL1,160,1730231603,1730231763,03:53:23 PM,03:56:03 PM,160
2095689,3572,WESTPLA1,160,1730231643,1730231803,03:54:03 PM,03:56:43 PM,160
2095689,3572,WESTPHA1,161,1730231700,1730231861,03:55:00 PM,03:57:41 PM,161
2095689,3572,WESTPHA3,147,1730231770,1730231917,03:56:10 PM,03:58:37 PM,147
2095689,3572,ALUMHAL1,154,1730231912,1730232066,03:58:32 PM,04:01:06 PM,154
2095689,3572,MIDDPERT,101,1730232087,1730232188,04:01:27 PM,04:03:08 PM,101
2095689,3572,NATSCI,40,1730232180,1730232220,04:03:00 PM,04:03:40 PM,40
2095619,3572,NATSCI,0,1730232960,1730232960,04:16:00 PM,04:16:00 PM,0
2095619,3572,WESTELG2,0,1730233284,1730233284,04:21:24 PM,04:21:24 PM,0
2095619,3572,WESTLAM2,-64,1730233438,1730233374,04:23:58 PM,04:22:54 PM,-64
2095619,3572,WESTSAR2,0,1730233680,1730233680,04:28:00 PM,04:28:00 PM,0
2095619,3572,WESTSAR4,0,1730233739,1730233739,04:28:59 PM,04:28:59 PM,0
2095619,3572,WESTPLA2,0,1730233837,1730233837,04:30:37 PM,04:30:37 PM,0
2095619,3572,WESTHOL2,0,1730233908,1730233908,04:31:48 PM,04:31:48 PM,0
2095619,3572,WHARMCDO,0,1730233997,1730233997,04:33:17 PM,04:33:17 PM,0
2095619,3572,WHAROXF2,0,1730234100,1730234100,04:35:00 PM,04:35:00 PM,0
2095619,3572,WHARPAUL,0,1730234194,1730234194,04:36:34 PM,04:36:34 PM,0
2095619,3572,WHARLEXI,0,1730234270,1730234270,04:37:50 PM,04:37:50 PM,0
2095619,3572,WHARMPL2,0,1730234333,1730234333,04:38:53 PM,04:38:53 PM,0
2095619,3572,RIVEWHA1,0,1730234387,1730234387,04:39:47 PM,04:39:47 PM,0
2095619,3572,RIVEWIL1,0,1730234432,1730234432,04:40:32 PM,04:40:32 PM,0
2095619,3572,DUNDRIDO,0,1730234552,1730234552,04:42:32 PM,04:42:32 PM,0
2095619,3572,KINGTALB,0,1730234620,1730234620,04:43:40 PM,04:43:40 PM,0
2095619,3572,KINGRICH,0,1730234700,1730234700,04:45:00 PM,04:45:00 PM,0
2095619,3572,KINGRICH,0,1730234700,1730234700,04:45:00 PM,04:45:00 PM,0
2095619,3572,WELLDUN3,0,1730234940,1730234940,04:49:00 PM,04:49:00 PM,0
2095619,3572,DUNDWAT1,0,1730234940,1730234940,04:49:00 PM,04:49:00 PM,0
2095619,3572,DUNDCOL1,0,1730234998,1730234998,04:49:58 PM,04:49:58 PM,0
2095619,3572,DUNDMAI1,0,1730235088,1730235088,04:51:28 PM,04:51:28 PM,0
2095619,3572,DUNDWIL1,0,1730235170,1730235170,04:52:50 PM,04:52:50 PM,0
2095619,3572,DUNDADE1,0,1730235240,1730235240,04:54:00 PM,04:54:00 PM,0
2095619,3572,DUNDLYLE,0,1730235311,1730235311,04:55:11 PM,04:55:11 PM,0
2095619,3572,DUNDHEWI,0,1730235359,1730235359,04:55:59 PM,04:55:59 PM,0
2095619,3572,DUNDREC1,0,1730235408,1730235408,04:56:48 PM,04:56:48 PM,0
2095619,3572,DUNDONT1,0,1730235441,1730235441,04:57:21 PM,04:57:21 PM,0
2095619,3572,DUNDQUE1,0,1730235491,1730235491,04:58:11 PM,04:58:11 PM,0
2095619,3572,DUNDEGE1,,,,,,
2095619,3572,DUNDKELL,,,,,,
2095619,3572,DUNDELE1,,,,,,
2095619,3572,DUNDASH1,0,1730235696,1730235696,05:01:36 PM,05:01:36 PM,0
2095619,3572,DUNDHIG1,0,1730235780,1730235780,05:03:00 PM,05:03:00 PM,0
2095619,3572,DUNDHAL3,,,,,,
2095619,3572,HALEDOU2,,,,,,
2095619,3572,HALEBEAT,,,,,,
2095619,3572,HALEMONT,,,,,,
2095619,3572,HALEBRY2,,,,,,
2095619,3572,HALESTE2,,,,,,
2095619,3572,HALETRA2,,,,,,
2095619,3572,TRAFSTE1,0,1730236134,1730236134,05:08:54 PM,05:08:54 PM,0
2095619,3572,TRAFTHO1,0,1730236166,1730236166,05:09:26 PM,05:09:26 PM,0
2095619,3572,TRAFVAN1,0,1730236236,1730236236,05:10:36 PM,05:10:36 PM,0
2095619,3572,TRAFBALF,0,1730236266,1730236266,05:11:06 PM,05:11:06 PM,0
2095619,3572,TRAFFAL2,0,1730236308,1730236308,05:11:48 PM,05:11:48 PM,0
2095619,3572,TRAFCLA1,0,1730236380,1730236380,05:13:00 PM,05:13:00 PM,0
2095619,3572,CLARTRA1,0,1730236412,1730236412,05:13:32 PM,05:13:32 PM,0
2095619,3572,CLARROY1,0,1730236481,1730236481,05:14:41 PM,05:14:41 PM,0
2095619,3572,CLARROY3,0,1730236516,1730236516,05:15:16 PM,05:15:16 PM,0
2095619,3572,CLARWAV1,0,1730236543,1730236543,05:15:43 PM,05:15:43 PM,0
2095619,3572,CLARCHU1,0,1730236586,1730236586,05:16:26 PM,05:16:26 PM,0
2095619,3572,ARGYMAL1,0,1730236680,1730236680,05:18:00 PM,05:18:00 PM,0
2095619,3572,ARGYMAL1,0,1730237040,1730237040,05:24:00 PM,05:24:00 PM,0
2095619,3572,CLARCHU2,0,1730237094,1730237094,05:24:54 PM,05:24:54 PM,0
2095619,3572,CLARWAV2,0,1730237148,1730237148,05:25:48 PM,05:25:48 PM,0
2095619,3572,CLARROY2,0,1730237177,1730237177,05:26:17 PM,05:26:17 PM,0
2095619,3572,CLARSUD2,0,1730237241,1730237241,05:27:21 PM,05:27:21 PM,0
2095619,3572,MARCTRAF,0,1730237329,1730237329,05:28:49 PM,05:28:49 PM,0
2095619,3572,MARCNOEL,0,1730237389,1730237389,05:29:49 PM,05:29:49 PM,0
2095619,3572,NOELBOW,0,1730237447,1730237447,05:30:47 PM,05:30:47 PM,0
2095619,3572,BOWBANC,0,1730237496,1730237496,05:31:36 PM,05:31:36 PM,0
2095619,3572,HUDSBAFF,0,1730237526,1730237526,05:32:06 PM,05:32:06 PM,0
2095619,3572,HUDSFROB,0,1730237553,1730237553,05:32:33 PM,05:32:33 PM,0
2095619,3572,HUDSJOLI,0,1730237616,1730237616,05:33:36 PM,05:33:36 PM,0
2095619,3572,HUDSTRAF,0,1730237651,1730237651,05:34:11 PM,05:34:11 PM,0
2095619,3572,TRAFHUD2,0,1730237760,1730237760,05:36:00 PM,05:36:00 PM,0
2108394,3573,FCBLFLE1,-29,1730226720,1730226691,02:32:00 PM,02:31:31 PM,-29
2108394,3573,FCBLCHE1,-63,1730226795,1730226732,02:33:15 PM,02:32:12 PM,-63
2108394,3573,SANDBEC1,-127,1730226905,1730226778,02:35:05 PM,02:32:58 PM,-127
2108394,3573,SANDHUR1,-131,1730226940,1730226809,02:35:40 PM,02:33:29 PM,-131
2108394,3573,HUROSAN2,-131,1730226999,1730226868,02:36:39 PM,02:34:28 PM,-131
2108394,3573,HUROWEB2,-169,1730227071,1730226902,02:37:51 PM,02:35:02 PM,-169
2108394,3573,WESTELG2,360,1730228729,1730229089,03:05:29 PM,03:11:29 PM,360
2108394,3573,WESTLAM2,349,1730228838,1730229187,03:07:18 PM,03:13:07 PM,349
2108394,3573,SARNWES2,413,1730229000,1730229413,03:10:00 PM,03:16:53 PM,413
2108394,3573,SARNBRES,389,1730229057,1730229446,03:10:57 PM,03:17:26 PM,389
2108394,3573,SARNSLEI,376,1730229113,1730229489,03:11:53 PM,03:18:09 PM,376
2108394,3573,SARNLEYT,374,1730229178,1730229552,03:12:58 PM,03:19:12 PM,374
2108394,3573,WONDSAR2,373,1730229259,1730229632,03:14:19 PM,03:20:32 PM,373
2108394,3573,BEAVBLYT,358,1730229359,1730229717,03:15:59 PM,03:21:57 PM,358
2108394,3573,BEAVCAP1,372,1730229381,1730229753,03:16:21 PM,03:22:33 PM,372
2108394,3573,CAPUBLSM,374,1730229396,1730229770,03:16:36 PM,03:22:50 PM,374
2108394,3573,CAPUCAPW,374,1730229433,1730229807,03:17:13 PM,03:23:27 PM,374
2108394,3573,CAPUOXFO,338,1730229480,1730229818,03:18:00 PM,03:23:38 PM,338
2108470,3573,CAPUOXFO,8,1730230140,1730230148,03:29:00 PM,03:29:08 PM,8
2108470,3573,WONDOXF1,8,1730230260,1730230268,03:31:00 PM,03:31:08 PM,8
2108470,3573,WONDFAR1,-19,1730230334,1730230315,03:32:14 PM,03:31:55 PM,-19
2108470,3573,WONDFAR3,-46,1730230400,1730230354,03:33:20 PM,03:32:34 PM,-46
2108470,3573,WONDBEA1,0,1730230500,1730230500,03:35:00 PM,03:35:00 PM,0
2108470,3573,SARNCAS1,-40,1730230686,1730230646,03:38:06 PM,03:37:26 PM,-40
2108470,3573,SARNRIPP,0,1730230800,1730230800,03:40:00 PM,03:40:00 PM,0
2108470,3573,SARNCAS3,2,1730230849,1730230851,03:40:49 PM,03:40:51 PM,2
2108470,3573,SARNCOOM,0,1730230892,1730230892,03:41:32 PM,03:41:32 PM,0
2108470,3573,SARNWES1,24,1730230920,1730230944,03:42:00 PM,03:42:24 PM,24
2108470,3573,WESTPHA3,44,1730230988,1730231032,03:43:08 PM,03:43:52 PM,44
2108470,3573,ALUMHAL1,57,1730231130,1730231187,03:45:30 PM,03:46:27 PM,57
2108470,3573,LAMBMID1,20,1730231280,1730231300,03:48:00 PM,03:48:20 PM,20
2108470,3573,UNIVSUN1,-5,1730231356,1730231351,03:49:16 PM,03:49:11 PM,-5
2108470,3573,UNIVRIC1,-13,1730231423,1730231410,03:50:23 PM,03:50:10 PM,-13
2108470,3573,HURORIC1,-13,1730231491,1730231478,03:51:31 PM,03:51:18 PM,-13
2108470,3573,HUROWAT1,-28,1730231557,1730231529,03:52:37 PM,03:52:09 PM,-28
2108470,3573,HUROCOLB,-44,1730231603,1730231559,03:53:23 PM,03:52:39 PM,-44
2108470,3573,MAITREGE,-59,1730231670,1730231611,03:54:30 PM,03:53:31 PM,-59
2108470,3573,REGEWILL,-72,1730231718,1730231646,03:55:18 PM,03:54:06 PM,-72
2108470,3573,ADELHUR1,0,1730231820,1730231820,03:57:00 PM,03:57:00 PM,0
2108470,3573,ADELHUR5,-30,1730231880,1730231850,03:58:00 PM,03:57:30 PM,-30
2108470,3573,KIPPADEL,2,1730231940,1730231942,03:59:00 PM,03:59:02 PM,2
2108470,3573,KIPPBELF,-15,1730231995,1730231980,03:59:55 PM,03:59:40 PM,-15
2108470,3573,KIPPBARK,-42,1730232082,1730232040,04:01:22 PM,04:00:40 PM,-42
2108470,3573,BARKMELS,-74,1730232175,1730232101,04:02:55 PM,04:01:41 PM,-74
2108470,3573,BARKHURO,-93,1730232237,1730232144,04:03:57 PM,04:02:24 PM,-93
2108470,3573,HUROBRI3,-142,1730232326,1730232184,04:05:26 PM,04:03:04 PM,-142
2108470,3573,HUROBRI1,0,1730232360,1730232360,04:06:00 PM,04:06:00 PM,0
2108470,3573,HUROMCN1,-25,1730232417,1730232392,04:06:57 PM,04:06:32 PM,-25
2108470,3573,HUROVES1,-39,1730232466,1730232427,04:07:46 PM,04:07:07 PM,-39
2108470,3573,HUROHIG1,8,1730232540,1730232548,04:09:00 PM,04:09:08 PM,8
2108470,3573,HUROHIG3,-4,1730232578,1730232574,04:09:38 PM,04:09:34 PM,-4
2108470,3573,HUROWEB1,-3,1730232648,1730232645,04:10:48 PM,04:10:45 PM,-3
2108470,3573,HUROSAN1,-22,1730232719,1730232697,04:11:59 PM,04:11:37 PM,-22
2108470,3573,SANDBEC2,-32,1730232772,1730232740,04:12:52 PM,04:12:20 PM,-32
2108470,3573,FCBLCHE2,-51,1730232867,1730232816,04:14:27 PM,04:13:36 PM,-51
2108470,3573,FCBLFLE2,-76,1730232925,1730232849,04:15:25 PM,04:14:09 PM,-76
2108470,3573,FANCOLL4,-111,1730233020,1730232909,04:17:00 PM,04:15:09 PM,-111
2101705,3574,COMMDEV4,492,1730228760,1730229252,03:06:00 PM,03:14:12 PM,492
2101705,3574,COMMPOM4,481,1730228817,1730229298,03:06:57 PM,03:14:58 PM,481
2101705,3574,COMMKIE2,457,1730228871,1730229328,03:07:51 PM,03:15:28 PM,457
2101705,3574,COMMFRO2,447,1730228911,1730229358,03:08:31 PM,03:15:58 PM,447
2101705,3574,COMMLEA2,435,1730228951,1730229386,03:09:11 PM,03:16:26 PM,435
2101705,3574,COMMADE2,430,1730228975,1730229405,03:09:35 PM,03:16:45 PM,430
2101705,3574,ADELLEA1,414,1730229025,1730229439,03:10:25 PM,03:17:19 PM,414
2101705,3574,ADELLEA3,398,1730229078,1730229476,03:11:18 PM,03:17:56 PM,398
2101705,3574,ADELLEA5,392,1730229097,1730229489,03:11:37 PM,03:18:09 PM,392
2101705,3574,ADELLEA7,372,1730229132,1730229504,03:12:12 PM,03:18:24 PM,372
2101705,3574,ADELTHO1,419,1730229180,1730229599,03:13:00 PM,03:19:59 PM,419
2101705,3574,ADELMAUD,419,1730229216,1730229635,03:13:36 PM,03:20:35 PM,419
2101705,3574,ADELTERR,415,1730229254,1730229669,03:14:14 PM,03:21:09 PM,415
2101705,3574,ADELADA1,406,1730229276,1730229682,03:14:36 PM,03:21:22 PM,406
2101705,3574,ADELNEL1,396,1730229332,1730229728,03:15:32 PM,03:22:08 PM,396
2101705,3574,ADELHIL1,398,1730229370,1730229768,03:16:10 PM,03:22:48 PM,398
2101705,3574,ADELLISI,416,1730229420,1730229836,03:17:00 PM,03:23:56 PM,416
2101705,3574,ADELDUN1,412,1730229600,1730230012,03:20:00 PM,03:26:52 PM,412
2101705,3574,ADELLORN,345,1730229698,1730230043,03:21:38 PM,03:27:23 PM,345
2101705,3574,ADELCEN1,310,1730229769,1730230079,03:22:49 PM,03:27:59 PM,310
2101705,3574,ADELMCMA,,,,,,
2101705,3574,ADELPIC1,236,1730229904,1730230140,03:25:04 PM,03:29:00 PM,236
2101705,3574,ADELOXF1,270,1730229960,1730230230,03:26:00 PM,03:30:30 PM,270
2101705,3574,ADELSJA1,253,1730229990,1730230243,03:26:30 PM,03:30:43 PM,253
2101705,3574,ADELGRO1,232,1730230036,1730230268,03:27:16 PM,03:31:08 PM,232
2101705,3574,ADELCHE1,302,1730230080,1730230382,03:28:00 PM,03:33:02 PM,302
2101705,3574,ADELVIC1,283,1730230115,1730230398,03:28:35 PM,03:33:18 PM,283
2101705,3574,ADELREG1,283,1730230169,1730230452,03:29:29 PM,03:34:12 PM,283
2101705,3574,ADELHUR1,292,1730230207,1730230499,03:30:07 PM,03:34:59 PM,292
2101705,3574,ADELHUR5,263,1730230273,1730230536,03:31:13 PM,03:35:36 PM,263
2101705,3574,ADELKIP1,269,1730230319,1730230588,03:31:59 PM,03:36:28 PM,269
2101705,3574,ADELWIN1,211,1730230430,1730230641,03:33:50 PM,03:37:21 PM,211
2101705,3574,ADELGLEN,163,1730230543,1730230706,03:35:43 PM,03:38:26 PM,163
2101705,3574,ADELTENN,167,1730230571,1730230738,03:36:11 PM,03:38:58 PM,167
2101705,3574,FANSADE4,161,1730230680,1730230841,03:38:00 PM,03:40:41 PM,161
2101705,3574,FANSSTO2,144,1730230716,1730230860,03:38:36 PM,03:41:00 PM,144
2101705,3574,FANSHAS2,131,1730230814,1730230945,03:40:14 PM,03:42:25 PM,131
2101705,3574,FANSJEN2,138,1730230849,1730230987,03:40:49 PM,03:43:07 PM,138
2101705,3574,FANSJEN4,144,1730230875,1730231019,03:41:15 PM,03:43:39 PM,144
2101705,3574,FANSNCR2,152,1730230914,1730231066,03:41:54 PM,03:44:26 PM,152
2101705,3574,MASOSTO6,148,1730230980,1730231128,03:43:00 PM,03:45:28 PM,148
2101638,3574,MASOSTO6,0,1730231460,1730231460,03:51:00 PM,03:51:00 PM,0
2101638,3574,FANSRIC1,0,1730231552,1730231552,03:52:32 PM,03:52:32 PM,0
2101638,3574,FANSNCR1,-2,1730231582,1730231580,03:53:02 PM,03:53:00 PM,-2
2101638,3574,FANSNCR3,1,1730231628,1730231629,03:53:48 PM,03:53:49 PM,1
2101638,3574,FANSHAS3,-26,1730231688,1730231662,03:54:48 PM,03:54:22 PM,-26
2101638,3574,FANSHAS1,-52,1730231738,1730231686,03:55:38 PM,03:54:46 PM,-52
2101638,3574,FANSSTO3,-88,1730231794,1730231706,03:56:34 PM,03:55:06 PM,-88
2101638,3574,FANSSTO1,-126,1730231856,1730231730,03:57:36 PM,03:55:30 PM,-126
2101638,3574,ADELFAN2,0,1730231940,1730231940,03:59:00 PM,03:59:00 PM,0
2101638,3574,ADELMAPL,-11,1730231982,1730231971,03:59:42 PM,03:59:31 PM,-11
2101638,3574,ADELWILL,-17,1730232013,1730231996,04:00:13 PM,03:59:56 PM,-17
2101638,3574,ADELWIN2,-46,1730232096,1730232050,04:01:36 PM,04:00:50 PM,-46
2101638,3574,ADELKIP2,0,1730232180,1730232180,04:03:00 PM,04:03:00 PM,0
2101638,3574,ADELKIP6,-26,1730232242,1730232216,04:04:02 PM,04:03:36 PM,-26
2101638,3574,ADELHUR2,-27,1730232313,1730232286,04:05:13 PM,04:04:46 PM,-27
2101638,3574,ADELVIC2,-48,1730232368,1730232320,04:06:08 PM,04:05:20 PM,-48
2101638,3574,ADELCHE2,0,1730232420,1730232420,04:07:00 PM,04:07:00 PM,0
2101638,3574,ADELGRO2,-20,1730232473,1730232453,04:07:53 PM,04:07:33 PM,-20
2101638,3574,ADELSJA2,-54,1730232542,1730232488,04:09:02 PM,04:08:08 PM,-54
2101638,3574,ADELOXF2,27,1730232600,1730232627,04:10:00 PM,04:10:27 PM,27
2101638,3574,ADELPIC2,-3,1730232642,1730232639,04:10:42 PM,04:10:39 PM,-3
2101638,3574,ADELPAMA,,,,,,
2101638,3574,ADELCEN2,-86,1730232763,1730232677,04:12:43 PM,04:11:17 PM,-86
2101638,3574,ADELROSE,-108,1730232797,1730232689,04:13:17 PM,04:11:29 PM,-108
2101638,3574,ADELPRIN,-132,1730232835,1730232703,04:13:55 PM,04:11:43 PM,-132
2101638,3574,ADELDUFR,-151,1730232867,1730232716,04:14:27 PM,04:11:56 PM,-151
2101638,3574,ADELQUEE,-158,1730232902,1730232744,04:15:02 PM,04:12:24 PM,-158
2101638,3574,ADELDUN2,0,1730232960,1730232960,04:16:00 PM,04:16:00 PM,0
2101638,3574,ADELHAMI,0,1730233080,1730233080,04:18:00 PM,04:18:00 PM,0
2101638,3574,ADELHIL2,0,1730233116,1730233116,04:18:36 PM,04:18:36 PM,0
2101638,3574,ADELNEL2,0,1730233170,1730233170,04:19:30 PM,04:19:30 PM,0
2101638,3574,ADELADA2,0,1730233225,1730233225,04:20:25 PM,04:20:25 PM,0
2101638,3574,ADELEDNA,0,1730233277,1730233277,04:21:17 PM,04:21:17 PM,0
2101638,3574,ADELTHO4,0,1730233355,1730233355,04:22:35 PM,04:22:35 PM,0
2101638,3574,ADELTHO6,0,1730233389,1730233389,04:23:09 PM,04:23:09 PM,0
2101638,3574,ADELTHO2,0,1730233425,1730233425,04:23:45 PM,04:23:45 PM,0
2101638,3574,ADELTHO8,0,1730233457,1730233457,04:24:17 PM,04:24:17 PM,0
2101638,3574,ADELLEA2,0,1730233501,1730233501,04:25:01 PM,04:25:01 PM,0
2101638,3574,COMMADE1,0,1730233560,1730233560,04:26:00 PM,04:26:00 PM,0
2101638,3574,COMMLEA1,0,1730233585,1730233585,04:26:25 PM,04:26:25 PM,0
2101638,3574,COMMFRO1,0,1730233634,1730233634,04:27:14 PM,04:27:14 PM,0
2101638,3574,COMMKIE1,0,1730233662,1730233662,04:27:42 PM,04:27:42 PM,0
2101638,3574,COMMPOM1,0,1730233706,1730233706,04:28:26 PM,04:28:26 PM,0
2101638,3574,COMMPOM1,0,1730233706,1730233706,04:28:26 PM,04:28:26 PM,0
2101638,3574,PONDDEV2,0,1730233731,1730233731,04:28:51 PM,04:28:51 PM,0
2101638,3574,PONDBAN2,0,1730233758,1730233758,04:29:18 PM,04:29:18 PM,0
2101638,3574,DEVEPOND,0,1730233789,1730233789,04:29:49 PM,04:29:49 PM,0
2101638,3574,DEVEGLEN,0,1730233835,1730233835,04:30:35 PM,04:30:35 PM,0
2101638,3574,DEVELYSA,0,1730233880,1730233880,04:31:20 PM,04:31:20 PM,0
2101638,3574,DEVEBANB,0,1730233920,1730233920,04:32:00 PM,04:32:00 PM,0
2101638,3574,DEVECOM1,0,1730233960,1730233960,04:32:40 PM,04:32:40 PM,0
2101638,3574,COMMDEV4,0,1730234040,1730234040,04:34:00 PM,04:34:00 PM,0
2104095,3575,FANSFRE1,-30,1730228883,1730228853,03:08:03 PM,03:07:33 PM,-30
2104095,3575,FANSGLE1,-33,1730228922,1730228889,03:08:42 PM,03:08:09 PM,-33
2104095,3575,FANSTRO3,-50,1730228950,1730228900,03:09:10 PM,03:08:20 PM,-50
2104095,3575,FANSGLE3,-77,1730229025,1730228948,03:10:25 PM,03:09:08 PM,-77
2104095,3575,FANSMCL3,-88,1730229055,1730228967,03:10:55 PM,03:09:27 PM,-88
2104095,3575,FANSMCL1,-112,1730229107,1730228995,03:11:47 PM,03:09:55 PM,-112
2104095,3575,FANSHIGH,-134,1730229162,1730229028,03:12:42 PM,03:10:28 PM,-134
2104095,3575,HIGBKIAR,-164,1730229238,1730229074,03:13:58 PM,03:11:14 PM,-164
2104095,3575,HIGBEDVA,-164,1730229301,1730229137,03:15:01 PM,03:12:17 PM,-164
2104095,3575,HIGBREMB,-169,1730229343,1730229174,03:15:43 PM,03:12:54 PM,-169
2104095,3575,HIGBKIL2,-172,1730229368,1730229196,03:16:08 PM,03:13:16 PM,-172
2104095,3575,HIGBTOWN,-193,1730229420,1730229227,03:17:00 PM,03:13:47 PM,-193
2104095,3575,HIGBFUL2,-222,1730229499,1730229277,03:18:19 PM,03:14:37 PM,-222
2104095,3575,HIGBHIC2,-233,1730229541,1730229308,03:19:01 PM,03:15:08 PM,-233
2104095,3575,HUROHIG3,0,1730229600,1730229600,03:20:00 PM,03:20:00 PM,0
2104095,3575,HUROWEB1,-1,1730229666,1730229665,03:21:06 PM,03:21:05 PM,-1
2104095,3575,HUROSAN1,-14,1730229734,1730229720,03:22:14 PM,03:22:00 PM,-14
2104095,3575,SANDBEC2,-25,1730229785,1730229760,03:23:05 PM,03:22:40 PM,-25
2104095,3575,FCBLCHE2,-44,1730229875,1730229831,03:24:35 PM,03:23:51 PM,-44
2104095,3575,FCBLFLE2,-51,1730229930,1730229879,03:25:30 PM,03:24:39 PM,-51
2104095,3575,FANCOLL4,-79,1730230020,1730229941,03:27:00 PM,03:25:41 PM,-79
2107883,3576,WESTELG2,495,1730228676,1730229171,03:04:36 PM,03:12:51 PM,495
2107883,3576,WESTLAM2,526,1730228755,1730229281,03:05:55 PM,03:14:41 PM,526
2107883,3576,WESTSAR2,584,1730228880,1730229464,03:08:00 PM,03:17:44 PM,584
2107883,3576,WESTSAR4,583,1730228922,1730229505,03:08:42 PM,03:18:25 PM,583
2107883,3576,WESTPLA2,556,1730228992,1730229548,03:09:52 PM,03:19:08 PM,556
2107883,3576,WESTHOL2,558,1730229043,1730229601,03:10:43 PM,03:20:01 PM,558
2107883,3576,WHARMCDO,545,1730229106,1730229651,03:11:46 PM,03:20:51 PM,545
2107883,3576,WHAROXF2,556,1730229180,1730229736,03:13:00 PM,03:22:16 PM,556
2107883,3576,WHARPAUL,527,1730229244,1730229771,03:14:04 PM,03:22:51 PM,527
2107883,3576,WHARLEXI,516,1730229296,1730229812,03:14:56 PM,03:23:32 PM,516
2107883,3576,WHARMPL2,493,1730229339,1730229832,03:15:39 PM,03:23:52 PM,493
2107883,3576,RIVEWHA1,535,1730229376,1730229911,03:16:16 PM,03:25:11 PM,535
2107883,3576,RIVEWIL1,522,1730229407,1730229929,03:16:47 PM,03:25:29 PM,522
2107883,3576,DUNDRIDO,493,1730229490,1730229983,03:18:10 PM,03:26:23 PM,493
2107883,3576,KINGTALB,529,1730229540,1730230069,03:19:00 PM,03:27:49 PM,529
2107883,3576,KINGRICH,524,1730229660,1730230184,03:21:00 PM,03:29:44 PM,524
2107883,3576,WELLDUN3,341,1730229900,1730230241,03:25:00 PM,03:30:41 PM,341
2107803,3576,WELLDUN3,401,1730229900,1730230301,03:25:00 PM,03:31:41 PM,401
2107803,3576,QUEECLAR,401,1730229982,1730230383,03:26:22 PM,03:33:03 PM,401
2107803,3576,RICHQUEE,375,1730230080,1730230455,03:28:00 PM,03:34:15 PM,375
2107803,3576,RICHKEN1,309,1730230177,1730230486,03:29:37 PM,03:34:46 PM,309
2107803,3576,RICHHYM1,274,1730230271,1730230545,03:31:11 PM,03:35:45 PM,274
2107803,3576,RICHPALL,264,1730230325,1730230589,03:32:05 PM,03:36:29 PM,264
2107803,3576,RICHOXF1,280,1730230440,1730230720,03:34:00 PM,03:38:40 PM,280
2107803,3576,RICHJAM1,264,1730230471,1730230735,03:34:31 PM,03:38:55 PM,264
2107803,3576,RICHGRO1,243,1730230523,1730230766,03:35:23 PM,03:39:26 PM,243
2107803,3576,RICHCHE1,252,1730230554,1730230806,03:35:54 PM,03:40:06 PM,252
2107803,3576,RICHVIC1,237,1730230597,1730230834,03:36:37 PM,03:40:34 PM,237
2107803,3576,RICHREG1,222,1730230640,1730230862,03:37:20 PM,03:41:02 PM,222
2107803,3576,RICHHUR1,211,1730230675,1730230886,03:37:55 PM,03:41:26 PM,211
2107803,3576,UNIVRIC2,230,1730230730,1730230960,03:38:50 PM,03:42:40 PM,230
2107803,3576,UNIVSUN2,230,1730230779,1730231009,03:39:39 PM,03:43:29 PM,230
2107803,3576,MIDDPERT,235,1730230856,1730231091,03:40:56 PM,03:44:51 PM,235
2107803,3576,NATSCI,202,1730230920,1730231122,03:42:00 PM,03:45:22 PM,202
2110360,3577,WONDRIV2,303,1730228897,1730229200,03:08:17 PM,03:13:20 PM,303
2110360,3577,WONDSPRI,206,1730229110,1730229316,03:11:50 PM,03:15:16 PM,206
2110360,3577,WONDROSE,188,1730229168,1730229356,03:12:48 PM,03:15:56 PM,188
2110360,3577,WONDCOM2,213,1730229268,1730229481,03:14:28 PM,03:18:01 PM,213
2110360,3577,WONDVIL2,217,1730229305,1730229522,03:15:05 PM,03:18:42 PM,217
2110360,3577,WONDVIS4,207,1730229364,1730229571,03:16:04 PM,03:19:31 PM,207
2110360,3577,WESTMAL4,254,1730229420,1730229674,03:17:00 PM,03:21:14 PM,254
2110360,3577,VISCWON1,248,1730229480,1730229728,03:18:00 PM,03:22:08 PM,248
2110360,3577,VISCWON5,235,1730229514,1730229749,03:18:34 PM,03:22:29 PM,235
2110360,3577,WONDMMA4,197,1730229598,1730229795,03:19:58 PM,03:23:15 PM,197
2110360,3577,WONDMMA2,180,1730229649,1730229829,03:20:49 PM,03:23:49 PM,180
2110360,3577,WONDPVA2,179,1730229705,1730229884,03:21:45 PM,03:24:44 PM,179
2110360,3577,WONDPVA4,161,1730229746,1730229907,03:22:26 PM,03:25:07 PM,161
2110360,3577,SOUTWON1,201,1730229816,1730230017,03:23:36 PM,03:26:57 PM,201
2110360,3577,SOUTSING,149,1730229891,1730230040,03:24:51 PM,03:27:20 PM,149
2110360,3577,SOUTAND1,135,1730229960,1730230095,03:26:00 PM,03:28:15 PM,135
2110360,3577,SOUTSPRI,122,1730229998,1730230120,03:26:38 PM,03:28:40 PM,122
2110360,3577,SOUTNOD1,121,1730230038,1730230159,03:27:18 PM,03:29:19 PM,121
2110360,3577,SOUTNOD3,101,1730230067,1730230168,03:27:47 PM,03:29:28 PM,101
2110360,3577,SOUTWHA1,125,1730230135,1730230260,03:28:55 PM,03:31:00 PM,125
2110360,3577,SOUTWHA3,116,1730230161,1730230277,03:29:21 PM,03:31:17 PM,116
2110360,3577,SOUTWHOK,93,1730230223,1730230316,03:30:23 PM,03:31:56 PM,93
2110360,3577,SOUTJAL1,102,1730230326,1730230428,03:32:06 PM,03:33:48 PM,102
2110360,3577,SOUTDUL1,96,1730230357,1730230453,03:32:37 PM,03:34:13 PM,96
2110360,3577,SOUTNIX1,77,1730230395,1730230472,03:33:15 PM,03:34:32 PM,77
2110360,3577,SOUTVER1,51,1730230489,1730230540,03:34:49 PM,03:35:40 PM,51
2110360,3577,WELLHARL,,,,,,
2110360,3577,WELLMON4,,,,,,
2110360,3577,WELLMON2,,,,,,
2110360,3577,WELLBRA2,117,1730230694,1730230811,03:38:14 PM,03:40:11 PM,117
2110360,3577,WHITOMA3,72,1730230740,1730230812,03:39:00 PM,03:40:12 PM,72
2110360,3577,WHITOMA3,0,1730231040,1730231040,03:44:00 PM,03:44:00 PM,0
2110360,3577,BRADWEL3,0,1730231181,1730231181,03:46:21 PM,03:46:21 PM,0
2110360,3577,BRADWIL1,-17,1730231228,1730231211,03:47:08 PM,03:46:51 PM,-17
2110360,3577,BRADAGN1,-34,1730231254,1730231220,03:47:34 PM,03:47:00 PM,-34
2110360,3577,BRADADE1,-67,1730231304,1730231237,03:48:24 PM,03:47:17 PM,-67
2110360,3577,BRADADE3,-98,1730231357,1730231259,03:49:17 PM,03:47:39 PM,-98
2110360,3577,ADELOSG5,-108,1730231397,1730231289,03:49:57 PM,03:48:09 PM,-108
2110360,3577,ADELOSG7,-128,1730231439,1730231311,03:50:39 PM,03:48:31 PM,-128
2110360,3577,ADELOSG3,-159,1730231514,1730231355,03:51:54 PM,03:49:15 PM,-159
2110360,3577,SOUTADE1,-168,1730231566,1730231398,03:52:46 PM,03:49:58 PM,-168
2110360,3577,SOUTMIL5,-174,1730231594,1730231420,03:53:14 PM,03:50:20 PM,-174
2110360,3577,SOUTMIL3,-193,1730231633,1730231440,03:53:53 PM,03:50:40 PM,-193
2110360,3577,SOUTMIL1,0,1730231700,1730231700,03:55:00 PM,03:55:00 PM,0
2110360,3577,SOUTKOR1,-27,1730231755,1730231728,03:55:55 PM,03:55:28 PM,-27
2110360,3577,SOUTPOM1,-40,1730231792,1730231752,03:56:32 PM,03:55:52 PM,-40
2110360,3577,PONDPONV,-71,1730231874,1730231803,03:57:54 PM,03:56:43 PM,-71
2110360,3577,PONDMIR3,-90,1730231912,1730231822,03:58:32 PM,03:57:02 PM,-90
2110360,3577,PONDMIR1,-104,1730231940,1730231836,03:59:00 PM,03:57:16 PM,-104
2110360,3577,PONDDEV1,-118,1730231990,1730231872,03:59:50 PM,03:57:52 PM,-118
2110360,3577,PONDBAN1,-126,1730232014,1730231888,04:00:14 PM,03:58:08 PM,-126
2110360,3577,PONDOLDH,-135,1730232080,1730231945,04:01:20 PM,03:59:05 PM,-135
2110360,3577,COMMPOM3,-141,1730232135,1730231994,04:02:15 PM,03:59:54 PM,-141
2110360,3577,COMMDEV1,0,1730232180,1730232180,04:03:00 PM,04:03:00 PM,0
2110360,3577,COMMHIG1,4,1730232232,1730232236,04:03:52 PM,04:03:56 PM,4
2110360,3577,HIGBHAM1,-86,1730232468,1730232382,04:07:48 PM,04:06:22 PM,-86
2110360,3577,HIGBMAGE,-87,1730232491,1730232404,04:08:11 PM,04:06:44 PM,-87
2110360,3577,HIGBTRA1,-96,1730232538,1730232442,04:08:58 PM,04:07:22 PM,-96
2110360,3577,HIGBBRY1,130,1730232600,1730232730,04:10:00 PM,04:12:10 PM,130
2110360,3577,HIGBWIL1,106,1730232650,1730232756,04:10:50 PM,04:12:36 PM,106
2110360,3577,HIGBBEA1,86,1730232699,1730232785,04:11:39 PM,04:13:05 PM,86
2110360,3577,HIGBDUN1,62,1730232780,1730232842,04:13:00 PM,04:14:02 PM,62
2110360,3577,HIGBLPH1,,,,,,
2110360,3577,HIGBOXF1,,,,,,
2110360,3577,HIGBOXF3,,,,,,
2110360,3577,HIGBLAN1,-79,1730233079,1730233000,04:17:59 PM,04:16:40 PM,-79
2110360,3577,HIGBCHE1,-77,1730233120,1730233043,04:18:40 PM,04:17:23 PM,-77
2110360,3577,HIGBGOD1,-85,1730233165,1730233080,04:19:25 PM,04:18:00 PM,-85
2110360,3577,HIGBHURO,-100,1730233219,1730233119,04:20:19 PM,04:18:39 PM,-100
2110360,3577,HIGBHIC1,-116,1730233268,1730233152,04:21:08 PM,04:19:12 PM,-116
2110360,3577,HIGBFUL1,-126,1730233302,1730233176,04:21:42 PM,04:19:36 PM,-126
2110360,3577,FULLVES2,-133,1730233379,1730233246,04:22:59 PM,04:20:46 PM,-133
2110360,3577,FULLREGA,-141,1730233422,1730233281,04:23:42 PM,04:21:21 PM,-141
2110360,3577,MCNAMEL2,-144,1730233472,1730233328,04:24:32 PM,04:22:08 PM,-144
2110360,3577,MELSBRIA,-147,1730233504,1730233357,04:25:04 PM,04:22:37 PM,-147
2110360,3577,MELSSUSS,-160,1730233558,1730233398,04:25:58 PM,04:23:18 PM,-160
2110360,3577,BARKHURO,-198,1730233620,1730233422,04:27:00 PM,04:23:42 PM,-198
2110313,3577,BARKHURO,0,1730233620,1730233620,04:27:00 PM,04:27:00 PM,0
2110313,3577,HUROBRI3,0,1730233716,1730233716,04:28:36 PM,04:28:36 PM,0
2110313,3577,HUROBRI1,0,1730233746,1730233746,04:29:06 PM,04:29:06 PM,0
2110313,3577,HUROMCN1,0,1730233801,1730233801,04:30:01 PM,04:30:01 PM,0
2110313,3577,HUROVES1,0,1730233848,1730233848,04:30:48 PM,04:30:48 PM,0
2110313,3577,HUROHIG1,0,1730233920,1730233920,04:32:00 PM,04:32:00 PM,0
2110313,3577,HIGBGOD2,0,1730234046,1730234046,04:34:06 PM,04:34:06 PM,0
2110313,3577,HIGBCHE2,0,1730234117,1730234117,04:35:17 PM,04:35:17 PM,0
2110313,3577,HIGBLAN2,0,1730234149,1730234149,04:35:49 PM,04:35:49 PM,0
2110313,3577,HIGBOXF4,,,,,,
2110313,3577,HIGBOXF2,,,,,,
2110313,3577,HIGBLPH2,,,,,,
2110313,3577,HIGBDUN2,0,1730234460,1730234460,04:41:00 PM,04:41:00 PM,0
2110313,3577,HIGBBEA2,0,1730234542,1730234542,04:42:22 PM,04:42:22 PM,0
2110313,3577,HIGBWIL2,0,1730234617,1730234617,04:43:37 PM,04:43:37 PM,0
2110313,3577,HIGBBRY2,0,1730234700,1730234700,04:45:00 PM,04:45:00 PM,0
2110313,3577,HIGBTRA2,0,1730234791,1730234791,04:46:31 PM,04:46:31 PM,0
2110313,3577,HIGBCALV,0,1730234872,1730234872,04:47:52 PM,04:47:52 PM,0
2110313,3577,HIGBHAM2,0,1730234903,1730234903,04:48:23 PM,04:48:23 PM,0
2110313,3577,COMMDEV6,0,1730235323,1730235323,04:55:23 PM,04:55:23 PM,0
2110313,3577,COMMDEV2,0,1730235360,1730235360,04:56:00 PM,04:56:00 PM,0
2110313,3577,PONDDEV2,0,1730235443,1730235443,04:57:23 PM,04:57:23 PM,0
2110313,3577,PONDBAN2,0,1730235498,1730235498,04:58:18 PM,04:58:18 PM,0
2110313,3577,PONDDEV4,0,1730235541,1730235541,04:59:01 PM,04:59:01 PM,0
2110313,3577,PONDMIR4,0,1730235591,1730235591,04:59:51 PM,04:59:51 PM,0
2110313,3577,PONDMIR2,0,1730235637,1730235637,05:00:37 PM,05:00:37 PM,0
2110313,3577,PONDMILL,0,1730235661,1730235661,05:01:01 PM,05:01:01 PM,0
2110313,3577,SOUTPOM2,0,1730235742,1730235742,05:02:22 PM,05:02:22 PM,0
2110313,3577,SOUTKOR2,0,1730235793,1730235793,05:03:13 PM,05:03:13 PM,0
2110313,3577,SOUTMIL2,0,1730235840,1730235840,05:04:00 PM,05:04:00 PM,0
2110313,3577,SOUTMIL4,0,1730235915,1730235915,05:05:15 PM,05:05:15 PM,0
2110313,3577,SOUTMIL6,0,1730235959,1730235959,05:05:59 PM,05:05:59 PM,0
2110313,3577,ADELSDAL,0,1730236003,1730236003,05:06:43 PM,05:06:43 PM,0
2110313,3577,ADELOSG2,0,1730236044,1730236044,05:07:24 PM,05:07:24 PM,0
2110313,3577,ADELOSG6,0,1730236110,1730236110,05:08:30 PM,05:08:30 PM,0
2110313,3577,ADELOSG4,0,1730236147,1730236147,05:09:07 PM,05:09:07 PM,0
2110313,3577,BRADADE2,0,1730236185,1730236185,05:09:45 PM,05:09:45 PM,0
2110313,3577,BRADADE4,0,1730236239,1730236239,05:10:39 PM,05:10:39 PM,0
2110313,3577,BRADAGN2,0,1730236282,1730236282,05:11:22 PM,05:11:22 PM,0
2110313,3577,BRADWIL4,0,1730236316,1730236316,05:11:56 PM,05:11:56 PM,0
2110313,3577,BRADDEAR,0,1730236354,1730236354,05:12:34 PM,05:12:34 PM,0
2110313,3577,WELLBRA2,0,1730236391,1730236391,05:13:11 PM,05:13:11 PM,0
2110313,3577,WHITOMA3,0,1730236440,1730236440,05:14:00 PM,05:14:00 PM,0
2110313,3577,WHITOMA3,0,1730237220,1730237220,05:27:00 PM,05:27:00 PM,0
2110313,3577,WELLBRA1,,,,,,
2110313,3577,WELLMON1,,,,,,
2110313,3577,WELLSDA5,,,,,,
2110313,3577,SOUTMONT,,,,,,
2110313,3577,SOUTVER2,0,1730237598,1730237598,05:33:18 PM,05:33:18 PM,0
2110313,3577,SOUTEAS2,0,1730237632,1730237632,05:33:52 PM,05:33:52 PM,0
2110313,3577,SOUTNIX2,0,1730237711,1730237711,05:35:11 PM,05:35:11 PM,0
2110313,3577,SOUTDUL2,0,1730237758,1730237758,05:35:58 PM,05:35:58 PM,0
2110313,3577,SOUTDUN2,0,1730237820,1730237820,05:37:00 PM,05:37:00 PM,0
2110313,3577,SOUTHOME,0,1730237920,1730237920,05:38:40 PM,05:38:40 PM,0
2110313,3577,SOUTWHA4,0,1730237973,1730237973,05:39:33 PM,05:39:33 PM,0
2110313,3577,SOUTWHA2,0,1730238019,1730238019,05:40:19 PM,05:40:19 PM,0
2110313,3577,SOUTNOD2,0,1730238088,1730238088,05:41:28 PM,05:41:28 PM,0
2110313,3577,SOUTNOD4,0,1730238125,1730238125,05:42:05 PM,05:42:05 PM,0
2110313,3577,SOUTAND2,0,1730238205,1730238205,05:43:25 PM,05:43:25 PM,0
2110313,3577,SOUTWON2,0,1730238283,1730238283,05:44:43 PM,05:44:43 PM,0
2110313,3577,WONDSDA1,0,1730238328,1730238328,05:45:28 PM,05:45:28 PM,0
2110313,3577,WONDPVA1,0,1730238388,1730238388,05:46:28 PM,05:46:28 PM,0
2110313,3577,WONDMMA3,0,1730238414,1730238414,05:46:54 PM,05:46:54 PM,0
2110313,3577,WONDMMA1,0,1730238453,1730238453,05:47:33 PM,05:47:33 PM,0
2110313,3577,WESTMAL6,0,1730238600,1730238600,05:50:00 PM,05:50:00 PM,0
2110313,3577,WONDVIS3,0,1730238677,1730238677,05:51:17 PM,05:51:17 PM,0
2110313,3577,WONDVIL1,0,1730238722,1730238722,05:52:02 PM,05:52:02 PM,0
2110313,3577,WONDCOM1,0,1730238790,1730238790,05:53:10 PM,05:53:10 PM,0
2110313,3577,WONDCOM3,0,1730238850,1730238850,05:54:10 PM,05:54:10 PM,0
2110313,3577,WONDTEE1,0,1730238942,1730238942,05:55:42 PM,05:55:42 PM,0
2110313,3577,WONDSPR1,0,1730239080,1730239080,05:58:00 PM,05:58:00 PM,0
2110313,3577,WONDRIV1,0,1730239380,1730239380,06:03:00 PM,06:03:00 PM,0
2110313,3577,WONDKIW1,0,1730239430,1730239430,06:03:50 PM,06:03:50 PM,0
2110313,3577,WONDOXF3,0,1730239518,1730239518,06:05:18 PM,06:05:18 PM,0
2110313,3577,WONDOXF1,0,1730239560,1730239560,06:06:00 PM,06:06:00 PM,0
2110313,3577,WONDFAR1,0,1730239614,1730239614,06:06:54 PM,06:06:54 PM,0
2110313,3577,WONDFAR3,0,1730239662,1730239662,06:07:42 PM,06:07:42 PM,0
2110313,3577,WONDBEA1,0,1730239735,1730239735,06:08:55 PM,06:08:55 PM,0
2110313,3577,SARNCAS1,0,1730239920,1730239920,06:12:00 PM,06:12:00 PM,0
2110313,3577,SARNCAS1,0,1730239920,1730239920,06:12:00 PM,06:12:00 PM,0
2110313,3577,SARNRIPP,0,1730239983,1730239983,06:13:03 PM,06:13:03 PM,0
2110313,3577,SARNCAS3,0,1730240055,1730240055,06:14:15 PM,06:14:15 PM,0
2110313,3577,SARNCOOM,0,1730240118,1730240118,06:15:18 PM,06:15:18 PM,0
2110313,3577,SARNWES1,0,1730240160,1730240160,06:16:00 PM,06:16:00 PM,0
2110313,3577,WESTPHA3,0,1730240264,1730240264,06:17:44 PM,06:17:44 PM,0
2110313,3577,ALUMHAL1,0,1730240479,1730240479,06:21:19 PM,06:21:19 PM,0
2110313,3577,DELAHALL,0,1730240760,1730240760,06:26:00 PM,06:26:00 PM,0
2110313,3577,UNIVHOS1,0,1730240962,1730240962,06:29:22 PM,06:29:22 PM,0
2110313,3577,PERTWIN1,0,1730241008,1730241008,06:30:08 PM,06:30:08 PM,0
2110313,3577,RICHWIN1,0,1730241127,1730241127,06:32:07 PM,06:32:07 PM,0
2110313,3577,RICHWEC1,0,1730241194,1730241194,06:33:14 PM,06:33:14 PM,0
2110313,3577,RICHCANT,0,1730241257,1730241257,06:34:17 PM,06:34:17 PM,0
2110313,3577,RICHSUNN,0,1730241365,1730241365,06:36:05 PM,06:36:05 PM,0
2110313,3577,MASOSTO4,0,1730241540,1730241540,06:39:00 PM,06:39:00 PM,0
2101066,3578,CHEABRA1,-15,1730229082,1730229067,03:11:22 PM,03:11:07 PM,-15
2101066,3578,CHEAGAM1,-35,1730229129,1730229094,03:12:09 PM,03:11:34 PM,-35
2101066,3578,CHEABARK,-40,1730229174,1730229134,03:12:54 PM,03:12:14 PM,-40
2101066,3578,CHEABOU1,-43,1730229212,1730229169,03:13:32 PM,03:12:49 PM,-43
2101066,3578,CHEAMCNA,-40,1730229279,1730229239,03:14:39 PM,03:13:59 PM,-40
2101066,3578,MCNAVIC3,-52,1730229335,1730229283,03:15:35 PM,03:14:43 PM,-52
2101066,3578,MCNAVIC1,-51,1730229356,1730229305,03:15:56 PM,03:15:05 PM,-51
2101066,3578,MCNAHUR1,-39,1730229406,1730229367,03:16:46 PM,03:16:07 PM,-39
2101066,3578,HUROVES1,-45,1730229472,1730229427,03:17:52 PM,03:17:07 PM,-45
2101066,3578,HUROHIG1,0,1730229540,1730229540,03:19:00 PM,03:19:00 PM,0
2101066,3578,HUROWEB1,-31,1730229635,1730229604,03:20:35 PM,03:20:04 PM,-31
2101066,3578,HUROSAN1,-43,1730229697,1730229654,03:21:37 PM,03:20:54 PM,-43
2101066,3578,BECKTOUK,-65,1730229771,1730229706,03:22:51 PM,03:21:46 PM,-65
2101066,3578,BECKLANC,-79,1730229806,1730229727,03:23:26 PM,03:22:07 PM,-79
2101066,3578,BECKLANG,-90,1730229831,1730229741,03:23:51 PM,03:22:21 PM,-90
2101066,3578,BECKTUDO,-102,1730229856,1730229754,03:24:16 PM,03:22:34 PM,-102
2101066,3578,BECKSORR,-102,1730229887,1730229785,03:24:47 PM,03:23:05 PM,-102
2101066,3578,SORRPERT,-116,1730229945,1730229829,03:25:45 PM,03:23:49 PM,-116
2101066,3578,SORRHURO,-117,1730229982,1730229865,03:26:22 PM,03:24:25 PM,-117
2101066,3578,OAKVHURO,-153,1730230020,1730229867,03:27:00 PM,03:24:27 PM,-153
2105927,3580,OXFOSEC1,71,1730228880,1730228951,03:08:00 PM,03:09:11 PM,71
2105927,3580,OXFOTHI1,68,1730228923,1730228991,03:08:43 PM,03:09:51 PM,68
2105927,3580,OXFOCLA5,57,1730228983,1730229040,03:09:43 PM,03:10:40 PM,57
2105927,3580,OXFOCLA1,54,1730229026,1730229080,03:10:26 PM,03:11:20 PM,54
2105927,3580,OXFOCLA3,40,1730229068,1730229108,03:11:08 PM,03:11:48 PM,40
2105927,3580,OXFOGM1,25,1730229111,1730229136,03:11:51 PM,03:12:16 PM,25
2105927,3580,OXFOGM3,11,1730229145,1730229156,03:12:25 PM,03:12:36 PM,11
2105927,3580,OXFOIND3,4,1730229163,1730229167,03:12:43 PM,03:12:47 PM,4
2105927,3580,OXFOIND1,-5,1730229189,1730229184,03:13:09 PM,03:13:04 PM,-5
2105927,3580,OXFOVMPW,13,1730229240,1730229253,03:14:00 PM,03:14:13 PM,13
2105927,3580,CUDDARTI,1,1730229290,1730229291,03:14:50 PM,03:14:51 PM,1
2105927,3580,CUDDPAGE,0,1730229334,1730229334,03:15:34 PM,03:15:34 PM,0
2105927,3580,PAGECUDD,2,1730229353,1730229355,03:15:53 PM,03:15:55 PM,2
2105927,3580,CRUMPAGE,4,1730229375,1730229379,03:16:15 PM,03:16:19 PM,4
2105927,3580,CRUMOXFO,-13,1730229437,1730229424,03:17:17 PM,03:17:04 PM,-13
2105927,3580,YXUTERM,-75,1730229540,1730229465,03:19:00 PM,03:17:45 PM,-75
2105978,3580,YXUTERM,0,1730229600,1730229600,03:20:00 PM,03:20:00 PM,0
2105978,3580,OXFOVMP1,0,1730229792,1730229792,03:23:12 PM,03:23:12 PM,0
2105978,3580,PAGEVMPW,-22,1730229917,1730229895,03:25:17 PM,03:24:55 PM,-22
2105978,3580,INDUPAG1,0,1730229960,1730229960,03:26:00 PM,03:26:00 PM,0
2105978,3580,INDUPAG3,-18,1730229989,1730229971,03:26:29 PM,03:26:11 PM,-18
2105978,3580,INDUOXFO,-32,1730230042,1730230010,03:27:22 PM,03:26:50 PM,-32
2105978,3580,OXFOIND2,-49,1730230081,1730230032,03:28:01 PM,03:27:12 PM,-49
2105978,3580,OXFOGM2,-77,1730230130,1730230053,03:28:50 PM,03:27:33 PM,-77
2105978,3580,OXFOCLA2,-122,1730230209,1730230087,03:30:09 PM,03:28:07 PM,-122
2105978,3580,OXFOCLA4,-136,1730230254,1730230118,03:30:54 PM,03:28:38 PM,-136
2105978,3580,OXFOCLA6,-151,1730230316,1730230165,03:31:56 PM,03:29:25 PM,-151
2105978,3580,OXFOTHI2,-174,1730230385,1730230211,03:33:05 PM,03:30:11 PM,-174
2105978,3580,OXFOSEC2,-189,1730230443,1730230254,03:34:03 PM,03:30:54 PM,-189
2105978,3580,FANCOLL3,-268,1730230560,1730230292,03:36:00 PM,03:31:32 PM,-268
2110100,3583,HAMIHIG2,180,1730229060,1730229240,03:11:00 PM,03:14:00 PM,180
2110100,3583,HAMIGIL2,158,1730229082,1730229240,03:11:22 PM,03:14:00 PM,158
2110100,3583,HAMIEAST,118,1730229174,1730229292,03:12:54 PM,03:14:52 PM,118
2110100,3583,HAMISJU2,80,1730229253,1730229333,03:14:13 PM,03:15:33 PM,80
2110100,3583,HAMIELM,50,1730229315,1730229365,03:15:15 PM,03:16:05 PM,50
2110100,3583,HAMIEGE2,32,1730229406,1730229438,03:16:46 PM,03:17:18 PM,32
2110100,3583,HAMISAC2,28,1730229480,1730229508,03:18:00 PM,03:18:28 PM,28
2110100,3583,HAMIREC2,7,1730229543,1730229550,03:19:03 PM,03:19:10 PM,7
2110100,3583,HAMILTGR,0,1730229602,1730229602,03:20:02 PM,03:20:02 PM,0
2110100,3583,HAMIADE2,36,1730229660,1730229696,03:21:00 PM,03:21:36 PM,36
2110100,3583,HAMIWIL2,17,1730229707,1730229724,03:21:47 PM,03:22:04 PM,17
2110100,3583,HORTHAMI,-2,1730229754,1730229752,03:22:34 PM,03:22:32 PM,-2
2110100,3583,HORTCOL1,-34,1730229809,1730229775,03:23:29 PM,03:22:55 PM,-34
2110100,3583,HORTWAT2,,,,,,
2110100,3583,WELLHOR1,,,,,,
2110100,3583,WELLYOR1,,,,,,
2110100,3583,WELLDUN3,,,,,,
2110100,3583,QUEECLAR,-86,1730230137,1730230051,03:28:57 PM,03:27:31 PM,-86
2110100,3583,QUEERIC1,-149,1730230200,1730230051,03:30:00 PM,03:27:31 PM,-149
2110100,3583,QUEERIC1,48,1730230200,1730230248,03:30:00 PM,03:30:48 PM,48
2110100,3583,RIDOYORK,85,1730230341,1730230426,03:32:21 PM,03:33:46 PM,85
2110100,3583,YORKTHA2,76,1730230385,1730230461,03:33:05 PM,03:34:21 PM,76
2110100,3583,HORTWHA2,7,1730230526,1730230533,03:35:26 PM,03:35:33 PM,7
2110100,3583,HORTWHA4,0,1730230560,1730230560,03:36:00 PM,03:36:00 PM,0
2110100,3583,HORTSPRI,-38,1730230624,1730230586,03:37:04 PM,03:36:26 PM,-38
2110100,3583,SPRIGRE2,-60,1730230662,1730230602,03:37:42 PM,03:36:42 PM,-60
2110100,3583,SPRIFORH,-77,1730230696,1730230619,03:38:16 PM,03:36:59 PM,-77
2110100,3583,SPRICHEL,-101,1730230742,1730230641,03:39:02 PM,03:37:21 PM,-101
2110100,3583,KERNSPR1,0,1730230800,1730230800,03:40:00 PM,03:40:00 PM,0
2110100,3583,RIDGKER2,-19,1730230838,1730230819,03:40:38 PM,03:40:19 PM,-19
2110100,3583,GARDRID2,-40,1730230875,1730230835,03:41:15 PM,03:40:35 PM,-40
2110100,3583,GARDSOU2,-89,1730230961,1730230872,03:42:41 PM,03:41:12 PM,-89
2110100,3583,BERKGAR1,-121,1730231027,1730230906,03:43:47 PM,03:41:46 PM,-121
2110100,3583,BERKBER1,-157,1730231090,1730230933,03:44:50 PM,03:42:13 PM,-157
2110100,3583,BERKSPR1,-119,1730231146,1730231027,03:45:46 PM,03:43:47 PM,-119
2110100,3583,SPRIBER4,-128,1730231170,1730231042,03:46:10 PM,03:44:02 PM,-128
2110100,3583,SPRIWON2,0,1730231220,1730231220,03:47:00 PM,03:47:00 PM,0
2110100,3583,SPRIQUI2,-17,1730231258,1730231241,03:47:38 PM,03:47:21 PM,-17
2110100,3583,SPRIJAR2,-32,1730231296,1730231264,03:48:16 PM,03:47:44 PM,-32
2110100,3583,SPRIHIC2,-41,1730231319,1730231278,03:48:39 PM,03:47:58 PM,-41
2110100,3583,SPRIWES4,-81,1730231415,1730231334,03:50:15 PM,03:48:54 PM,-81
2110100,3583,SPRICOM2,-89,1730231443,1730231354,03:50:43 PM,03:49:14 PM,-89
2110100,3583,COMMSPR2,-95,1730231474,1730231379,03:51:14 PM,03:49:39 PM,-95
2110100,3583,COMMNOR2,-103,1730231509,1730231406,03:51:49 PM,03:50:06 PM,-103
2110100,3583,COMMLYN4,-106,1730231548,1730231442,03:52:28 PM,03:50:42 PM,-106
2110100,3583,COMMSPR4,-100,1730231566,1730231466,03:52:46 PM,03:51:06 PM,-100
2110100,3583,COMMBOL2,-55,1730231596,1730231541,03:53:16 PM,03:52:21 PM,-55
2110100,3583,COMMHAM2,-85,1730231640,1730231555,03:54:00 PM,03:52:35 PM,-85
2110139,3583,COMMHAM2,0,1730231640,1730231640,03:54:00 PM,03:54:00 PM,0
2110139,3583,COMMSTEP,0,1730231703,1730231703,03:55:03 PM,03:55:03 PM,0
2110139,3583,GRIFCOMM,-13,1730231750,1730231737,03:55:50 PM,03:55:37 PM,-13
2110139,3583,GRIFHEMO,-28,1730231796,1730231768,03:56:36 PM,03:56:08 PM,-28
2110139,3583,GRIFNORM,-57,1730231857,1730231800,03:57:37 PM,03:56:40 PM,-57
2110139,3583,GRIFBBA2,-83,1730231933,1730231850,03:58:53 PM,03:57:30 PM,-83
2110139,3583,GRIFFAIR,-91,1730231981,1730231890,03:59:41 PM,03:58:10 PM,-91
2110139,3583,GRIFDEA2,-104,1730232047,1730231943,04:00:47 PM,03:59:03 PM,-104
2110139,3583,GRIFWIDD,-115,1730232074,1730231959,04:01:14 PM,03:59:19 PM,-115
2110139,3583,GRIFROBW,-139,1730232134,1730231995,04:02:14 PM,03:59:55 PM,-139
2110139,3583,GRIFBOLE,-154,1730232196,1730232042,04:03:16 PM,04:00:42 PM,-154
2110139,3583,BOLEGRIF,-168,1730232228,1730232060,04:03:48 PM,04:01:00 PM,-168
2110139,3583,BOLEWAYN,-200,1730232288,1730232088,04:04:48 PM,04:01:28 PM,-200
2110139,3583,BOLEBASE,-223,1730232361,1730232138,04:06:01 PM,04:02:18 PM,-223
2110139,3583,BOLEGLEN,-246,1730232414,1730232168,04:06:54 PM,04:02:48 PM,-246
2110139,3583,BOLECOM1,-262,1730232441,1730232179,04:07:21 PM,04:02:59 PM,-262
2110139,3583,COMMBOL1,-301,1730232480,1730232179,04:08:00 PM,04:02:59 PM,-301
2110139,3583,COMMBOL1,0,1730232600,1730232600,04:10:00 PM,04:10:00 PM,0
2110139,3583,COMMSPR1,-6,1730232638,1730232632,04:10:38 PM,04:10:32 PM,-6
2110139,3583,COMMNASH,-9,1730232681,1730232672,04:11:21 PM,04:11:12 PM,-9
2110139,3583,COMMNOR1,-19,1730232711,1730232692,04:11:51 PM,04:11:32 PM,-19
2110139,3583,SPRICOM1,0,1730232769,1730232769,04:12:49 PM,04:12:49 PM,0
2110139,3583,SPRIWES1,-11,1730232800,1730232789,04:13:20 PM,04:13:09 PM,-11
2110139,3583,SPRIWES3,-29,1730232842,1730232813,04:14:02 PM,04:13:33 PM,-29
2110139,3583,SPRIHIC1,-57,1730232899,1730232842,04:14:59 PM,04:14:02 PM,-57
2110139,3583,SPRIJAR1,-74,1730232937,1730232863,04:15:37 PM,04:14:23 PM,-74
2110139,3583,SPRIQUI1,-87,1730232965,1730232878,04:16:05 PM,04:14:38 PM,-87
2110139,3583,SPRIWON1,0,1730233020,1730233020,04:17:00 PM,04:17:00 PM,0
2110139,3583,SPRIBER1,0,1730233050,1730233050,04:17:30 PM,04:17:30 PM,0
2110139,3583,SPRIBER3,0,1730233104,1730233104,04:18:24 PM,04:18:24 PM,0
2110139,3583,SPRIMAR1,0,1730233156,1730233156,04:19:16 PM,04:19:16 PM,0
2110139,3583,SPRIKER1,0,1730233218,1730233218,04:20:18 PM,04:20:18 PM,0
2110139,3583,SPRIGROW,0,1730233275,1730233275,04:21:15 PM,04:21:15 PM,0
2110139,3583,SPRIGRE1,0,1730233353,1730233353,04:22:33 PM,04:22:33 PM,0
2110139,3583,SPRISPRI,0,1730233409,1730233409,04:23:29 PM,04:23:29 PM,0
2110139,3583,HORTWHA3,0,1730233498,1730233498,04:24:58 PM,04:24:58 PM,0
2110139,3583,STANWHAR,0,1730233563,1730233563,04:26:03 PM,04:26:03 PM,0
2110139,3583,STANPERR,0,1730233589,1730233589,04:26:29 PM,04:26:29 PM,0
2110139,3583,STANWORT,0,1730233629,1730233629,04:27:09 PM,04:27:09 PM,0
2110139,3583,YORKTHA1,0,1730233660,1730233660,04:27:40 PM,04:27:40 PM,0
2110139,3583,RIDOYOR2,0,1730233698,1730233698,04:28:18 PM,04:28:18 PM,0
2110139,3583,KINGTALB,0,1730233740,1730233740,04:29:00 PM,04:29:00 PM,0
2110139,3583,KINGRICH,0,1730233800,1730233800,04:30:00 PM,04:30:00 PM,0
2110139,3583,KINGRICH,0,1730233800,1730233800,04:30:00 PM,04:30:00 PM,0
2110139,3583,KINGWEL2,0,1730233931,1730233931,04:32:11 PM,04:32:11 PM,0
2110139,3583,WELLYOR2,,,,,,
2110139,3583,HORTWELL,,,,,,
2110139,3583,HORTCOL2,,,,,,
2110139,3583,HORTMAIT,0,1730234266,1730234266,04:37:46 PM,04:37:46 PM,0
2110139,3583,HAMIWIL1,0,1730234352,1730234352,04:39:12 PM,04:39:12 PM,0
2110139,3583,HAMIADE1,0,1730234400,1730234400,04:40:00 PM,04:40:00 PM,0
2110139,3583,HAMIMAME,0,1730234465,1730234465,04:41:05 PM,04:41:05 PM,0
2110139,3583,HAMIREC1,0,1730234526,1730234526,04:42:06 PM,04:42:06 PM,0
2110139,3583,HAMISAC1,0,1730234602,1730234602,04:43:22 PM,04:43:22 PM,0
2110139,3583,HAMIEGE1,0,1730234646,1730234646,04:44:06 PM,04:44:06 PM,0
2110139,3583,HAMITENN,0,1730234725,1730234725,04:45:25 PM,04:45:25 PM,0
2110139,3583,HAMISJU1,0,1730234768,1730234768,04:46:08 PM,04:46:08 PM,0
2110139,3583,HAMIPILA,0,1730234827,1730234827,04:47:07 PM,04:47:07 PM,0
2110139,3583,HAMIGIL1,0,1730234895,1730234895,04:48:15 PM,04:48:15 PM,0
2110139,3583,HAMIHIG1,0,1730234940,1730234940,04:49:00 PM,04:49:00 PM,0
2110139,3583,HALEHAM2,0,1730234966,1730234966,04:49:26 PM,04:49:26 PM,0
2110139,3583,HALEMAG2,0,1730235022,1730235022,04:50:22 PM,04:50:22 PM,0
2110139,3583,TWEEFAI2,0,1730235046,1730235046,04:50:46 PM,04:50:46 PM,0
2110139,3583,TWEEMAN2,0,1730235084,1730235084,04:51:24 PM,04:51:24 PM,0
2110139,3583,TWEEBER2,0,1730235104,1730235104,04:51:44 PM,04:51:44 PM,0
2110139,3583,MANITWE2,0,1730235150,1730235150,04:52:30 PM,04:52:30 PM,0
2110139,3583,MONTTWE2,0,1730235191,1730235191,04:53:11 PM,04:53:11 PM,0
2110139,3583,MONTELD2,0,1730235232,1730235232,04:53:52 PM,04:53:52 PM,0
2110139,3583,GOREVAL2,0,1730235247,1730235247,04:54:07 PM,04:54:07 PM,0
2110139,3583,GOREBRA2,0,1730235293,1730235293,04:54:53 PM,04:54:53 PM,0
2110139,3583,GOREFIR2,0,1730235330,1730235330,04:55:30 PM,04:55:30 PM,0
2110139,3583,CLARGORE,0,1730235405,1730235405,04:56:45 PM,04:56:45 PM,0
2110139,3583,CLARFIS1,0,1730235426,1730235426,04:57:06 PM,04:57:06 PM,0
2110139,3583,CLARCHA3,0,1730235493,1730235493,04:58:13 PM,04:58:13 PM,0
2110139,3583,CLARCHA1,0,1730235540,1730235540,04:59:00 PM,04:59:00 PM,0
2110139,3583,CLARTRA1,0,1730235591,1730235591,04:59:51 PM,04:59:51 PM,0
2110139,3583,CLARROY1,0,1730235653,1730235653,05:00:53 PM,05:00:53 PM,0
2110139,3583,CLARROY3,0,1730235685,1730235685,05:01:25 PM,05:01:25 PM,0
2110139,3583,CLARWAV1,0,1730235710,1730235710,05:01:50 PM,05:01:50 PM,0
2110139,3583,CLARCHU1,0,1730235749,1730235749,05:02:29 PM,05:02:29 PM,0
2110139,3583,ARGYMAL1,0,1730235840,1730235840,05:04:00 PM,05:04:00 PM,0
2107261,3585,HIGBOXF1,616,1730228700,1730229316,03:05:00 PM,03:15:16 PM,616
2107261,3585,FANCOLL6,811,1730228820,1730229631,03:07:00 PM,03:20:31 PM,811
2107278,3585,FANCOLL6,721,1730229000,1730229721,03:10:00 PM,03:22:01 PM,721
2107278,3585,HIGBOXF4,721,1730229180,1730229901,03:13:00 PM,03:25:01 PM,721
2107278,3585,HIGBDUN2,790,1730229300,1730230090,03:15:00 PM,03:28:10 PM,790
2107278,3585,HIGBBRY2,641,1730229480,1730230121,03:18:00 PM,03:28:41 PM,641
2107278,3585,HIGBHAM2,639,1730229660,1730230299,03:21:00 PM,03:31:39 PM,639
2107278,3585,BRADPOMI,509,1730230009,1730230518,03:26:49 PM,03:35:18 PM,509
2107278,3585,BRADMIL2,532,1730230080,1730230612,03:28:00 PM,03:36:52 PM,532
2107278,3585,BRADADE2,497,1730230125,1730230622,03:28:45 PM,03:37:02 PM,497
2107278,3585,BRADDEAR,836,1730230200,1730231036,03:30:00 PM,03:43:56 PM,836
2107278,3585,WHITOMA4,719,1730230380,1730231099,03:33:00 PM,03:44:59 PM,719
2106379,3586,WHITOMA1,66,1730229300,1730229366,03:15:00 PM,03:16:06 PM,66
2106379,3586,WELLSDA4,,,,,,
2106379,3586,WELLCOM1,-4,1730229745,1730229740,03:22:25 PM,03:22:20 PM,-5
2106379,3586,WELLBAS1,42,1730229780,1730229822,03:23:00 PM,03:23:42 PM,42
2106379,3586,GRANHIG2,-72,1730230076,1730230004,03:27:56 PM,03:26:44 PM,-72
2106379,3586,RICHHOT3,-160,1730230296,1730230136,03:31:36 PM,03:28:56 PM,-160
2106379,3586,RICHKIN1,-126,1730230375,1730230248,03:32:55 PM,03:30:48 PM,-127
2106379,3586,RICHQUEE,0,1730230440,1730230440,03:34:00 PM,03:34:00 PM,0
2106379,3586,RICHOXF1,0,1730230740,1730230740,03:39:00 PM,03:39:00 PM,0
2106379,3586,RICHGRO1,-16,1730230814,1730230798,03:40:14 PM,03:39:58 PM,-16
2106379,3586,RICHUNI1,-69,1730230982,1730230913,03:43:02 PM,03:41:53 PM,-69
2106379,3586,RICHWIN1,-146,1730231186,1730231040,03:46:26 PM,03:44:00 PM,-146
2106379,3586,MASOSTO4,-255,1730231400,1730231145,03:50:00 PM,03:45:45 PM,-255
2106288,3586,MASOSTO4,92,1730231400,1730231492,03:50:00 PM,03:51:32 PM,92
2106288,3586,RICHWIN2,21,1730231647,1730231668,03:54:07 PM,03:54:28 PM,21
2106288,3586,RICHUNI2,-36,1730231796,1730231760,03:56:36 PM,03:56:00 PM,-36
2106288,3586,RICHGRO2,-110,1730231980,1730231870,03:59:40 PM,03:57:50 PM,-110
2106288,3586,RICHOXF2,0,1730232060,1730232060,04:01:00 PM,04:01:00 PM,0
2106288,3586,RICHQUE2,12,1730232240,1730232252,04:04:00 PM,04:04:12 PM,12
2106288,3586,RICHKIN4,19,1730232274,1730232293,04:04:34 PM,04:04:53 PM,19
2106288,3586,RICHSIM2,53,1730232361,1730232414,04:06:01 PM,04:06:54 PM,53
2106288,3586,WELLGRA2,23,1730232568,1730232591,04:09:28 PM,04:09:51 PM,23
2106288,3586,WELLBAS2,0,1730232780,1730232780,04:13:00 PM,04:13:00 PM,0
2106288,3586,WELLCOM4,-21,1730232844,1730232823,04:14:04 PM,04:13:43 PM,-21
2106288,3586,WELLHARL,-91,1730233095,1730233004,04:18:15 PM,04:16:44 PM,-91
2106288,3586,WHITOMA1,11,1730233260,1730233271,04:21:00 PM,04:21:11 PM,11
2107222,3587,NATSCI,406,1730227800,1730228206,02:50:00 PM,02:56:46 PM,406
2107222,3587,DUNDADE1,44,1730229240,1730229284,03:14:00 PM,03:14:44 PM,44
2107222,3587,DUNDEGE1,,,,,,
2107222,3587,DUNDHIG1,228,1730229660,1730229888,03:21:00 PM,03:24:48 PM,228
2107222,3587,DUNDSASK,166,1730229839,1730230005,03:23:59 PM,03:26:45 PM,166
2107222,3587,ARGYMAL1,68,1730230080,1730230148,03:28:00 PM,03:29:08 PM,68
2107246,3587,ARGYMAL1,0,1730230380,1730230380,03:33:00 PM,03:33:00 PM,0
2107246,3587,DUNDBUR2,,,,,,
2107246,3587,DUNDHIG2,0,1730230860,1730230860,03:41:00 PM,03:41:00 PM,0
2107246,3587,DUNDEGE2,,,,,,
2107246,3587,DUNDADE2,0,1730231220,1730231220,03:47:00 PM,03:47:00 PM,0
2107246,3587,DUNDWEL2,0,1730231400,1730231400,03:50:00 PM,03:50:00 PM,0
2107246,3587,QUEERIC1,0,1730231460,1730231460,03:51:00 PM,03:51:00 PM,0
2107246,3587,RIVEWHA2,0,1730231698,1730231698,03:54:58 PM,03:54:58 PM,0
2107246,3587,WHAROXF1,0,1730231940,1730231940,03:59:00 PM,03:59:00 PM,0
2107246,3587,WESTESSE,0,1730232019,1730232019,04:00:19 PM,04:00:19 PM,0
2107246,3587,AZIZWEST,0,1730232299,1730232299,04:04:59 PM,04:04:59 PM,0
2107246,3587,HUROLAMB,0,1730232425,1730232425,04:07:05 PM,04:07:05 PM,0
2107246,3587,NATSCI,0,1730232600,1730232600,04:10:00 PM,04:10:00 PM,0
2104044,3589,FCBLFLE1,15,1730229101,1730229116,03:11:41 PM,03:11:56 PM,15
2104044,3589,FCBLCHE1,-6,1730229163,1730229157,03:12:43 PM,03:12:37 PM,-6
2104044,3589,SANDBEC1,-48,1730229254,1730229206,03:14:14 PM,03:13:26 PM,-48
2104044,3589,SANDHUR1,-47,1730229283,1730229236,03:14:43 PM,03:13:56 PM,-47
2104044,3589,HUROSAN2,-11,1730229332,1730229321,03:15:32 PM,03:15:21 PM,-11
2104044,3589,HUROWEB2,-5,1730229391,1730229386,03:16:31 PM,03:16:26 PM,-5
2104044,3589,HUROHIG2,0,1730229480,1730229480,03:18:00 PM,03:18:00 PM,0
2104044,3589,HIGBHIC1,-24,1730229527,1730229503,03:18:47 PM,03:18:23 PM,-24
2104044,3589,HIGBFUL1,-18,1730229559,1730229541,03:19:19 PM,03:19:01 PM,-18
2104044,3589,HIGHTOW1,-51,1730229641,1730229590,03:20:41 PM,03:19:50 PM,-51
2104044,3589,HIGBKIL1,-65,1730229692,1730229627,03:21:32 PM,03:20:27 PM,-65
2104044,3589,HIGH1550,-82,1730229742,1730229660,03:22:22 PM,03:21:00 PM,-82
2104044,3589,HIGBEDG1,-89,1730229788,1730229699,03:23:08 PM,03:21:39 PM,-89
2104044,3589,HIGHKIL2,-103,1730229849,1730229746,03:24:09 PM,03:22:26 PM,-103
2104044,3589,FANSHIG2,-120,1730229946,1730229826,03:25:46 PM,03:23:46 PM,-120
2104044,3589,FANSMCLE,-124,1730229995,1730229871,03:26:35 PM,03:24:31 PM,-124
2104044,3589,FANSSTAC,-152,1730230044,1730229892,03:27:24 PM,03:24:52 PM,-152
2104044,3589,FANSGLEN,-170,1730230082,1730229912,03:28:02 PM,03:25:12 PM,-170
2104044,3589,FANSTRO4,-212,1730230164,1730229952,03:29:24 PM,03:25:52 PM,-212
2104044,3589,FANSFREE,-237,1730230239,1730230002,03:30:39 PM,03:26:42 PM,-237
2104044,3589,FANSADE4,0,1730230320,1730230320,03:32:00 PM,03:32:00 PM,0
2104044,3589,FANSSTO2,-25,1730230362,1730230337,03:32:42 PM,03:32:17 PM,-25
2104044,3589,FANSPHIL,-46,1730230429,1730230383,03:33:49 PM,03:33:03 PM,-46
2104044,3589,FANSHAS2,-55,1730230474,1730230419,03:34:34 PM,03:33:39 PM,-55
2104044,3589,FANSJEN2,-56,1730230514,1730230458,03:35:14 PM,03:34:18 PM,-56
2104044,3589,FANSJEN4,-56,1730230544,1730230488,03:35:44 PM,03:34:48 PM,-56
2104044,3589,FANSNCR2,-54,1730230589,1730230535,03:36:29 PM,03:35:35 PM,-54
2104044,3589,MASOSTO2,-83,1730230680,1730230597,03:38:00 PM,03:36:37 PM,-83
2104097,3589,MASOSTO2,22,1730230800,1730230822,03:40:00 PM,03:40:22 PM,22
2104097,3589,FANSRIC1,-2,1730230864,1730230862,03:41:04 PM,03:41:02 PM,-2
2104097,3589,FANSNCR1,-2,1730230892,1730230890,03:41:32 PM,03:41:30 PM,-2
2104097,3589,FANSNCR3,14,1730230934,1730230948,03:42:14 PM,03:42:28 PM,14
2104097,3589,FANSHAS3,-6,1730230989,1730230984,03:43:09 PM,03:43:04 PM,-5
2104097,3589,FANSHAS1,-26,1730231035,1730231008,03:43:55 PM,03:43:28 PM,-27
2104097,3589,FANSSTO3,-56,1730231087,1730231032,03:44:47 PM,03:43:52 PM,-55
2104097,3589,FANSSTO1,-88,1730231144,1730231056,03:45:44 PM,03:44:16 PM,-88
2104097,3589,FANSADE1,0,1730231220,1730231220,03:47:00 PM,03:47:00 PM,0
2104097,3589,FANSFRE1,-32,1730231283,1730231251,03:48:03 PM,03:47:31 PM,-32
2104097,3589,FANSGLE1,-35,1730231322,1730231287,03:48:42 PM,03:48:07 PM,-35
2104097,3589,FANSTRO3,-52,1730231350,1730231298,03:49:10 PM,03:48:18 PM,-52
2104097,3589,FANSGLE3,-79,1730231425,1730231346,03:50:25 PM,03:49:06 PM,-79
2104097,3589,FANSMCL3,-90,1730231455,1730231365,03:50:55 PM,03:49:25 PM,-90
2104097,3589,FANSMCL1,-114,1730231507,1730231393,03:51:47 PM,03:49:53 PM,-114
2104097,3589,FANSHIGH,-136,1730231562,1730231426,03:52:42 PM,03:50:26 PM,-136
2104097,3589,HIGBKIAR,-166,1730231638,1730231472,03:53:58 PM,03:51:12 PM,-166
2104097,3589,HIGBEDVA,-166,1730231701,1730231535,03:55:01 PM,03:52:15 PM,-166
2104097,3589,HIGBREMB,-171,1730231743,1730231572,03:55:43 PM,03:52:52 PM,-171
2104097,3589,HIGBKIL2,-174,1730231768,1730231594,03:56:08 PM,03:53:14 PM,-174
2104097,3589,HIGBTOWN,-195,1730231820,1730231625,03:57:00 PM,03:53:45 PM,-195
2104097,3589,HIGBFUL2,-224,1730231899,1730231675,03:58:19 PM,03:54:35 PM,-224
2104097,3589,HIGBHIC2,-235,1730231941,1730231706,03:59:01 PM,03:55:06 PM,-235
2104097,3589,HUROHIG3,0,1730232000,1730232000,04:00:00 PM,04:00:00 PM,0
2104097,3589,HUROWEB1,-1,1730232066,1730232065,04:01:06 PM,04:01:05 PM,-1
2104097,3589,HUROSAN1,-14,1730232134,1730232120,04:02:14 PM,04:02:00 PM,-14
2104097,3589,SANDBEC2,-25,1730232185,1730232160,04:03:05 PM,04:02:40 PM,-25
2104097,3589,FCBLCHE2,-44,1730232275,1730232231,04:04:35 PM,04:03:51 PM,-44
2104097,3589,FCBLFLE2,-51,1730232330,1730232279,04:05:30 PM,04:04:39 PM,-51
2104097,3589,FANCOLL4,-79,1730232420,1730232341,04:07:00 PM,04:05:41 PM,-79
2098054,3591,ARGYMAL1,46,1730229300,1730229346,03:15:00 PM,03:15:46 PM,46
2098054,3591,CLARCHU2,13,1730229354,1730229367,03:15:54 PM,03:16:07 PM,13
2098054,3591,WAVECLA2,16,1730229391,1730229407,03:16:31 PM,03:16:47 PM,16
2098054,3591,WAVEMER2,8,1730229429,1730229437,03:17:09 PM,03:17:17 PM,8
2098054,3591,WAVEEDM2,-1,1730229475,1730229474,03:17:55 PM,03:17:54 PM,-1
2098054,3591,WAVEWIN2,-2,1730229506,1730229504,03:18:26 PM,03:18:24 PM,-2
2098054,3591,WAVESASK,-2,1730229545,1730229543,03:19:05 PM,03:19:03 PM,-2
2098054,3591,WAVEKIW2,9,1730229580,1730229589,03:19:40 PM,03:19:49 PM,9
2098054,3591,BRYDGRAY,-9,1730229615,1730229606,03:20:15 PM,03:20:06 PM,-9
2098054,3591,BRYDHAL2,-10,1730229653,1730229643,03:20:53 PM,03:20:43 PM,-10
2098054,3591,BRYDHIG2,46,1730229720,1730229766,03:22:00 PM,03:22:46 PM,46
2098054,3591,HIGBWIL1,34,1730229753,1730229787,03:22:33 PM,03:23:07 PM,34
2098054,3591,HIGBBEA1,35,1730229792,1730229827,03:23:12 PM,03:23:47 PM,35
2098054,3591,FLORHIG2,49,1730229821,1730229870,03:23:41 PM,03:24:30 PM,49
2098054,3591,FLORASH2,51,1730229874,1730229925,03:24:34 PM,03:25:25 PM,51
2098054,3591,FLORELE2,35,1730229911,1730229946,03:25:11 PM,03:25:46 PM,35
2098054,3591,FLORKEL2,19,1730229948,1730229967,03:25:48 PM,03:26:07 PM,19
2098054,3591,FLOREGE2,9,1730229976,1730229985,03:26:16 PM,03:26:25 PM,9
2098054,3591,FLORFAI2,0,1730230016,1730230016,03:26:56 PM,03:26:56 PM,0
2098054,3591,YORKREC2,4,1730230080,1730230084,03:28:00 PM,03:28:04 PM,4
2098054,3591,YORKLYL2,-51,1730230177,1730230126,03:29:37 PM,03:28:46 PM,-51
2098054,3591,YORKADE2,-72,1730230224,1730230152,03:30:24 PM,03:29:12 PM,-72
2098054,3591,YORKWIL2,-103,1730230285,1730230182,03:31:25 PM,03:29:42 PM,-103
2098054,3591,YORKMAI2,-146,1730230350,1730230204,03:32:30 PM,03:30:04 PM,-146
2098054,3591,YORKCOL2,-190,1730230433,1730230243,03:33:53 PM,03:30:43 PM,-190
2098054,3591,YORKWAT2,-209,1730230476,1730230267,03:34:36 PM,03:31:07 PM,-209
2098054,3591,WELLYOR1,,,,,,
2098054,3591,WELLDUN3,,,,,,
2098054,3591,QUEECLAR,-4,1730230737,1730230733,03:38:57 PM,03:38:53 PM,-4
2098054,3591,QUEERIC1,-4,1730230800,1730230796,03:40:00 PM,03:39:56 PM,-4
2098054,3591,QUEERIC1,56,1730230800,1730230856,03:40:00 PM,03:40:56 PM,56
2098054,3591,RIDOYORK,121,1730230925,1730231046,03:42:05 PM,03:44:06 PM,121
2098054,3591,YORKTHA2,113,1730230964,1730231077,03:42:44 PM,03:44:37 PM,113
2098054,3591,WHARHORT,91,1730231102,1730231193,03:45:02 PM,03:46:33 PM,91
2098054,3591,WHARBYR2,92,1730231134,1730231226,03:45:34 PM,03:47:06 PM,92
2098054,3591,WHARELM2,70,1730231199,1730231269,03:46:39 PM,03:47:49 PM,70
2098054,3591,WHARTEC2,45,1730231255,1730231300,03:47:35 PM,03:48:20 PM,45
2098054,3591,LANGHOLB,45,1730231307,1730231352,03:48:27 PM,03:49:12 PM,45
2098054,3591,MACKEMER,48,1730231344,1730231392,03:49:04 PM,03:49:52 PM,48
2098054,3591,EMERWIN2,28,1730231390,1730231418,03:49:50 PM,03:50:18 PM,28
2098054,3591,EMERHIW2,15,1730231420,1730231435,03:50:20 PM,03:50:35 PM,15
2098054,3591,EMERPHY2,15,1730231460,1730231475,03:51:00 PM,03:51:15 PM,15
2098054,3591,EMERRIDG,1,1730231501,1730231502,03:51:41 PM,03:51:42 PM,1
2098054,3591,SOUTBAS1,1,1730231554,1730231555,03:52:34 PM,03:52:35 PM,1
2098054,3591,SOUTGAR1,4,1730231610,1730231614,03:53:30 PM,03:53:34 PM,4
2098054,3591,BERKGAR2,8,1730231637,1730231645,03:53:57 PM,03:54:05 PM,8
2098054,3591,BERKROB2,5,1730231667,1730231672,03:54:27 PM,03:54:32 PM,5
2098054,3591,BERKTOP2,2,1730231696,1730231698,03:54:56 PM,03:54:58 PM,2
2098054,3591,COMMTOP1,-3,1730231780,1730231777,03:56:20 PM,03:56:17 PM,-3
2098054,3591,COMMFOE1,-11,1730231827,1730231816,03:57:07 PM,03:56:56 PM,-11
2098054,3591,WONDCOM2,35,1730231870,1730231905,03:57:50 PM,03:58:25 PM,35
2098054,3591,WONDVIL2,30,1730231908,1730231938,03:58:28 PM,03:58:58 PM,30
2098054,3591,WONDVIS4,12,1730231969,1730231981,03:59:29 PM,03:59:41 PM,12
2098054,3591,WESTMAL5,-49,1730232060,1730232011,04:01:00 PM,04:00:11 PM,-49
2098014,3591,WESTMAL5,42,1730232660,1730232702,04:11:00 PM,04:11:42 PM,42
2098014,3591,WONDVIS3,50,1730232719,1730232768,04:11:59 PM,04:12:48 PM,49
2098014,3591,WONDVIL1,38,1730232755,1730232794,04:12:35 PM,04:13:14 PM,39
2098014,3591,WONDCOM1,38,1730232811,1730232850,04:13:31 PM,04:14:10 PM,39
2098014,3591,COMMFOE2,12,1730232863,1730232876,04:14:23 PM,04:14:36 PM,13
2098014,3591,TOPPCOM1,0,1730232952,1730232952,04:15:52 PM,04:15:52 PM,0
2098014,3591,BERKTOP1,-26,1730233033,1730233006,04:17:13 PM,04:16:46 PM,-27
2098014,3591,BERKROB1,-34,1730233061,1730233028,04:17:41 PM,04:17:08 PM,-33
2098014,3591,GARDBER1,-48,1730233120,1730233072,04:18:40 PM,04:17:52 PM,-48
2098014,3591,SOUTGAR2,-52,1730233146,1730233094,04:19:06 PM,04:18:14 PM,-52
2098014,3591,SOUTBAS2,-76,1730233216,1730233140,04:20:16 PM,04:19:00 PM,-76
2098014,3591,SOUTBEA1,-92,1730233267,1730233174,04:21:07 PM,04:19:34 PM,-93
2098014,3591,EMERPHY1,0,1730233320,1730233320,04:22:00 PM,04:22:00 PM,0
2098014,3591,EMERHIW1,0,1730233371,1730233371,04:22:51 PM,04:22:51 PM,0
2098014,3591,EMERWIN1,0,1730233426,1730233426,04:23:46 PM,04:23:46 PM,0
2098014,3591,EMERPADD,0,1730233481,1730233481,04:24:41 PM,04:24:41 PM,0
2098014,3591,WHAREME1,0,1730233526,1730233526,04:25:26 PM,04:25:26 PM,0
2098014,3591,WHARTEC1,0,1730233594,1730233594,04:26:34 PM,04:26:34 PM,0
2098014,3591,WHARELM1,0,1730233654,1730233654,04:27:34 PM,04:27:34 PM,0
2098014,3591,WHARBYR1,0,1730233735,1730233735,04:28:55 PM,04:28:55 PM,0
2098014,3591,WHAREUCL,0,1730233765,1730233765,04:29:25 PM,04:29:25 PM,0
2098014,3591,STANWHAR,0,1730233834,1730233834,04:30:34 PM,04:30:34 PM,0
2098014,3591,STANPERR,0,1730233863,1730233863,04:31:03 PM,04:31:03 PM,0
2098014,3591,STANWORT,0,1730233909,1730233909,04:31:49 PM,04:31:49 PM,0
2098014,3591,YORKTHA1,0,1730233944,1730233944,04:32:24 PM,04:32:24 PM,0
2098014,3591,RIDOYOR2,0,1730233987,1730233987,04:33:07 PM,04:33:07 PM,0
2098014,3591,KINGTALB,0,1730234034,1730234034,04:33:54 PM,04:33:54 PM,0
2098014,3591,KINGRICH,0,1730234100,1730234100,04:35:00 PM,04:35:00 PM,0
2098014,3591,KINGRICH,0,1730234100,1730234100,04:35:00 PM,04:35:00 PM,0
2098014,3591,KINGWEL2,0,1730234182,1730234182,04:36:22 PM,04:36:22 PM,0
2098014,3591,WATEKINS,0,1730234254,1730234254,04:37:34 PM,04:37:34 PM,0
2098014,3591,YORKWAT1,0,1730234305,1730234305,04:38:25 PM,04:38:25 PM,0
2098014,3591,YORKCOL1,0,1730234353,1730234353,04:39:13 PM,04:39:13 PM,0
2098014,3591,YORKMAI1,0,1730234406,1730234406,04:40:06 PM,04:40:06 PM,0
2098014,3591,YORKWIL1,0,1730234458,1730234458,04:40:58 PM,04:40:58 PM,0
2098014,3591,YORKADE1,0,1730234538,1730234538,04:42:18 PM,04:42:18 PM,0
2098014,3591,YORKLYL1,0,1730234599,1730234599,04:43:19 PM,04:43:19 PM,0
2098014,3591,YORKREC1,0,1730234700,1730234700,04:45:00 PM,04:45:00 PM,0
2098014,3591,FLORFAI1,0,1730234761,1730234761,04:46:01 PM,04:46:01 PM,0
2098014,3591,FLOREGE1,0,1730234804,1730234804,04:46:44 PM,04:46:44 PM,0
2098014,3591,FLORKEL1,0,1730234840,1730234840,04:47:20 PM,04:47:20 PM,0
2098014,3591,FLORELE1,0,1730234884,1730234884,04:48:04 PM,04:48:04 PM,0
2098014,3591,FLORASH1,0,1730234921,1730234921,04:48:41 PM,04:48:41 PM,0
2098014,3591,HIGBBEA2,0,1730235021,1730235021,04:50:21 PM,04:50:21 PM,0
2098014,3591,HIGBWIL2,0,1730235073,1730235073,04:51:13 PM,04:51:13 PM,0
2098014,3591,BRYDHIG3,0,1730235120,1730235120,04:52:00 PM,04:52:00 PM,0
2098014,3591,BRYDHAL1,0,1730235173,1730235173,04:52:53 PM,04:52:53 PM,0
2098014,3591,BRYDCORN,0,1730235210,1730235210,04:53:30 PM,04:53:30 PM,0
2098014,3591,WAVEKIW1,0,1730235252,1730235252,04:54:12 PM,04:54:12 PM,0
2098014,3591,WAVEVANC,0,1730235308,1730235308,04:55:08 PM,04:55:08 PM,0
2098014,3591,WAVEEDM1,0,1730235362,1730235362,04:56:02 PM,04:56:02 PM,0
2098014,3591,WAVEMER1,0,1730235423,1730235423,04:57:03 PM,04:57:03 PM,0
2098014,3591,CLARWAV1,0,1730235470,1730235470,04:57:50 PM,04:57:50 PM,0
2098014,3591,CLARCHU1,0,1730235502,1730235502,04:58:22 PM,04:58:22 PM,0
2098014,3591,ARGYMAL2,0,1730235540,1730235540,04:59:00 PM,04:59:00 PM,0
2098014,3591,DUNDEAS3,0,1730235653,1730235653,05:00:53 PM,05:00:53 PM,0
2098014,3591,WAVEDUN6,0,1730235723,1730235723,05:02:03 PM,05:02:03 PM,0
2098014,3591,WAVEDUN2,0,1730235759,1730235759,05:02:39 PM,05:02:39 PM,0
2098014,3591,WAVEDUN4,0,1730235802,1730235802,05:03:22 PM,05:03:22 PM,0
2098014,3591,WAVECAS2,0,1730235876,1730235876,05:04:36 PM,05:04:36 PM,0
2098014,3591,CLARWAV1,0,1730235938,1730235938,05:05:38 PM,05:05:38 PM,0
2098014,3591,CLARCHU1,0,1730235981,1730235981,05:06:21 PM,05:06:21 PM,0
2098014,3591,ARGYMAL1,0,1730236080,1730236080,05:08:00 PM,05:08:00 PM,0
2104896,3592,ALUMHAL2,56,1730229240,1730229296,03:14:00 PM,03:14:56 PM,56
2104896,3592,SARNWES2,36,1730229369,1730229405,03:16:09 PM,03:16:45 PM,36
2104896,3592,SARNBRES,-14,1730229456,1730229442,03:17:36 PM,03:17:22 PM,-14
2104896,3592,SARNSLEI,-58,1730229542,1730229484,03:19:02 PM,03:18:04 PM,-58
2104896,3592,SARNLEYT,-105,1730229642,1730229537,03:20:42 PM,03:18:57 PM,-105
2104896,3592,SARNTHIS,0,1730229780,1730229780,03:23:00 PM,03:23:00 PM,0
2104896,3592,SARNALD2,-17,1730229828,1730229811,03:23:48 PM,03:23:31 PM,-17
2104896,3592,ALDESOCT,-22,1730229879,1730229857,03:24:39 PM,03:24:17 PM,-22
2104896,3592,ALDEBRAN,-27,1730229930,1730229903,03:25:30 PM,03:25:03 PM,-27
2104896,3592,ALDELAW1,-22,1730229952,1730229930,03:25:52 PM,03:25:30 PM,-22
2104896,3592,ALDESPR1,-46,1730230004,1730229958,03:26:44 PM,03:25:58 PM,-46
2104896,3592,ALDEBRU1,-44,1730230048,1730230004,03:27:28 PM,03:26:44 PM,-44
2104896,3592,ALDEARD1,-54,1730230090,1730230036,03:28:10 PM,03:27:16 PM,-54
2104896,3592,ALDEGAI1,-61,1730230120,1730230059,03:28:40 PM,03:27:39 PM,-61
2104896,3592,ALDERAN1,-65,1730230156,1730230091,03:29:16 PM,03:28:11 PM,-65
2104896,3592,ALDEHAW1,-70,1730230194,1730230124,03:29:54 PM,03:28:44 PM,-70
2104896,3592,ALDEREX1,-81,1730230238,1730230157,03:30:38 PM,03:29:17 PM,-81
2104896,3592,ALDEBLA3,-100,1730230297,1730230197,03:31:37 PM,03:29:57 PM,-100
2104896,3592,FANSALD2,-91,1730230363,1730230272,03:32:43 PM,03:31:12 PM,-91
2104896,3592,FANSDAL4,-117,1730230415,1730230298,03:33:35 PM,03:31:38 PM,-117
2104896,3592,FANSDALM,-126,1730230488,1730230362,03:34:48 PM,03:32:42 PM,-126
2104896,3592,STANFANS,-101,1730230536,1730230435,03:35:36 PM,03:33:55 PM,-101
2104896,3592,SEAGHYPK,-144,1730230620,1730230476,03:37:00 PM,03:34:36 PM,-144
2104932,3592,SEAGHYPK,0,1730231220,1730231220,03:47:00 PM,03:47:00 PM,0
2104932,3592,FANSDAL2,0,1730231324,1730231324,03:48:44 PM,03:48:44 PM,0
2104932,3592,FANSDAL3,48,1730231374,1730231422,03:49:34 PM,03:50:22 PM,48
2104932,3592,ALDEALD2,48,1730231453,1730231501,03:50:53 PM,03:51:41 PM,48
2104932,3592,ALDEBLA2,41,1730231498,1730231539,03:51:38 PM,03:52:19 PM,41
2104932,3592,ALDEREX2,33,1730231538,1730231571,03:52:18 PM,03:52:51 PM,33
2104932,3592,ALDEHAW2,35,1730231578,1730231613,03:52:58 PM,03:53:33 PM,35
2104932,3592,ALDEGAI2,56,1730231627,1730231683,03:53:47 PM,03:54:43 PM,56
2104932,3592,ALDEARD2,59,1730231662,1730231721,03:54:22 PM,03:55:21 PM,59
2104932,3592,ALDEBRU2,75,1730231700,1730231775,03:55:00 PM,03:56:15 PM,75
2104932,3592,ALDESPR2,48,1730231762,1730231810,03:56:02 PM,03:56:50 PM,48
2104932,3592,ALDELAW2,11,1730231830,1730231841,03:57:10 PM,03:57:21 PM,11
2104932,3592,ALDEBARR,-2,1730231863,1730231861,03:57:43 PM,03:57:41 PM,-2
2104932,3592,ALDEAURO,-21,1730231929,1730231908,03:58:49 PM,03:58:28 PM,-21
2104932,3592,SARNALD1,-54,1730231995,1730231941,03:59:55 PM,03:59:01 PM,-54
2104932,3592,SARNWON1,-87,1730232061,1730231974,04:01:01 PM,03:59:34 PM,-87
2104932,3592,SARNCAS1,0,1730232120,1730232120,04:02:00 PM,04:02:00 PM,0
2104932,3592,SARNRIPP,-22,1730232183,1730232161,04:03:03 PM,04:02:41 PM,-22
2104932,3592,SARNCAS3,-45,1730232255,1730232210,04:04:15 PM,04:03:30 PM,-45
2104932,3592,SARNCOOM,-62,1730232318,1730232256,04:05:18 PM,04:04:16 PM,-62
2104932,3592,SARNWES1,0,1730232360,1730232360,04:06:00 PM,04:06:00 PM,0
2104932,3592,WESTPHA3,-34,1730232468,1730232434,04:07:48 PM,04:07:14 PM,-34
2104932,3592,ALUMHAL2,-248,1730232720,1730232472,04:12:00 PM,04:07:52 PM,-248
2102347,3593,FANCOLL5,387,1730228880,1730229267,03:08:00 PM,03:14:27 PM,387
2102347,3593,OXFOROE2,368,1730228924,1730229292,03:08:44 PM,03:14:52 PM,368
2102347,3593,OXFOHIG4,,,,,,
2102347,3593,OXFOHIG2,,,,,,
2102347,3593,OXFOWIST,,,,,,
2102347,3593,OXFOOAKS,518,1730229068,1730229586,03:11:08 PM,03:19:46 PM,518
2102347,3593,OXFOCLE2,509,1730229118,1730229627,03:11:58 PM,03:20:27 PM,509
2102347,3593,OXFOLYMA,486,1730229167,1730229653,03:12:47 PM,03:20:53 PM,486
2102347,3593,OXFOSTUA,471,1730229201,1730229672,03:13:21 PM,03:21:12 PM,471
2102347,3593,OXFOQUE2,452,1730229247,1730229699,03:14:07 PM,03:21:39 PM,452
2102347,3593,OXFOSTE2,446,1730229281,1730229727,03:14:41 PM,03:22:07 PM,446
2102347,3593,OXFOGAM2,445,1730229307,1730229752,03:15:07 PM,03:22:32 PM,445
2102347,3593,OXFOELL2,423,1730229369,1730229792,03:16:09 PM,03:23:12 PM,423
2102347,3593,OXFOELI2,400,1730229415,1730229815,03:16:55 PM,03:23:35 PM,400
2102347,3593,OXFOADE2,452,1730229480,1730229932,03:18:00 PM,03:25:32 PM,452
2102347,3593,OXFOWIL2,430,1730229526,1730229956,03:18:46 PM,03:25:56 PM,430
2102347,3593,OXFOMAI2,397,1730229578,1730229975,03:19:38 PM,03:26:15 PM,397
2102347,3593,OXFOCOL2,377,1730229620,1730229997,03:20:20 PM,03:26:37 PM,377
2102347,3593,OXFOWAT2,358,1730229667,1730230025,03:21:07 PM,03:27:05 PM,358
2102347,3593,OXFOWEL2,334,1730229723,1730230057,03:22:03 PM,03:27:37 PM,334
2102347,3593,OXFORIC2,339,1730229780,1730230119,03:23:00 PM,03:28:39 PM,339
2102347,3593,OXFOGEO2,325,1730229828,1730230153,03:23:48 PM,03:29:13 PM,325
2102347,3593,OXFOTAL2,301,1730229870,1730230171,03:24:30 PM,03:29:31 PM,301
2102347,3593,OXFOGRAC,239,1730229984,1730230223,03:26:24 PM,03:30:23 PM,239
2102347,3593,OXFOWHA2,229,1730230022,1730230251,03:27:02 PM,03:30:51 PM,229
2102347,3593,OXFOFERN,230,1730230044,1730230274,03:27:24 PM,03:31:14 PM,230
2102347,3593,OXFORAT2,196,1730230105,1730230301,03:28:25 PM,03:31:41 PM,196
2102347,3593,OXFOPLAT,190,1730230200,1730230390,03:30:00 PM,03:33:10 PM,190
2102347,3593,OXFOCHE2,180,1730230248,1730230428,03:30:48 PM,03:33:48 PM,180
2102347,3593,OXFOBEA4,135,1730230328,1730230463,03:32:08 PM,03:34:23 PM,135
2102347,3593,OXFOBEA2,,,,,,
2102347,3593,OXFOPRO2,101,1730230423,1730230524,03:33:43 PM,03:35:24 PM,101
2102347,3593,OXFOWON2,153,1730230500,1730230653,03:35:00 PM,03:37:33 PM,153
2102347,3593,OXFOCAP2,130,1730230536,1730230666,03:35:36 PM,03:37:46 PM,130
2102347,3593,OXFOLAR2,96,1730230598,1730230694,03:36:38 PM,03:38:14 PM,96
2102347,3593,OXFOGUI2,63,1730230661,1730230724,03:37:41 PM,03:38:44 PM,63
2102347,3593,OXFOFRE2,31,1730230719,1730230750,03:38:39 PM,03:39:10 PM,31
2102347,3593,OXFOGUI3,7,1730230766,1730230773,03:39:26 PM,03:39:33 PM,7
2102347,3593,OXFOFID2,2,1730230802,1730230804,03:40:02 PM,03:40:04 PM,2
2102347,3593,OXFOHYD2,63,1730230860,1730230923,03:41:00 PM,03:42:03 PM,63
2102347,3593,OXFOROY2,50,1730230886,1730230936,03:41:26 PM,03:42:16 PM,50
2102347,3593,OXFOROY4,28,1730230924,1730230952,03:42:04 PM,03:42:32 PM,28
2102347,3593,OXFOOLH2,1,1730230972,1730230973,03:42:52 PM,03:42:53 PM,1
2102347,3593,SANISUT2,-22,1730231059,1730231037,03:44:19 PM,03:43:57 PM,-22
2102347,3593,SANIPLY2,-40,1730231104,1730231064,03:45:04 PM,03:44:24 PM,-40
2102347,3593,SANIRIV2,-49,1730231123,1730231074,03:45:23 PM,03:44:34 PM,-49
2102347,3593,HALLCOMM,-105,1730231220,1730231115,03:47:00 PM,03:45:15 PM,-105
2102347,3593,HALLCOMM,156,1730231640,1730231796,03:54:00 PM,03:56:36 PM,156
2102347,3593,COMMSTEP,130,1730231693,1730231822,03:54:53 PM,03:57:02 PM,129
2102347,3593,GRIFCOMM,120,1730231731,1730231850,03:55:31 PM,03:57:30 PM,119
2102347,3593,GRIFHEMO,112,1730231768,1730231880,03:56:08 PM,03:58:00 PM,112
2102347,3593,GRIFNORM,96,1730231816,1730231912,03:56:56 PM,03:58:32 PM,96
2102347,3593,BYBAGRIF,58,1730231880,1730231938,03:58:00 PM,03:58:58 PM,58
2102289,3593,BYBAGRIF,118,1730231880,1730231998,03:58:00 PM,03:59:58 PM,118
2102289,3593,BYBABELV,118,1730231924,1730232042,03:58:44 PM,04:00:42 PM,118
2102289,3593,BYBABYRO,118,1730231996,1730232114,03:59:56 PM,04:01:54 PM,118
2102289,3593,BOLEBASE,144,1730232037,1730232180,04:00:37 PM,04:03:00 PM,143
2102289,3593,BOLEGLEN,112,1730232105,1730232216,04:01:45 PM,04:03:36 PM,111
2102289,3593,BOLECOM1,88,1730232140,1730232228,04:02:20 PM,04:03:48 PM,88
2102289,3593,BOLECOM3,48,1730232180,1730232228,04:03:00 PM,04:03:48 PM,48
2102289,3593,BOLECOM3,108,1730232180,1730232288,04:03:00 PM,04:04:48 PM,108
2102289,3593,SANIRIV1,68,1730232271,1730232340,04:04:31 PM,04:05:40 PM,69
2102289,3593,SANIPLY1,64,1730232284,1730232348,04:04:44 PM,04:05:48 PM,64
2102289,3593,SANISUT1,48,1730232327,1730232376,04:05:27 PM,04:06:16 PM,49
2102289,3593,OXFOSAN1,44,1730232385,1730232428,04:06:25 PM,04:07:08 PM,43
2102289,3593,OXFOOLH1,30,1730232412,1730232442,04:06:52 PM,04:07:22 PM,30
2102289,3593,OXFOROY3,-2,1730232462,1730232460,04:07:42 PM,04:07:40 PM,-2
2102289,3593,OXFOROY1,-16,1730232500,1730232484,04:08:20 PM,04:08:04 PM,-16
2102289,3593,OXFOHYD1,34,1730232540,1730232574,04:09:00 PM,04:09:34 PM,34
2102289,3593,OXFOFID1,32,1730232575,1730232606,04:09:35 PM,04:10:06 PM,31
2102289,3593,OXFOGUI1,26,1730232632,1730232658,04:10:32 PM,04:10:58 PM,26
2102289,3593,OXFOFRE1,2,1730232677,1730232680,04:11:17 PM,04:11:20 PM,3
2102289,3593,OXFOJUNI,-28,1730232735,1730232706,04:12:15 PM,04:11:46 PM,-29
2102289,3593,OXFOLAR1,-66,1730232820,1730232754,04:13:40 PM,04:12:34 PM,-66
2102289,3593,OXFOCAP1,-96,1730232885,1730232790,04:14:45 PM,04:13:10 PM,-95
2102289,3593,OXFOWON1,0,1730232960,1730232960,04:16:00 PM,04:16:00 PM,0
2102289,3593,OXFOPRO1,0,1730233007,1730233007,04:16:47 PM,04:16:47 PM,0
2102289,3593,OXFOBEA1,0,1730233082,1730233082,04:18:02 PM,04:18:02 PM,0
2102289,3593,OXFOCHE1,0,1730233125,1730233125,04:18:45 PM,04:18:45 PM,0
2102289,3593,OXFOCHE3,0,1730233142,1730233142,04:19:02 PM,04:19:02 PM,0
2102289,3593,OXFOBRI1,0,1730233200,1730233200,04:20:00 PM,04:20:00 PM,0
2102289,3593,OXFORAT1,0,1730233279,1730233279,04:21:19 PM,04:21:19 PM,0
2102289,3593,OXFOWHA1,0,1730233364,1730233364,04:22:44 PM,04:22:44 PM,0
2102289,3593,OXFOANDR,0,1730233396,1730233396,04:23:16 PM,04:23:16 PM,0
2102289,3593,OXFOTAL1,0,1730233500,1730233500,04:25:00 PM,04:25:00 PM,0
2102289,3593,OXFOGEO1,0,1730233556,1730233556,04:25:56 PM,04:25:56 PM,0
2102289,3593,OXFORIC1,0,1730233620,1730233620,04:27:00 PM,04:27:00 PM,0
2102289,3593,OXFOWEL1,0,1730233645,1730233645,04:27:25 PM,04:27:25 PM,0
2102289,3593,OXFOWAT1,0,1730233689,1730233689,04:28:09 PM,04:28:09 PM,0
2102289,3593,OXFOCOL1,0,1730233732,1730233732,04:28:52 PM,04:28:52 PM,0
2102289,3593,OXFOMAI1,0,1730233785,1730233785,04:29:45 PM,04:29:45 PM,0
2102289,3593,OXFOWIL1,0,1730233821,1730233821,04:30:21 PM,04:30:21 PM,0
2102289,3593,OXFOADE1,0,1730233860,1730233860,04:31:00 PM,04:31:00 PM,0
2102289,3593,OXFOELI1,0,1730233909,1730233909,04:31:49 PM,04:31:49 PM,0
2102289,3593,OXFOELL1,0,1730233952,1730233952,04:32:32 PM,04:32:32 PM,0
2102289,3593,OXFOGAM1,0,1730234006,1730234006,04:33:26 PM,04:33:26 PM,0
2102289,3593,OXFOSTE1,0,1730234047,1730234047,04:34:07 PM,04:34:07 PM,0
2102289,3593,OXFOQUE1,0,1730234071,1730234071,04:34:31 PM,04:34:31 PM,0
2102289,3593,OXFOSTRA,0,1730234110,1730234110,04:35:10 PM,04:35:10 PM,0
2102289,3593,OXFOSPIT,0,1730234157,1730234157,04:35:57 PM,04:35:57 PM,0
2102289,3593,OXFOCLE1,0,1730234200,1730234200,04:36:40 PM,04:36:40 PM,0
2102289,3593,OXFOEMPI,0,1730234246,1730234246,04:37:26 PM,04:37:26 PM,0
2102289,3593,OXFOMORN,,,,,,
2102289,3593,OXFOHIG1,,,,,,
2102289,3593,OXFOHIG3,,,,,,
2102289,3593,FANCOLL1,0,1730234460,1730234460,04:41:00 PM,04:41:00 PM,0
2102289,3593,OXFOSEC1,0,1730234529,1730234529,04:42:09 PM,04:42:09 PM,0
2102289,3593,OXFOTHI1,0,1730234593,1730234593,04:43:13 PM,04:43:13 PM,0
2102289,3593,THIROXF2,0,1730234637,1730234637,04:43:57 PM,04:43:57 PM,0
2102289,3593,THIROFO2,0,1730234669,1730234669,04:44:29 PM,04:44:29 PM,0
2102289,3593,THIRCUL2,0,1730234700,1730234700,04:45:00 PM,04:45:00 PM,0
2102289,3593,CULVTHR1,0,1730234723,1730234723,04:45:23 PM,04:45:23 PM,0
2102289,3593,CULVCUL1,0,1730234773,1730234773,04:46:13 PM,04:46:13 PM,0
2102289,3593,CULVCUL3,0,1730234806,1730234806,04:46:46 PM,04:46:46 PM,0
2102289,3593,CULVCUL5,0,1730234859,1730234859,04:47:39 PM,04:47:39 PM,0
2102289,3593,CULVCLA1,0,1730234914,1730234914,04:48:34 PM,04:48:34 PM,0
2102289,3593,CLARCULV,0,1730234966,1730234966,04:49:26 PM,04:49:26 PM,0
2102289,3593,CLARHERB,0,1730234995,1730234995,04:49:55 PM,04:49:55 PM,0
2102289,3593,CLARPKH2,0,1730235012,1730235012,04:50:12 PM,04:50:12 PM,0
2102289,3593,CLARAVA2,0,1730235060,1730235060,04:51:00 PM,04:51:00 PM,0
2102289,3593,CLARDUN2,0,1730235101,1730235101,04:51:41 PM,04:51:41 PM,0
2102289,3593,CLARWHI2,0,1730235149,1730235149,04:52:29 PM,04:52:29 PM,0
2102289,3593,ARGYMAL2,0,1730235240,1730235240,04:54:00 PM,04:54:00 PM,0
2104783,3594,WHARCAM1,270,1730228917,1730229187,03:08:37 PM,03:13:07 PM,270
2104783,3594,EXETWOND,270,1730229042,1730229312,03:10:42 PM,03:15:12 PM,270
2104783,3594,EXETMEA4,270,1730229123,1730229393,03:12:03 PM,03:16:33 PM,270
2104783,3594,EXETMEA5,270,1730229155,1730229425,03:12:35 PM,03:17:05 PM,270
2104783,3594,EXETBREC,270,1730229221,1730229491,03:13:41 PM,03:18:11 PM,270
2104783,3594,EXETBRE1,270,1730229246,1730229516,03:14:06 PM,03:18:36 PM,270
2104783,3594,WHITEXET,270,1730229272,1730229542,03:14:32 PM,03:19:02 PM,270
2104783,3594,WHITEXE1,270,1730229294,1730229564,03:14:54 PM,03:19:24 PM,270
2104783,3594,WHITDOWE,270,1730229312,1730229582,03:15:12 PM,03:19:42 PM,270
2104783,3594,WHITDOW1,270,1730229334,1730229604,03:15:34 PM,03:20:04 PM,270
2104783,3594,WHITBRAD,270,1730229360,1730229630,03:16:00 PM,03:20:30 PM,270
2104783,3594,BRADJAL1,270,1730229442,1730229712,03:17:22 PM,03:21:52 PM,270
2104783,3594,BRADJALN,270,1730229476,1730229746,03:17:56 PM,03:22:26 PM,270
2104783,3594,BRADERNE,270,1730229508,1730229778,03:18:28 PM,03:22:58 PM,270
2104783,3594,BRADWOPS,270,1730229559,1730229829,03:19:19 PM,03:23:49 PM,270
2104783,3594,BRADMEDI,270,1730229587,1730229857,03:19:47 PM,03:24:17 PM,270
2104783,3594,BRADWEL1,270,1730229646,1730229916,03:20:46 PM,03:25:16 PM,270
2104783,3594,WHITOMA2,270,1730229720,1730229990,03:22:00 PM,03:26:30 PM,270
2104769,3594,WHITOMA2,90,1730230080,1730230170,03:28:00 PM,03:29:30 PM,90
2104769,3594,BRADWEL2,,,,,,
2104769,3594,BRADJAL2,90,1730230202,1730230292,03:30:02 PM,03:31:32 PM,90
2104769,3594,BRADERN1,90,1730230278,1730230368,03:31:18 PM,03:32:48 PM,90
2104769,3594,BRADERN2,90,1730230313,1730230403,03:31:53 PM,03:33:23 PM,90
2104769,3594,BRADJAL3,90,1730230351,1730230441,03:32:31 PM,03:34:01 PM,90
2104769,3594,WHITBRA1,90,1730230440,1730230530,03:34:00 PM,03:35:30 PM,90
2104769,3594,WHITDOW2,90,1730230462,1730230552,03:34:22 PM,03:35:52 PM,90
2104769,3594,WHITEXE2,90,1730230488,1730230578,03:34:48 PM,03:36:18 PM,90
2104769,3594,WHITEXE3,90,1730230512,1730230602,03:35:12 PM,03:36:42 PM,90
2104769,3594,EXETWHIT,90,1730230538,1730230628,03:35:38 PM,03:37:08 PM,90
2104769,3594,EXETBRE2,90,1730230568,1730230658,03:36:08 PM,03:37:38 PM,90
2104769,3594,EXETMEA2,90,1730230633,1730230723,03:37:13 PM,03:38:43 PM,90
2104769,3594,EXETMEA3,90,1730230680,1730230770,03:38:00 PM,03:39:30 PM,90
2104769,3594,EXETWON1,90,1730230765,1730230855,03:39:25 PM,03:40:55 PM,90
2104769,3594,WHARSAVO,90,1730230839,1730230929,03:40:39 PM,03:42:09 PM,90
2104769,3594,WHARSAV1,90,1730230879,1730230969,03:41:19 PM,03:42:49 PM,90
2104769,3594,WHARCAMP,90,1730230920,1730231010,03:42:00 PM,03:43:30 PM,90
2104769,3594,CAMPMARI,90,1730230972,1730231062,03:42:52 PM,03:44:22 PM,90
2104769,3594,CAMPSUNR,90,1730230998,1730231088,03:43:18 PM,03:44:48 PM,90
2104769,3594,SUNRHOWA,90,1730231050,1730231140,03:44:10 PM,03:45:40 PM,90
2104769,3594,SUNRCOLT,90,1730231100,1730231190,03:45:00 PM,03:46:30 PM,90
2099938,3595,WHARCOM2,375,1730228618,1730228993,03:03:38 PM,03:09:53 PM,375
2099938,3595,COMMGRD2,354,1730228680,1730229034,03:04:40 PM,03:10:34 PM,354
2099938,3595,COMMHUXL,349,1730228732,1730229081,03:05:32 PM,03:11:21 PM,349
2099938,3595,VISCCOM2,337,1730228772,1730229109,03:06:12 PM,03:11:49 PM,337
2099938,3595,VISCTAV2,308,1730228824,1730229132,03:07:04 PM,03:12:12 PM,308
2099938,3595,VISCGAL2,278,1730228886,1730229164,03:08:06 PM,03:12:44 PM,278
2099938,3595,NOTRVISC,258,1730228940,1730229198,03:09:00 PM,03:13:18 PM,258
2099938,3595,BELMNODA,243,1730228993,1730229236,03:09:53 PM,03:13:56 PM,243
2099938,3595,BELMSLAW,230,1730229037,1730229267,03:10:37 PM,03:14:27 PM,230
2099938,3595,BELMHILL,226,1730229074,1730229300,03:11:14 PM,03:15:00 PM,226
2099938,3595,BELMWHAR,238,1730229111,1730229349,03:11:51 PM,03:15:49 PM,238
2099938,3595,WHARWDAL,213,1730229175,1730229388,03:12:55 PM,03:16:28 PM,213
2099938,3595,WHARSOUT,247,1730229240,1730229487,03:14:00 PM,03:18:07 PM,247
2099938,3595,WHARLEGE,247,1730229282,1730229529,03:14:42 PM,03:18:49 PM,247
2099938,3595,WHARCAST,237,1730229339,1730229576,03:15:39 PM,03:19:36 PM,237
2099938,3595,WHARMOR2,235,1730229386,1730229621,03:16:26 PM,03:20:21 PM,235
2099938,3595,WHARWON2,234,1730229410,1730229644,03:16:50 PM,03:20:44 PM,234
2099938,3595,WONDWHAR,229,1730229464,1730229693,03:17:44 PM,03:21:33 PM,229
2099938,3595,WONDWHA2,213,1730229480,1730229693,03:18:00 PM,03:21:33 PM,213
2099979,3595,WONDWHA2,33,1730230020,1730230053,03:27:00 PM,03:27:33 PM,33
2099979,3595,WONDBRA3,-31,1730230102,1730230071,03:28:22 PM,03:27:51 PM,-31
2099979,3595,WONDBRA2,-50,1730230148,1730230098,03:29:08 PM,03:28:18 PM,-50
2099979,3595,WONDPOWR,-76,1730230198,1730230122,03:29:58 PM,03:28:42 PM,-76
2099979,3595,SOUTWON1,-7,1730230238,1730230231,03:30:38 PM,03:30:31 PM,-7
2099979,3595,SOUTSING,-28,1730230277,1730230249,03:31:17 PM,03:30:49 PM,-28
2099979,3595,SOUTAND1,-40,1730230310,1730230270,03:31:50 PM,03:31:10 PM,-40
2099979,3595,SOUTSPRI,-54,1730230340,1730230286,03:32:20 PM,03:31:26 PM,-54
2099979,3595,NOTRSDAL,-57,1730230380,1730230323,03:33:00 PM,03:32:03 PM,-57
2099979,3595,NOTRNORT,-70,1730230409,1730230339,03:33:29 PM,03:32:19 PM,-70
2099979,3595,NOTRBELM,-75,1730230450,1730230375,03:34:10 PM,03:32:55 PM,-75
2099979,3595,NOTRVIS2,0,1730230500,1730230500,03:35:00 PM,03:35:00 PM,0
2099979,3595,VISCGAL3,-23,1730230538,1730230515,03:35:38 PM,03:35:15 PM,-23
2099979,3595,VISCGAL1,-42,1730230572,1730230530,03:36:12 PM,03:35:30 PM,-42
2099979,3595,VISCTAV1,-66,1730230616,1730230550,03:36:56 PM,03:35:50 PM,-66
2099979,3595,COMMVISC,-84,1730230679,1730230595,03:37:59 PM,03:36:35 PM,-84
2099979,3595,COMMGRD1,-105,1730230741,1730230636,03:39:01 PM,03:37:16 PM,-105
2099979,3595,WHARCOM1,-108,1730230819,1730230711,03:40:19 PM,03:38:31 PM,-108
2099979,3595,WHARBAS1,0,1730230860,1730230860,03:41:00 PM,03:41:00 PM,0
2099979,3595,WHARDEVO,-29,1730230909,1730230880,03:41:49 PM,03:41:20 PM,-29
2099979,3595,WHAREME1,-48,1730230943,1730230895,03:42:23 PM,03:41:35 PM,-48
2099979,3595,WHARTEC1,-77,1730231002,1730230925,03:43:22 PM,03:42:05 PM,-77
2099979,3595,WHARELM1,-103,1730231054,1730230951,03:44:14 PM,03:42:31 PM,-103
2099979,3595,WHARBYR1,-135,1730231124,1730230989,03:45:24 PM,03:43:09 PM,-135
2099979,3595,WHAREUCL,-137,1730231149,1730231012,03:45:49 PM,03:43:32 PM,-137
2099979,3595,WHARRIG1,-168,1730231229,1730231061,03:47:09 PM,03:44:21 PM,-168
2099979,3595,RIVEWHA1,-186,1730231309,1730231123,03:48:29 PM,03:45:23 PM,-186
2099979,3595,RIVEWIL1,-196,1730231339,1730231143,03:48:59 PM,03:45:43 PM,-196
2099979,3595,DUNDRIDO,-226,1730231419,1730231193,03:50:19 PM,03:46:33 PM,-226
2099979,3595,KINGTALB,-196,1730231464,1730231268,03:51:04 PM,03:47:48 PM,-196
2099979,3595,KINGRICH,0,1730231520,1730231520,03:52:00 PM,03:52:00 PM,0
2099979,3595,WELLDUN3,-123,1730231700,1730231577,03:55:00 PM,03:52:57 PM,-123
2099979,3595,WELLDUN3,33,1730231700,1730231733,03:55:00 PM,03:55:33 PM,33
2099979,3595,QUEECLAR,-47,1730231804,1730231757,03:56:44 PM,03:55:57 PM,-47
2099979,3595,QUEERIC2,-123,1730231880,1730231757,03:58:00 PM,03:55:57 PM,-123
2100456,3597,RICHJAM1,480,1730228380,1730228860,02:59:40 PM,03:07:40 PM,480
2100456,3597,RICHGRO1,449,1730228446,1730228895,03:00:46 PM,03:08:15 PM,449
2100456,3597,RICHCHE1,440,1730228485,1730228925,03:01:25 PM,03:08:45 PM,440
2100456,3597,RICHVIC1,418,1730228539,1730228957,03:02:19 PM,03:09:17 PM,418
2100456,3597,RICHREG1,390,1730228593,1730228983,03:03:13 PM,03:09:43 PM,390
2100456,3597,RICHHUR1,371,1730228637,1730229008,03:03:57 PM,03:10:08 PM,371
2100456,3597,UNIVRIC2,371,1730228707,1730229078,03:05:07 PM,03:11:18 PM,371
2100456,3597,UNIVSUN2,357,1730228769,1730229126,03:06:09 PM,03:12:06 PM,357
2100456,3597,DELAHALL,371,1730228880,1730229251,03:08:00 PM,03:14:11 PM,371
2100456,3597,UNIVHOS1,359,1730229003,1730229362,03:10:03 PM,03:16:02 PM,359
2100456,3597,PERTWIN1,356,1730229031,1730229387,03:10:31 PM,03:16:27 PM,356
2100456,3597,RICHWIN1,372,1730229104,1730229476,03:11:44 PM,03:17:56 PM,372
2100456,3597,RICHWEC1,351,1730229145,1730229496,03:12:25 PM,03:18:16 PM,351
2100456,3597,RICHCANT,339,1730229183,1730229522,03:13:03 PM,03:18:42 PM,339
2100456,3597,RICHSUNN,350,1730229249,1730229599,03:14:09 PM,03:19:59 PM,350
2100456,3597,MASOSTO5,269,1730229360,1730229629,03:16:00 PM,03:20:29 PM,269
2100390,3597,MASOSTO5,59,1730229780,1730229839,03:23:00 PM,03:23:59 PM,59
2100390,3597,RICHJACK,22,1730229838,1730229860,03:23:58 PM,03:24:20 PM,22
2100390,3597,RICHSHAV,17,1730229876,1730229893,03:24:36 PM,03:24:53 PM,17
2100390,3597,RICHWES2,6,1730229920,1730229926,03:25:20 PM,03:25:26 PM,6
2100390,3597,RICHWES4,-3,1730229942,1730229939,03:25:42 PM,03:25:39 PM,-3
2100390,3597,RICHWYND,-20,1730229975,1730229955,03:26:15 PM,03:25:55 PM,-20
2100390,3597,WINDRIC2,-50,1730230045,1730229995,03:27:25 PM,03:26:35 PM,-50
2100390,3597,PERTWIN2,-56,1730230088,1730230032,03:28:08 PM,03:27:12 PM,-56
2100390,3597,UNIVHOS2,0,1730230140,1730230140,03:29:00 PM,03:29:00 PM,0
2100390,3597,DELAHAL2,-24,1730230268,1730230244,03:31:08 PM,03:30:44 PM,-24
2100390,3597,UNIVSUN1,-30,1730230356,1730230326,03:32:36 PM,03:32:06 PM,-30
2100390,3597,UNIVRIC1,-51,1730230431,1730230380,03:33:51 PM,03:33:00 PM,-51
2100390,3597,RICHHUR2,-70,1730230491,1730230421,03:34:51 PM,03:33:41 PM,-70
2100390,3597,RICHVIC2,-116,1730230575,1730230459,03:36:15 PM,03:34:19 PM,-116
2100390,3597,RICHCHE2,-145,1730230626,1730230481,03:37:06 PM,03:34:41 PM,-145
2100390,3597,RICHGRO2,-164,1730230687,1730230523,03:38:07 PM,03:35:23 PM,-164
2100390,3597,RICHJAM2,-172,1730230727,1730230555,03:38:47 PM,03:35:55 PM,-172
2100390,3597,RICHOXF2,0,1730230800,1730230800,03:40:00 PM,03:40:00 PM,0
2100390,3597,RICHMILL,-8,1730230846,1730230838,03:40:46 PM,03:40:38 PM,-8
2100390,3597,RICHCENT,-12,1730230911,1730230899,03:41:51 PM,03:41:39 PM,-12
2100390,3597,RICHKEN2,-21,1730230955,1730230934,03:42:35 PM,03:42:14 PM,-21
2100390,3597,RICHDUF2,-7,1730230981,1730230974,03:43:01 PM,03:42:54 PM,-7
2100390,3597,RICHQUE2,-30,1730231040,1730231010,03:44:00 PM,03:43:30 PM,-30
2100390,3597,RICHQUE2,73,1730231100,1730231173,03:45:00 PM,03:46:13 PM,73
2100390,3597,RICHKIN4,64,1730231144,1730231208,03:45:44 PM,03:46:48 PM,64
2100390,3597,RICHSIM2,73,1730231261,1730231334,03:47:41 PM,03:48:54 PM,73
2100390,3597,RICHGREY,57,1730231290,1730231347,03:48:10 PM,03:49:07 PM,57
2100390,3597,CARFCAR2,21,1730231353,1730231374,03:49:13 PM,03:49:34 PM,21
2100390,3597,CARFWOOD,19,1730231403,1730231422,03:50:03 PM,03:50:22 PM,19
2100390,3597,GRANHIG1,-5,1730231482,1730231477,03:51:22 PM,03:51:17 PM,-5
2100390,3597,WELLGRA2,17,1730231536,1730231553,03:52:16 PM,03:52:33 PM,17
2100390,3597,WELLCOLG,-9,1730231589,1730231580,03:53:09 PM,03:53:00 PM,-9
2100390,3597,WELLWELL,-43,1730231647,1730231604,03:54:07 PM,03:53:24 PM,-43
2100390,3597,WELLTHJA,-85,1730231729,1730231644,03:55:29 PM,03:54:04 PM,-85
2100390,3597,WELLBAS2,0,1730231820,1730231820,03:57:00 PM,03:57:00 PM,0
2100390,3597,WELLCOM4,-39,1730231920,1730231881,03:58:40 PM,03:58:01 PM,-39
2100390,3597,WELLWAT2,-96,1730232002,1730231906,04:00:02 PM,03:58:26 PM,-96
2100390,3597,WELLWIL4,-95,1730232085,1730231990,04:01:25 PM,03:59:50 PM,-95
2100390,3597,WELLNAD1,-119,1730232148,1730232029,04:02:28 PM,04:00:29 PM,-119
2100390,3597,WELLNADI,-141,1730232184,1730232043,04:03:04 PM,04:00:43 PM,-141
2100390,3597,SOUTWEL1,0,1730232300,1730232300,04:05:00 PM,04:05:00 PM,0
2100390,3597,SOUTWIL1,-13,1730232343,1730232330,04:05:43 PM,04:05:30 PM,-13
2100390,3597,SOUTADE1,-22,1730232421,1730232399,04:07:01 PM,04:06:39 PM,-22
2100390,3597,MILLSDA1,-13,1730232455,1730232442,04:07:35 PM,04:07:22 PM,-13
2100390,3597,MILLDOWN,-19,1730232479,1730232460,04:07:59 PM,04:07:40 PM,-19
2100390,3597,MILLSTAN,-27,1730232504,1730232477,04:08:24 PM,04:07:57 PM,-27
2100390,3597,MILLSHA3,-35,1730232531,1730232496,04:08:51 PM,04:08:16 PM,-35
2100390,3597,MILLPAR1,-53,1730232585,1730232532,04:09:45 PM,04:08:52 PM,-53
2100390,3597,MILLSHA2,-71,1730232632,1730232561,04:10:32 PM,04:09:21 PM,-71
2100390,3597,MILLSDA4,-90,1730232710,1730232620,04:11:50 PM,04:10:20 PM,-90
2100390,3597,MILLDUD2,-90,1730232735,1730232645,04:12:15 PM,04:10:45 PM,-90
2100390,3597,MILLASHB,-92,1730232773,1730232681,04:12:53 PM,04:11:21 PM,-92
2100390,3597,MILLBEX2,-97,1730232796,1730232699,04:13:16 PM,04:11:39 PM,-97
2100390,3597,MILLBEX4,-103,1730232831,1730232728,04:13:51 PM,04:12:08 PM,-103
2100390,3597,ASHBMIL2,-110,1730232875,1730232765,04:14:35 PM,04:12:45 PM,-110
2100390,3597,ASHBSUR1,-113,1730232910,1730232797,04:15:10 PM,04:13:17 PM,-113
2100390,3597,DOWASH2,-116,1730232932,1730232816,04:15:32 PM,04:13:36 PM,-116
2100390,3597,OSGOWOO2,-119,1730232968,1730232849,04:16:08 PM,04:14:09 PM,-119
2100390,3597,ADELOSG1,0,1730233020,1730233020,04:17:00 PM,04:17:00 PM,0
2100390,3597,OSGOKIN2,0,1730233056,1730233056,04:17:36 PM,04:17:36 PM,0
2100390,3597,OSGOKIN4,0,1730233086,1730233086,04:18:06 PM,04:18:06 PM,0
2100390,3597,OSGOFITZ,0,1730233121,1730233121,04:18:41 PM,04:18:41 PM,0
2100390,3597,OSGOBRE2,0,1730233157,1730233157,04:19:17 PM,04:19:17 PM,0
2100390,3597,WILLOSG2,0,1730233196,1730233196,04:19:56 PM,04:19:56 PM,0
2100390,3597,DEARWILL,0,1730233247,1730233247,04:20:47 PM,04:20:47 PM,0
2100390,3597,DEARDUL2,0,1730233278,1730233278,04:21:18 PM,04:21:18 PM,0
2100390,3597,BRADDEAR,0,1730233329,1730233329,04:22:09 PM,04:22:09 PM,0
2100390,3597,WELLBRA2,0,1730233368,1730233368,04:22:48 PM,04:22:48 PM,0
2100390,3597,WHITOMA1,0,1730233440,1730233440,04:24:00 PM,04:24:00 PM,0
2103199,3598,QUENRIDO,89,1730229149,1730229238,03:12:29 PM,03:13:58 PM,89
2103199,3598,RIVEWIL2,47,1730229238,1730229285,03:13:58 PM,03:14:45 PM,47
2103199,3598,RIVEWHA4,40,1730229298,1730229338,03:14:58 PM,03:15:38 PM,40
2103199,3598,RIVEMTPL,16,1730229350,1730229366,03:15:50 PM,03:16:06 PM,16
2103199,3598,WOODRIVE,15,1730229398,1730229413,03:16:38 PM,03:16:53 PM,15
2103199,3598,WOODEDI1,-22,1730229467,1730229445,03:17:47 PM,03:17:25 PM,-22
2103199,3598,WOODCAM1,-36,1730229498,1730229462,03:18:18 PM,03:17:42 PM,-36
2103199,3598,PLATOXF1,-27,1730229550,1730229523,03:19:10 PM,03:18:43 PM,-27
2103199,3598,CHERPLA2,-32,1730229588,1730229556,03:19:48 PM,03:19:16 PM,-32
2103199,3598,CHERCHC4,-38,1730229620,1730229582,03:20:20 PM,03:19:42 PM,-38
2103199,3598,CHERCHBL,-44,1730229661,1730229617,03:21:01 PM,03:20:17 PM,-44
2103199,3598,CHEROXF2,0,1730229720,1730229720,03:22:00 PM,03:22:00 PM,0
2103199,3598,BEAVOXF2,-31,1730229817,1730229786,03:23:37 PM,03:23:06 PM,-31
2103199,3598,PROUBEA2,-55,1730229891,1730229836,03:24:51 PM,03:23:56 PM,-55
2103199,3598,FOREHIL2,-62,1730229937,1730229875,03:25:37 PM,03:24:35 PM,-62
2103199,3598,PROUOXF3,-80,1730229996,1730229916,03:26:36 PM,03:25:16 PM,-80
2103199,3598,PROUOXF1,-88,1730230027,1730229939,03:27:07 PM,03:25:39 PM,-88
2103199,3598,PROUFAR3,-96,1730230049,1730229953,03:27:29 PM,03:25:53 PM,-96
2103199,3598,PROUFAR1,-114,1730230085,1730229971,03:28:05 PM,03:26:11 PM,-114
2103199,3598,BEAVHORI,-141,1730230156,1730230015,03:29:16 PM,03:26:55 PM,-141
2103199,3598,BEAVWOND,-131,1730230195,1730230064,03:29:55 PM,03:27:44 PM,-131
2103199,3598,BEAVBLYT,-180,1730230260,1730230080,03:31:00 PM,03:28:00 PM,-180
2103135,3598,BEAVBLYT,0,1730230320,1730230320,03:32:00 PM,03:32:00 PM,0
2103135,3598,BEAVCAP1,0,1730230374,1730230374,03:32:54 PM,03:32:54 PM,0
2103135,3598,BEAVOAKC,0,1730230445,1730230445,03:34:05 PM,03:34:05 PM,0
2103135,3598,BEAVOAK2,-11,1730230523,1730230512,03:35:23 PM,03:35:12 PM,-11
2103135,3598,BEAVWILR,-19,1730230561,1730230542,03:36:01 PM,03:35:42 PM,-19
2103135,3598,BEAVSARN,-8,1730230606,1730230598,03:36:46 PM,03:36:38 PM,-8
2103135,3598,OAKCOAKC,0,1730230680,1730230680,03:38:00 PM,03:38:00 PM,0
2103135,3598,OAKCMAP1,-16,1730230736,1730230720,03:38:56 PM,03:38:40 PM,-16
2103135,3598,OAKCMAP2,-39,1730230788,1730230749,03:39:48 PM,03:39:09 PM,-39
2103135,3598,BEAVWHET,-47,1730230824,1730230777,03:40:24 PM,03:39:37 PM,-47
2103135,3598,BEAVCAP2,-49,1730230873,1730230824,03:41:13 PM,03:40:24 PM,-49
2103135,3598,BEAVWON1,-87,1730230920,1730230833,03:42:00 PM,03:40:33 PM,-87
2103135,3598,BEAVWON1,72,1730230920,1730230992,03:42:00 PM,03:43:12 PM,72
2103135,3598,BEAVHOR2,53,1730230976,1730231029,03:42:56 PM,03:43:49 PM,53
2103135,3598,BEAVPROU,45,1730231006,1730231051,03:43:26 PM,03:44:11 PM,45
2103135,3598,PROUBEA3,28,1730231055,1730231083,03:44:15 PM,03:44:43 PM,28
2103135,3598,PROUFAR2,-5,1730231127,1730231122,03:45:27 PM,03:45:22 PM,-5
2103135,3598,PROUOXF2,-6,1730231159,1730231153,03:45:59 PM,03:45:53 PM,-6
2103135,3598,FOREHIL1,0,1730231220,1730231220,03:47:00 PM,03:47:00 PM,0
2103135,3598,PROUBEA1,-39,1730231288,1730231249,03:48:08 PM,03:47:29 PM,-39
2103135,3598,BEAVOXF1,-81,1730231391,1730231310,03:49:51 PM,03:48:30 PM,-81
2103135,3598,OXFOCHE1,-120,1730231465,1730231345,03:51:05 PM,03:49:05 PM,-120
2103135,3598,CHEROXF1,0,1730231520,1730231520,03:52:00 PM,03:52:00 PM,0
2103135,3598,CHERCHC1,-20,1730231570,1730231550,03:52:50 PM,03:52:30 PM,-20
2103135,3598,CHERCHC3,-41,1730231621,1730231580,03:53:41 PM,03:53:00 PM,-41
2103135,3598,CHERPLA1,-56,1730231668,1730231612,03:54:28 PM,03:53:32 PM,-56
2103135,3598,PLATOXF2,-12,1730231725,1730231713,03:55:25 PM,03:55:13 PM,-12
2103135,3598,WOODCAM2,-44,1730231783,1730231739,03:56:23 PM,03:55:39 PM,-44
2103135,3598,WOODEDI2,-77,1730231830,1730231753,03:57:10 PM,03:55:53 PM,-77
2103135,3598,WOODTOZ2,-102,1730231877,1730231775,03:57:57 PM,03:56:15 PM,-102
2103135,3598,RIVEWOO1,0,1730231940,1730231940,03:59:00 PM,03:59:00 PM,0
2103135,3598,RIVECAVE,-18,1730231971,1730231953,03:59:31 PM,03:59:13 PM,-18
2103135,3598,RIVEWHA1,-11,1730232034,1730232023,04:00:34 PM,04:00:23 PM,-11
2103135,3598,RIVEWIL1,-21,1730232064,1730232043,04:01:04 PM,04:00:43 PM,-21
2103135,3598,DUNDRIDO,-50,1730232143,1730232093,04:02:23 PM,04:01:33 PM,-50
2103135,3598,KINGTALB,-21,1730232187,1730232166,04:03:07 PM,04:02:46 PM,-21
2103135,3598,KINGRICH,-23,1730232240,1730232217,04:04:00 PM,04:03:37 PM,-23
2103135,3598,KINGRICH,83,1730232240,1730232323,04:04:00 PM,04:05:23 PM,83
2103135,3598,WELLDUN3,0,1730232540,1730232540,04:09:00 PM,04:09:00 PM,0
2103135,3598,DUNDWAT1,4,1730232604,1730232608,04:10:04 PM,04:10:08 PM,4
2103135,3598,DUNDCOL1,1,1730232649,1730232650,04:10:49 PM,04:10:50 PM,1
2103135,3598,DUNDMAI1,-31,1730232720,1730232689,04:12:00 PM,04:11:29 PM,-31
2103135,3598,DUNDWIL1,-54,1730232785,1730232731,04:13:05 PM,04:12:11 PM,-54
2103135,3598,DUNDADE1,0,1730232840,1730232840,04:14:00 PM,04:14:00 PM,0
2103135,3598,DUNDLYLE,0,1730232900,1730232900,04:15:00 PM,04:15:00 PM,0
2103135,3598,DUNDHEWI,0,1730232940,1730232940,04:15:40 PM,04:15:40 PM,0
2103135,3598,DUNDREC1,0,1730232981,1730232981,04:16:21 PM,04:16:21 PM,0
2103135,3598,DUNDONT1,0,1730233009,1730233009,04:16:49 PM,04:16:49 PM,0
2103135,3598,QUEBDUND,0,1730233063,1730233063,04:17:43 PM,04:17:43 PM,0
2103135,3598,QUEBQUEE,0,1730233085,1730233085,04:18:05 PM,04:18:05 PM,0
2103135,3598,QUEBLOR1,0,1730233129,1730233129,04:18:49 PM,04:18:49 PM,0
2103135,3598,QUEBELI1,0,1730233156,1730233156,04:19:16 PM,04:19:16 PM,0
2103135,3598,SALIQUEB,0,1730233223,1730233223,04:20:23 PM,04:20:23 PM,0
2103135,3598,GLASMORN,0,1730233255,1730233255,04:20:55 PM,04:20:55 PM,0
2103135,3598,MORNSTRA,0,1730233289,1730233289,04:21:29 PM,04:21:29 PM,0
2103135,3598,MORNSAL1,0,1730233380,1730233380,04:23:00 PM,04:23:00 PM,0
2103135,3598,MORNCON1,0,1730233432,1730233432,04:23:52 PM,04:23:52 PM,0
2103135,3598,MORNCON3,0,1730233457,1730233457,04:24:17 PM,04:24:17 PM,0
2103135,3598,OXFOMORN,0,1730233531,1730233531,04:25:31 PM,04:25:31 PM,0
2103135,3598,OXFOHIG1,0,1730233560,1730233560,04:26:00 PM,04:26:00 PM,0
2103135,3598,OXFOHIG3,0,1730233596,1730233596,04:26:36 PM,04:26:36 PM,0
2103135,3598,FANCOLL3,0,1730233740,1730233740,04:29:00 PM,04:29:00 PM,0
2098571,3599,GAINWON2,0,1730229480,1730229480,03:18:00 PM,03:18:00 PM,0
2098571,3599,GAINWON4,-27,1730229523,1730229496,03:18:43 PM,03:18:16 PM,-27
2098571,3599,LIMBGAI2,-32,1730229564,1730229532,03:19:24 PM,03:18:52 PM,-32
2098571,3599,LIMBARD2,-44,1730229618,1730229574,03:20:18 PM,03:19:34 PM,-44
2098571,3599,LIMBARD4,-62,1730229671,1730229609,03:21:11 PM,03:20:09 PM,-62
2098571,3599,LAWSDENL,-78,1730229729,1730229651,03:22:09 PM,03:20:51 PM,-78
2098571,3599,LAWSBAN1,-95,1730229775,1730229680,03:22:55 PM,03:21:20 PM,-95
2098571,3599,LAWSBLF1,-101,1730229819,1730229718,03:23:39 PM,03:21:58 PM,-101
2098571,3599,SARNCAS1,0,1730229960,1730229960,03:26:00 PM,03:26:00 PM,0
2098571,3599,SARNRIPP,-23,1730230023,1730230000,03:27:03 PM,03:26:40 PM,-23
2098571,3599,SARNCAS3,-40,1730230095,1730230055,03:28:15 PM,03:27:35 PM,-40
2098571,3599,SARNCOOM,-53,1730230158,1730230105,03:29:18 PM,03:28:25 PM,-53
2098571,3599,SARNWES1,0,1730230200,1730230200,03:30:00 PM,03:30:00 PM,0
2098571,3599,WESTSAR2,-25,1730230278,1730230253,03:31:18 PM,03:30:53 PM,-25
2098571,3599,WESTSAR4,-51,1730230338,1730230287,03:32:18 PM,03:31:27 PM,-51
2098571,3599,PLATTRO2,-120,1730230471,1730230351,03:34:31 PM,03:32:31 PM,-120
2098571,3599,PLATCHE2,-130,1730230566,1730230436,03:36:06 PM,03:33:56 PM,-130
2098571,3599,PLATOXF2,0,1730230620,1730230620,03:37:00 PM,03:37:00 PM,0
2098571,3599,WOODCAM2,-20,1730230670,1730230650,03:37:50 PM,03:37:30 PM,-20
2098571,3599,WOODEDI2,-44,1730230711,1730230667,03:38:31 PM,03:37:47 PM,-44
2098571,3599,WOODTOZ2,-63,1730230751,1730230688,03:39:11 PM,03:38:08 PM,-63
2098571,3599,RIVEWOO1,-63,1730230802,1730230739,03:40:02 PM,03:38:59 PM,-63
2098571,3599,RIVECAVE,-86,1730230839,1730230753,03:40:39 PM,03:39:13 PM,-86
2098571,3599,RIVEWHA1,-95,1730230913,1730230818,03:41:53 PM,03:40:18 PM,-95
2098571,3599,RIVEWIL1,-110,1730230948,1730230838,03:42:28 PM,03:40:38 PM,-110
2098571,3599,DUNDRIDO,-122,1730231042,1730230920,03:44:02 PM,03:42:00 PM,-122
2098571,3599,KINGTALB,-76,1730231095,1730231019,03:44:55 PM,03:43:39 PM,-76
2098571,3599,KINGRICH,0,1730231160,1730231160,03:46:00 PM,03:46:00 PM,0
2098571,3599,WELLDUN3,-123,1730231340,1730231217,03:49:00 PM,03:46:57 PM,-123
2098504,3599,WELLDUN3,0,1730231340,1730231340,03:49:00 PM,03:49:00 PM,0
2098504,3599,QUEECLAR,0,1730231591,1730231591,03:53:11 PM,03:53:11 PM,0
2098504,3599,QUEERIC2,-49,1730231640,1730231591,03:54:00 PM,03:53:11 PM,-49
2098504,3599,QUEERIC2,42,1730231640,1730231682,03:54:00 PM,03:54:42 PM,42
2098504,3599,QUENRIDO,12,1730231716,1730231728,03:55:16 PM,03:55:28 PM,12
2098504,3599,RIVEWIL2,-14,1730231792,1730231778,03:56:32 PM,03:56:18 PM,-14
2098504,3599,RIVEWHA4,-10,1730231843,1730231832,03:57:23 PM,03:57:12 PM,-11
2098504,3599,RIVEMTPL,-32,1730231887,1730231856,03:58:07 PM,03:57:36 PM,-31
2098504,3599,WOODRIVE,-24,1730231928,1730231904,03:58:48 PM,03:58:24 PM,-24
2098504,3599,WOODEDI1,-46,1730231986,1730231940,03:59:46 PM,03:59:00 PM,-46
2098504,3599,WOODCAM1,-44,1730232012,1730231968,04:00:12 PM,03:59:28 PM,-44
2098504,3599,PLATOXF1,6,1730232060,1730232066,04:01:00 PM,04:01:06 PM,6
2098504,3599,PLATCHE1,-26,1730232119,1730232094,04:01:59 PM,04:01:34 PM,-25
2098504,3599,PLATTRO1,-70,1730232233,1730232162,04:03:53 PM,04:02:42 PM,-71
2098504,3599,WESTPHA1,-164,1730232399,1730232234,04:06:39 PM,04:03:54 PM,-165
2098504,3599,SARNWES2,-52,1730232480,1730232428,04:08:00 PM,04:07:08 PM,-52
2098504,3599,SARNWES2,32,1730232480,1730232512,04:08:00 PM,04:08:32 PM,32
2098504,3599,SARNBRES,-13,1730232565,1730232552,04:09:25 PM,04:09:12 PM,-13
2098504,3599,SARNSLEI,-55,1730232649,1730232594,04:10:49 PM,04:09:54 PM,-55
2098504,3599,SARNLEYT,-102,1730232747,1730232645,04:12:27 PM,04:10:45 PM,-102
2098504,3599,WONDSAR1,0,1730232840,1730232840,04:14:00 PM,04:14:00 PM,0
2098504,3599,LAWSBLF2,-53,1730232961,1730232908,04:16:01 PM,04:15:08 PM,-53
2098504,3599,LAWSBAN2,-63,1730232999,1730232936,04:16:39 PM,04:15:36 PM,-63
2098504,3599,LAWSLIMB,-74,1730233043,1730232969,04:17:23 PM,04:16:09 PM,-74
2098504,3599,LIMBARD3,-85,1730233097,1730233012,04:18:17 PM,04:16:52 PM,-85
2098504,3599,LIMBARD1,-108,1730233148,1730233040,04:19:08 PM,04:17:20 PM,-108
2098504,3599,LIMBGAI1,-88,1730233198,1730233110,04:19:58 PM,04:18:30 PM,-88
2098504,3599,GAINWON1,-127,1730233260,1730233133,04:21:00 PM,04:18:53 PM,-127
2098504,3599,GAINWON1,20,1730233620,1730233640,04:27:00 PM,04:27:20 PM,20
2098504,3599,WONDGAIN,-4,1730233657,1730233652,04:27:37 PM,04:27:32 PM,-5
2098504,3599,BLACWOND,-14,1730233719,1730233706,04:28:39 PM,04:28:26 PM,-13
2098504,3599,BLACHOM2,-46,1730233780,1730233734,04:29:40 PM,04:28:54 PM,-46
2098504,3599,BLACEDG2,-26,1730233813,1730233786,04:30:13 PM,04:29:46 PM,-27
2098504,3599,BLACEDG4,-60,1730233884,1730233824,04:31:24 PM,04:30:24 PM,-60
2098504,3599,BLACWWA2,-88,1730233946,1730233858,04:32:26 PM,04:30:58 PM,-88
2098504,3599,ALDEBLA3,-86,1730233980,1730233894,04:33:00 PM,04:31:34 PM,-86
2098504,3599,FANSALD1,-80,1730234050,1730233970,04:34:10 PM,04:32:50 PM,-80
2098504,3599,FANSFOX1,-106,1730234113,1730234006,04:35:13 PM,04:33:26 PM,-107
2098504,3599,FANSWOND,-182,1730234220,1730234038,04:37:00 PM,04:33:58 PM,-182
2098501,3600,QUENRIDO,15,1730229016,1730229031,03:10:16 PM,03:10:31 PM,15
2098501,3600,RIVEWIL2,-12,1730229092,1730229080,03:11:32 PM,03:11:20 PM,-12
2098501,3600,RIVEWHA4,-8,1730229143,1730229135,03:12:23 PM,03:12:15 PM,-8
2098501,3600,RIVEMTPL,-29,1730229187,1730229158,03:13:07 PM,03:12:38 PM,-29
2098501,3600,WOODRIVE,-22,1730229228,1730229206,03:13:48 PM,03:13:26 PM,-22
2098501,3600,WOODEDI1,-44,1730229286,1730229242,03:14:46 PM,03:14:02 PM,-44
2098501,3600,WOODCAM1,-41,1730229312,1730229271,03:15:12 PM,03:14:31 PM,-41
2098501,3600,PLATOXF1,8,1730229360,1730229368,03:16:00 PM,03:16:08 PM,8
2098501,3600,PLATCHE1,-23,1730229419,1730229396,03:16:59 PM,03:16:36 PM,-23
2098501,3600,PLATTRO1,-68,1730229533,1730229465,03:18:53 PM,03:17:45 PM,-68
2098501,3600,WESTPHA1,-162,1730229699,1730229537,03:21:39 PM,03:18:57 PM,-162
2098501,3600,SARNWES2,-49,1730229780,1730229731,03:23:00 PM,03:22:11 PM,-49
2098501,3600,SARNWES2,32,1730229780,1730229812,03:23:00 PM,03:23:32 PM,32
2098501,3600,SARNBRES,1,1730229851,1730229852,03:24:11 PM,03:24:12 PM,1
2098501,3600,SARNSLEI,-27,1730229921,1730229894,03:25:21 PM,03:24:54 PM,-27
2098501,3600,SARNLEYT,-57,1730230002,1730229945,03:26:42 PM,03:25:45 PM,-57
2098501,3600,WONDSAR1,0,1730230080,1730230080,03:28:00 PM,03:28:00 PM,0
2098501,3600,LAWSBLF2,-53,1730230201,1730230148,03:30:01 PM,03:29:08 PM,-53
2098501,3600,LAWSBAN2,-63,1730230239,1730230176,03:30:39 PM,03:29:36 PM,-63
2098501,3600,LAWSLIMB,-74,1730230283,1730230209,03:31:23 PM,03:30:09 PM,-74
2098501,3600,LIMBARD3,-85,1730230337,1730230252,03:32:17 PM,03:30:52 PM,-85
2098501,3600,LIMBARD1,-108,1730230388,1730230280,03:33:08 PM,03:31:20 PM,-108
2098501,3600,LIMBGAI1,-88,1730230438,1730230350,03:33:58 PM,03:32:30 PM,-88
2098501,3600,GAINWON1,-127,1730230500,1730230373,03:35:00 PM,03:32:53 PM,-127
2098501,3600,GAINWON1,20,1730230920,1730230940,03:42:00 PM,03:42:20 PM,20
2098501,3600,WONDGAIN,-4,1730230957,1730230952,03:42:37 PM,03:42:32 PM,-5
2098501,3600,BLACWOND,-14,1730231019,1730231006,03:43:39 PM,03:43:26 PM,-13
2098501,3600,BLACHOM2,-46,1730231080,1730231034,03:44:40 PM,03:43:54 PM,-46
2098501,3600,BLACEDG2,-26,1730231113,1730231086,03:45:13 PM,03:44:46 PM,-27
2098501,3600,BLACEDG4,-60,1730231184,1730231124,03:46:24 PM,03:45:24 PM,-60
2098501,3600,BLACWWA2,-88,1730231246,1730231158,03:47:26 PM,03:45:58 PM,-88
2098501,3600,ALDEBLA3,-86,1730231280,1730231194,03:48:00 PM,03:46:34 PM,-86
2098501,3600,FANSALD1,-80,1730231350,1730231270,03:49:10 PM,03:47:50 PM,-80
2098501,3600,FANSFOX1,-106,1730231413,1730231306,03:50:13 PM,03:48:26 PM,-107
2098501,3600,FANSWOND,-182,1730231520,1730231338,03:52:00 PM,03:48:58 PM,-182
2098574,3600,FANSWOND,0,1730231520,1730231520,03:52:00 PM,03:52:00 PM,0
2098574,3600,WONDALDE,0,1730231584,1730231584,03:53:04 PM,03:53:04 PM,0
2098574,3600,WONDATTA,-18,1730231616,1730231598,03:53:36 PM,03:53:18 PM,-18
2098574,3600,WONDBLAC,-52,1730231691,1730231639,03:54:51 PM,03:53:59 PM,-52
2098574,3600,GAINWON2,-101,1730231760,1730231659,03:56:00 PM,03:54:19 PM,-101
2098574,3600,GAINWON2,0,1730232180,1730232180,04:03:00 PM,04:03:00 PM,0
2098574,3600,GAINWON4,-27,1730232223,1730232196,04:03:43 PM,04:03:16 PM,-27
2098574,3600,LIMBGAI2,-32,1730232264,1730232232,04:04:24 PM,04:03:52 PM,-32
2098574,3600,LIMBARD2,-44,1730232318,1730232274,04:05:18 PM,04:04:34 PM,-44
2098574,3600,LIMBARD4,-62,1730232371,1730232309,04:06:11 PM,04:05:09 PM,-62
2098574,3600,LAWSDENL,-78,1730232429,1730232351,04:07:09 PM,04:05:51 PM,-78
2098574,3600,LAWSBAN1,-95,1730232475,1730232380,04:07:55 PM,04:06:20 PM,-95
2098574,3600,LAWSBLF1,-101,1730232519,1730232418,04:08:39 PM,04:06:58 PM,-101
2098574,3600,SARNCAS1,0,1730232660,1730232660,04:11:00 PM,04:11:00 PM,0
2098574,3600,SARNRIPP,-23,1730232723,1730232700,04:12:03 PM,04:11:40 PM,-23
2098574,3600,SARNCAS3,-40,1730232795,1730232755,04:13:15 PM,04:12:35 PM,-40
2098574,3600,SARNCOOM,-53,1730232858,1730232805,04:14:18 PM,04:13:25 PM,-53
2098574,3600,SARNWES1,0,1730232900,1730232900,04:15:00 PM,04:15:00 PM,0
2098574,3600,WESTSAR2,0,1730232978,1730232978,04:16:18 PM,04:16:18 PM,0
2098574,3600,WESTSAR4,0,1730233038,1730233038,04:17:18 PM,04:17:18 PM,0
2098574,3600,PLATTRO2,0,1730233171,1730233171,04:19:31 PM,04:19:31 PM,0
2098574,3600,PLATCHE2,0,1730233266,1730233266,04:21:06 PM,04:21:06 PM,0
2098574,3600,PLATOXF2,0,1730233320,1730233320,04:22:00 PM,04:22:00 PM,0
2098574,3600,WOODCAM2,0,1730233370,1730233370,04:22:50 PM,04:22:50 PM,0
2098574,3600,WOODEDI2,0,1730233411,1730233411,04:23:31 PM,04:23:31 PM,0
2098574,3600,WOODTOZ2,0,1730233451,1730233451,04:24:11 PM,04:24:11 PM,0
2098574,3600,RIVEWOO1,0,1730233502,1730233502,04:25:02 PM,04:25:02 PM,0
2098574,3600,RIVECAVE,0,1730233539,1730233539,04:25:39 PM,04:25:39 PM,0
2098574,3600,RIVEWHA1,0,1730233613,1730233613,04:26:53 PM,04:26:53 PM,0
2098574,3600,RIVEWIL1,0,1730233648,1730233648,04:27:28 PM,04:27:28 PM,0
2098574,3600,DUNDRIDO,0,1730233742,1730233742,04:29:02 PM,04:29:02 PM,0
2098574,3600,KINGTALB,0,1730233795,1730233795,04:29:55 PM,04:29:55 PM,0
2098574,3600,KINGRICH,0,1730233860,1730233860,04:31:00 PM,04:31:00 PM,0
2098574,3600,WELLDUN3,0,1730234040,1730234040,04:34:00 PM,04:34:00 PM,0
2096740,3601,ERNEJAL1,0,1730226331,1730229208,02:25:31 PM,03:13:28 PM,2877
2096740,3601,NIXOWIMB,0,1730226362,1730229267,02:26:02 PM,03:14:27 PM,2905
2096740,3601,NIXOEDEN,0,1730226420,1730229305,02:27:00 PM,03:15:05 PM,2885
2096740,3601,EDENEAS1,0,1730226463,1730229336,02:27:43 PM,03:15:36 PM,2873
2096740,3601,EDENVERU,0,1730226505,1730229371,02:28:25 PM,03:16:11 PM,2866
2096740,3601,SANDVER2,,,,,,
2096740,3601,SANDWIL4,,,,,,
2096740,3601,WILKCHI1,,,,,,
2096740,3601,CHIDWILK,,,,,,
2096740,3601,CHIDHUN2,,,,,,
2096740,3601,CHIDUPQ2,,,,,,
2096740,3601,UPPECOM1,,,,,,
2096740,3601,RIDOBAS1,,,,,,
2096740,3601,RIDOHICK,,,,,,
2096740,3601,RIDOEME1,,,,,,
2096740,3601,RIDOBAKE,,,,,,
2096740,3601,RIDOTEC1,,,,,,
2096740,3601,RIDOGRAN,,,,,,
2096740,3601,RIDOCRA1,,,,,,
2096740,3601,RIDOING1,,,,,,
2096740,3601,HORTRID1,,,,,,
2096740,3601,RICHHOT1,,,,,,
2096740,3601,RICHKIN1,,,,,,
2096740,3601,RICHQUEE,,,,,,
2096740,3601,RICHQUEE,,,,,,
2096740,3601,RICHKEN1,,,,,,
2096740,3601,RICHHYM1,,,,,,
2096740,3601,RICHPALL,,,,,,
2096740,3601,OXFORIC1,,,,,,
2096740,3601,OXFOWEL1,,,,,,
2096740,3601,OXFOWAT1,,,,,,
2096740,3601,OXFOCOL1,,,,,,
2096740,3601,OXFOMAI1,,,,,,
2096740,3601,OXFOWIL1,,,,,,
2096740,3601,OXFOADE1,,,,,,
2096740,3601,OXFOELI1,,,,,,
2096740,3601,OXFOELL1,,,,,,
2096740,3601,OXFOGAM1,,,,,,
2096740,3601,OXFOSTE1,,,,,,
2096740,3601,OXFOQUE1,,,,,,
2096740,3601,OXFOSTRA,,,,,,
2096740,3601,OXFOSPIT,,,,,,
2096740,3601,OXFOCLE1,,,,,,
2096740,3601,OXFOEMPI,,,,,,
2096740,3601,OXFOMORN,,,,,,
2096740,3601,OXFOHIG1,,,,,,
2096740,3601,OXFOHIG3,,,,,,
2096740,3601,FANCOLL2,,,,,,
2096679,3601,FANCOLL2,0,1730229120,1730231421,03:12:00 PM,03:50:21 PM,2301
2096679,3601,OXFOROE2,0,1730229169,1730231435,03:12:49 PM,03:50:35 PM,2266
2096679,3601,OXFOHIG4,,,,,,
2096679,3601,OXFOHIG2,,,,,,
2096679,3601,OXFOWIST,,,,,,
2096679,3601,OXFOOAKS,0,1730229299,1730231746,03:14:59 PM,03:55:46 PM,2447
2096679,3601,OXFOCLE2,0,1730229343,1730231794,03:15:43 PM,03:56:34 PM,2451
2096679,3601,OXFOLYMA,0,1730229386,1730231817,03:16:26 PM,03:56:57 PM,2431
2096679,3601,OXFOSTUA,0,1730229416,1730231832,03:16:56 PM,03:57:12 PM,2416
2096679,3601,OXFOQUE2,0,1730229456,1730231878,03:17:36 PM,03:57:58 PM,2422
2096679,3601,OXFOSTE2,0,1730229486,1730231904,03:18:06 PM,03:58:24 PM,2418
2096679,3601,OXFOGAM2,0,1730229509,1730231935,03:18:29 PM,03:58:55 PM,2426
2096679,3601,OXFOELL2,0,1730229563,1730231969,03:19:23 PM,03:59:29 PM,2406
2096679,3601,OXFOELI2,0,1730229603,1730231989,03:20:03 PM,03:59:49 PM,2386
2096679,3601,OXFOADE2,0,1730229660,1730232103,03:21:00 PM,04:01:43 PM,2443
2096679,3601,OXFOWIL2,0,1730229705,1730232134,03:21:45 PM,04:02:14 PM,2429
2096679,3601,OXFOMAI2,0,1730229756,1730232152,03:22:36 PM,04:02:32 PM,2396
2096679,3601,OXFOCOL2,0,1730229797,1730232181,03:23:17 PM,04:03:01 PM,2384
2096679,3601,OXFOWAT2,0,1730229843,1730232207,03:24:03 PM,04:03:27 PM,2364
2096679,3601,OXFOWEL2,0,1730229898,1730232239,03:24:58 PM,04:03:59 PM,2341
2096679,3601,RICHOXF2,0,1730229960,1730232345,03:26:00 PM,04:05:45 PM,2385
2096679,3601,RICHMILL,0,1730230021,1730232382,03:27:01 PM,04:06:22 PM,2361
2096679,3601,RICHCENT,0,1730230108,1730232444,03:28:28 PM,04:07:24 PM,2336
2096679,3601,RICHKEN2,0,1730230167,1730232474,03:29:27 PM,04:07:54 PM,2307
2096679,3601,RICHDUF2,0,1730230202,1730232497,03:30:02 PM,04:08:17 PM,2295
2096679,3601,RICHQUE1,0,1730230260,1730232578,03:31:00 PM,04:09:38 PM,2318
2096679,3601,RICHKIN4,0,1730230320,1730232590,03:32:00 PM,04:09:50 PM,2270
2096679,3601,RICHKIN4,0,1730230320,1730232650,03:32:00 PM,04:10:50 PM,2330
2096679,3601,HORTRIC2,0,1730230454,1730232720,03:34:14 PM,04:12:00 PM,2266
2096679,3601,RIDOHORT,0,1730230560,1730232779,03:36:00 PM,04:12:59 PM,2219
2096679,3601,RIDOCRA2,0,1730230619,1730232817,03:36:59 PM,04:13:37 PM,2198
2096679,3601,RIDOELMW,0,1730230652,1730232855,03:37:32 PM,04:14:15 PM,2203
2096679,3601,RIDOTEC2,0,1730230710,1730232904,03:38:30 PM,04:15:04 PM,2194
2096679,3601,RIDOWINS,0,1730230758,1730232940,03:39:18 PM,04:15:40 PM,2182
2096679,3601,RIDOEME2,0,1730230794,1730232973,03:39:54 PM,04:16:13 PM,2179
2096679,3601,RIDOROSE,0,1730230839,1730232999,03:40:39 PM,04:16:39 PM,2160
2096679,3601,RIDOBAS2,0,1730230871,1730233027,03:41:11 PM,04:17:07 PM,2156
2096679,3601,RIDOMOU2,0,1730230904,1730233061,03:41:44 PM,04:17:41 PM,2157
2096679,3601,UPPECOM2,0,1730230950,1730233123,03:42:30 PM,04:18:43 PM,2173
2096679,3601,UPPECHI4,0,1730231015,1730233174,03:43:35 PM,04:19:34 PM,2159
2096679,3601,CHIDHUN1,0,1730231069,1730233215,03:44:29 PM,04:20:15 PM,2146
2096679,3601,CHIDCHID,0,1730231128,1730233279,03:45:28 PM,04:21:19 PM,2151
2096679,3601,WILKCHI2,0,1730231160,1730233311,03:46:00 PM,04:21:51 PM,2151
2096679,3601,SANDWIL2,0,1730231204,1730233349,03:46:44 PM,04:22:29 PM,2145
2096679,3601,SANDVER1,0,1730231241,1730233385,03:47:21 PM,04:23:05 PM,2144
2096679,3601,VERUEDEN,0,1730231261,1730233407,03:47:41 PM,04:23:27 PM,2146
2096679,3601,EDENEAS2,0,1730231304,1730233436,03:48:24 PM,04:23:56 PM,2132
2096679,3601,EDENNIX,0,1730231340,1730233491,03:49:00 PM,04:24:51 PM,2151
2096679,3601,NIXOCRE2,0,1730231377,1730233528,03:49:37 PM,04:25:28 PM,2151
2096679,3601,NIXOSDAL,0,1730231404,1730233552,03:50:04 PM,04:25:52 PM,2148
2096679,3601,JALNERN3,0,1730231448,1730233593,03:50:48 PM,04:26:33 PM,2145
2096679,3601,JALNBEE2,0,1730231520,1730233640,03:52:00 PM,04:27:20 PM,2120
2096679,3601,JALNTUMB,0,1730231560,1730233663,03:52:40 PM,04:27:43 PM,2103
2096679,3601,JALNBEM2,0,1730231614,1730233695,03:53:34 PM,04:28:15 PM,2081
2096679,3601,JALNBRA4,0,1730231660,1730233738,03:54:20 PM,04:28:58 PM,2078
2096679,3601,WHOKMASB,0,1730231700,1730233746,03:55:00 PM,04:29:06 PM,2046
2107896,3604,NATSCI,90,1730229120,1730229210,03:12:00 PM,03:13:30 PM,90
2107896,3604,WESTELG2,54,1730229276,1730229330,03:14:36 PM,03:15:30 PM,54
2107896,3604,WESTLAM2,85,1730229355,1730229440,03:15:55 PM,03:17:20 PM,85
2107896,3604,WESTSAR2,143,1730229480,1730229623,03:18:00 PM,03:20:23 PM,143
2107896,3604,WESTSAR4,142,1730229522,1730229664,03:18:42 PM,03:21:04 PM,142
2107896,3604,WESTPLA2,115,1730229592,1730229707,03:19:52 PM,03:21:47 PM,115
2107896,3604,WESTHOL2,117,1730229643,1730229760,03:20:43 PM,03:22:40 PM,117
2107896,3604,WHARMCDO,104,1730229706,1730229810,03:21:46 PM,03:23:30 PM,104
2107896,3604,WHAROXF2,115,1730229780,1730229895,03:23:00 PM,03:24:55 PM,115
2107896,3604,WHARPAUL,86,1730229844,1730229930,03:24:04 PM,03:25:30 PM,86
2107896,3604,WHARLEXI,75,1730229896,1730229971,03:24:56 PM,03:26:11 PM,75
2107896,3604,WHARMPL2,52,1730229939,1730229991,03:25:39 PM,03:26:31 PM,52
2107896,3604,RIVEWHA1,94,1730229976,1730230070,03:26:16 PM,03:27:50 PM,94
2107896,3604,RIVEWIL1,81,1730230007,1730230088,03:26:47 PM,03:28:08 PM,81
2107896,3604,DUNDRIDO,52,1730230090,1730230142,03:28:10 PM,03:29:02 PM,52
2107896,3604,KINGTALB,88,1730230140,1730230228,03:29:00 PM,03:30:28 PM,88
2107896,3604,KINGRICH,83,1730230260,1730230343,03:31:00 PM,03:32:23 PM,83
2107896,3604,WELLDUN3,-100,1730230500,1730230400,03:35:00 PM,03:33:20 PM,-100
2107818,3604,WELLDUN3,0,1730230500,1730230500,03:35:00 PM,03:35:00 PM,0
2107818,3604,QUEECLAR,0,1730230582,1730230582,03:36:22 PM,03:36:22 PM,0
2107818,3604,RICHQUEE,0,1730230680,1730230680,03:38:00 PM,03:38:00 PM,0
2107818,3604,RICHKEN1,-66,1730230777,1730230711,03:39:37 PM,03:38:31 PM,-66
2107818,3604,RICHHYM1,-101,1730230871,1730230770,03:41:11 PM,03:39:30 PM,-101
2107818,3604,RICHPALL,-111,1730230925,1730230814,03:42:05 PM,03:40:14 PM,-111
2107818,3604,RICHOXF1,0,1730231040,1730231040,03:44:00 PM,03:44:00 PM,0
2107818,3604,RICHJAM1,-16,1730231071,1730231055,03:44:31 PM,03:44:15 PM,-16
2107818,3604,RICHGRO1,-37,1730231123,1730231086,03:45:23 PM,03:44:46 PM,-37
2107818,3604,RICHCHE1,-28,1730231154,1730231126,03:45:54 PM,03:45:26 PM,-28
2107818,3604,RICHVIC1,-43,1730231197,1730231154,03:46:37 PM,03:45:54 PM,-43
2107818,3604,RICHREG1,-58,1730231240,1730231182,03:47:20 PM,03:46:22 PM,-58
2107818,3604,RICHHUR1,-69,1730231275,1730231206,03:47:55 PM,03:46:46 PM,-69
2107818,3604,UNIVRIC2,-50,1730231330,1730231280,03:48:50 PM,03:48:00 PM,-50
2107818,3604,UNIVSUN2,-50,1730231379,1730231329,03:49:39 PM,03:48:49 PM,-50
2107818,3604,MIDDPERT,-45,1730231456,1730231411,03:50:56 PM,03:50:11 PM,-45
2107818,3604,NATSCI,-78,1730231520,1730231442,03:52:00 PM,03:50:42 PM,-78
2106564,3605,OXFOBRI1,2469,1730226730,1730229199,02:32:10 PM,03:13:19 PM,2469
2106564,3605,OXFOWHA1,2484,1730226840,1730229324,02:34:00 PM,03:15:24 PM,2484
2106564,3605,OXFORIC1,2489,1730227020,1730229509,02:37:00 PM,03:18:29 PM,2489
2106564,3605,OXFOADE1,2535,1730227190,1730229725,02:39:50 PM,03:22:05 PM,2535
2106564,3605,OXFOGAM1,2518,1730227293,1730229811,02:41:33 PM,03:23:31 PM,2518
2106564,3605,OXFOHIG3,,,,,,
2106564,3605,FANCOLL1,2807,1730227620,1730230427,02:47:00 PM,03:33:47 PM,2807
2106614,3605,FANCOLL1,2597,1730228040,1730230637,02:54:00 PM,03:37:17 PM,2597
2106614,3605,OXFOHIG2,,,,,,
2106614,3605,OXFOGAM2,2771,1730228396,1730231167,02:59:56 PM,03:46:07 PM,2771
2106614,3605,OXFOADE2,2807,1730228520,1730231327,03:02:00 PM,03:48:47 PM,2807
2106614,3605,OXFORIC2,2770,1730228760,1730231530,03:06:00 PM,03:52:10 PM,2770
2106614,3605,OXFOFERN,2818,1730228932,1730231750,03:08:52 PM,03:55:50 PM,2818
2106614,3605,OXFOPLAT,2819,1730229030,1730231849,03:10:30 PM,03:57:29 PM,2819
2106614,3605,OXFOPRO2,2762,1730229246,1730232008,03:14:06 PM,04:00:08 PM,2762
2106614,3605,OXFOWON2,2804,1730229317,1730232121,03:15:17 PM,04:02:01 PM,2804
2106614,3605,CAPUOXFO,2653,1730229480,1730232133,03:18:00 PM,04:02:13 PM,2653
2107832,3607,RICHJAM1,195,1730228971,1730229166,03:09:31 PM,03:12:46 PM,195
2107832,3607,RICHGRO1,173,1730229023,1730229196,03:10:23 PM,03:13:16 PM,173
2107832,3607,RICHCHE1,176,1730229054,1730229230,03:10:54 PM,03:13:50 PM,176
2107832,3607,RICHVIC1,162,1730229097,1730229259,03:11:37 PM,03:14:19 PM,162
2107832,3607,RICHREG1,148,1730229140,1730229288,03:12:20 PM,03:14:48 PM,148
2107832,3607,RICHHUR1,138,1730229175,1730229313,03:12:55 PM,03:15:13 PM,138
2107832,3607,UNIVRIC2,154,1730229230,1730229384,03:13:50 PM,03:16:24 PM,154
2107832,3607,UNIVSUN2,159,1730229279,1730229438,03:14:39 PM,03:17:18 PM,159
2107832,3607,MIDDPERT,174,1730229356,1730229530,03:15:56 PM,03:18:50 PM,174
2107832,3607,NATSCI,142,1730229420,1730229562,03:17:00 PM,03:19:22 PM,142
2107911,3607,NATSCI,0,1730229720,1730229720,03:22:00 PM,03:22:00 PM,0
2107911,3607,WESTELG2,0,1730229876,1730229876,03:24:36 PM,03:24:36 PM,0
2107911,3607,WESTLAM2,12,1730229955,1730229967,03:25:55 PM,03:26:07 PM,12
2107911,3607,WESTSAR2,43,1730230080,1730230123,03:28:00 PM,03:28:43 PM,43
2107911,3607,WESTSAR4,42,1730230122,1730230164,03:28:42 PM,03:29:24 PM,42
2107911,3607,WESTPLA2,15,1730230192,1730230207,03:29:52 PM,03:30:07 PM,15
2107911,3607,WESTHOL2,16,1730230243,1730230259,03:30:43 PM,03:30:59 PM,16
2107911,3607,WHARMCDO,3,1730230306,1730230309,03:31:46 PM,03:31:49 PM,3
2107911,3607,WHAROXF2,8,1730230380,1730230388,03:33:00 PM,03:33:08 PM,8
2107911,3607,WHARPAUL,-21,1730230444,1730230423,03:34:04 PM,03:33:43 PM,-21
2107911,3607,WHARLEXI,-32,1730230496,1730230464,03:34:56 PM,03:34:24 PM,-32
2107911,3607,WHARMPL2,-55,1730230539,1730230484,03:35:39 PM,03:34:44 PM,-55
2107911,3607,RIVEWHA1,-19,1730230576,1730230557,03:36:16 PM,03:35:57 PM,-19
2107911,3607,RIVEWIL1,-30,1730230607,1730230577,03:36:47 PM,03:36:17 PM,-30
2107911,3607,DUNDRIDO,-59,1730230690,1730230631,03:38:10 PM,03:37:11 PM,-59
2107911,3607,KINGTALB,0,1730230740,1730230740,03:39:00 PM,03:39:00 PM,0
2107911,3607,KINGRICH,0,1730230860,1730230860,03:41:00 PM,03:41:00 PM,0
2107911,3607,WELLDUN3,-183,1730231100,1730230917,03:45:00 PM,03:41:57 PM,-183
2098500,3608,LAWSBLF2,-30,1730229301,1730229271,03:15:01 PM,03:14:31 PM,-30
2098500,3608,LAWSBAN2,-40,1730229339,1730229299,03:15:39 PM,03:14:59 PM,-40
2098500,3608,LAWSLIMB,-51,1730229383,1730229332,03:16:23 PM,03:15:32 PM,-51
2098500,3608,LIMBARD3,-62,1730229437,1730229375,03:17:17 PM,03:16:15 PM,-62
2098500,3608,LIMBARD1,-85,1730229488,1730229403,03:18:08 PM,03:16:43 PM,-85
2098500,3608,LIMBGAI1,-65,1730229538,1730229473,03:18:58 PM,03:17:53 PM,-65
2098500,3608,GAINWON1,-104,1730229600,1730229496,03:20:00 PM,03:18:16 PM,-104
2098500,3608,GAINWON1,20,1730230020,1730230040,03:27:00 PM,03:27:20 PM,20
2098500,3608,WONDGAIN,-4,1730230057,1730230052,03:27:37 PM,03:27:32 PM,-5
2098500,3608,BLACWOND,-14,1730230119,1730230106,03:28:39 PM,03:28:26 PM,-13
2098500,3608,BLACHOM2,-46,1730230180,1730230134,03:29:40 PM,03:28:54 PM,-46
2098500,3608,BLACEDG2,-26,1730230213,1730230186,03:30:13 PM,03:29:46 PM,-27
2098500,3608,BLACEDG4,-60,1730230284,1730230224,03:31:24 PM,03:30:24 PM,-60
2098500,3608,BLACWWA2,-88,1730230346,1730230258,03:32:26 PM,03:30:58 PM,-88
2098500,3608,ALDEBLA3,-86,1730230380,1730230294,03:33:00 PM,03:31:34 PM,-86
2098500,3608,FANSALD1,-80,1730230450,1730230370,03:34:10 PM,03:32:50 PM,-80
2098500,3608,FANSFOX1,-106,1730230513,1730230406,03:35:13 PM,03:33:26 PM,-107
2098500,3608,FANSWOND,-182,1730230620,1730230438,03:37:00 PM,03:33:58 PM,-182
2098573,3608,FANSWOND,0,1730230620,1730230620,03:37:00 PM,03:37:00 PM,0
2098573,3608,WONDALDE,0,1730230684,1730230684,03:38:04 PM,03:38:04 PM,0
2098573,3608,WONDATTA,-18,1730230716,1730230698,03:38:36 PM,03:38:18 PM,-18
2098573,3608,WONDBLAC,-52,1730230791,1730230739,03:39:51 PM,03:38:59 PM,-52
2098573,3608,GAINWON2,-101,1730230860,1730230759,03:41:00 PM,03:39:19 PM,-101
2098573,3608,GAINWON2,0,1730231280,1730231280,03:48:00 PM,03:48:00 PM,0
2098573,3608,GAINWON4,-27,1730231323,1730231296,03:48:43 PM,03:48:16 PM,-27
2098573,3608,LIMBGAI2,-32,1730231364,1730231332,03:49:24 PM,03:48:52 PM,-32
2098573,3608,LIMBARD2,-44,1730231418,1730231374,03:50:18 PM,03:49:34 PM,-44
2098573,3608,LIMBARD4,-62,1730231471,1730231409,03:51:11 PM,03:50:09 PM,-62
2098573,3608,LAWSDENL,-78,1730231529,1730231451,03:52:09 PM,03:50:51 PM,-78
2098573,3608,LAWSBAN1,-95,1730231575,1730231480,03:52:55 PM,03:51:20 PM,-95
2098573,3608,LAWSBLF1,-101,1730231619,1730231518,03:53:39 PM,03:51:58 PM,-101
2098573,3608,SARNCAS1,0,1730231760,1730231760,03:56:00 PM,03:56:00 PM,0
2098573,3608,SARNRIPP,-23,1730231823,1730231800,03:57:03 PM,03:56:40 PM,-23
2098573,3608,SARNCAS3,-40,1730231895,1730231855,03:58:15 PM,03:57:35 PM,-40
2098573,3608,SARNCOOM,-53,1730231958,1730231905,03:59:18 PM,03:58:25 PM,-53
2098573,3608,SARNWES1,0,1730232000,1730232000,04:00:00 PM,04:00:00 PM,0
2098573,3608,WESTSAR2,-25,1730232078,1730232053,04:01:18 PM,04:00:53 PM,-25
2098573,3608,WESTSAR4,-51,1730232138,1730232087,04:02:18 PM,04:01:27 PM,-51
2098573,3608,PLATTRO2,-120,1730232271,1730232151,04:04:31 PM,04:02:31 PM,-120
2098573,3608,PLATCHE2,-130,1730232366,1730232236,04:06:06 PM,04:03:56 PM,-130
2098573,3608,PLATOXF2,0,1730232420,1730232420,04:07:00 PM,04:07:00 PM,0
2098573,3608,WOODCAM2,-20,1730232470,1730232450,04:07:50 PM,04:07:30 PM,-20
2098573,3608,WOODEDI2,-44,1730232511,1730232467,04:08:31 PM,04:07:47 PM,-44
2098573,3608,WOODTOZ2,-63,1730232551,1730232488,04:09:11 PM,04:08:08 PM,-63
2098573,3608,RIVEWOO1,-63,1730232602,1730232539,04:10:02 PM,04:08:59 PM,-63
2098573,3608,RIVECAVE,-86,1730232639,1730232553,04:10:39 PM,04:09:13 PM,-86
2098573,3608,RIVEWHA1,-95,1730232713,1730232618,04:11:53 PM,04:10:18 PM,-95
2098573,3608,RIVEWIL1,-110,1730232748,1730232638,04:12:28 PM,04:10:38 PM,-110
2098573,3608,DUNDRIDO,-122,1730232842,1730232720,04:14:02 PM,04:12:00 PM,-122
2098573,3608,KINGTALB,-76,1730232895,1730232819,04:14:55 PM,04:13:39 PM,-76
2098573,3608,KINGRICH,0,1730232960,1730232960,04:16:00 PM,04:16:00 PM,0
2098573,3608,WELLDUN3,-123,1730233140,1730233017,04:19:00 PM,04:16:57 PM,-123
2106874,3609,WHOKMASB,219,1730229000,1730229219,03:10:00 PM,03:13:39 PM,219
2106874,3609,SHOLJAL2,157,1730229096,1730229253,03:11:36 PM,03:14:13 PM,157
2106874,3609,JALNARC5,134,1730229146,1730229280,03:12:26 PM,03:14:40 PM,134
2106874,3609,JALNMEG,126,1730229173,1730229299,03:12:53 PM,03:14:59 PM,126
2106874,3609,JALNERN4,116,1730229224,1730229340,03:13:44 PM,03:15:40 PM,116
2106874,3609,JALNAUGU,110,1730229258,1730229368,03:14:18 PM,03:16:08 PM,110
2106874,3609,JALNCLAR,107,1730229277,1730229384,03:14:37 PM,03:16:24 PM,107
2106874,3609,JALNFAI2,102,1730229298,1730229400,03:14:58 PM,03:16:40 PM,102
2106874,3609,JALNFAI1,84,1730229356,1730229440,03:15:56 PM,03:17:20 PM,84
2106874,3609,JALNCHES,69,1730229389,1730229458,03:16:29 PM,03:17:38 PM,69
2106874,3609,JALNCONW,73,1730229433,1730229506,03:17:13 PM,03:18:26 PM,73
2106874,3609,JALNBRA7,91,1730229449,1730229540,03:17:29 PM,03:19:00 PM,91
2106874,3609,JALNERI1,100,1730229480,1730229580,03:18:00 PM,03:19:40 PM,100
2106874,3609,JALNCOLE,85,1730229533,1730229618,03:18:53 PM,03:20:18 PM,85
2106874,3609,JALNJOS1,73,1730229565,1730229638,03:19:25 PM,03:20:38 PM,73
2106874,3609,JALNSDAL,53,1730229628,1730229681,03:20:28 PM,03:21:21 PM,53
2106874,3609,DUNDSTOC,50,1730229655,1730229705,03:20:55 PM,03:21:45 PM,50
2106874,3609,DUNDHIN1,35,1730229704,1730229739,03:21:44 PM,03:22:19 PM,35
2106874,3609,FERNVIN1,23,1730229741,1730229764,03:22:21 PM,03:22:44 PM,23
2106874,3609,FERNHAM2,-1,1730229799,1730229798,03:23:19 PM,03:23:18 PM,-1
2106874,3609,FERNCONT,-19,1730229863,1730229844,03:24:23 PM,03:24:04 PM,-19
2106874,3609,HIGVFER1,-37,1730229920,1730229883,03:25:20 PM,03:24:43 PM,-37
2106874,3609,HIGVROS3,-56,1730229974,1730229918,03:26:14 PM,03:25:18 PM,-56
2106874,3609,HIGVROS1,-74,1730230019,1730229945,03:26:59 PM,03:25:45 PM,-74
2106874,3609,HIGVWHA2,-82,1730230055,1730229973,03:27:35 PM,03:26:13 PM,-82
2106874,3609,HIGVWHA4,-77,1730230082,1730230005,03:28:02 PM,03:26:45 PM,-77
2106874,3609,WHARBAS3,0,1730230200,1730230200,03:30:00 PM,03:30:00 PM,0
2106874,3609,WHAREME1,-31,1730230282,1730230251,03:31:22 PM,03:30:51 PM,-31
2106874,3609,WHARELM1,-61,1730230370,1730230309,03:32:50 PM,03:31:49 PM,-61
2106874,3609,WHARBYR1,-78,1730230425,1730230347,03:33:45 PM,03:32:27 PM,-78
2106874,3609,WHARRIV1,0,1730230560,1730230560,03:36:00 PM,03:36:00 PM,0
2106874,3609,WHAROXF1,0,1730230920,1730230920,03:42:00 PM,03:42:00 PM,0
2106874,3609,WESTESSE,-6,1730230972,1730230966,03:42:52 PM,03:42:46 PM,-6
2106874,3609,WESTPHA3,0,1730231160,1730231160,03:46:00 PM,03:46:00 PM,0
2106874,3609,WESTLAM1,-6,1730231233,1730231227,03:47:13 PM,03:47:07 PM,-6
2106874,3609,WESTELG1,30,1730231302,1730231332,03:48:22 PM,03:48:52 PM,30
2106874,3609,RICHWEST,30,1730231483,1730231513,03:51:23 PM,03:51:53 PM,30
2106874,3609,MASOSTO3,-26,1730231580,1730231554,03:53:00 PM,03:52:34 PM,-26
2106913,3609,MASOSTO3,170,1730231940,1730232110,03:59:00 PM,04:01:50 PM,170
2106913,3609,RICHWES3,18,1730232141,1730232160,04:02:21 PM,04:02:40 PM,19
2106913,3609,WESTELG3,0,1730232420,1730232420,04:07:00 PM,04:07:00 PM,0
2106913,3609,WESTLAM2,-32,1730232536,1730232504,04:08:56 PM,04:08:24 PM,-32
2106913,3609,WESTSAR2,35,1730232646,1730232681,04:10:46 PM,04:11:21 PM,35
2106913,3609,WHARMCDO,-120,1730232929,1730232809,04:15:29 PM,04:13:29 PM,-120
2106913,3609,WHAROXF2,0,1730233020,1730233020,04:17:00 PM,04:17:00 PM,0
2106913,3609,WHARWYAT,0,1730233320,1730233320,04:22:00 PM,04:22:00 PM,0
2106913,3609,WHARBYR2,0,1730233492,1730233492,04:24:52 PM,04:24:52 PM,0
2106913,3609,WHARELM2,0,1730233571,1730233571,04:26:11 PM,04:26:11 PM,0
2106913,3609,WHAREME2,0,1730233718,1730233718,04:28:38 PM,04:28:38 PM,0
2106913,3609,WHARBAS2,0,1730233800,1730233800,04:30:00 PM,04:30:00 PM,0
2106913,3609,HIGVWHA1,0,1730233928,1730233928,04:32:08 PM,04:32:08 PM,0
2106913,3609,HIGVWHA3,0,1730233958,1730233958,04:32:38 PM,04:32:38 PM,0
2106913,3609,HIGVROS2,0,1730233998,1730233998,04:33:18 PM,04:33:18 PM,0
2106913,3609,HIGVROS4,0,1730234050,1730234050,04:34:10 PM,04:34:10 PM,0
2106913,3609,HIGVFER2,0,1730234101,1730234101,04:35:01 PM,04:35:01 PM,0
2106913,3609,FERNHOM1,0,1730234185,1730234185,04:36:25 PM,04:36:25 PM,0
2106913,3609,FERNHAM1,0,1730234239,1730234239,04:37:19 PM,04:37:19 PM,0
2106913,3609,DUNDHARC,0,1730234307,1730234307,04:38:27 PM,04:38:27 PM,0
2106913,3609,DUNDHIN2,0,1730234336,1730234336,04:38:56 PM,04:38:56 PM,0
2106913,3609,DUNDSDAL,0,1730234384,1730234384,04:39:44 PM,04:39:44 PM,0
2106913,3609,JALNJOS2,0,1730234424,1730234424,04:40:24 PM,04:40:24 PM,0
2106913,3609,JALNJOS4,0,1730234481,1730234481,04:41:21 PM,04:41:21 PM,0
2106913,3609,JALNERI2,0,1730234510,1730234510,04:41:50 PM,04:41:50 PM,0
2106913,3609,JALNERI4,0,1730234580,1730234580,04:43:00 PM,04:43:00 PM,0
2106913,3609,BRADJALN,0,1730234658,1730234658,04:44:18 PM,04:44:18 PM,0
2106913,3609,BRADERNE,0,1730234706,1730234706,04:45:06 PM,04:45:06 PM,0
2106913,3609,BRADWOPS,0,1730234784,1730234784,04:46:24 PM,04:46:24 PM,0
2106913,3609,BRADMEDI,0,1730234827,1730234827,04:47:07 PM,04:47:07 PM,0
2106913,3609,JALNBRA4,0,1730234881,1730234881,04:48:01 PM,04:48:01 PM,0
2106913,3609,WHOKMASB,0,1730234940,1730234940,04:49:00 PM,04:49:00 PM,0
2097560,3610,RICHHOT2,60,1730229063,1730229123,03:11:03 PM,03:12:03 PM,60
2097560,3610,RICHGREY,40,1730229112,1730229152,03:11:52 PM,03:12:32 PM,40
2097560,3610,CARFCAR2,16,1730229161,1730229177,03:12:41 PM,03:12:57 PM,16
2097560,3610,CARFWOOD,20,1730229200,1730229220,03:13:20 PM,03:13:40 PM,20
2097560,3610,GRANHIG1,11,1730229261,1730229272,03:14:21 PM,03:14:32 PM,11
2097560,3610,HIGHGRA2,14,1730229300,1730229314,03:15:00 PM,03:15:14 PM,14
2097560,3610,HIGHWIN2,-13,1730229354,1730229341,03:15:54 PM,03:15:41 PM,-13
2097560,3610,HIGHEME2,-36,1730229410,1730229374,03:16:50 PM,03:16:14 PM,-36
2097560,3610,HIGHCHE2,-51,1730229448,1730229397,03:17:28 PM,03:16:37 PM,-51
2097560,3610,BASEHIG1,-70,1730229502,1730229432,03:18:22 PM,03:17:12 PM,-70
2097560,3610,BASEWEL3,-66,1730229556,1730229490,03:19:16 PM,03:18:10 PM,-66
2097560,3610,BASEFAI3,-43,1730229623,1730229580,03:20:23 PM,03:19:40 PM,-43
2097560,3610,VICTZONB,-80,1730229660,1730229580,03:21:00 PM,03:19:40 PM,-80
2097560,3610,VICTZONB,58,1730229660,1730229718,03:21:00 PM,03:21:58 PM,58
2097560,3610,VICTLOT9,20,1730229731,1730229751,03:22:11 PM,03:22:31 PM,20
2097560,3610,VICZONC,26,1730229778,1730229804,03:22:58 PM,03:23:24 PM,26
2097560,3610,VICTWES1,20,1730229848,1730229868,03:24:08 PM,03:24:28 PM,20
2097560,3610,PARKWEC2,-4,1730229919,1730229915,03:25:19 PM,03:25:15 PM,-4
2097560,3610,PARKMEHE,-46,1730230055,1730230009,03:27:35 PM,03:26:49 PM,-46
2097560,3610,PARKMAEN,-111,1730230140,1730230029,03:29:00 PM,03:27:09 PM,-111
2097521,3610,PARKMAEN,0,1730230260,1730230260,03:31:00 PM,03:31:00 PM,0
2097521,3610,VICTCOMM,0,1730230390,1730230390,03:33:10 PM,03:33:10 PM,0
2097521,3610,VICTMUBU,-25,1730230459,1730230434,03:34:19 PM,03:33:54 PM,-25
2097521,3610,VICTZON7,-65,1730230500,1730230435,03:35:00 PM,03:33:55 PM,-65
2097521,3610,VICTZON7,60,1730230500,1730230560,03:35:00 PM,03:36:00 PM,60
2097521,3610,BASEFAI2,34,1730230552,1730230586,03:35:52 PM,03:36:26 PM,34
2097521,3610,BASEWEL6,44,1730230617,1730230660,03:36:57 PM,03:37:40 PM,43
2097521,3610,HIGHBASE,30,1730230688,1730230718,03:38:08 PM,03:38:38 PM,30
2097521,3610,HIGHCHE1,12,1730230736,1730230748,03:38:56 PM,03:39:08 PM,12
2097521,3610,HIGHEME1,2,1730230764,1730230766,03:39:24 PM,03:39:26 PM,2
2097521,3610,HIGHWIN3,-24,1730230828,1730230804,03:40:28 PM,03:40:04 PM,-24
2097521,3610,HIGHMCL1,-54,1730230877,1730230824,03:41:17 PM,03:40:24 PM,-53
2097521,3610,GRANHIG2,0,1730230920,1730230920,03:42:00 PM,03:42:00 PM,0
2097521,3610,GRANHIG4,-18,1730230955,1730230937,03:42:35 PM,03:42:17 PM,-18
2097521,3610,CARFGRAN,-35,1730231009,1730230974,03:43:29 PM,03:42:54 PM,-35
2097521,3610,CARFCAR1,-61,1730231067,1730231006,03:44:27 PM,03:43:26 PM,-61
2097521,3610,RICHSIM1,-111,1730231146,1730231035,03:45:46 PM,03:43:55 PM,-111
2097521,3610,RICHHOT3,-128,1730231182,1730231054,03:46:22 PM,03:44:14 PM,-128
2097521,3610,RICHKIN1,0,1730231280,1730231280,03:48:00 PM,03:48:00 PM,0
2097521,3610,RICHQUEE,-89,1730231400,1730231311,03:50:00 PM,03:48:31 PM,-89
2097521,3610,RICHQUEE,144,1730231400,1730231544,03:50:00 PM,03:52:24 PM,144
2097521,3610,RICHKEN1,81,1730231497,1730231578,03:51:37 PM,03:52:58 PM,81
2097521,3610,RICHHYM1,45,1730231591,1730231636,03:53:11 PM,03:53:56 PM,45
2097521,3610,RICHPALL,47,1730231645,1730231692,03:54:05 PM,03:54:52 PM,47
2097521,3610,RICHOXF1,67,1730231760,1730231827,03:56:00 PM,03:57:07 PM,67
2097521,3610,RICHJAM1,49,1730231792,1730231841,03:56:32 PM,03:57:21 PM,49
2097521,3610,RICHGRO1,40,1730231844,1730231884,03:57:24 PM,03:58:04 PM,40
2097521,3610,RICHCHE1,32,1730231875,1730231907,03:57:55 PM,03:58:27 PM,32
2097521,3610,RICHVIC1,16,1730231918,1730231934,03:58:38 PM,03:58:54 PM,16
2097521,3610,RICHREG1,-6,1730231961,1730231955,03:59:21 PM,03:59:15 PM,-6
2097521,3610,RICHHUR1,-16,1730231996,1730231980,03:59:56 PM,03:59:40 PM,-16
2097521,3610,RICHUNI1,-24,1730232033,1730232009,04:00:33 PM,04:00:09 PM,-24
2097521,3610,RICHBERN,-26,1730232090,1730232064,04:01:30 PM,04:01:04 PM,-26
2097521,3610,RICHRAY1,-51,1730232138,1730232087,04:02:18 PM,04:01:27 PM,-51
2097521,3610,WINDRIC2,-104,1730232266,1730232162,04:04:26 PM,04:02:42 PM,-104
2097521,3610,PERTWIN2,-107,1730232308,1730232201,04:05:08 PM,04:03:21 PM,-107
2097521,3610,UNIVHOS2,-140,1730232360,1730232220,04:06:00 PM,04:03:40 PM,-140
2095616,3612,KINGRICH,257,1730228940,1730229197,03:09:00 PM,03:13:17 PM,257
2095616,3612,WELLDUN3,100,1730229180,1730229280,03:13:00 PM,03:14:40 PM,100
2095616,3612,DUNDWAT1,154,1730229180,1730229334,03:13:00 PM,03:15:34 PM,154
2095616,3612,DUNDCOL1,121,1730229238,1730229359,03:13:58 PM,03:15:59 PM,121
2095616,3612,DUNDMAI1,70,1730229328,1730229398,03:15:28 PM,03:16:38 PM,70
2095616,3612,DUNDWIL1,32,1730229410,1730229442,03:16:50 PM,03:17:22 PM,32
2095616,3612,DUNDADE1,53,1730229480,1730229533,03:18:00 PM,03:18:53 PM,53
2095616,3612,DUNDLYLE,15,1730229543,1730229558,03:19:03 PM,03:19:18 PM,15
2095616,3612,DUNDHEWI,31,1730229585,1730229616,03:19:45 PM,03:20:16 PM,31
2095616,3612,DUNDREC1,16,1730229628,1730229644,03:20:28 PM,03:20:44 PM,16
2095616,3612,DUNDONT1,28,1730229657,1730229685,03:20:57 PM,03:21:25 PM,28
2095616,3612,DUNDQUE1,18,1730229702,1730229720,03:21:42 PM,03:22:00 PM,18
2095616,3612,DUNDEGE1,,,,,,
2095616,3612,DUNDKELL,,,,,,
2095616,3612,DUNDELE1,,,,,,
2095616,3612,DUNDASH1,-53,1730229884,1730229831,03:24:44 PM,03:23:51 PM,-53
2095616,3612,DUNDHIG1,31,1730229960,1730229991,03:26:00 PM,03:26:31 PM,31
2095616,3612,DUNDHAL3,,,,,,
2095616,3612,HALEDOU2,,,,,,
2095616,3612,HALEBEAT,,,,,,
2095616,3612,HALEMONT,,,,,,
2095616,3612,HALEBRY2,,,,,,
2095616,3612,HALESTE2,,,,,,
2095616,3612,HALETRA2,,,,,,
2095616,3612,TRAFSTE1,90,1730230278,1730230368,03:31:18 PM,03:32:48 PM,90
2095616,3612,TRAFTHO1,84,1730230307,1730230391,03:31:47 PM,03:33:11 PM,84
2095616,3612,TRAFVAN1,55,1730230370,1730230425,03:32:50 PM,03:33:45 PM,55
2095616,3612,TRAFBALF,48,1730230397,1730230445,03:33:17 PM,03:34:05 PM,48
2095616,3612,TRAFFAL2,37,1730230435,1730230472,03:33:55 PM,03:34:32 PM,37
2095616,3612,TRAFCLA1,30,1730230500,1730230530,03:35:00 PM,03:35:30 PM,30
2095616,3612,CLARTRA1,56,1730230532,1730230588,03:35:32 PM,03:36:28 PM,56
2095616,3612,CLARROY1,15,1730230601,1730230616,03:36:41 PM,03:36:56 PM,15
2095616,3612,CLARROY3,0,1730230636,1730230636,03:37:16 PM,03:37:16 PM,0
2095616,3612,CLARWAV1,-13,1730230663,1730230650,03:37:43 PM,03:37:30 PM,-13
2095616,3612,CLARCHU1,-33,1730230706,1730230673,03:38:26 PM,03:37:53 PM,-33
2095616,3612,ARGYMAL1,-111,1730230800,1730230689,03:40:00 PM,03:38:09 PM,-111
2095616,3612,ARGYMAL1,84,1730231160,1730231244,03:46:00 PM,03:47:24 PM,84
2095616,3612,CLARCHU2,59,1730231205,1730231264,03:46:45 PM,03:47:44 PM,59
2095616,3612,CLARWAV2,48,1730231250,1730231298,03:47:30 PM,03:48:18 PM,48
2095616,3612,CLARROY2,38,1730231274,1730231312,03:47:54 PM,03:48:32 PM,38
2095616,3612,CLARSUD2,12,1730231328,1730231340,03:48:48 PM,03:49:00 PM,12
2095616,3612,MARCTRAF,42,1730231401,1730231443,03:50:01 PM,03:50:43 PM,42
2095616,3612,MARCNOEL,53,1730231451,1730231504,03:50:51 PM,03:51:44 PM,53
2095616,3612,NOELBOW,51,1730231499,1730231550,03:51:39 PM,03:52:30 PM,51
2095616,3612,BOWBANC,49,1730231540,1730231589,03:52:20 PM,03:53:09 PM,49
2095616,3612,HUDSBAFF,49,1730231565,1730231614,03:52:45 PM,03:53:34 PM,49
2095616,3612,HUDSFROB,56,1730231588,1730231644,03:53:08 PM,03:54:04 PM,56
2095616,3612,HUDSJOLI,49,1730231640,1730231689,03:54:00 PM,03:54:49 PM,49
2095616,3612,HUDSTRAF,38,1730231669,1730231707,03:54:29 PM,03:55:07 PM,38
2095616,3612,TRAFHUD2,-53,1730231760,1730231707,03:56:00 PM,03:55:07 PM,-53
2095655,3612,TRAFHUD2,0,1730231820,1730231820,03:57:00 PM,03:57:00 PM,0
2095655,3612,TRAFHUD4,0,1730231864,1730231864,03:57:44 PM,03:57:44 PM,0
2095655,3612,TRAFBANC,0,1730231902,1730231902,03:58:22 PM,03:58:22 PM,0
2095655,3612,TRAFMARC,-6,1730231986,1730231980,03:59:46 PM,03:59:40 PM,-6
2095655,3612,TRAFCLA2,-11,1730232021,1730232010,04:00:21 PM,04:00:10 PM,-11
2095655,3612,TRAFCLA4,-22,1730232047,1730232025,04:00:47 PM,04:00:25 PM,-22
2095655,3612,TRAFATK2,-68,1730232129,1730232061,04:02:09 PM,04:01:01 PM,-68
2095655,3612,TRAFDAWN,-83,1730232163,1730232080,04:02:43 PM,04:01:20 PM,-83
2095655,3612,TRAFVAN2,-93,1730232206,1730232113,04:03:26 PM,04:01:53 PM,-93
2095655,3612,TRAFTHO2,-133,1730232288,1730232155,04:04:48 PM,04:02:35 PM,-133
2095655,3612,TRAFSTE2,-150,1730232332,1730232182,04:05:32 PM,04:03:02 PM,-150
2095655,3612,HALESTE1,-188,1730232420,1730232232,04:07:00 PM,04:03:52 PM,-188
2095655,3612,HALEBRY1,-179,1730232467,1730232288,04:07:47 PM,04:04:48 PM,-179
2095655,3612,HALEGRAY,-194,1730232506,1730232312,04:08:26 PM,04:05:12 PM,-194
2095655,3612,HALEEAST,-189,1730232539,1730232350,04:08:59 PM,04:05:50 PM,-189
2095655,3612,HALEDOU1,,,,,,
2095655,3612,HALEDUND,,,,,,
2095655,3612,DUNDHAL4,,,,,,
2095655,3612,DUNDHIG2,184,1730232720,1730232904,04:12:00 PM,04:15:04 PM,184
2095655,3612,DUNDASH4,128,1730232811,1730232939,04:13:31 PM,04:15:39 PM,128
2095655,3612,DUNDMCOR,,,,,,
2095655,3612,DUNDDORI,,,,,,
2095655,3612,DUNDEGE2,,,,,,
2095655,3612,DUNDQUE2,-9,1730233044,1730233035,04:17:24 PM,04:17:15 PM,-9
2095655,3612,DUNDONT2,-38,1730233098,1730233060,04:18:18 PM,04:17:40 PM,-38
2095655,3612,DUNDREC2,-62,1730233149,1730233087,04:19:09 PM,04:18:07 PM,-62
2095655,3612,DUNDENGL,-84,1730233203,1730233119,04:20:03 PM,04:18:39 PM,-84
2095655,3612,DUNDELIZ,-95,1730233259,1730233164,04:20:59 PM,04:19:24 PM,-95
2095655,3612,DUNDADE2,0,1730233320,1730233320,04:22:00 PM,04:22:00 PM,0
2095655,3612,DUNDWIL2,0,1730233364,1730233364,04:22:44 PM,04:22:44 PM,0
2095655,3612,DUNDMAI2,0,1730233426,1730233426,04:23:46 PM,04:23:46 PM,0
2095655,3612,DUNDCOL2,0,1730233489,1730233489,04:24:49 PM,04:24:49 PM,0
2095655,3612,DUNDWAT2,0,1730233553,1730233553,04:25:53 PM,04:25:53 PM,0
2095655,3612,DUNDWEL2,0,1730233620,1730233620,04:27:00 PM,04:27:00 PM,0
2095655,3612,QUEECLAR,0,1730233731,1730233731,04:28:51 PM,04:28:51 PM,0
2095655,3612,QUEERIC1,0,1730233800,1730233800,04:30:00 PM,04:30:00 PM,0
2095655,3612,QUEERIC1,0,1730233800,1730233800,04:30:00 PM,04:30:00 PM,0
2095655,3612,QUENRIDO,0,1730233910,1730233910,04:31:50 PM,04:31:50 PM,0
2095655,3612,RIVEWIL2,0,1730234051,1730234051,04:34:11 PM,04:34:11 PM,0
2095655,3612,RIVEWHA2,0,1730234105,1730234105,04:35:05 PM,04:35:05 PM,0
2095655,3612,WHARMPL1,0,1730234162,1730234162,04:36:02 PM,04:36:02 PM,0
2095655,3612,WHARMOIR,0,1730234215,1730234215,04:36:55 PM,04:36:55 PM,0
2095655,3612,WHAREMPR,0,1730234295,1730234295,04:38:15 PM,04:38:15 PM,0
2095655,3612,WHAROXF1,0,1730234400,1730234400,04:40:00 PM,04:40:00 PM,0
2095655,3612,WESTESSE,0,1730234461,1730234461,04:41:01 PM,04:41:01 PM,0
2095655,3612,WESTHOL1,0,1730234512,1730234512,04:41:52 PM,04:41:52 PM,0
2095655,3612,WESTPLA1,0,1730234566,1730234566,04:42:46 PM,04:42:46 PM,0
2095655,3612,WESTPHA1,0,1730234640,1730234640,04:44:00 PM,04:44:00 PM,0
2095655,3612,WESTPHA3,0,1730234705,1730234705,04:45:05 PM,04:45:05 PM,0
2095655,3612,ALUMHAL1,0,1730234839,1730234839,04:47:19 PM,04:47:19 PM,0
2095655,3612,MIDDPERT,0,1730235004,1730235004,04:50:04 PM,04:50:04 PM,0
2095655,3612,NATSCI,0,1730235120,1730235120,04:52:00 PM,04:52:00 PM,0
2095020,3614,THOMJACQ,115,1730229109,1730229224,03:11:49 PM,03:13:44 PM,115
2095020,3614,THOMADE2,120,1730229164,1730229284,03:12:44 PM,03:14:44 PM,120
2095020,3614,WESTTHO2,113,1730229195,1730229308,03:13:15 PM,03:15:08 PM,113
2095020,3614,WESTWHE2,96,1730229232,1730229328,03:13:52 PM,03:15:28 PM,96
2095020,3614,WESTBAS2,73,1730229276,1730229349,03:14:36 PM,03:15:49 PM,73
2095020,3614,BASEFAI2,58,1730229360,1730229418,03:16:00 PM,03:16:58 PM,58
2095020,3614,WELLBAS3,32,1730229438,1730229470,03:17:18 PM,03:17:50 PM,32
2095020,3614,WELLCHES,12,1730229492,1730229504,03:18:12 PM,03:18:24 PM,12
2095020,3614,WELLALEX,-28,1730229565,1730229537,03:19:25 PM,03:18:57 PM,-28
2095020,3614,WELLBOND,-60,1730229617,1730229557,03:20:17 PM,03:19:17 PM,-60
2095020,3614,WELLMCL1,-90,1730229672,1730229582,03:21:12 PM,03:19:42 PM,-90
2095020,3614,WELLGRA1,-115,1730229721,1730229606,03:22:01 PM,03:20:06 PM,-115
2095020,3614,SOUTWEL3,-155,1730229812,1730229657,03:23:32 PM,03:20:57 PM,-155
2095020,3614,SOUTWATE,-174,1730229852,1730229678,03:24:12 PM,03:21:18 PM,-174
2095020,3614,SOUTHOSP,-189,1730229895,1730229706,03:24:55 PM,03:21:46 PM,-189
2095020,3614,COLBGRE1,-209,1730229979,1730229770,03:26:19 PM,03:22:50 PM,-209
2095020,3614,COLBHOR1,-178,1730230021,1730229843,03:27:01 PM,03:24:03 PM,-178
2095020,3614,YORKCOL2,-155,1730230095,1730229940,03:28:15 PM,03:25:40 PM,-155
2095020,3614,YORKWAT2,-160,1730230128,1730229968,03:28:48 PM,03:26:08 PM,-160
2095020,3614,WATEDUN1,0,1730230200,1730230200,03:30:00 PM,03:30:00 PM,0
2095020,3614,WATEQUE1,-26,1730230253,1730230227,03:30:53 PM,03:30:27 PM,-26
2095020,3614,DUFFCOLB,-50,1730230328,1730230278,03:32:08 PM,03:31:18 PM,-50
2095020,3614,COLBPRIN,,,,,,
2095020,3614,COLBCEN1,,,,,,
2095020,3614,COLBPAM1,-22,1730230521,1730230499,03:35:21 PM,03:34:59 PM,-22
2095020,3614,COLBOXFO,0,1730230620,1730230620,03:37:00 PM,03:37:00 PM,0
2095020,3614,COLBSJM1,-14,1730230647,1730230633,03:37:27 PM,03:37:13 PM,-14
2095020,3614,COLBGRO2,-29,1730230688,1730230659,03:38:08 PM,03:37:39 PM,-29
2095020,3614,CHEACOLB,-20,1730230736,1730230716,03:38:56 PM,03:38:36 PM,-20
2095020,3614,CHEAMAI1,-35,1730230779,1730230744,03:39:39 PM,03:39:04 PM,-35
2095020,3614,CHEAWIL1,-47,1730230819,1730230772,03:40:19 PM,03:39:32 PM,-47
2095020,3614,ADELCHE1,0,1730230860,1730230860,03:41:00 PM,03:41:00 PM,0
2095020,3614,ADELVIC1,-16,1730230895,1730230879,03:41:35 PM,03:41:19 PM,-16
2095020,3614,ADELREG1,8,1730230949,1730230957,03:42:29 PM,03:42:37 PM,8
2095020,3614,ADELHUR1,27,1730230987,1730231014,03:43:07 PM,03:43:34 PM,27
2095020,3614,ADELHUR5,-7,1730231054,1730231047,03:44:14 PM,03:44:07 PM,-7
2095020,3614,KIPPADEL,-86,1730231160,1730231074,03:46:00 PM,03:44:34 PM,-86
2094966,3614,KIPPADEL,0,1730231460,1730231460,03:51:00 PM,03:51:00 PM,0
2094966,3614,KIPPBELF,0,1730231525,1730231525,03:52:05 PM,03:52:05 PM,0
2094966,3614,KIPPBARK,-16,1730231596,1730231580,03:53:16 PM,03:53:00 PM,-16
2094966,3614,KIPPARBO,-32,1730231639,1730231607,03:53:59 PM,03:53:27 PM,-32
2094966,3614,KIPPBRIA,-64,1730231708,1730231644,03:55:08 PM,03:54:04 PM,-64
2094966,3614,BRIAMEL2,-83,1730231761,1730231678,03:56:01 PM,03:54:38 PM,-83
2094966,3614,BRIAMEL3,-94,1730231807,1730231713,03:56:47 PM,03:55:13 PM,-94
2094966,3614,BRIAHURO,-68,1730231832,1730231764,03:57:12 PM,03:56:04 PM,-68
2094966,3614,HUROBRI2,-69,1730231861,1730231792,03:57:41 PM,03:56:32 PM,-69
2094966,3614,HUROBARK,-102,1730231929,1730231827,03:58:49 PM,03:57:07 PM,-102
2094966,3614,HUROWEDG,-137,1730231999,1730231862,03:59:59 PM,03:57:42 PM,-137
2094966,3614,HUROADE6,-159,1730232060,1730231901,04:01:00 PM,03:58:21 PM,-159
2094966,3614,ADELHUR2,0,1730232120,1730232120,04:02:00 PM,04:02:00 PM,0
2094966,3614,ADELVIC2,-49,1730232197,1730232148,04:03:17 PM,04:02:28 PM,-49
2094966,3614,CHEAADE2,-69,1730232270,1730232201,04:04:30 PM,04:03:21 PM,-69
2094966,3614,CHEAWIL2,-94,1730232307,1730232213,04:05:07 PM,04:03:33 PM,-94
2094966,3614,CHEAMAI2,-139,1730232381,1730232242,04:06:21 PM,04:04:02 PM,-139
2094966,3614,COLBCHEA,-171,1730232439,1730232268,04:07:19 PM,04:04:28 PM,-171
2094966,3614,COLBGRO1,-195,1730232485,1730232290,04:08:05 PM,04:04:50 PM,-195
2094966,3614,COLBSJM2,-228,1730232542,1730232314,04:09:02 PM,04:05:14 PM,-228
2094966,3614,COLBOXFD,0,1730232600,1730232600,04:10:00 PM,04:10:00 PM,0
2094966,3614,COLBPAM2,-27,1730232679,1730232652,04:11:19 PM,04:10:52 PM,-27
2094966,3614,COLBCEN2,,,,,,
2094966,3614,COLBDUFF,10,1730232820,1730232830,04:13:40 PM,04:13:50 PM,10
2094966,3614,WATEDUF1,6,1730232887,1730232893,04:14:47 PM,04:14:53 PM,6
2094966,3614,WATEKINS,28,1730232974,1730233002,04:16:14 PM,04:16:42 PM,28
2094966,3614,YORKWAT1,32,1730233020,1730233052,04:17:00 PM,04:17:32 PM,32
2094966,3614,COLBHOR2,18,1730233142,1730233160,04:19:02 PM,04:19:20 PM,18
2094966,3614,GREYCOLB,-14,1730233210,1730233196,04:20:10 PM,04:19:56 PM,-14
2094966,3614,GREYWATE,-40,1730233255,1730233215,04:20:55 PM,04:20:15 PM,-40
2094966,3614,WELLGRE2,-35,1730233333,1730233298,04:22:13 PM,04:21:38 PM,-35
2094966,3614,WELLSOU2,-78,1730233397,1730233319,04:23:17 PM,04:21:59 PM,-78
2094966,3614,WELLGRA2,-116,1730233494,1730233378,04:24:54 PM,04:22:58 PM,-116
2094966,3614,WELLCOLG,-150,1730233556,1730233406,04:25:56 PM,04:23:26 PM,-150
2094966,3614,WELLWELL,-195,1730233624,1730233429,04:27:04 PM,04:23:49 PM,-195
2094966,3614,WELLTHJA,-259,1730233719,1730233460,04:28:39 PM,04:24:20 PM,-259
2094966,3614,WELLPERC,-291,1730233776,1730233485,04:29:36 PM,04:24:45 PM,-291
2094966,3614,BASEWEL1,-304,1730233845,1730233541,04:30:45 PM,04:25:41 PM,-304
2094966,3614,BASEFAI3,0,1730233920,1730233920,04:32:00 PM,04:32:00 PM,0
2094966,3614,WESTBAS1,0,1730233978,1730233978,04:32:58 PM,04:32:58 PM,0
2094966,3614,WESTWHE1,0,1730234005,1730234005,04:33:25 PM,04:33:25 PM,0
2094966,3614,WESTTHO1,0,1730234041,1730234041,04:34:01 PM,04:34:01 PM,0
2094966,3614,THOMADE1,0,1730234086,1730234086,04:34:46 PM,04:34:46 PM,0
2094966,3614,THOMEME1,0,1730234116,1730234116,04:35:16 PM,04:35:16 PM,0
2094966,3614,THOMCHE1,0,1730234164,1730234164,04:36:04 PM,04:36:04 PM,0
2094966,3614,THOMGLA1,0,1730234182,1730234182,04:36:22 PM,04:36:22 PM,0
2094966,3614,KINGTHO2,0,1730234220,1730234220,04:37:00 PM,04:37:00 PM,0
2094966,3614,KINGTHO2,0,1730234220,1730234220,04:37:00 PM,04:37:00 PM,0
2094966,3614,KINGDIP2,0,1730234247,1730234247,04:37:27 PM,04:37:27 PM,0
2094966,3614,KINGSCE2,0,1730234274,1730234274,04:37:54 PM,04:37:54 PM,0
2094966,3614,KINGECHO,0,1730234303,1730234303,04:38:23 PM,04:38:23 PM,0
2094966,3614,KINGCHI2,0,1730234337,1730234337,04:38:57 PM,04:38:57 PM,0
2094966,3614,KINGEAGL,0,1730234361,1730234361,04:39:21 PM,04:39:21 PM,0
2094966,3614,BURLCAIR,0,1730234445,1730234445,04:40:45 PM,04:40:45 PM,0
2094966,3614,BURLPOMI,0,1730234481,1730234481,04:41:21 PM,04:41:21 PM,0
2094966,3614,SHELBUR2,0,1730234502,1730234502,04:41:42 PM,04:41:42 PM,0
2094966,3614,SHELODEL,0,1730234523,1730234523,04:42:03 PM,04:42:03 PM,0
2094966,3614,SHELDEVE,0,1730234580,1730234580,04:43:00 PM,04:43:00 PM,0
2101084,3615,WESTMAL2,218,1730226960,1730227178,02:36:00 PM,02:39:38 PM,218
2101084,3615,VISCWON1,218,1730227007,1730227225,02:36:47 PM,02:40:25 PM,218
2101084,3615,VISCWON5,214,1730227033,1730227247,02:37:13 PM,02:40:47 PM,214
2101084,3615,WONDMMA4,190,1730227098,1730227288,02:38:18 PM,02:41:28 PM,190
2101084,3615,MCMAWON2,181,1730227136,1730227317,02:38:56 PM,02:41:57 PM,181
2101084,3615,DALHMCM1,154,1730227197,1730227351,02:39:57 PM,02:42:31 PM,154
2101084,3615,RICHKEN1,-105,1730229208,1730229103,03:13:28 PM,03:11:43 PM,-105
2101084,3615,RICHHYM1,-131,1730229288,1730229157,03:14:48 PM,03:12:37 PM,-131
2101084,3615,RICHPALL,-136,1730229334,1730229198,03:15:34 PM,03:13:18 PM,-136
2101084,3615,RICHOXF1,-114,1730229430,1730229316,03:17:10 PM,03:15:16 PM,-114
2101084,3615,RICHJAM1,-144,1730229476,1730229332,03:17:56 PM,03:15:32 PM,-144
2101084,3615,RICHGRO1,-178,1730229552,1730229374,03:19:12 PM,03:16:14 PM,-178
2101084,3615,RICHCHE1,0,1730229600,1730229600,03:20:00 PM,03:20:00 PM,0
2101084,3615,CHEAWAT1,-21,1730229686,1730229665,03:21:26 PM,03:21:05 PM,-21
2101084,3615,CHEACOLB,-40,1730229742,1730229702,03:22:22 PM,03:21:42 PM,-40
2101084,3615,CHEAMAI1,-63,1730229794,1730229731,03:23:14 PM,03:22:11 PM,-63
2101084,3615,CHEAWIL1,-83,1730229842,1730229759,03:24:02 PM,03:22:39 PM,-83
2101084,3615,CHEAADE1,0,1730229900,1730229900,03:25:00 PM,03:25:00 PM,0
2101084,3615,CHEABRA1,-46,1730229982,1730229936,03:26:22 PM,03:25:36 PM,-46
2101084,3615,CHEAGAM1,-60,1730230029,1730229969,03:27:09 PM,03:26:09 PM,-60
2101084,3615,CHEABARK,-66,1730230074,1730230008,03:27:54 PM,03:26:48 PM,-66
2101084,3615,CHEABOU1,-67,1730230112,1730230045,03:28:32 PM,03:27:25 PM,-67
2101084,3615,CHEAMCNA,-62,1730230179,1730230117,03:29:39 PM,03:28:37 PM,-62
2101084,3615,MCNAVIC3,-74,1730230235,1730230161,03:30:35 PM,03:29:21 PM,-74
2101084,3615,MCNAVIC1,-73,1730230256,1730230183,03:30:56 PM,03:29:43 PM,-73
2101084,3615,MCNAHUR1,-59,1730230306,1730230247,03:31:46 PM,03:30:47 PM,-59
2101084,3615,HUROVES1,-63,1730230372,1730230309,03:32:52 PM,03:31:49 PM,-63
2101084,3615,HUROHIG1,0,1730230440,1730230440,03:34:00 PM,03:34:00 PM,0
2101084,3615,HUROWEB1,-30,1730230535,1730230505,03:35:35 PM,03:35:05 PM,-30
2101084,3615,HUROSAN1,-40,1730230597,1730230557,03:36:37 PM,03:35:57 PM,-40
2101084,3615,BECKTOUK,-59,1730230671,1730230612,03:37:51 PM,03:36:52 PM,-59
2101084,3615,BECKLANC,-72,1730230706,1730230634,03:38:26 PM,03:37:14 PM,-72
2101084,3615,BECKLANG,-83,1730230731,1730230648,03:38:51 PM,03:37:28 PM,-83
2101084,3615,BECKTUDO,-94,1730230756,1730230662,03:39:16 PM,03:37:42 PM,-94
2101084,3615,BECKSORR,-93,1730230787,1730230694,03:39:47 PM,03:38:14 PM,-93
2101084,3615,SORRPERT,-106,1730230845,1730230739,03:40:45 PM,03:38:59 PM,-106
2101084,3615,SORRHURO,-108,1730230882,1730230774,03:41:22 PM,03:39:34 PM,-108
2101084,3615,OAKVHURO,-144,1730230920,1730230776,03:42:00 PM,03:39:36 PM,-144
2100999,3615,OAKVHURO,0,1730231520,1730231520,03:52:00 PM,03:52:00 PM,0
2100999,3615,OAKVTILI,0,1730231545,1730231545,03:52:25 PM,03:52:25 PM,0
2100999,3615,OAKVCHIP,0,1730231584,1730231584,03:53:04 PM,03:53:04 PM,0
2100999,3615,CHIPAPP2,1,1730231611,1730231612,03:53:31 PM,03:53:32 PM,1
2100999,3615,CHIPTREV,-8,1730231640,1730231632,03:54:00 PM,03:53:52 PM,-8
2100999,3615,CHIPAPP4,-18,1730231679,1730231661,03:54:39 PM,03:54:21 PM,-18
2100999,3615,SANDBENT,-22,1730231717,1730231695,03:55:17 PM,03:54:55 PM,-22
2100999,3615,SANDHUR2,-30,1730231767,1730231737,03:56:07 PM,03:55:37 PM,-30
2100999,3615,HUROSAN2,-21,1730231796,1730231775,03:56:36 PM,03:56:15 PM,-21
2100999,3615,HUROWEB2,-19,1730231846,1730231827,03:57:26 PM,03:57:07 PM,-19
2100999,3615,HUROHIG4,32,1730231940,1730231972,03:59:00 PM,03:59:32 PM,32
2100999,3615,HUROVES2,11,1730232000,1730232011,04:00:00 PM,04:00:11 PM,11
2100999,3615,MCNAHUR2,-9,1730232098,1730232089,04:01:38 PM,04:01:29 PM,-9
2100999,3615,MCNAROC2,-24,1730232133,1730232109,04:02:13 PM,04:01:49 PM,-24
2100999,3615,MCNAVIC2,-40,1730232184,1730232144,04:03:04 PM,04:02:24 PM,-40
2100999,3615,MCNACHEA,-42,1730232225,1730232183,04:03:45 PM,04:03:03 PM,-42
2100999,3615,CHEABOU2,-66,1730232311,1730232245,04:05:11 PM,04:04:05 PM,-66
2100999,3615,CHEASTER,-91,1730232378,1730232287,04:06:18 PM,04:04:47 PM,-91
2100999,3615,CHEAGAM2,-115,1730232430,1730232315,04:07:10 PM,04:05:15 PM,-115
2100999,3615,CHEABRA2,-144,1730232492,1730232348,04:08:12 PM,04:05:48 PM,-144
2100999,3615,CHEAADE4,-156,1730232550,1730232394,04:09:10 PM,04:06:34 PM,-156
2100999,3615,CHEAADE2,0,1730232600,1730232600,04:10:00 PM,04:10:00 PM,0
2100999,3615,CHEAWIL2,-10,1730232621,1730232611,04:10:21 PM,04:10:11 PM,-10
2100999,3615,CHEAMAI2,-23,1730232665,1730232642,04:11:05 PM,04:10:42 PM,-23
2100999,3615,CHEACOL2,-26,1730232692,1730232666,04:11:32 PM,04:11:06 PM,-26
2100999,3615,CHEAWAT2,-34,1730232725,1730232691,04:12:05 PM,04:11:31 PM,-34
2100999,3615,CHEARICH,9,1730232780,1730232789,04:13:00 PM,04:13:09 PM,9
2100999,3615,RICHGRO2,-22,1730232871,1730232849,04:14:31 PM,04:14:09 PM,-22
2100999,3615,RICHJAM2,-38,1730232920,1730232882,04:15:20 PM,04:14:42 PM,-38
2100999,3615,RICHOXF2,-38,1730233006,1730232968,04:16:46 PM,04:16:08 PM,-38
2100999,3615,RICHMILL,-55,1730233065,1730233010,04:17:45 PM,04:16:50 PM,-55
2100999,3615,RICHCENT,-73,1730233149,1730233076,04:19:09 PM,04:17:56 PM,-73
2100999,3615,RICHKEN2,-98,1730233206,1730233108,04:20:06 PM,04:18:28 PM,-98
2100999,3615,RICHDUF2,-108,1730233240,1730233132,04:20:40 PM,04:18:52 PM,-108
2100999,3615,RICHQUE2,0,1730233320,1730233320,04:22:00 PM,04:22:00 PM,0
2100999,3615,RICHKIN4,0,1730233380,1730233380,04:23:00 PM,04:23:00 PM,0
2100999,3615,RICHKIN4,0,1730233380,1730233380,04:23:00 PM,04:23:00 PM,0
2100999,3615,HORTRIC2,0,1730233514,1730233514,04:25:14 PM,04:25:14 PM,0
2100999,3615,RIDOHORT,0,1730233620,1730233620,04:27:00 PM,04:27:00 PM,0
2100999,3615,RIDOCRA2,0,1730233678,1730233678,04:27:58 PM,04:27:58 PM,0
2100999,3615,RIDOELMW,0,1730233711,1730233711,04:28:31 PM,04:28:31 PM,0
2100999,3615,ELMWMARL,0,1730233755,1730233755,04:29:15 PM,04:29:15 PM,0
2100999,3615,ELMWWORT,0,1730233787,1730233787,04:29:47 PM,04:29:47 PM,0
2100999,3615,ELMWCATH,0,1730233808,1730233808,04:30:08 PM,04:30:08 PM,0
2100999,3615,EDWAELMW,0,1730233861,1730233861,04:31:01 PM,04:31:01 PM,0
2100999,3615,EDWATECU,0,1730233899,1730233899,04:31:39 PM,04:31:39 PM,0
2100999,3615,EDWALANG,0,1730233946,1730233946,04:32:26 PM,04:32:26 PM,0
2100999,3615,EDWAHIWY,0,1730234004,1730234004,04:33:24 PM,04:33:24 PM,0
2100999,3615,EDWABASE,0,1730234045,1730234045,04:34:05 PM,04:34:05 PM,0
2100999,3615,BASEWHA2,0,1730234100,1730234100,04:35:00 PM,04:35:00 PM,0
2100999,3615,BASEWES2,0,1730234154,1730234154,04:35:54 PM,04:35:54 PM,0
2100999,3615,BASEWES4,0,1730234196,1730234196,04:36:36 PM,04:36:36 PM,0
2100999,3615,BASECOTS,0,1730234250,1730234250,04:37:30 PM,04:37:30 PM,0
2100999,3615,BEACBAS2,0,1730234317,1730234317,04:38:37 PM,04:38:37 PM,0
2100999,3615,ANDOCOM2,0,1730234355,1730234355,04:39:15 PM,04:39:15 PM,0
2100999,3615,ANDOVIG2,0,1730234396,1730234396,04:39:56 PM,04:39:56 PM,0
2100999,3615,ANDOELMG,0,1730234432,1730234432,04:40:32 PM,04:40:32 PM,0
2100999,3615,ANDOVIS2,0,1730234500,1730234500,04:41:40 PM,04:41:40 PM,0
2100999,3615,VISCGARD,0,1730234591,1730234591,04:43:11 PM,04:43:11 PM,0
2100999,3615,VISCFOXM,0,1730234633,1730234633,04:43:53 PM,04:43:53 PM,0
2100999,3615,VISCWON2,0,1730234696,1730234696,04:44:56 PM,04:44:56 PM,0
2100999,3615,WESTMAL3,0,1730234760,1730234760,04:46:00 PM,04:46:00 PM,0
2110357,3616,HIGBBRY1,214,1730229000,1730229214,03:10:00 PM,03:13:34 PM,214
2110357,3616,HIGBWIL1,190,1730229050,1730229240,03:10:50 PM,03:14:00 PM,190
2110357,3616,HIGBBEA1,170,1730229099,1730229269,03:11:39 PM,03:14:29 PM,170
2110357,3616,HIGBDUN1,146,1730229180,1730229326,03:13:00 PM,03:15:26 PM,146
2110357,3616,HIGBLPH1,,,,,,
2110357,3616,HIGBOXF1,,,,,,
2110357,3616,HIGBOXF3,,,,,,
2110357,3616,HIGBLAN1,5,1730229479,1730229484,03:17:59 PM,03:18:04 PM,5
2110357,3616,HIGBCHE1,7,1730229520,1730229527,03:18:40 PM,03:18:47 PM,7
2110357,3616,HIGBGOD1,-1,1730229565,1730229564,03:19:25 PM,03:19:24 PM,-1
2110357,3616,HIGBHURO,-16,1730229619,1730229603,03:20:19 PM,03:20:03 PM,-16
2110357,3616,HIGBHIC1,-32,1730229668,1730229636,03:21:08 PM,03:20:36 PM,-32
2110357,3616,HIGBFUL1,-42,1730229702,1730229660,03:21:42 PM,03:21:00 PM,-42
2110357,3616,FULLVES2,-49,1730229779,1730229730,03:22:59 PM,03:22:10 PM,-49
2110357,3616,FULLREGA,-57,1730229822,1730229765,03:23:42 PM,03:22:45 PM,-57
2110357,3616,MCNAMEL2,-60,1730229872,1730229812,03:24:32 PM,03:23:32 PM,-60
2110357,3616,MELSBRIA,-63,1730229904,1730229841,03:25:04 PM,03:24:01 PM,-63
2110357,3616,MELSSUSS,-76,1730229958,1730229882,03:25:58 PM,03:24:42 PM,-76
2110357,3616,BARKHURO,-114,1730230020,1730229906,03:27:00 PM,03:25:06 PM,-114
2110309,3616,BARKHURO,0,1730230020,1730230020,03:27:00 PM,03:27:00 PM,0
2110309,3616,HUROBRI3,0,1730230116,1730230116,03:28:36 PM,03:28:36 PM,0
2110309,3616,HUROBRI1,-11,1730230146,1730230135,03:29:06 PM,03:28:55 PM,-11
2110309,3616,HUROMCN1,-26,1730230201,1730230175,03:30:01 PM,03:29:35 PM,-26
2110309,3616,HUROVES1,-44,1730230248,1730230204,03:30:48 PM,03:30:04 PM,-44
2110309,3616,HUROHIG1,0,1730230320,1730230320,03:32:00 PM,03:32:00 PM,0
2110309,3616,HIGBGOD2,-61,1730230446,1730230385,03:34:06 PM,03:33:05 PM,-61
2110309,3616,HIGBCHE2,-48,1730230517,1730230469,03:35:17 PM,03:34:29 PM,-48
2110309,3616,HIGBLAN2,-48,1730230549,1730230501,03:35:49 PM,03:35:01 PM,-48
2110309,3616,HIGBOXF4,,,,,,
2110309,3616,HIGBOXF2,,,,,,
2110309,3616,HIGBLPH2,,,,,,
2110309,3616,HIGBDUN2,5,1730230860,1730230865,03:41:00 PM,03:41:05 PM,5
2110309,3616,HIGBBEA2,-43,1730230942,1730230899,03:42:22 PM,03:41:39 PM,-43
2110309,3616,HIGBWIL2,-91,1730231017,1730230926,03:43:37 PM,03:42:06 PM,-91
2110309,3616,HIGBBRY2,0,1730231100,1730231100,03:45:00 PM,03:45:00 PM,0
2110309,3616,HIGBTRA2,-7,1730231174,1730231167,03:46:14 PM,03:46:07 PM,-7
2110309,3616,HIGBCALV,-46,1730231240,1730231194,03:47:20 PM,03:46:34 PM,-46
2110309,3616,HIGBHAM2,-26,1730231265,1730231239,03:47:45 PM,03:47:19 PM,-26
2110309,3616,COMMDEV6,-212,1730231609,1730231397,03:53:29 PM,03:49:57 PM,-212
2110309,3616,COMMDEV2,0,1730231640,1730231640,03:54:00 PM,03:54:00 PM,0
2110309,3616,PONDDEV2,-2,1730231712,1730231710,03:55:12 PM,03:55:10 PM,-2
2110309,3616,PONDBAN2,-19,1730231760,1730231741,03:56:00 PM,03:55:41 PM,-19
2110309,3616,PONDDEV4,-40,1730231798,1730231758,03:56:38 PM,03:55:58 PM,-40
2110309,3616,PONDMIR4,-65,1730231842,1730231777,03:57:22 PM,03:56:17 PM,-65
2110309,3616,PONDMIR2,-84,1730231882,1730231798,03:58:02 PM,03:56:38 PM,-84
2110309,3616,PONDMILL,-95,1730231903,1730231808,03:58:23 PM,03:56:48 PM,-95
2110309,3616,SOUTPOM2,-126,1730231974,1730231848,03:59:34 PM,03:57:28 PM,-126
2110309,3616,SOUTKOR2,-132,1730232019,1730231887,04:00:19 PM,03:58:07 PM,-132
2110309,3616,SOUTMIL2,0,1730232060,1730232060,04:01:00 PM,04:01:00 PM,0
2110309,3616,SOUTMIL4,-58,1730232135,1730232077,04:02:15 PM,04:01:17 PM,-58
2110309,3616,SOUTMIL6,-82,1730232179,1730232097,04:02:59 PM,04:01:37 PM,-82
2110309,3616,ADELSDAL,-78,1730232223,1730232145,04:03:43 PM,04:02:25 PM,-78
2110309,3616,ADELOSG2,-87,1730232264,1730232177,04:04:24 PM,04:02:57 PM,-87
2110309,3616,ADELOSG6,-118,1730232330,1730232212,04:05:30 PM,04:03:32 PM,-118
2110309,3616,ADELOSG4,-135,1730232367,1730232232,04:06:07 PM,04:03:52 PM,-135
2110309,3616,BRADADE2,-143,1730232405,1730232262,04:06:45 PM,04:04:22 PM,-143
2110309,3616,BRADADE4,-166,1730232459,1730232293,04:07:39 PM,04:04:53 PM,-166
2110309,3616,BRADAGN2,-192,1730232502,1730232310,04:08:22 PM,04:05:10 PM,-192
2110309,3616,BRADWIL4,-209,1730232536,1730232327,04:08:56 PM,04:05:27 PM,-209
2110309,3616,BRADDEAR,-123,1730232574,1730232451,04:09:34 PM,04:07:31 PM,-123
2110309,3616,WELLBRA2,-30,1730232611,1730232581,04:10:11 PM,04:09:41 PM,-30
2110309,3616,WHITOMA3,-78,1730232660,1730232582,04:11:00 PM,04:09:42 PM,-78
2110309,3616,WHITOMA3,43,1730232960,1730233003,04:16:00 PM,04:16:43 PM,43
2110309,3616,WELLBRA1,,,,,,
2110309,3616,WELLMON1,,,,,,
2110309,3616,WELLSDA5,,,,,,
2110309,3616,SOUTMONT,,,,,,
2110309,3616,SOUTVER2,176,1730233338,1730233514,04:22:18 PM,04:25:14 PM,176
2110309,3616,SOUTEAS2,176,1730233372,1730233548,04:22:52 PM,04:25:48 PM,176
2110309,3616,SOUTNIX2,163,1730233451,1730233614,04:24:11 PM,04:26:54 PM,163
2110309,3616,SOUTDUL2,148,1730233498,1730233646,04:24:58 PM,04:27:26 PM,148
2110309,3616,SOUTDUN2,139,1730233560,1730233699,04:26:00 PM,04:28:19 PM,139
2110309,3616,SOUTHOME,116,1730233667,1730233783,04:27:47 PM,04:29:43 PM,116
2110309,3616,SOUTWHA4,83,1730233724,1730233807,04:28:44 PM,04:30:07 PM,83
2110309,3616,SOUTWHA2,70,1730233774,1730233844,04:29:34 PM,04:30:44 PM,70
2110309,3616,SOUTNOD2,25,1730233848,1730233873,04:30:48 PM,04:31:13 PM,25
2110309,3616,SOUTNOD4,7,1730233888,1730233895,04:31:28 PM,04:31:35 PM,7
2110309,3616,SOUTAND2,-25,1730233975,1730233950,04:32:55 PM,04:32:30 PM,-25
2110309,3616,SOUTWON2,-59,1730234059,1730234000,04:34:19 PM,04:33:20 PM,-59
2110309,3616,WONDSDA1,-50,1730234107,1730234057,04:35:07 PM,04:34:17 PM,-50
2110309,3616,WONDPVA1,-80,1730234171,1730234091,04:36:11 PM,04:34:51 PM,-80
2110309,3616,WONDMMA3,-88,1730234199,1730234111,04:36:39 PM,04:35:11 PM,-88
2110309,3616,WONDMMA1,-98,1730234241,1730234143,04:37:21 PM,04:35:43 PM,-98
2110309,3616,WESTMAL6,0,1730234400,1730234400,04:40:00 PM,04:40:00 PM,0
2110309,3616,WONDVIS3,0,1730234467,1730234467,04:41:07 PM,04:41:07 PM,0
2110309,3616,WONDVIL1,0,1730234506,1730234506,04:41:46 PM,04:41:46 PM,0
2110309,3616,WONDCOM1,0,1730234566,1730234566,04:42:46 PM,04:42:46 PM,0
2110309,3616,WONDCOM3,0,1730234618,1730234618,04:43:38 PM,04:43:38 PM,0
2110309,3616,WONDTEE1,0,1730234698,1730234698,04:44:58 PM,04:44:58 PM,0
2110309,3616,WONDSPR1,0,1730234820,1730234820,04:47:00 PM,04:47:00 PM,0
2110309,3616,WONDRIV1,0,1730235045,1730235045,04:50:45 PM,04:50:45 PM,0
2110309,3616,WONDKIW1,0,1730235082,1730235082,04:51:22 PM,04:51:22 PM,0
2110309,3616,WONDOXF3,0,1730235148,1730235148,04:52:28 PM,04:52:28 PM,0
2110309,3616,WONDOXF1,0,1730235180,1730235180,04:53:00 PM,04:53:00 PM,0
2110309,3616,WONDFAR1,0,1730235234,1730235234,04:53:54 PM,04:53:54 PM,0
2110309,3616,WONDFAR3,0,1730235282,1730235282,04:54:42 PM,04:54:42 PM,0
2110309,3616,WONDBEA1,0,1730235355,1730235355,04:55:55 PM,04:55:55 PM,0
2110309,3616,SARNCAS1,0,1730235540,1730235540,04:59:00 PM,04:59:00 PM,0
2110309,3616,SARNCAS1,0,1730235540,1730235540,04:59:00 PM,04:59:00 PM,0
2110309,3616,SARNRIPP,0,1730235603,1730235603,05:00:03 PM,05:00:03 PM,0
2110309,3616,SARNCAS3,0,1730235675,1730235675,05:01:15 PM,05:01:15 PM,0
2110309,3616,SARNCOOM,0,1730235738,1730235738,05:02:18 PM,05:02:18 PM,0
2110309,3616,SARNWES1,0,1730235780,1730235780,05:03:00 PM,05:03:00 PM,0
2110309,3616,WESTPHA3,0,1730235873,1730235873,05:04:33 PM,05:04:33 PM,0
2110309,3616,ALUMHAL1,0,1730236067,1730236067,05:07:47 PM,05:07:47 PM,0
2110309,3616,DELAHALL,0,1730236320,1730236320,05:12:00 PM,05:12:00 PM,0
2110309,3616,UNIVHOS1,0,1730236475,1730236475,05:14:35 PM,05:14:35 PM,0
2110309,3616,PERTWIN1,0,1730236511,1730236511,05:15:11 PM,05:15:11 PM,0
2110309,3616,RICHWIN1,0,1730236603,1730236603,05:16:43 PM,05:16:43 PM,0
2110309,3616,RICHWEC1,0,1730236655,1730236655,05:17:35 PM,05:17:35 PM,0
2110309,3616,RICHCANT,0,1730236703,1730236703,05:18:23 PM,05:18:23 PM,0
2110309,3616,RICHSUNN,0,1730236786,1730236786,05:19:46 PM,05:19:46 PM,0
2110309,3616,MASOSTO4,0,1730236920,1730236920,05:22:00 PM,05:22:00 PM,0
2110305,3617,SOUTWON2,900,1730228359,1730229259,02:59:19 PM,03:14:19 PM,900
2110305,3617,WONDSDA1,909,1730228407,1730229316,03:00:07 PM,03:15:16 PM,909
2110305,3617,WONDPVA1,879,1730228471,1730229350,03:01:11 PM,03:15:50 PM,879
2110305,3617,WONDMMA3,871,1730228499,1730229370,03:01:39 PM,03:16:10 PM,871
2110305,3617,WONDMMA1,861,1730228541,1730229402,03:02:21 PM,03:16:42 PM,861
2110305,3617,WESTMAL6,957,1730228700,1730229657,03:05:00 PM,03:20:57 PM,957
2110305,3617,WONDVIS3,937,1730228767,1730229704,03:06:07 PM,03:21:44 PM,937
2110305,3617,WONDVIL1,929,1730228806,1730229735,03:06:46 PM,03:22:15 PM,929
2110305,3617,WONDCOM1,949,1730228866,1730229815,03:07:46 PM,03:23:35 PM,949
2110305,3617,WONDCOM3,948,1730228918,1730229866,03:08:38 PM,03:24:26 PM,948
2110305,3617,WONDTEE1,904,1730228998,1730229902,03:09:58 PM,03:25:02 PM,904
2110305,3617,WONDSPR1,894,1730229120,1730230014,03:12:00 PM,03:26:54 PM,894
2110305,3617,WONDRIV1,773,1730229345,1730230118,03:15:45 PM,03:28:38 PM,773
2110305,3617,WONDKIW1,761,1730229382,1730230143,03:16:22 PM,03:29:03 PM,761
2110305,3617,WONDOXF3,744,1730229448,1730230192,03:17:28 PM,03:29:52 PM,744
2110305,3617,WONDOXF1,784,1730229480,1730230264,03:18:00 PM,03:31:04 PM,784
2110305,3617,WONDFAR1,776,1730229534,1730230310,03:18:54 PM,03:31:50 PM,776
2110305,3617,WONDFAR3,783,1730229582,1730230365,03:19:42 PM,03:32:45 PM,783
2110305,3617,WONDBEA1,772,1730229655,1730230427,03:20:55 PM,03:33:47 PM,772
2110305,3617,SARNCAS1,745,1730229840,1730230585,03:24:00 PM,03:36:25 PM,745
2110305,3617,SARNCAS1,805,1730229840,1730230645,03:24:00 PM,03:37:25 PM,805
2110305,3617,SARNRIPP,788,1730229903,1730230691,03:25:03 PM,03:38:11 PM,788
2110305,3617,SARNCAS3,762,1730229975,1730230737,03:26:15 PM,03:38:57 PM,762
2110305,3617,SARNCOOM,751,1730230038,1730230789,03:27:18 PM,03:39:49 PM,751
2110305,3617,SARNWES1,756,1730230080,1730230836,03:28:00 PM,03:40:36 PM,756
2110305,3617,WESTPHA3,739,1730230173,1730230912,03:29:33 PM,03:41:52 PM,739
2110305,3617,ALUMHAL1,697,1730230367,1730231064,03:32:47 PM,03:44:24 PM,697
2110305,3617,DELAHALL,585,1730230620,1730231205,03:37:00 PM,03:46:45 PM,585
2110305,3617,UNIVHOS1,538,1730230775,1730231313,03:39:35 PM,03:48:33 PM,538
2110305,3617,PERTWIN1,527,1730230811,1730231338,03:40:11 PM,03:48:58 PM,527
2110305,3617,RICHWIN1,519,1730230903,1730231422,03:41:43 PM,03:50:22 PM,519
2110305,3617,RICHWEC1,486,1730230955,1730231441,03:42:35 PM,03:50:41 PM,486
2110305,3617,RICHCANT,560,1730231003,1730231563,03:43:23 PM,03:52:43 PM,560
2110305,3617,RICHSUNN,535,1730231086,1730231621,03:44:46 PM,03:53:41 PM,535
2110305,3617,MASOSTO4,402,1730231220,1730231622,03:47:00 PM,03:53:42 PM,402
2110363,3617,MASOSTO4,462,1730231220,1730231682,03:47:00 PM,03:54:42 PM,462
2110363,3617,RICHJACK,428,1730231291,1730231719,03:48:11 PM,03:55:19 PM,428
2110363,3617,RICHSHAV,436,1730231331,1730231767,03:48:51 PM,03:56:07 PM,436
2110363,3617,RICHWES2,423,1730231377,1730231800,03:49:37 PM,03:56:40 PM,423
2110363,3617,RICHWES4,415,1730231400,1730231815,03:50:00 PM,03:56:55 PM,415
2110363,3617,RICHWYND,395,1730231435,1730231830,03:50:35 PM,03:57:10 PM,395
2110363,3617,WINDRIC2,368,1730231509,1730231877,03:51:49 PM,03:57:57 PM,368
2110363,3617,PERTWIN2,361,1730231554,1730231915,03:52:34 PM,03:58:35 PM,361
2110363,3617,UNIVHOS2,345,1730231606,1730231951,03:53:26 PM,03:59:11 PM,345
2110363,3617,MIDDPERT,349,1730231745,1730232094,03:55:45 PM,04:01:34 PM,349
2110363,3617,NATSCI,305,1730231820,1730232125,03:57:00 PM,04:02:05 PM,305
2110363,3617,NATSCI,365,1730231820,1730232185,03:57:00 PM,04:03:05 PM,365
2110363,3617,WESTELG2,290,1730232017,1730232307,04:00:17 PM,04:05:07 PM,290
2110363,3617,WESTLAM2,337,1730232120,1730232457,04:02:00 PM,04:07:37 PM,337
2110363,3617,SARNWES2,420,1730232241,1730232661,04:04:01 PM,04:11:01 PM,420
2110363,3617,SARNBRES,341,1730232359,1730232700,04:05:59 PM,04:11:40 PM,341
2110363,3617,SARNSLEI,268,1730232475,1730232743,04:07:55 PM,04:12:23 PM,268
2110363,3617,SARNLEYT,186,1730232610,1730232796,04:10:10 PM,04:13:16 PM,186
2110363,3617,WONDSAR2,147,1730232780,1730232927,04:13:00 PM,04:15:27 PM,147
2110363,3617,WONDBEA2,58,1730232927,1730232985,04:15:27 PM,04:16:25 PM,58
2110363,3617,WONDFAR4,58,1730232996,1730233054,04:16:36 PM,04:17:34 PM,58
2110363,3617,WONDFAR2,81,1730233031,1730233112,04:17:11 PM,04:18:32 PM,81
2110363,3617,WONDOXF2,121,1730233080,1730233201,04:18:00 PM,04:20:01 PM,121
2110363,3617,WONDOXF4,116,1730233119,1730233235,04:18:39 PM,04:20:35 PM,116
2110363,3617,WONDKIW2,96,1730233165,1730233261,04:19:25 PM,04:21:01 PM,96
2110363,3617,WONDRIV2,69,1730233217,1730233286,04:20:17 PM,04:21:26 PM,69
2110363,3617,WONDSPRI,-25,1730233430,1730233405,04:23:50 PM,04:23:25 PM,-25
2110363,3617,WONDROSE,-42,1730233488,1730233446,04:24:48 PM,04:24:06 PM,-42
2110363,3617,WONDCOM2,-17,1730233588,1730233571,04:26:28 PM,04:26:11 PM,-17
2110363,3617,WONDVIL2,-12,1730233625,1730233613,04:27:05 PM,04:26:53 PM,-12
2110363,3617,WONDVIS4,-21,1730233684,1730233663,04:28:04 PM,04:27:43 PM,-21
2110363,3617,WESTMAL4,31,1730233740,1730233771,04:29:00 PM,04:29:31 PM,31
2110363,3617,VISCWON1,29,1730233800,1730233829,04:30:00 PM,04:30:29 PM,29
2110363,3617,VISCWON5,16,1730233834,1730233850,04:30:34 PM,04:30:50 PM,16
2110363,3617,WONDMMA4,-21,1730233918,1730233897,04:31:58 PM,04:31:37 PM,-21
2110363,3617,WONDMMA2,-38,1730233969,1730233931,04:32:49 PM,04:32:11 PM,-38
2110363,3617,WONDPVA2,-39,1730234025,1730233986,04:33:45 PM,04:33:06 PM,-39
2110363,3617,WONDPVA4,-60,1730234066,1730234006,04:34:26 PM,04:33:26 PM,-60
2110363,3617,SOUTWON1,-48,1730234136,1730234088,04:35:36 PM,04:34:48 PM,-48
2110363,3617,SOUTSING,-107,1730234211,1730234104,04:36:51 PM,04:35:04 PM,-107
2110363,3617,SOUTAND1,0,1730234280,1730234280,04:38:00 PM,04:38:00 PM,0
2110363,3617,SOUTSPRI,0,1730234318,1730234318,04:38:38 PM,04:38:38 PM,0
2110363,3617,SOUTNOD1,0,1730234358,1730234358,04:39:18 PM,04:39:18 PM,0
2110363,3617,SOUTNOD3,0,1730234387,1730234387,04:39:47 PM,04:39:47 PM,0
2110363,3617,SOUTWHA1,0,1730234455,1730234455,04:40:55 PM,04:40:55 PM,0
2110363,3617,SOUTWHA3,0,1730234481,1730234481,04:41:21 PM,04:41:21 PM,0
2110363,3617,SOUTWHOK,0,1730234543,1730234543,04:42:23 PM,04:42:23 PM,0
2110363,3617,SOUTJAL1,0,1730234646,1730234646,04:44:06 PM,04:44:06 PM,0
2110363,3617,SOUTDUL1,0,1730234677,1730234677,04:44:37 PM,04:44:37 PM,0
2110363,3617,SOUTNIX1,0,1730234715,1730234715,04:45:15 PM,04:45:15 PM,0
2110363,3617,SOUTVER1,0,1730234809,1730234809,04:46:49 PM,04:46:49 PM,0
2110363,3617,WELLHARL,,,,,,
2110363,3617,WELLMON4,,,,,,
2110363,3617,WELLMON2,,,,,,
2110363,3617,WELLBRA2,0,1730235014,1730235014,04:50:14 PM,04:50:14 PM,0
2110363,3617,WHITOMA3,0,1730235060,1730235060,04:51:00 PM,04:51:00 PM,0
2110363,3617,WHITOMA3,0,1730236020,1730236020,05:07:00 PM,05:07:00 PM,0
2110363,3617,BRADWEL3,0,1730236161,1730236161,05:09:21 PM,05:09:21 PM,0
2110363,3617,BRADWIL1,0,1730236208,1730236208,05:10:08 PM,05:10:08 PM,0
2110363,3617,BRADAGN1,0,1730236234,1730236234,05:10:34 PM,05:10:34 PM,0
2110363,3617,BRADADE1,0,1730236284,1730236284,05:11:24 PM,05:11:24 PM,0
2110363,3617,BRADADE3,0,1730236337,1730236337,05:12:17 PM,05:12:17 PM,0
2110363,3617,ADELOSG5,0,1730236377,1730236377,05:12:57 PM,05:12:57 PM,0
2110363,3617,ADELOSG7,0,1730236419,1730236419,05:13:39 PM,05:13:39 PM,0
2110363,3617,ADELOSG3,0,1730236494,1730236494,05:14:54 PM,05:14:54 PM,0
2110363,3617,SOUTADE1,0,1730236546,1730236546,05:15:46 PM,05:15:46 PM,0
2110363,3617,SOUTMIL5,0,1730236574,1730236574,05:16:14 PM,05:16:14 PM,0
2110363,3617,SOUTMIL3,0,1730236613,1730236613,05:16:53 PM,05:16:53 PM,0
2110363,3617,SOUTMIL1,0,1730236680,1730236680,05:18:00 PM,05:18:00 PM,0
2110363,3617,SOUTKOR1,0,1730236735,1730236735,05:18:55 PM,05:18:55 PM,0
2110363,3617,SOUTPOM1,0,1730236772,1730236772,05:19:32 PM,05:19:32 PM,0
2110363,3617,PONDPONV,0,1730236854,1730236854,05:20:54 PM,05:20:54 PM,0
2110363,3617,PONDMIR3,0,1730236892,1730236892,05:21:32 PM,05:21:32 PM,0
2110363,3617,PONDMIR1,0,1730236920,1730236920,05:22:00 PM,05:22:00 PM,0
2110363,3617,PONDDEV1,0,1730236970,1730236970,05:22:50 PM,05:22:50 PM,0
2110363,3617,PONDBAN1,0,1730236994,1730236994,05:23:14 PM,05:23:14 PM,0
2110363,3617,PONDOLDH,0,1730237060,1730237060,05:24:20 PM,05:24:20 PM,0
2110363,3617,COMMPOM3,0,1730237115,1730237115,05:25:15 PM,05:25:15 PM,0
2110363,3617,COMMDEV1,0,1730237160,1730237160,05:26:00 PM,05:26:00 PM,0
2110363,3617,COMMHIG1,0,1730237212,1730237212,05:26:52 PM,05:26:52 PM,0
2110363,3617,HIGBHAM1,0,1730237448,1730237448,05:30:48 PM,05:30:48 PM,0
2110363,3617,HIGBMAGE,0,1730237471,1730237471,05:31:11 PM,05:31:11 PM,0
2110363,3617,HIGBTRA1,0,1730237518,1730237518,05:31:58 PM,05:31:58 PM,0
2110363,3617,HIGBBRY1,0,1730237580,1730237580,05:33:00 PM,05:33:00 PM,0
2110363,3617,HIGBWIL1,0,1730237630,1730237630,05:33:50 PM,05:33:50 PM,0
2110363,3617,HIGBBEA1,0,1730237679,1730237679,05:34:39 PM,05:34:39 PM,0
2110363,3617,HIGBDUN1,0,1730237760,1730237760,05:36:00 PM,05:36:00 PM,0
2110363,3617,HIGBLPH1,,,,,,
2110363,3617,HIGBOXF1,,,,,,
2110363,3617,HIGBOXF3,,,,,,
2110363,3617,HIGBLAN1,0,1730238059,1730238059,05:40:59 PM,05:40:59 PM,0
2110363,3617,HIGBCHE1,0,1730238100,1730238100,05:41:40 PM,05:41:40 PM,0
2110363,3617,HIGBGOD1,0,1730238145,1730238145,05:42:25 PM,05:42:25 PM,0
2110363,3617,HIGBHURO,0,1730238199,1730238199,05:43:19 PM,05:43:19 PM,0
2110363,3617,HIGBHIC1,0,1730238248,1730238248,05:44:08 PM,05:44:08 PM,0
2110363,3617,HIGBFUL1,0,1730238282,1730238282,05:44:42 PM,05:44:42 PM,0
2110363,3617,FULLVES2,0,1730238359,1730238359,05:45:59 PM,05:45:59 PM,0
2110363,3617,FULLREGA,0,1730238402,1730238402,05:46:42 PM,05:46:42 PM,0
2110363,3617,MCNAMEL2,0,1730238452,1730238452,05:47:32 PM,05:47:32 PM,0
2110363,3617,MELSBRIA,0,1730238484,1730238484,05:48:04 PM,05:48:04 PM,0
2110363,3617,MELSSUSS,0,1730238538,1730238538,05:48:58 PM,05:48:58 PM,0
2110363,3617,BARKHURO,0,1730238600,1730238600,05:50:00 PM,05:50:00 PM,0
2101634,3618,ADELHUR2,0,1730229253,1730229253,03:14:13 PM,03:14:13 PM,0
2101634,3618,ADELVIC2,-21,1730229308,1730229287,03:15:08 PM,03:14:47 PM,-21
2101634,3618,ADELCHE2,24,1730229360,1730229384,03:16:00 PM,03:16:24 PM,24
2101634,3618,ADELGRO2,22,1730229395,1730229417,03:16:35 PM,03:16:57 PM,22
2101634,3618,ADELSJA2,11,1730229441,1730229452,03:17:21 PM,03:17:32 PM,11
2101634,3618,ADELOXF2,111,1730229480,1730229591,03:18:00 PM,03:19:51 PM,111
2101634,3618,ADELPIC2,81,1730229522,1730229603,03:18:42 PM,03:20:03 PM,81
2101634,3618,ADELPAMA,,,,,,
2101634,3618,ADELCEN2,-2,1730229643,1730229641,03:20:43 PM,03:20:41 PM,-2
2101634,3618,ADELROSE,-24,1730229677,1730229653,03:21:17 PM,03:20:53 PM,-24
2101634,3618,ADELPRIN,-48,1730229715,1730229667,03:21:55 PM,03:21:07 PM,-48
2101634,3618,ADELDUFR,-67,1730229747,1730229680,03:22:27 PM,03:21:20 PM,-67
2101634,3618,ADELQUEE,-74,1730229782,1730229708,03:23:02 PM,03:21:48 PM,-74
2101634,3618,ADELDUN2,0,1730229840,1730229840,03:24:00 PM,03:24:00 PM,0
2101634,3618,ADELHAMI,4,1730229960,1730229964,03:26:00 PM,03:26:04 PM,4
2101634,3618,ADELHIL2,-21,1730230001,1730229980,03:26:41 PM,03:26:20 PM,-21
2101634,3618,ADELNEL2,-51,1730230062,1730230011,03:27:42 PM,03:26:51 PM,-51
2101634,3618,ADELADA2,-87,1730230124,1730230037,03:28:44 PM,03:27:17 PM,-87
2101634,3618,ADELEDNA,-121,1730230183,1730230062,03:29:43 PM,03:27:42 PM,-121
2101634,3618,ADELTHO4,-135,1730230271,1730230136,03:31:11 PM,03:28:56 PM,-135
2101634,3618,ADELTHO6,-161,1730230309,1730230148,03:31:49 PM,03:29:08 PM,-161
2101634,3618,ADELTHO2,-185,1730230349,1730230164,03:32:29 PM,03:29:24 PM,-185
2101634,3618,ADELTHO8,-206,1730230385,1730230179,03:33:05 PM,03:29:39 PM,-206
2101634,3618,ADELLEA2,-232,1730230434,1730230202,03:33:54 PM,03:30:02 PM,-232
2101634,3618,COMMADE1,0,1730230500,1730230500,03:35:00 PM,03:35:00 PM,0
2101634,3618,COMMLEA1,-11,1730230525,1730230514,03:35:25 PM,03:35:14 PM,-11
2101634,3618,COMMFRO1,-28,1730230574,1730230546,03:36:14 PM,03:35:46 PM,-28
2101634,3618,COMMKIE1,-36,1730230602,1730230566,03:36:42 PM,03:36:06 PM,-36
2101634,3618,COMMPOM1,-40,1730230646,1730230606,03:37:26 PM,03:36:46 PM,-40
2101634,3618,COMMPOM1,20,1730230646,1730230666,03:37:26 PM,03:37:46 PM,20
2101634,3618,PONDDEV2,20,1730230671,1730230691,03:37:51 PM,03:38:11 PM,20
2101634,3618,PONDBAN2,25,1730230698,1730230723,03:38:18 PM,03:38:43 PM,25
2101634,3618,DEVEPOND,17,1730230729,1730230746,03:38:49 PM,03:39:06 PM,17
2101634,3618,DEVEGLEN,12,1730230775,1730230787,03:39:35 PM,03:39:47 PM,12
2101634,3618,DEVELYSA,1,1730230820,1730230821,03:40:20 PM,03:40:21 PM,1
2101634,3618,DEVEBANB,-16,1730230860,1730230844,03:41:00 PM,03:40:44 PM,-16
2101634,3618,DEVECOM1,-16,1730230900,1730230884,03:41:40 PM,03:41:24 PM,-16
2101634,3618,COMMDEV4,-85,1730230980,1730230895,03:43:00 PM,03:41:35 PM,-85
2101709,3618,COMMDEV4,0,1730231220,1730231220,03:47:00 PM,03:47:00 PM,0
2101709,3618,COMMPOM4,0,1730231269,1730231269,03:47:49 PM,03:47:49 PM,0
2101709,3618,COMMKIE2,-16,1730231315,1730231299,03:48:35 PM,03:48:19 PM,-16
2101709,3618,COMMFRO2,-20,1730231349,1730231329,03:49:09 PM,03:48:49 PM,-20
2101709,3618,COMMLEA2,-26,1730231383,1730231357,03:49:43 PM,03:49:17 PM,-26
2101709,3618,COMMADE2,-27,1730231403,1730231376,03:50:03 PM,03:49:36 PM,-27
2101709,3618,ADELLEA1,-36,1730231446,1730231410,03:50:46 PM,03:50:10 PM,-36
2101709,3618,ADELLEA3,-44,1730231491,1730231447,03:51:31 PM,03:50:47 PM,-44
2101709,3618,ADELLEA5,-47,1730231507,1730231460,03:51:47 PM,03:51:00 PM,-47
2101709,3618,ADELLEA7,-62,1730231537,1730231475,03:52:17 PM,03:51:15 PM,-62
2101709,3618,ADELTHO1,0,1730231580,1730231580,03:53:00 PM,03:53:00 PM,0
2101709,3618,ADELMAUD,-10,1730231626,1730231616,03:53:46 PM,03:53:36 PM,-10
2101709,3618,ADELTERR,-24,1730231674,1730231650,03:54:34 PM,03:54:10 PM,-24
2101709,3618,ADELADA1,-39,1730231702,1730231663,03:55:02 PM,03:54:23 PM,-39
2101709,3618,ADELNEL1,-63,1730231772,1730231709,03:56:12 PM,03:55:09 PM,-63
2101709,3618,ADELHIL1,-71,1730231820,1730231749,03:57:00 PM,03:55:49 PM,-71
2101709,3618,ADELLISI,0,1730231880,1730231880,03:58:00 PM,03:58:00 PM,0
2101709,3618,ADELDUN1,0,1730232120,1730232120,04:02:00 PM,04:02:00 PM,0
2101709,3618,ADELLORN,-67,1730232218,1730232151,04:03:38 PM,04:02:31 PM,-67
2101709,3618,ADELCEN1,-102,1730232289,1730232187,04:04:49 PM,04:03:07 PM,-102
2101709,3618,ADELMCMA,,,,,,
2101709,3618,ADELPIC1,-176,1730232424,1730232248,04:07:04 PM,04:04:08 PM,-176
2101709,3618,ADELOXF1,0,1730232480,1730232480,04:08:00 PM,04:08:00 PM,0
2101709,3618,ADELSJA1,-17,1730232510,1730232493,04:08:30 PM,04:08:13 PM,-17
2101709,3618,ADELGRO1,-38,1730232556,1730232518,04:09:16 PM,04:08:38 PM,-38
2101709,3618,ADELCHE1,32,1730232600,1730232632,04:10:00 PM,04:10:32 PM,32
2101709,3618,ADELVIC1,13,1730232635,1730232648,04:10:35 PM,04:10:48 PM,13
2101709,3618,ADELREG1,13,1730232689,1730232702,04:11:29 PM,04:11:42 PM,13
2101709,3618,ADELHUR1,22,1730232727,1730232749,04:12:07 PM,04:12:29 PM,22
2101709,3618,ADELHUR5,-7,1730232793,1730232786,04:13:13 PM,04:13:06 PM,-7
2101709,3618,ADELKIP1,-1,1730232839,1730232838,04:13:59 PM,04:13:58 PM,-1
2101709,3618,ADELWIN1,-59,1730232950,1730232891,04:15:50 PM,04:14:51 PM,-59
2101709,3618,ADELGLEN,-107,1730233063,1730232956,04:17:43 PM,04:15:56 PM,-107
2101709,3618,ADELTENN,-103,1730233091,1730232988,04:18:11 PM,04:16:28 PM,-103
2101709,3618,FANSADE4,0,1730233200,1730233200,04:20:00 PM,04:20:00 PM,0
2101709,3618,FANSSTO2,0,1730233251,1730233251,04:20:51 PM,04:20:51 PM,0
2101709,3618,FANSHAS2,0,1730233388,1730233388,04:23:08 PM,04:23:08 PM,0
2101709,3618,FANSJEN2,0,1730233437,1730233437,04:23:57 PM,04:23:57 PM,0
2101709,3618,FANSJEN4,0,1730233474,1730233474,04:24:34 PM,04:24:34 PM,0
2101709,3618,FANSNCR2,0,1730233528,1730233528,04:25:28 PM,04:25:28 PM,0
2101709,3618,MASOSTO6,0,1730233620,1730233620,04:27:00 PM,04:27:00 PM,0
2096733,3619,WHOKMASB,850,1730226660,1730227510,02:31:00 PM,02:45:10 PM,850
2096733,3619,SHOLJAL2,777,1730226776,1730227553,02:32:56 PM,02:45:53 PM,777
2096733,3619,SHOLEXE2,757,1730226817,1730227574,02:33:37 PM,02:46:14 PM,757
2096733,3619,EXETSHOL,741,1730226856,1730227597,02:34:16 PM,02:46:37 PM,741
2096733,3619,MEGEXE1,745,1730226909,1730227654,02:35:09 PM,02:47:34 PM,745
2096733,3619,JALNERN4,751,1730226958,1730227709,02:35:58 PM,02:48:29 PM,751
2096733,3619,ERNESCO2,755,1730226985,1730227740,02:36:25 PM,02:49:00 PM,755
2096733,3619,ERNEFEN1,742,1730227033,1730227775,02:37:13 PM,02:49:35 PM,742
2096733,3619,ERNECON1,732,1730227088,1730227820,02:38:08 PM,02:50:20 PM,732
2096733,3619,ERNEBRA1,748,1730227123,1730227871,02:38:43 PM,02:51:11 PM,748
2096733,3619,ERNEMUR3,758,1730227153,1730227911,02:39:13 PM,02:51:51 PM,758
2096733,3619,ERNEMUR1,753,1730227183,1730227936,02:39:43 PM,02:52:16 PM,753
2096733,3619,ERNEJAL1,269,1730227242,1730227511,02:40:42 PM,02:45:11 PM,269
2096733,3619,OXFOWIL1,171,1730229071,1730229242,03:11:11 PM,03:14:02 PM,171
2096733,3619,OXFOADE1,231,1730229120,1730229351,03:12:00 PM,03:15:51 PM,231
2096733,3619,OXFOELI1,219,1730229159,1730229378,03:12:39 PM,03:16:18 PM,219
2096733,3619,OXFOELL1,205,1730229194,1730229399,03:13:14 PM,03:16:39 PM,205
2096733,3619,OXFOGAM1,193,1730229238,1730229431,03:13:58 PM,03:17:11 PM,193
2096733,3619,OXFOSTE1,187,1730229271,1730229458,03:14:31 PM,03:17:38 PM,187
2096733,3619,OXFOQUE1,193,1730229290,1730229483,03:14:50 PM,03:18:03 PM,193
2096733,3619,OXFOSTRA,191,1730229322,1730229513,03:15:22 PM,03:18:33 PM,191
2096733,3619,OXFOSPIT,188,1730229360,1730229548,03:16:00 PM,03:19:08 PM,188
2096733,3619,OXFOCLE1,181,1730229395,1730229576,03:16:35 PM,03:19:36 PM,181
2096733,3619,OXFOEMPI,232,1730229432,1730229664,03:17:12 PM,03:21:04 PM,232
2096733,3619,OXFOMORN,,,,,,
2096733,3619,OXFOHIG1,,,,,,
2096733,3619,OXFOHIG3,,,,,,
2096733,3619,FANCOLL2,357,1730229600,1730229957,03:20:00 PM,03:25:57 PM,357
2096672,3619,FANCOLL2,147,1730230020,1730230167,03:27:00 PM,03:29:27 PM,147
2096672,3619,OXFOROE2,111,1730230070,1730230181,03:27:50 PM,03:29:41 PM,111
2096672,3619,OXFOHIG4,,,,,,
2096672,3619,OXFOHIG2,,,,,,
2096672,3619,OXFOWIST,,,,,,
2096672,3619,OXFOOAKS,293,1730230199,1730230492,03:29:59 PM,03:34:52 PM,293
2096672,3619,OXFOCLE2,297,1730230243,1730230540,03:30:43 PM,03:35:40 PM,297
2096672,3619,OXFOLYMA,277,1730230286,1730230563,03:31:26 PM,03:36:03 PM,277
2096672,3619,OXFOSTUA,262,1730230316,1730230578,03:31:56 PM,03:36:18 PM,262
2096672,3619,OXFOQUE2,268,1730230356,1730230624,03:32:36 PM,03:37:04 PM,268
2096672,3619,OXFOSTE2,264,1730230386,1730230650,03:33:06 PM,03:37:30 PM,264
2096672,3619,OXFOGAM2,272,1730230409,1730230681,03:33:29 PM,03:38:01 PM,272
2096672,3619,OXFOELL2,252,1730230463,1730230715,03:34:23 PM,03:38:35 PM,252
2096672,3619,OXFOELI2,232,1730230503,1730230735,03:35:03 PM,03:38:55 PM,232
2096672,3619,OXFOADE2,289,1730230560,1730230849,03:36:00 PM,03:40:49 PM,289
2096672,3619,OXFOWIL2,275,1730230605,1730230880,03:36:45 PM,03:41:20 PM,275
2096672,3619,OXFOMAI2,242,1730230656,1730230898,03:37:36 PM,03:41:38 PM,242
2096672,3619,OXFOCOL2,230,1730230697,1730230927,03:38:17 PM,03:42:07 PM,230
2096672,3619,OXFOWAT2,210,1730230743,1730230953,03:39:03 PM,03:42:33 PM,210
2096672,3619,OXFOWEL2,187,1730230798,1730230985,03:39:58 PM,03:43:05 PM,187
2096672,3619,RICHOXF2,231,1730230860,1730231091,03:41:00 PM,03:44:51 PM,231
2096672,3619,RICHMILL,207,1730230921,1730231128,03:42:01 PM,03:45:28 PM,207
2096672,3619,RICHCENT,182,1730231008,1730231190,03:43:28 PM,03:46:30 PM,182
2096672,3619,RICHKEN2,153,1730231067,1730231220,03:44:27 PM,03:47:00 PM,153
2096672,3619,RICHDUF2,141,1730231102,1730231243,03:45:02 PM,03:47:23 PM,141
2096672,3619,RICHQUE1,164,1730231160,1730231324,03:46:00 PM,03:48:44 PM,164
2096672,3619,RICHKIN4,116,1730231220,1730231336,03:47:00 PM,03:48:56 PM,116
2096672,3619,RICHKIN4,176,1730231220,1730231396,03:47:00 PM,03:49:56 PM,176
2096672,3619,HORTRIC2,112,1730231354,1730231466,03:49:14 PM,03:51:06 PM,112
2096672,3619,RIDOHORT,65,1730231460,1730231525,03:51:00 PM,03:52:05 PM,65
2096672,3619,RIDOCRA2,44,1730231519,1730231563,03:51:59 PM,03:52:43 PM,44
2096672,3619,RIDOELMW,49,1730231552,1730231601,03:52:32 PM,03:53:21 PM,49
2096672,3619,RIDOTEC2,40,1730231610,1730231650,03:53:30 PM,03:54:10 PM,40
2096672,3619,RIDOWINS,28,1730231658,1730231686,03:54:18 PM,03:54:46 PM,28
2096672,3619,RIDOEME2,25,1730231694,1730231719,03:54:54 PM,03:55:19 PM,25
2096672,3619,RIDOROSE,6,1730231739,1730231745,03:55:39 PM,03:55:45 PM,6
2096672,3619,RIDOBAS2,2,1730231771,1730231773,03:56:11 PM,03:56:13 PM,2
2096672,3619,RIDOMOU2,3,1730231804,1730231807,03:56:44 PM,03:56:47 PM,3
2096672,3619,UPPECOM2,19,1730231850,1730231869,03:57:30 PM,03:57:49 PM,19
2096672,3619,UPPECHI4,5,1730231915,1730231920,03:58:35 PM,03:58:40 PM,5
2096672,3619,CHIDHUN1,-8,1730231969,1730231961,03:59:29 PM,03:59:21 PM,-8
2096672,3619,CHIDCHID,-3,1730232028,1730232025,04:00:28 PM,04:00:25 PM,-3
2096672,3619,WILKCHI2,0,1730232060,1730232060,04:01:00 PM,04:01:00 PM,0
2096672,3619,SANDWIL2,-7,1730232105,1730232098,04:01:45 PM,04:01:38 PM,-7
2096672,3619,SANDVER1,-8,1730232142,1730232134,04:02:22 PM,04:02:14 PM,-8
2096672,3619,VERUEDEN,-6,1730232162,1730232156,04:02:42 PM,04:02:36 PM,-6
2096672,3619,EDENEAS2,-21,1730232206,1730232185,04:03:26 PM,04:03:05 PM,-21
2096672,3619,EDENNIX,-3,1730232243,1730232240,04:04:03 PM,04:04:00 PM,-3
2096672,3619,NIXOCRE2,-4,1730232281,1730232277,04:04:41 PM,04:04:37 PM,-4
2096672,3619,NIXOSDAL,-7,1730232308,1730232301,04:05:08 PM,04:05:01 PM,-7
2096672,3619,ERNEJAL2,-26,1730232352,1730232326,04:05:52 PM,04:05:26 PM,-26
2096672,3619,ERNEELVI,-37,1730232380,1730232343,04:06:20 PM,04:05:43 PM,-37
2096672,3619,ERNEPAUL,-52,1730232421,1730232369,04:07:01 PM,04:06:09 PM,-52
2096672,3619,ERNEBRA2,-60,1730232470,1730232410,04:07:50 PM,04:06:50 PM,-60
2096672,3619,ERNECON2,-57,1730232497,1730232440,04:08:17 PM,04:07:20 PM,-57
2096672,3619,ERNEFEN2,-74,1730232546,1730232472,04:09:06 PM,04:07:52 PM,-74
2096672,3619,ERNEFINC,-85,1730232576,1730232491,04:09:36 PM,04:08:11 PM,-85
2096672,3619,ERNESCO1,-93,1730232604,1730232511,04:10:04 PM,04:08:31 PM,-93
2096672,3619,JALNERN5,-82,1730232644,1730232562,04:10:44 PM,04:09:22 PM,-82
2096672,3619,MEGEXE2,-74,1730232684,1730232610,04:11:24 PM,04:10:10 PM,-74
2096672,3619,EXETMEG,-97,1730232740,1730232643,04:12:20 PM,04:10:43 PM,-97
2096672,3619,SHOLEXE1,-109,1730232790,1730232681,04:13:10 PM,04:11:21 PM,-109
2096672,3619,SHOLJAL1,-105,1730232811,1730232706,04:13:31 PM,04:11:46 PM,-105
2096672,3619,JALNPIER,-109,1730232843,1730232734,04:14:03 PM,04:12:14 PM,-109
2096672,3619,WHOKMANB,-213,1730232960,1730232747,04:16:00 PM,04:12:27 PM,-213
2095652,3620,TRAFHUD2,295,1730226540,1730226835,02:29:00 PM,02:33:55 PM,295
2095652,3620,TRAFHUD4,289,1730226578,1730226867,02:29:38 PM,02:34:27 PM,289
2095652,3620,TRAFBANC,274,1730226610,1730226884,02:30:10 PM,02:34:44 PM,274
2095652,3620,TRAFMARC,214,1730226683,1730226897,02:31:23 PM,02:34:57 PM,214
2095652,3620,WHAROXF1,464,1730228820,1730229284,03:07:00 PM,03:14:44 PM,464
2095652,3620,WESTESSE,470,1730228865,1730229335,03:07:45 PM,03:15:35 PM,470
2095652,3620,WESTHOL1,463,1730228903,1730229366,03:08:23 PM,03:16:06 PM,463
2095652,3620,WESTPLA1,463,1730228943,1730229406,03:09:03 PM,03:16:46 PM,463
2095652,3620,WESTPHA1,464,1730229000,1730229464,03:10:00 PM,03:17:44 PM,464
2095652,3620,WESTPHA3,455,1730229065,1730229520,03:11:05 PM,03:18:40 PM,455
2095652,3620,ALUMHAL1,470,1730229199,1730229669,03:13:19 PM,03:21:09 PM,470
2095652,3620,MIDDPERT,427,1730229364,1730229791,03:16:04 PM,03:23:11 PM,427
2095652,3620,NATSCI,343,1730229480,1730229823,03:18:00 PM,03:23:43 PM,343
2095582,3620,NATSCI,0,1730230260,1730230260,03:31:00 PM,03:31:00 PM,0
2095582,3620,WESTELG2,0,1730230572,1730230572,03:36:12 PM,03:36:12 PM,0
2095582,3620,WESTLAM2,-69,1730230731,1730230662,03:38:51 PM,03:37:42 PM,-69
2095582,3620,WESTSAR2,0,1730230980,1730230980,03:43:00 PM,03:43:00 PM,0
2095582,3620,WESTSAR4,-20,1730231039,1730231019,03:43:59 PM,03:43:39 PM,-20
2095582,3620,WESTPLA2,-76,1730231137,1730231061,03:45:37 PM,03:44:21 PM,-76
2095582,3620,WESTHOL2,-97,1730231208,1730231111,03:46:48 PM,03:45:11 PM,-97
2095582,3620,WHARMCDO,-138,1730231297,1730231159,03:48:17 PM,03:45:59 PM,-138
2095582,3620,WHAROXF2,0,1730231400,1730231400,03:50:00 PM,03:50:00 PM,0
2095582,3620,WHARPAUL,-57,1730231494,1730231437,03:51:34 PM,03:50:37 PM,-57
2095582,3620,WHARLEXI,-93,1730231570,1730231477,03:52:50 PM,03:51:17 PM,-93
2095582,3620,WHARMPL2,-136,1730231633,1730231497,03:53:53 PM,03:51:37 PM,-136
2095582,3620,RIVEWHA1,-107,1730231687,1730231580,03:54:47 PM,03:53:00 PM,-107
2095582,3620,RIVEWIL1,-133,1730231732,1730231599,03:55:32 PM,03:53:19 PM,-133
2095582,3620,DUNDRIDO,-205,1730231852,1730231647,03:57:32 PM,03:54:07 PM,-205
2095582,3620,KINGTALB,-178,1730231920,1730231742,03:58:40 PM,03:55:42 PM,-178
2095582,3620,KINGRICH,-207,1730232000,1730231793,04:00:00 PM,03:56:33 PM,-207
2095582,3620,KINGRICH,28,1730232000,1730232028,04:00:00 PM,04:00:28 PM,28
2095582,3620,WELLDUN3,0,1730232240,1730232240,04:04:00 PM,04:04:00 PM,0
2095582,3620,DUNDWAT1,54,1730232240,1730232294,04:04:00 PM,04:04:54 PM,54
2095582,3620,DUNDCOL1,21,1730232298,1730232319,04:04:58 PM,04:05:19 PM,21
2095582,3620,DUNDMAI1,-30,1730232388,1730232358,04:06:28 PM,04:05:58 PM,-30
2095582,3620,DUNDWIL1,-68,1730232470,1730232402,04:07:50 PM,04:06:42 PM,-68
2095582,3620,DUNDADE1,0,1730232540,1730232540,04:09:00 PM,04:09:00 PM,0
2095582,3620,DUNDLYLE,-46,1730232611,1730232565,04:10:11 PM,04:09:25 PM,-46
2095582,3620,DUNDHEWI,-36,1730232659,1730232623,04:10:59 PM,04:10:23 PM,-36
2095582,3620,DUNDREC1,-57,1730232708,1730232651,04:11:48 PM,04:10:51 PM,-57
2095582,3620,DUNDONT1,-49,1730232741,1730232692,04:12:21 PM,04:11:32 PM,-49
2095582,3620,DUNDQUE1,-64,1730232791,1730232727,04:13:11 PM,04:12:07 PM,-64
2095582,3620,DUNDEGE1,,,,,,
2095582,3620,DUNDKELL,,,,,,
2095582,3620,DUNDELE1,,,,,,
2095582,3620,DUNDASH1,-158,1730232996,1730232838,04:16:36 PM,04:13:58 PM,-158
2095582,3620,DUNDHIG1,0,1730233080,1730233080,04:18:00 PM,04:18:00 PM,0
2095582,3620,DUNDFIR1,0,1730233238,1730233238,04:20:38 PM,04:20:38 PM,0
2095582,3620,DUNDSASK,0,1730233313,1730233313,04:21:53 PM,04:21:53 PM,0
2095582,3620,DUNDMANI,0,1730233381,1730233381,04:23:01 PM,04:23:01 PM,0
2095582,3620,DUNDBEA1,0,1730233473,1730233473,04:24:33 PM,04:24:33 PM,0
2095582,3620,DUNDCLK1,0,1730233535,1730233535,04:25:35 PM,04:25:35 PM,0
2095582,3620,ARGYMAL1,0,1730233620,1730233620,04:27:00 PM,04:27:00 PM,0
2095582,3620,ARGYMAL1,0,1730233620,1730233620,04:27:00 PM,04:27:00 PM,0
2095582,3620,DUNDEAS3,0,1730233752,1730233752,04:29:12 PM,04:29:12 PM,0
2095582,3620,DUNDWAV1,0,1730233809,1730233809,04:30:09 PM,04:30:09 PM,0
2095582,3620,DUNDFOR1,0,1730233850,1730233850,04:30:50 PM,04:30:50 PM,0
2095582,3620,DUNDSPE1,0,1730233876,1730233876,04:31:16 PM,04:31:16 PM,0
2095582,3620,DUNDCARL,0,1730233929,1730233929,04:32:09 PM,04:32:09 PM,0
2095582,3620,BONADUND,0,1730233980,1730233980,04:33:00 PM,04:33:00 PM,0
2108251,3621,RIVEWIL2,60,1730229224,1730229284,03:13:44 PM,03:14:44 PM,60
2108251,3621,RIVEWHA2,45,1730229263,1730229308,03:14:23 PM,03:15:08 PM,45
2108251,3621,WHARMPL1,31,1730229305,1730229336,03:15:05 PM,03:15:36 PM,31
2108251,3621,WHARMOIR,18,1730229344,1730229362,03:15:44 PM,03:16:02 PM,18
2108251,3621,WHAREMPR,44,1730229403,1730229447,03:16:43 PM,03:17:27 PM,44
2108251,3621,WHAROXF1,70,1730229480,1730229550,03:18:00 PM,03:19:10 PM,70
2108251,3621,WESTESSE,55,1730229541,1730229596,03:19:01 PM,03:19:56 PM,55
2108251,3621,WESTHOL1,39,1730229592,1730229631,03:19:52 PM,03:20:31 PM,39
2108251,3621,WESTPLA1,22,1730229646,1730229668,03:20:46 PM,03:21:08 PM,22
2108251,3621,WESTPHA1,13,1730229720,1730229733,03:22:00 PM,03:22:13 PM,13
2108251,3621,WESTPHA3,27,1730229778,1730229805,03:22:58 PM,03:23:25 PM,27
2108251,3621,ALUMHAL1,56,1730229896,1730229952,03:24:56 PM,03:25:52 PM,56
2108251,3621,MIDDPERT,27,1730230041,1730230068,03:27:21 PM,03:27:48 PM,27
2108251,3621,NATSCI,-41,1730230140,1730230099,03:29:00 PM,03:28:19 PM,-41
2108177,3621,NATSCI,0,1730230680,1730230680,03:38:00 PM,03:38:00 PM,0
2108177,3621,WESTELG1,0,1730230775,1730230775,03:39:35 PM,03:39:35 PM,0
2108177,3621,WESTWIN1,-31,1730230877,1730230846,03:41:17 PM,03:40:46 PM,-31
2108177,3621,WINDRIC1,-51,1730230935,1730230884,03:42:15 PM,03:41:24 PM,-51
2108177,3621,RICHRAY2,-135,1730231074,1730230939,03:44:34 PM,03:42:19 PM,-135
2108177,3621,RICHPAR2,-142,1730231123,1730230981,03:45:23 PM,03:43:01 PM,-142
2108177,3621,RICHUNI2,-151,1730231175,1730231024,03:46:15 PM,03:43:44 PM,-151
2108177,3621,RICHHUR2,-174,1730231231,1730231057,03:47:11 PM,03:44:17 PM,-174
2108177,3621,RICHVIC2,-214,1730231309,1730231095,03:48:29 PM,03:44:55 PM,-214
2108177,3621,RICHCHE2,-241,1730231356,1730231115,03:49:16 PM,03:45:15 PM,-241
2108177,3621,RICHGRO2,-246,1730231412,1730231166,03:50:12 PM,03:46:06 PM,-246
2108177,3621,RICHJAM2,-253,1730231449,1730231196,03:50:49 PM,03:46:36 PM,-253
2108177,3621,RICHOXF2,0,1730231520,1730231520,03:52:00 PM,03:52:00 PM,0
2108177,3621,RICHMILL,-30,1730231593,1730231563,03:53:13 PM,03:52:43 PM,-30
2108177,3621,RICHCENT,-67,1730231696,1730231629,03:54:56 PM,03:53:49 PM,-67
2108177,3621,RICHKEN2,-106,1730231766,1730231660,03:56:06 PM,03:54:20 PM,-106
2108177,3621,RICHDUF2,-123,1730231808,1730231685,03:56:48 PM,03:54:45 PM,-123
2108177,3621,RICHQUE1,-74,1730231874,1730231800,03:57:54 PM,03:56:40 PM,-74
2108177,3621,QUENRIDO,-162,1730232000,1730231838,04:00:00 PM,03:57:18 PM,-162
2103131,3622,BEAVBLYT,0,1730226840,1730226840,02:34:00 PM,02:34:00 PM,0
2103131,3622,BEAVCAP1,0,1730226894,1730226894,02:34:54 PM,02:34:54 PM,0
2103131,3622,BEAVOAKC,0,1730226965,1730226965,02:36:05 PM,02:36:05 PM,0
2103131,3622,BEAVOAK2,0,1730227043,1730227043,02:37:23 PM,02:37:23 PM,0
2103131,3622,BEAVWILR,0,1730227081,1730227081,02:38:01 PM,02:38:01 PM,0
2103131,3622,BEAVSARN,0,1730227126,1730227126,02:38:46 PM,02:38:46 PM,0
2103131,3622,OAKCOAKC,0,1730227200,1730227200,02:40:00 PM,02:40:00 PM,0
2103131,3622,OAKCMAP1,0,1730227256,1730227256,02:40:56 PM,02:40:56 PM,0
2103131,3622,OAKCMAP2,0,1730227308,1730227308,02:41:48 PM,02:41:48 PM,0
2103131,3622,BEAVWHET,0,1730227344,1730227344,02:42:24 PM,02:42:24 PM,0
2103131,3622,BEAVCAP2,0,1730227393,1730227393,02:43:13 PM,02:43:13 PM,0
2103131,3622,BEAVWON1,0,1730227440,1730227440,02:44:00 PM,02:44:00 PM,0
2103131,3622,BEAVWON1,0,1730227440,1730227440,02:44:00 PM,02:44:00 PM,0
2103131,3622,BEAVHOR2,0,1730227496,1730227496,02:44:56 PM,02:44:56 PM,0
2103131,3622,BEAVPROU,283,1730227526,1730227809,02:45:26 PM,02:50:09 PM,283
2103131,3622,DUNDCOL1,53,1730229169,1730229222,03:12:49 PM,03:13:42 PM,53
2103131,3622,DUNDMAI1,21,1730229240,1730229261,03:14:00 PM,03:14:21 PM,21
2103131,3622,DUNDWIL1,-2,1730229305,1730229303,03:15:05 PM,03:15:03 PM,-2
2103131,3622,DUNDADE1,6,1730229360,1730229366,03:16:00 PM,03:16:06 PM,6
2103131,3622,DUNDLYLE,-28,1730229420,1730229392,03:17:00 PM,03:16:32 PM,-28
2103131,3622,DUNDHEWI,-13,1730229460,1730229447,03:17:40 PM,03:17:27 PM,-13
2103131,3622,DUNDREC1,-29,1730229501,1730229472,03:18:21 PM,03:17:52 PM,-29
2103131,3622,DUNDONT1,-23,1730229529,1730229506,03:18:49 PM,03:18:26 PM,-23
2103131,3622,QUEBDUND,-32,1730229583,1730229551,03:19:43 PM,03:19:11 PM,-32
2103131,3622,QUEBQUEE,-42,1730229605,1730229563,03:20:05 PM,03:19:23 PM,-42
2103131,3622,QUEBLOR1,-63,1730229649,1730229586,03:20:49 PM,03:19:46 PM,-63
2103131,3622,QUEBELI1,-69,1730229676,1730229607,03:21:16 PM,03:20:07 PM,-69
2103131,3622,SALIQUEB,-90,1730229743,1730229653,03:22:23 PM,03:20:53 PM,-90
2103131,3622,GLASMORN,-96,1730229775,1730229679,03:22:55 PM,03:21:19 PM,-96
2103131,3622,MORNSTRA,-107,1730229809,1730229702,03:23:29 PM,03:21:42 PM,-107
2103131,3622,MORNSAL1,0,1730229900,1730229900,03:25:00 PM,03:25:00 PM,0
2103131,3622,MORNCON1,-26,1730229952,1730229926,03:25:52 PM,03:25:26 PM,-26
2103131,3622,MORNCON3,-39,1730229977,1730229938,03:26:17 PM,03:25:38 PM,-39
2103131,3622,OXFOMORN,24,1730230051,1730230075,03:27:31 PM,03:27:55 PM,24
2103131,3622,OXFOHIG1,123,1730230080,1730230203,03:28:00 PM,03:30:03 PM,123
2103131,3622,OXFOHIG3,110,1730230116,1730230226,03:28:36 PM,03:30:26 PM,110
2103131,3622,FANCOLL3,30,1730230260,1730230290,03:31:00 PM,03:31:30 PM,30
2103202,3622,FANCOLL3,118,1730230500,1730230618,03:35:00 PM,03:36:58 PM,118
2103202,3622,OXFOROE2,88,1730230550,1730230638,03:35:50 PM,03:37:18 PM,88
2103202,3622,OXFOHIG4,,,,,,
2103202,3622,OXFOHIG2,,,,,,
2103202,3622,MORNOXF2,235,1730230685,1730230920,03:38:05 PM,03:42:00 PM,235
2103202,3622,MORNOXF4,228,1730230708,1730230936,03:38:28 PM,03:42:16 PM,228
2103202,3622,MORNCON2,213,1730230749,1730230962,03:39:09 PM,03:42:42 PM,213
2103202,3622,MORNMOR4,216,1730230775,1730230991,03:39:35 PM,03:43:11 PM,216
2103202,3622,MORNSAL2,219,1730230800,1730231019,03:40:00 PM,03:43:39 PM,219
2103202,3622,MORNCURR,206,1730230832,1730231038,03:40:32 PM,03:43:58 PM,206
2103202,3622,MORNGLAS,193,1730230893,1730231086,03:41:33 PM,03:44:46 PM,193
2103202,3622,QUEBMORN,201,1730230928,1730231129,03:42:08 PM,03:45:29 PM,201
2103202,3622,QUEBELI2,160,1730230999,1730231159,03:43:19 PM,03:45:59 PM,160
2103202,3622,QUEBLOR2,149,1730231031,1730231180,03:43:51 PM,03:46:20 PM,149
2103202,3622,QUEBDUFF,144,1730231048,1730231192,03:44:08 PM,03:46:32 PM,144
2103202,3622,DUNDQUE2,133,1730231100,1730231233,03:45:00 PM,03:47:13 PM,133
2103202,3622,DUNDONT2,99,1730231160,1730231259,03:46:00 PM,03:47:39 PM,99
2103202,3622,DUNDREC2,67,1730231216,1730231283,03:46:56 PM,03:48:03 PM,67
2103202,3622,DUNDENGL,48,1730231275,1730231323,03:47:55 PM,03:48:43 PM,48
2103202,3622,DUNDELIZ,27,1730231337,1730231364,03:48:57 PM,03:49:24 PM,27
2103202,3622,DUNDADE2,54,1730231400,1730231454,03:50:00 PM,03:50:54 PM,54
2103202,3622,DUNDWIL2,38,1730231444,1730231482,03:50:44 PM,03:51:22 PM,38
2103202,3622,DUNDMAI2,24,1730231506,1730231530,03:51:46 PM,03:52:10 PM,24
2103202,3622,DUNDCOL2,3,1730231569,1730231572,03:52:49 PM,03:52:52 PM,3
2103202,3622,DUNDWAT2,-23,1730231633,1730231610,03:53:53 PM,03:53:30 PM,-23
2103202,3622,DUNDWEL2,0,1730231700,1730231700,03:55:00 PM,03:55:00 PM,0
2103202,3622,QUEECLAR,-70,1730231829,1730231759,03:57:09 PM,03:55:59 PM,-70
2103202,3622,QUEERIC2,-121,1730231880,1730231759,03:58:00 PM,03:55:59 PM,-121
2103202,3622,QUEERIC2,164,1730231880,1730232044,03:58:00 PM,04:00:44 PM,164
2103202,3622,QUENRIDO,132,1730231969,1730232100,03:59:29 PM,04:01:40 PM,131
2103202,3622,RIVEWIL2,82,1730232058,1730232140,04:00:58 PM,04:02:20 PM,82
2103202,3622,RIVEWHA4,78,1730232118,1730232196,04:01:58 PM,04:03:16 PM,78
2103202,3622,RIVEMTPL,58,1730232170,1730232228,04:02:50 PM,04:03:48 PM,58
2103202,3622,WOODRIVE,48,1730232218,1730232266,04:03:38 PM,04:04:26 PM,48
2103202,3622,WOODEDI1,12,1730232287,1730232298,04:04:47 PM,04:04:58 PM,11
2103202,3622,WOODCAM1,-2,1730232318,1730232316,04:05:18 PM,04:05:16 PM,-2
2103202,3622,PLATOXF1,4,1730232370,1730232374,04:06:10 PM,04:06:14 PM,4
2103202,3622,CHERPLA2,-2,1730232408,1730232406,04:06:48 PM,04:06:46 PM,-2
2103202,3622,CHERCHC4,-8,1730232440,1730232432,04:07:20 PM,04:07:12 PM,-8
2103202,3622,CHERCHBL,-14,1730232481,1730232466,04:08:01 PM,04:07:46 PM,-15
2103202,3622,CHEROXF2,0,1730232540,1730232540,04:09:00 PM,04:09:00 PM,0
2103202,3622,BEAVOXF2,-33,1730232637,1730232604,04:10:37 PM,04:10:04 PM,-33
2103202,3622,PROUBEA2,-57,1730232711,1730232654,04:11:51 PM,04:10:54 PM,-57
2103202,3622,FOREHIL2,-65,1730232757,1730232692,04:12:37 PM,04:11:32 PM,-65
2103202,3622,PROUOXF3,-83,1730232816,1730232733,04:13:36 PM,04:12:13 PM,-83
2103202,3622,PROUOXF1,-91,1730232847,1730232756,04:14:07 PM,04:12:36 PM,-91
2103202,3622,PROUFAR3,-100,1730232869,1730232769,04:14:29 PM,04:12:49 PM,-100
2103202,3622,PROUFAR1,-118,1730232905,1730232787,04:15:05 PM,04:13:07 PM,-118
2103202,3622,BEAVHORI,-145,1730232976,1730232831,04:16:16 PM,04:13:51 PM,-145
2103202,3622,BEAVWOND,-136,1730233015,1730232879,04:16:55 PM,04:14:39 PM,-136
2103202,3622,BEAVBLYT,-185,1730233080,1730232895,04:18:00 PM,04:14:55 PM,-185
2110390,3623,SOUTSPRI,24,1730228978,1730229002,03:09:38 PM,03:10:02 PM,24
2110390,3623,SOUTNOD1,23,1730229018,1730229041,03:10:18 PM,03:10:41 PM,23
2110390,3623,SOUTNOD3,3,1730229047,1730229050,03:10:47 PM,03:10:50 PM,3
2110390,3623,SOUTWHA1,27,1730229115,1730229142,03:11:55 PM,03:12:22 PM,27
2110390,3623,SOUTWHA3,18,1730229141,1730229159,03:12:21 PM,03:12:39 PM,18
2110390,3623,SOUTWHOK,-5,1730229203,1730229198,03:13:23 PM,03:13:18 PM,-5
2110390,3623,SOUTJAL1,4,1730229306,1730229310,03:15:06 PM,03:15:10 PM,4
2110390,3623,SOUTDUL1,-2,1730229337,1730229335,03:15:37 PM,03:15:35 PM,-2
2110390,3623,SOUTNIX1,-21,1730229375,1730229354,03:16:15 PM,03:15:54 PM,-21
2110390,3623,SOUTVER1,-47,1730229469,1730229422,03:17:49 PM,03:17:02 PM,-47
2110390,3623,WELLHARL,,,,,,
2110390,3623,WELLMON4,,,,,,
2110390,3623,WELLMON2,,,,,,
2110390,3623,WELLBRA2,19,1730229674,1730229693,03:21:14 PM,03:21:33 PM,19
2110390,3623,WHITOMA3,-26,1730229720,1730229694,03:22:00 PM,03:21:34 PM,-26
2110390,3623,WHITOMA3,0,1730230020,1730230020,03:27:00 PM,03:27:00 PM,0
2110390,3623,BRADWEL3,0,1730230161,1730230161,03:29:21 PM,03:29:21 PM,0
2110390,3623,BRADWIL1,-17,1730230208,1730230191,03:30:08 PM,03:29:51 PM,-17
2110390,3623,BRADAGN1,-34,1730230234,1730230200,03:30:34 PM,03:30:00 PM,-34
2110390,3623,BRADADE1,-67,1730230284,1730230217,03:31:24 PM,03:30:17 PM,-67
2110390,3623,BRADADE3,-98,1730230337,1730230239,03:32:17 PM,03:30:39 PM,-98
2110390,3623,ADELOSG5,-108,1730230377,1730230269,03:32:57 PM,03:31:09 PM,-108
2110390,3623,ADELOSG7,-128,1730230419,1730230291,03:33:39 PM,03:31:31 PM,-128
2110390,3623,ADELOSG3,-159,1730230494,1730230335,03:34:54 PM,03:32:15 PM,-159
2110390,3623,SOUTADE1,-168,1730230546,1730230378,03:35:46 PM,03:32:58 PM,-168
2110390,3623,SOUTMIL5,-174,1730230574,1730230400,03:36:14 PM,03:33:20 PM,-174
2110390,3623,SOUTMIL3,-193,1730230613,1730230420,03:36:53 PM,03:33:40 PM,-193
2110390,3623,SOUTMIL1,0,1730230680,1730230680,03:38:00 PM,03:38:00 PM,0
2110390,3623,SOUTKOR1,-27,1730230735,1730230708,03:38:55 PM,03:38:28 PM,-27
2110390,3623,SOUTPOM1,-40,1730230772,1730230732,03:39:32 PM,03:38:52 PM,-40
2110390,3623,PONDPONV,-71,1730230854,1730230783,03:40:54 PM,03:39:43 PM,-71
2110390,3623,PONDMIR3,-90,1730230892,1730230802,03:41:32 PM,03:40:02 PM,-90
2110390,3623,PONDMIR1,-104,1730230920,1730230816,03:42:00 PM,03:40:16 PM,-104
2110390,3623,PONDDEV1,-118,1730230970,1730230852,03:42:50 PM,03:40:52 PM,-118
2110390,3623,PONDBAN1,-126,1730230994,1730230868,03:43:14 PM,03:41:08 PM,-126
2110390,3623,PONDOLDH,-135,1730231060,1730230925,03:44:20 PM,03:42:05 PM,-135
2110390,3623,COMMPOM3,-141,1730231115,1730230974,03:45:15 PM,03:42:54 PM,-141
2110390,3623,COMMDEV1,0,1730231160,1730231160,03:46:00 PM,03:46:00 PM,0
2110390,3623,COMMHIG1,4,1730231212,1730231216,03:46:52 PM,03:46:56 PM,4
2110390,3623,HIGBHAM1,-86,1730231448,1730231362,03:50:48 PM,03:49:22 PM,-86
2110390,3623,HIGBMAGE,-87,1730231471,1730231384,03:51:11 PM,03:49:44 PM,-87
2110390,3623,HIGBTRA1,-96,1730231518,1730231422,03:51:58 PM,03:50:22 PM,-96
2110390,3623,HIGBBRY1,130,1730231580,1730231710,03:53:00 PM,03:55:10 PM,130
2110390,3623,HIGBWIL1,106,1730231630,1730231736,03:53:50 PM,03:55:36 PM,106
2110390,3623,HIGBBEA1,86,1730231679,1730231765,03:54:39 PM,03:56:05 PM,86
2110390,3623,HIGBDUN1,62,1730231760,1730231822,03:56:00 PM,03:57:02 PM,62
2110390,3623,HIGBLPH1,,,,,,
2110390,3623,HIGBOXF1,,,,,,
2110390,3623,HIGBOXF3,,,,,,
2110390,3623,HIGBLAN1,-79,1730232059,1730231980,04:00:59 PM,03:59:40 PM,-79
2110390,3623,HIGBCHE1,-77,1730232100,1730232023,04:01:40 PM,04:00:23 PM,-77
2110390,3623,HIGBGOD1,-85,1730232145,1730232060,04:02:25 PM,04:01:00 PM,-85
2110390,3623,HIGBHURO,-100,1730232199,1730232099,04:03:19 PM,04:01:39 PM,-100
2110390,3623,HIGBHIC1,-116,1730232248,1730232132,04:04:08 PM,04:02:12 PM,-116
2110390,3623,HIGBFUL1,-126,1730232282,1730232156,04:04:42 PM,04:02:36 PM,-126
2110390,3623,FULLVES2,-133,1730232359,1730232226,04:05:59 PM,04:03:46 PM,-133
2110390,3623,FULLREGA,-141,1730232402,1730232261,04:06:42 PM,04:04:21 PM,-141
2110390,3623,MCNAMEL2,-144,1730232452,1730232308,04:07:32 PM,04:05:08 PM,-144
2110390,3623,MELSBRIA,-147,1730232484,1730232337,04:08:04 PM,04:05:37 PM,-147
2110390,3623,MELSSUSS,-160,1730232538,1730232378,04:08:58 PM,04:06:18 PM,-160
2110390,3623,BARKHURO,-198,1730232600,1730232402,04:10:00 PM,04:06:42 PM,-198
2110312,3623,BARKHURO,0,1730232720,1730232720,04:12:00 PM,04:12:00 PM,0
2110312,3623,HUROBRI3,0,1730232816,1730232816,04:13:36 PM,04:13:36 PM,0
2110312,3623,HUROBRI1,0,1730232846,1730232846,04:14:06 PM,04:14:06 PM,0
2110312,3623,HUROMCN1,0,1730232901,1730232901,04:15:01 PM,04:15:01 PM,0
2110312,3623,HUROVES1,0,1730232948,1730232948,04:15:48 PM,04:15:48 PM,0
2110312,3623,HUROHIG1,0,1730233020,1730233020,04:17:00 PM,04:17:00 PM,0
2110312,3623,HIGBGOD2,0,1730233146,1730233146,04:19:06 PM,04:19:06 PM,0
2110312,3623,HIGBCHE2,0,1730233217,1730233217,04:20:17 PM,04:20:17 PM,0
2110312,3623,HIGBLAN2,0,1730233249,1730233249,04:20:49 PM,04:20:49 PM,0
2110312,3623,HIGBOXF4,,,,,,
2110312,3623,HIGBOXF2,,,,,,
2110312,3623,HIGBLPH2,,,,,,
2110312,3623,HIGBDUN2,0,1730233560,1730233560,04:26:00 PM,04:26:00 PM,0
2110312,3623,HIGBBEA2,0,1730233642,1730233642,04:27:22 PM,04:27:22 PM,0
2110312,3623,HIGBWIL2,0,1730233717,1730233717,04:28:37 PM,04:28:37 PM,0
2110312,3623,HIGBBRY2,0,1730233800,1730233800,04:30:00 PM,04:30:00 PM,0
2110312,3623,HIGBTRA2,0,1730233882,1730233882,04:31:22 PM,04:31:22 PM,0
2110312,3623,HIGBCALV,0,1730233955,1730233955,04:32:35 PM,04:32:35 PM,0
2110312,3623,HIGBHAM2,0,1730233983,1730233983,04:33:03 PM,04:33:03 PM,0
2110312,3623,COMMDEV6,0,1730234365,1730234365,04:39:25 PM,04:39:25 PM,0
2110312,3623,COMMDEV2,0,1730234400,1730234400,04:40:00 PM,04:40:00 PM,0
2110312,3623,PONDDEV2,0,1730234483,1730234483,04:41:23 PM,04:41:23 PM,0
2110312,3623,PONDBAN2,0,1730234538,1730234538,04:42:18 PM,04:42:18 PM,0
2110312,3623,PONDDEV4,0,1730234581,1730234581,04:43:01 PM,04:43:01 PM,0
2110312,3623,PONDMIR4,0,1730234631,1730234631,04:43:51 PM,04:43:51 PM,0
2110312,3623,PONDMIR2,0,1730234677,1730234677,04:44:37 PM,04:44:37 PM,0
2110312,3623,PONDMILL,0,1730234701,1730234701,04:45:01 PM,04:45:01 PM,0
2110312,3623,SOUTPOM2,0,1730234782,1730234782,04:46:22 PM,04:46:22 PM,0
2110312,3623,SOUTKOR2,0,1730234833,1730234833,04:47:13 PM,04:47:13 PM,0
2110312,3623,SOUTMIL2,0,1730234880,1730234880,04:48:00 PM,04:48:00 PM,0
2110312,3623,SOUTMIL4,0,1730234955,1730234955,04:49:15 PM,04:49:15 PM,0
2110312,3623,SOUTMIL6,0,1730234999,1730234999,04:49:59 PM,04:49:59 PM,0
2110312,3623,ADELSDAL,0,1730235043,1730235043,04:50:43 PM,04:50:43 PM,0
2110312,3623,ADELOSG2,0,1730235084,1730235084,04:51:24 PM,04:51:24 PM,0
2110312,3623,ADELOSG6,0,1730235150,1730235150,04:52:30 PM,04:52:30 PM,0
2110312,3623,ADELOSG4,0,1730235187,1730235187,04:53:07 PM,04:53:07 PM,0
2110312,3623,BRADADE2,0,1730235225,1730235225,04:53:45 PM,04:53:45 PM,0
2110312,3623,BRADADE4,0,1730235279,1730235279,04:54:39 PM,04:54:39 PM,0
2110312,3623,BRADAGN2,0,1730235322,1730235322,04:55:22 PM,04:55:22 PM,0
2110312,3623,BRADWIL4,0,1730235356,1730235356,04:55:56 PM,04:55:56 PM,0
2110312,3623,BRADDEAR,0,1730235394,1730235394,04:56:34 PM,04:56:34 PM,0
2110312,3623,WELLBRA2,0,1730235431,1730235431,04:57:11 PM,04:57:11 PM,0
2110312,3623,WHITOMA3,0,1730235480,1730235480,04:58:00 PM,04:58:00 PM,0
2110312,3623,WHITOMA3,0,1730236020,1730236020,05:07:00 PM,05:07:00 PM,0
2110312,3623,WELLBRA1,,,,,,
2110312,3623,WELLMON1,,,,,,
2110312,3623,WELLSDA5,,,,,,
2110312,3623,SOUTMONT,,,,,,
2110312,3623,SOUTVER2,0,1730236398,1730236398,05:13:18 PM,05:13:18 PM,0
2110312,3623,SOUTEAS2,0,1730236432,1730236432,05:13:52 PM,05:13:52 PM,0
2110312,3623,SOUTNIX2,0,1730236511,1730236511,05:15:11 PM,05:15:11 PM,0
2110312,3623,SOUTDUL2,0,1730236558,1730236558,05:15:58 PM,05:15:58 PM,0
2110312,3623,SOUTDUN2,0,1730236620,1730236620,05:17:00 PM,05:17:00 PM,0
2110312,3623,SOUTHOME,0,1730236720,1730236720,05:18:40 PM,05:18:40 PM,0
2110312,3623,SOUTWHA4,0,1730236773,1730236773,05:19:33 PM,05:19:33 PM,0
2110312,3623,SOUTWHA2,0,1730236819,1730236819,05:20:19 PM,05:20:19 PM,0
2110312,3623,SOUTNOD2,0,1730236888,1730236888,05:21:28 PM,05:21:28 PM,0
2110312,3623,SOUTNOD4,0,1730236925,1730236925,05:22:05 PM,05:22:05 PM,0
2110312,3623,SOUTAND2,0,1730237005,1730237005,05:23:25 PM,05:23:25 PM,0
2110312,3623,SOUTWON2,0,1730237083,1730237083,05:24:43 PM,05:24:43 PM,0
2110312,3623,WONDSDA1,0,1730237128,1730237128,05:25:28 PM,05:25:28 PM,0
2110312,3623,WONDPVA1,0,1730237188,1730237188,05:26:28 PM,05:26:28 PM,0
2110312,3623,WONDMMA3,0,1730237214,1730237214,05:26:54 PM,05:26:54 PM,0
2110312,3623,WONDMMA1,0,1730237253,1730237253,05:27:33 PM,05:27:33 PM,0
2110312,3623,WESTMAL6,0,1730237400,1730237400,05:30:00 PM,05:30:00 PM,0
2110312,3623,WONDVIS3,0,1730237477,1730237477,05:31:17 PM,05:31:17 PM,0
2110312,3623,WONDVIL1,0,1730237522,1730237522,05:32:02 PM,05:32:02 PM,0
2110312,3623,WONDCOM1,0,1730237590,1730237590,05:33:10 PM,05:33:10 PM,0
2110312,3623,WONDCOM3,0,1730237650,1730237650,05:34:10 PM,05:34:10 PM,0
2110312,3623,WONDTEE1,0,1730237742,1730237742,05:35:42 PM,05:35:42 PM,0
2110312,3623,WONDSPR1,0,1730237880,1730237880,05:38:00 PM,05:38:00 PM,0
2110312,3623,WONDRIV1,0,1730238142,1730238142,05:42:22 PM,05:42:22 PM,0
2110312,3623,WONDKIW1,0,1730238185,1730238185,05:43:05 PM,05:43:05 PM,0
2110312,3623,WONDOXF3,0,1730238262,1730238262,05:44:22 PM,05:44:22 PM,0
2110312,3623,WONDOXF1,0,1730238300,1730238300,05:45:00 PM,05:45:00 PM,0
2110312,3623,WONDFAR1,0,1730238354,1730238354,05:45:54 PM,05:45:54 PM,0
2110312,3623,WONDFAR3,0,1730238402,1730238402,05:46:42 PM,05:46:42 PM,0
2110312,3623,WONDBEA1,0,1730238475,1730238475,05:47:55 PM,05:47:55 PM,0
2110312,3623,SARNCAS1,0,1730238660,1730238660,05:51:00 PM,05:51:00 PM,0
2110312,3623,SARNCAS1,0,1730238660,1730238660,05:51:00 PM,05:51:00 PM,0
2110312,3623,SARNRIPP,0,1730238723,1730238723,05:52:03 PM,05:52:03 PM,0
2110312,3623,SARNCAS3,0,1730238795,1730238795,05:53:15 PM,05:53:15 PM,0
2110312,3623,SARNCOOM,0,1730238858,1730238858,05:54:18 PM,05:54:18 PM,0
2110312,3623,SARNWES1,0,1730238900,1730238900,05:55:00 PM,05:55:00 PM,0
2110312,3623,WESTPHA3,0,1730238993,1730238993,05:56:33 PM,05:56:33 PM,0
2110312,3623,ALUMHAL1,0,1730239187,1730239187,05:59:47 PM,05:59:47 PM,0
2110312,3623,DELAHALL,0,1730239440,1730239440,06:04:00 PM,06:04:00 PM,0
2110312,3623,UNIVHOS1,0,1730239595,1730239595,06:06:35 PM,06:06:35 PM,0
2110312,3623,PERTWIN1,0,1730239631,1730239631,06:07:11 PM,06:07:11 PM,0
2110312,3623,RICHWIN1,0,1730239723,1730239723,06:08:43 PM,06:08:43 PM,0
2110312,3623,RICHWEC1,0,1730239775,1730239775,06:09:35 PM,06:09:35 PM,0
2110312,3623,RICHCANT,0,1730239823,1730239823,06:10:23 PM,06:10:23 PM,0
2110312,3623,RICHSUNN,0,1730239906,1730239906,06:11:46 PM,06:11:46 PM,0
2110312,3623,MASOSTO4,0,1730240040,1730240040,06:14:00 PM,06:14:00 PM,0
2106873,3624,WESTLAM1,570,1730228413,1730228983,03:00:13 PM,03:09:43 PM,570
2106873,3624,WESTELG1,606,1730228482,1730229088,03:01:22 PM,03:11:28 PM,606
2106873,3624,RICHWEST,606,1730228663,1730229269,03:04:23 PM,03:14:29 PM,606
2106873,3624,MASOSTO3,550,1730228760,1730229310,03:06:00 PM,03:15:10 PM,550
2106911,3624,MASOSTO3,430,1730229000,1730229430,03:10:00 PM,03:17:10 PM,430
2106911,3624,RICHWES3,278,1730229201,1730229479,03:13:21 PM,03:17:59 PM,278
2106911,3624,WESTELG3,139,1730229480,1730229619,03:18:00 PM,03:20:19 PM,139
2106911,3624,WESTLAM2,142,1730229561,1730229703,03:19:21 PM,03:21:43 PM,142
2106911,3624,WESTSAR2,242,1730229638,1730229880,03:20:38 PM,03:24:40 PM,242
2106911,3624,WHARMCDO,172,1730229836,1730230008,03:23:56 PM,03:26:48 PM,172
2106911,3624,WHAROXF2,179,1730229900,1730230079,03:25:00 PM,03:27:59 PM,179
2106911,3624,WHARWYAT,150,1730230080,1730230230,03:28:00 PM,03:30:30 PM,150
2106911,3624,WHARBYR2,167,1730230209,1730230376,03:30:09 PM,03:32:56 PM,167
2106911,3624,WHARELM2,149,1730230268,1730230417,03:31:08 PM,03:33:37 PM,149
2106911,3624,WHAREME2,102,1730230378,1730230480,03:32:58 PM,03:34:40 PM,102
2106911,3624,WHARBAS2,120,1730230440,1730230560,03:34:00 PM,03:36:00 PM,120
2106911,3624,HIGVWHA1,163,1730230558,1730230721,03:35:58 PM,03:38:41 PM,163
2106911,3624,HIGVWHA3,158,1730230586,1730230744,03:36:26 PM,03:39:04 PM,158
2106911,3624,HIGVROS2,147,1730230623,1730230770,03:37:03 PM,03:39:30 PM,147
2106911,3624,HIGVROS4,128,1730230671,1730230799,03:37:51 PM,03:39:59 PM,128
2106911,3624,HIGVFER2,120,1730230718,1730230838,03:38:38 PM,03:40:38 PM,120
2106911,3624,FERNHOM1,105,1730230795,1730230900,03:39:55 PM,03:41:40 PM,105
2106911,3624,FERNHAM1,83,1730230845,1730230928,03:40:45 PM,03:42:08 PM,83
2106911,3624,DUNDHARC,60,1730230908,1730230968,03:41:48 PM,03:42:48 PM,60
2106911,3624,DUNDHIN2,49,1730230935,1730230984,03:42:15 PM,03:43:04 PM,49
2106911,3624,DUNDSDAL,51,1730230979,1730231030,03:42:59 PM,03:43:50 PM,51
2106911,3624,JALNJOS2,43,1730231016,1730231059,03:43:36 PM,03:44:19 PM,43
2106911,3624,JALNJOS4,29,1730231069,1730231098,03:44:29 PM,03:44:58 PM,29
2106911,3624,JALNERI2,25,1730231095,1730231120,03:44:55 PM,03:45:20 PM,25
2106911,3624,JALNERI4,15,1730231160,1730231175,03:46:00 PM,03:46:15 PM,15
2106911,3624,BRADJALN,-10,1730231225,1730231215,03:47:05 PM,03:46:55 PM,-10
2106911,3624,BRADERNE,-22,1730231265,1730231243,03:47:45 PM,03:47:23 PM,-22
2106911,3624,BRADWOPS,-45,1730231330,1730231285,03:48:50 PM,03:48:05 PM,-45
2106911,3624,BRADMEDI,-49,1730231366,1730231317,03:49:26 PM,03:48:37 PM,-49
2106911,3624,JALNBRA4,-46,1730231411,1730231365,03:50:11 PM,03:49:25 PM,-46
2106911,3624,WHOKMASB,-87,1730231460,1730231373,03:51:00 PM,03:49:33 PM,-87
2099939,3625,QUENRIDO,150,1730228949,1730229099,03:09:09 PM,03:11:39 PM,150
2099939,3625,RIVEWIL2,124,1730229033,1730229157,03:10:33 PM,03:12:37 PM,124
2099939,3625,WHARWYAT,138,1730229092,1730229230,03:11:32 PM,03:13:50 PM,138
2099939,3625,WHARRIG2,122,1730229143,1730229265,03:12:23 PM,03:14:25 PM,122
2099939,3625,WHARHORT,96,1730229215,1730229311,03:13:35 PM,03:15:11 PM,96
2099939,3625,WHARBYR2,93,1730229251,1730229344,03:14:11 PM,03:15:44 PM,93
2099939,3625,WHARELM2,61,1730229324,1730229385,03:15:24 PM,03:16:25 PM,61
2099939,3625,WHARTEC2,35,1730229388,1730229423,03:16:28 PM,03:17:03 PM,35
2099939,3625,WHAREME2,3,1730229460,1730229463,03:17:40 PM,03:17:43 PM,3
2099939,3625,WHARCENT,-14,1730229501,1730229487,03:18:21 PM,03:18:07 PM,-14
2099939,3625,WHARBAS2,0,1730229540,1730229540,03:19:00 PM,03:19:00 PM,0
2099939,3625,WHARCOM2,-5,1730229578,1730229573,03:19:38 PM,03:19:33 PM,-5
2099939,3625,COMMGRD2,-26,1730229640,1730229614,03:20:40 PM,03:20:14 PM,-26
2099939,3625,COMMHUXL,-31,1730229692,1730229661,03:21:32 PM,03:21:01 PM,-31
2099939,3625,VISCCOM2,-43,1730229732,1730229689,03:22:12 PM,03:21:29 PM,-43
2099939,3625,VISCTAV2,-72,1730229784,1730229712,03:23:04 PM,03:21:52 PM,-72
2099939,3625,VISCGAL2,-102,1730229846,1730229744,03:24:06 PM,03:22:24 PM,-102
2099939,3625,NOTRVISC,0,1730229900,1730229900,03:25:00 PM,03:25:00 PM,0
2099939,3625,BELMNODA,-15,1730229953,1730229938,03:25:53 PM,03:25:38 PM,-15
2099939,3625,BELMSLAW,-28,1730229997,1730229969,03:26:37 PM,03:26:09 PM,-28
2099939,3625,BELMHILL,-32,1730230034,1730230002,03:27:14 PM,03:26:42 PM,-32
2099939,3625,BELMWHAR,-20,1730230071,1730230051,03:27:51 PM,03:27:31 PM,-20
2099939,3625,WHARWDAL,-45,1730230135,1730230090,03:28:55 PM,03:28:10 PM,-45
2099939,3625,WHARSOUT,0,1730230200,1730230200,03:30:00 PM,03:30:00 PM,0
2099939,3625,WHARLEGE,0,1730230242,1730230242,03:30:42 PM,03:30:42 PM,0
2099939,3625,WHARCAST,-10,1730230299,1730230289,03:31:39 PM,03:31:29 PM,-10
2099939,3625,WHARMOR2,-12,1730230346,1730230334,03:32:26 PM,03:32:14 PM,-12
2099939,3625,WHARWON2,-13,1730230370,1730230357,03:32:50 PM,03:32:37 PM,-13
2099939,3625,WONDWHAR,-18,1730230424,1730230406,03:33:44 PM,03:33:26 PM,-18
2099939,3625,WONDWHA2,-34,1730230440,1730230406,03:34:00 PM,03:33:26 PM,-34
2096678,3626,RIDOCRA2,404,1730228819,1730229223,03:06:59 PM,03:13:43 PM,404
2096678,3626,RIDOELMW,409,1730228852,1730229261,03:07:32 PM,03:14:21 PM,409
2096678,3626,RIDOTEC2,400,1730228910,1730229310,03:08:30 PM,03:15:10 PM,400
2096678,3626,RIDOWINS,388,1730228958,1730229346,03:09:18 PM,03:15:46 PM,388
2096678,3626,RIDOEME2,385,1730228994,1730229379,03:09:54 PM,03:16:19 PM,385
2096678,3626,RIDOROSE,366,1730229039,1730229405,03:10:39 PM,03:16:45 PM,366
2096678,3626,RIDOBAS2,362,1730229071,1730229433,03:11:11 PM,03:17:13 PM,362
2096678,3626,RIDOMOU2,363,1730229104,1730229467,03:11:44 PM,03:17:47 PM,363
2096678,3626,UPPECOM2,379,1730229150,1730229529,03:12:30 PM,03:18:49 PM,379
2096678,3626,UPPECHI4,365,1730229215,1730229580,03:13:35 PM,03:19:40 PM,365
2096678,3626,CHIDHUN1,352,1730229269,1730229621,03:14:29 PM,03:20:21 PM,352
2096678,3626,CHIDCHID,357,1730229328,1730229685,03:15:28 PM,03:21:25 PM,357
2096678,3626,WILKCHI2,357,1730229360,1730229717,03:16:00 PM,03:21:57 PM,357
2096678,3626,SANDWIL2,351,1730229404,1730229755,03:16:44 PM,03:22:35 PM,351
2096678,3626,SANDVER1,350,1730229441,1730229791,03:17:21 PM,03:23:11 PM,350
2096678,3626,VERUEDEN,352,1730229461,1730229813,03:17:41 PM,03:23:33 PM,352
2096678,3626,EDENEAS2,338,1730229504,1730229842,03:18:24 PM,03:24:02 PM,338
2096678,3626,EDENNIX,357,1730229540,1730229897,03:19:00 PM,03:24:57 PM,357
2096678,3626,NIXOCRE2,357,1730229577,1730229934,03:19:37 PM,03:25:34 PM,357
2096678,3626,NIXOSDAL,354,1730229604,1730229958,03:20:04 PM,03:25:58 PM,354
2096678,3626,JALNERN3,351,1730229648,1730229999,03:20:48 PM,03:26:39 PM,351
2096678,3626,JALNBEE2,326,1730229720,1730230046,03:22:00 PM,03:27:26 PM,326
2096678,3626,JALNTUMB,309,1730229760,1730230069,03:22:40 PM,03:27:49 PM,309
2096678,3626,JALNBEM2,287,1730229814,1730230101,03:23:34 PM,03:28:21 PM,287
2096678,3626,JALNBRA4,284,1730229860,1730230144,03:24:20 PM,03:29:04 PM,284
2096678,3626,WHOKMASB,252,1730229900,1730230152,03:25:00 PM,03:29:12 PM,252
2096735,3626,WHOKMASB,72,1730230260,1730230332,03:31:00 PM,03:32:12 PM,72
2096735,3626,SHOLJAL2,72,1730230376,1730230448,03:32:56 PM,03:34:08 PM,72
2096735,3626,SHOLEXE2,47,1730230417,1730230464,03:33:37 PM,03:34:24 PM,47
2096735,3626,EXETSHOL,29,1730230456,1730230485,03:34:16 PM,03:34:45 PM,29
2096735,3626,MEGEXE1,15,1730230509,1730230524,03:35:09 PM,03:35:24 PM,15
2096735,3626,JALNERN4,10,1730230558,1730230568,03:35:58 PM,03:36:08 PM,10
2096735,3626,ERNESCO2,9,1730230585,1730230594,03:36:25 PM,03:36:34 PM,9
2096735,3626,ERNEFEN1,-11,1730230633,1730230622,03:37:13 PM,03:37:02 PM,-11
2096735,3626,ERNECON1,-23,1730230688,1730230665,03:38:08 PM,03:37:45 PM,-23
2096735,3626,ERNEBRA1,-10,1730230723,1730230713,03:38:43 PM,03:38:33 PM,-10
2096735,3626,ERNEMUR3,0,1730230753,1730230753,03:39:13 PM,03:39:13 PM,0
2096735,3626,ERNEMUR1,-4,1730230783,1730230779,03:39:43 PM,03:39:39 PM,-4
2096735,3626,ERNEJAL1,-24,1730230842,1730230818,03:40:42 PM,03:40:18 PM,-24
2096735,3626,NIXOWIMB,6,1730230871,1730230877,03:41:11 PM,03:41:17 PM,6
2096735,3626,NIXOEDEN,-11,1730230926,1730230915,03:42:06 PM,03:41:55 PM,-11
2096735,3626,EDENEAS1,-21,1730230967,1730230946,03:42:47 PM,03:42:26 PM,-21
2096735,3626,EDENVERU,-26,1730231007,1730230981,03:43:27 PM,03:43:01 PM,-26
2096735,3626,SANDVER2,0,1730231040,1730231040,03:44:00 PM,03:44:00 PM,0
2096735,3626,SANDWIL4,-10,1730231077,1730231067,03:44:37 PM,03:44:27 PM,-10
2096735,3626,WILKCHI1,-16,1730231116,1730231100,03:45:16 PM,03:45:00 PM,-16
2096735,3626,CHIDWILK,-7,1730231147,1730231140,03:45:47 PM,03:45:40 PM,-7
2096735,3626,CHIDHUN2,-10,1730231185,1730231175,03:46:25 PM,03:46:15 PM,-10
2096735,3626,CHIDUPQ2,-26,1730231240,1730231214,03:47:20 PM,03:46:54 PM,-26
2096735,3626,UPPECOM1,-20,1730231323,1730231303,03:48:43 PM,03:48:23 PM,-20
2096735,3626,RIDOBAS1,-39,1730231378,1730231339,03:49:38 PM,03:48:59 PM,-39
2096735,3626,RIDOHICK,-54,1730231409,1730231355,03:50:09 PM,03:49:15 PM,-54
2096735,3626,RIDOEME1,0,1730231460,1730231460,03:51:00 PM,03:51:00 PM,0
2096735,3626,RIDOBAKE,-33,1730231517,1730231484,03:51:57 PM,03:51:24 PM,-33
2096735,3626,RIDOTEC1,-51,1730231559,1730231508,03:52:39 PM,03:51:48 PM,-51
2096735,3626,RIDOGRAN,-68,1730231602,1730231534,03:53:22 PM,03:52:14 PM,-68
2096735,3626,RIDOCRA1,-92,1730231662,1730231570,03:54:22 PM,03:52:50 PM,-92
2096735,3626,RIDOING1,-113,1730231696,1730231583,03:54:56 PM,03:53:03 PM,-113
2096735,3626,HORTRID1,-130,1730231747,1730231617,03:55:47 PM,03:53:37 PM,-130
2096735,3626,RICHHOT1,-147,1730231813,1730231666,03:56:53 PM,03:54:26 PM,-147
2096735,3626,RICHKIN1,0,1730231880,1730231880,03:58:00 PM,03:58:00 PM,0
2096735,3626,RICHQUEE,-149,1730232060,1730231911,04:01:00 PM,03:58:31 PM,-149
2096735,3626,RICHQUEE,144,1730232060,1730232204,04:01:00 PM,04:03:24 PM,144
2096735,3626,RICHKEN1,41,1730232197,1730232238,04:03:17 PM,04:03:58 PM,41
2096735,3626,RICHHYM1,-32,1730232321,1730232289,04:05:21 PM,04:04:49 PM,-32
2096735,3626,RICHPALL,-72,1730232393,1730232321,04:06:33 PM,04:05:21 PM,-72
2096735,3626,OXFORIC1,0,1730232540,1730232540,04:09:00 PM,04:09:00 PM,0
2096735,3626,OXFOWEL1,-15,1730232565,1730232550,04:09:25 PM,04:09:10 PM,-15
2096735,3626,OXFOWAT1,-29,1730232609,1730232580,04:10:09 PM,04:09:40 PM,-29
2096735,3626,OXFOCOL1,-44,1730232652,1730232608,04:10:52 PM,04:10:08 PM,-44
2096735,3626,OXFOMAI1,-61,1730232705,1730232644,04:11:45 PM,04:10:44 PM,-61
2096735,3626,OXFOWIL1,-70,1730232741,1730232671,04:12:21 PM,04:11:11 PM,-70
2096735,3626,OXFOADE1,0,1730232780,1730232780,04:13:00 PM,04:13:00 PM,0
2096735,3626,OXFOELI1,-12,1730232819,1730232807,04:13:39 PM,04:13:27 PM,-12
2096735,3626,OXFOELL1,-26,1730232854,1730232828,04:14:14 PM,04:13:48 PM,-26
2096735,3626,OXFOGAM1,-38,1730232898,1730232860,04:14:58 PM,04:14:20 PM,-38
2096735,3626,OXFOSTE1,-44,1730232931,1730232887,04:15:31 PM,04:14:47 PM,-44
2096735,3626,OXFOQUE1,-38,1730232950,1730232912,04:15:50 PM,04:15:12 PM,-38
2096735,3626,OXFOSTRA,-40,1730232982,1730232942,04:16:22 PM,04:15:42 PM,-40
2096735,3626,OXFOSPIT,-43,1730233020,1730232977,04:17:00 PM,04:16:17 PM,-43
2096735,3626,OXFOCLE1,-50,1730233055,1730233005,04:17:35 PM,04:16:45 PM,-50
2096735,3626,OXFOEMPI,1,1730233092,1730233093,04:18:12 PM,04:18:13 PM,1
2096735,3626,OXFOMORN,,,,,,
2096735,3626,OXFOHIG1,,,,,,
2096735,3626,OXFOHIG3,,,,,,
2096735,3626,FANCOLL2,126,1730233260,1730233386,04:21:00 PM,04:23:06 PM,126
2103169,3628,GLASMORN,100,1730229115,1730229215,03:11:55 PM,03:13:35 PM,100
2103169,3628,MORNSTRA,89,1730229149,1730229238,03:12:29 PM,03:13:58 PM,89
2103169,3628,MORNSAL1,69,1730229240,1730229309,03:14:00 PM,03:15:09 PM,69
2103169,3628,MORNCON1,44,1730229292,1730229336,03:14:52 PM,03:15:36 PM,44
2103169,3628,MORNCON3,31,1730229317,1730229348,03:15:17 PM,03:15:48 PM,31
2103169,3628,OXFOMORN,96,1730229391,1730229487,03:16:31 PM,03:18:07 PM,96
2103169,3628,OXFOHIG1,196,1730229420,1730229616,03:17:00 PM,03:20:16 PM,196
2103169,3628,OXFOHIG3,184,1730229456,1730229640,03:17:36 PM,03:20:40 PM,184
2103169,3628,FANCOLL3,91,1730229600,1730229691,03:20:00 PM,03:21:31 PM,91
2103230,3628,FANCOLL3,122,1730229960,1730230082,03:26:00 PM,03:28:02 PM,122
2103230,3628,OXFOROE2,66,1730230035,1730230102,03:27:15 PM,03:28:22 PM,67
2103230,3628,OXFOHIG4,122,1730230096,1730230218,03:28:16 PM,03:30:18 PM,122
2103230,3628,OXFOHIG2,194,1730230140,1730230334,03:29:00 PM,03:32:14 PM,194
2103230,3628,MORNOXF2,162,1730230226,1730230388,03:30:26 PM,03:33:08 PM,162
2103230,3628,MORNOXF4,146,1730230257,1730230404,03:30:57 PM,03:33:24 PM,147
2103230,3628,MORNCON2,118,1730230312,1730230430,03:31:52 PM,03:33:50 PM,118
2103230,3628,MORNMOR4,112,1730230347,1730230460,03:32:27 PM,03:34:20 PM,113
2103230,3628,MORNSAL2,108,1730230380,1730230488,03:33:00 PM,03:34:48 PM,108
2103230,3628,MORNCURR,96,1730230412,1730230508,03:33:32 PM,03:35:08 PM,96
2103230,3628,MORNGLAS,82,1730230473,1730230556,03:34:33 PM,03:35:56 PM,83
2103230,3628,QUEBMORN,90,1730230508,1730230598,03:35:08 PM,03:36:38 PM,90
2103230,3628,QUEBELI2,50,1730230579,1730230630,03:36:19 PM,03:37:10 PM,51
2103230,3628,QUEBLOR2,40,1730230611,1730230650,03:36:51 PM,03:37:30 PM,39
2103230,3628,QUEBDUFF,34,1730230628,1730230662,03:37:08 PM,03:37:42 PM,34
2103230,3628,DUNDQUE2,26,1730230680,1730230706,03:38:00 PM,03:38:26 PM,26
2103230,3628,DUNDONT2,-6,1730230740,1730230734,03:39:00 PM,03:38:54 PM,-6
2103230,3628,DUNDREC2,-38,1730230796,1730230758,03:39:56 PM,03:39:18 PM,-38
2103230,3628,DUNDENGL,-56,1730230855,1730230798,03:40:55 PM,03:39:58 PM,-57
2103230,3628,DUNDELIZ,-76,1730230917,1730230840,03:41:57 PM,03:40:40 PM,-77
2103230,3628,DUNDADE2,0,1730230980,1730230980,03:43:00 PM,03:43:00 PM,0
2103230,3628,DUNDWIL2,2,1730231006,1730231008,03:43:26 PM,03:43:28 PM,2
2103230,3628,DUNDMAI2,9,1730231043,1730231052,03:44:03 PM,03:44:12 PM,9
2103230,3628,DUNDCOL2,21,1730231081,1730231102,03:44:41 PM,03:45:02 PM,21
2103230,3628,DUNDWAT2,28,1730231119,1730231147,03:45:19 PM,03:45:47 PM,28
2103230,3628,DUNDWEL2,35,1730231160,1730231195,03:46:00 PM,03:46:35 PM,35
2103230,3628,QUEECLAR,-31,1730231289,1730231258,03:48:09 PM,03:47:38 PM,-31
2103230,3628,QUEERIC2,-82,1730231340,1730231258,03:49:00 PM,03:47:38 PM,-82
2103230,3628,QUEERIC2,168,1730231340,1730231508,03:49:00 PM,03:51:48 PM,168
2103230,3628,QUENRIDO,128,1730231437,1730231566,03:50:37 PM,03:52:46 PM,129
2103230,3628,RIVEWIL2,78,1730231534,1730231612,03:52:14 PM,03:53:32 PM,78
2103230,3628,RIVEWHA4,66,1730231599,1730231666,03:53:19 PM,03:54:26 PM,67
2103230,3628,RIVEMTPL,38,1730231655,1730231694,03:54:15 PM,03:54:54 PM,39
2103230,3628,WOODRIVE,34,1730231707,1730231740,03:55:07 PM,03:55:40 PM,33
2103230,3628,WOODEDI1,-10,1730231782,1730231772,03:56:22 PM,03:56:12 PM,-10
2103230,3628,WOODCAM1,-26,1730231816,1730231790,03:56:56 PM,03:56:30 PM,-26
2103230,3628,PLATOXF1,-22,1730231873,1730231850,03:57:53 PM,03:57:30 PM,-23
2103230,3628,CHERPLA2,-32,1730231915,1730231884,03:58:35 PM,03:58:04 PM,-31
2103230,3628,CHERCHC4,-40,1730231950,1730231910,03:59:10 PM,03:58:30 PM,-40
2103230,3628,CHERCHBL,-50,1730231995,1730231944,03:59:55 PM,03:59:04 PM,-51
2103230,3628,CHEROXF2,0,1730232060,1730232060,04:01:00 PM,04:01:00 PM,0
2103230,3628,BEAVOXF2,-31,1730232157,1730232126,04:02:37 PM,04:02:06 PM,-31
2103230,3628,PROUBEA2,-55,1730232231,1730232176,04:03:51 PM,04:02:56 PM,-55
2103230,3628,FOREHIL2,-62,1730232277,1730232215,04:04:37 PM,04:03:35 PM,-62
2103230,3628,PROUOXF3,-80,1730232336,1730232256,04:05:36 PM,04:04:16 PM,-80
2103230,3628,PROUOXF1,-88,1730232367,1730232279,04:06:07 PM,04:04:39 PM,-88
2103230,3628,PROUFAR3,-96,1730232389,1730232293,04:06:29 PM,04:04:53 PM,-96
2103230,3628,PROUFAR1,-114,1730232425,1730232311,04:07:05 PM,04:05:11 PM,-114
2103230,3628,BEAVHORI,-141,1730232496,1730232355,04:08:16 PM,04:05:55 PM,-141
2103230,3628,BEAVWOND,-131,1730232535,1730232404,04:08:55 PM,04:06:44 PM,-131
2103230,3628,BEAVBLYT,-180,1730232600,1730232420,04:10:00 PM,04:07:00 PM,-180
2100387,3629,CARFCAR2,603,1730228613,1730229216,03:03:33 PM,03:13:36 PM,603
2100387,3629,CARFWOOD,597,1730228667,1730229264,03:04:27 PM,03:14:24 PM,597
2100387,3629,GRANHIG1,567,1730228752,1730229319,03:05:52 PM,03:15:19 PM,567
2100387,3629,WELLGRA2,584,1730228811,1730229395,03:06:51 PM,03:16:35 PM,584
2100387,3629,WELLCOLG,553,1730228869,1730229422,03:07:49 PM,03:17:02 PM,553
2100387,3629,WELLWELL,514,1730228932,1730229446,03:08:52 PM,03:17:26 PM,514
2100387,3629,WELLTHJA,465,1730229021,1730229486,03:10:21 PM,03:18:06 PM,465
2100387,3629,WELLBAS2,492,1730229120,1730229612,03:12:00 PM,03:20:12 PM,492
2100387,3629,WELLCOM4,456,1730229217,1730229673,03:13:37 PM,03:21:13 PM,456
2100387,3629,WELLWAT2,401,1730229297,1730229698,03:14:57 PM,03:21:38 PM,401
2100387,3629,WELLWIL4,404,1730229378,1730229782,03:16:18 PM,03:23:02 PM,404
2100387,3629,WELLNAD1,382,1730229439,1730229821,03:17:19 PM,03:23:41 PM,382
2100387,3629,WELLNADI,361,1730229474,1730229835,03:17:54 PM,03:23:55 PM,361
2100387,3629,WELLSDA2,338,1730229540,1730229878,03:19:00 PM,03:24:38 PM,338
2100387,3629,WELLHARL,310,1730229596,1730229906,03:19:56 PM,03:25:06 PM,310
2100387,3629,WELLMON4,,,,,,
2100387,3629,WELLMON2,360,1730229702,1730230062,03:21:42 PM,03:27:42 PM,360
2100387,3629,WELLBRA2,417,1730229766,1730230183,03:22:46 PM,03:29:43 PM,417
2100387,3629,WHITOMA1,357,1730229840,1730230197,03:24:00 PM,03:29:57 PM,357
2104931,3630,SEAGHYPK,0,1730229420,1730229420,03:17:00 PM,03:17:00 PM,0
2104931,3630,FANSDAL2,0,1730229524,1730229524,03:18:44 PM,03:18:44 PM,0
2104931,3630,FANSDAL3,48,1730229574,1730229622,03:19:34 PM,03:20:22 PM,48
2104931,3630,ALDEALD2,48,1730229653,1730229701,03:20:53 PM,03:21:41 PM,48
2104931,3630,ALDEBLA2,41,1730229698,1730229739,03:21:38 PM,03:22:19 PM,41
2104931,3630,ALDEREX2,33,1730229738,1730229771,03:22:18 PM,03:22:51 PM,33
2104931,3630,ALDEHAW2,35,1730229778,1730229813,03:22:58 PM,03:23:33 PM,35
2104931,3630,ALDEGAI2,56,1730229827,1730229883,03:23:47 PM,03:24:43 PM,56
2104931,3630,ALDEARD2,59,1730229862,1730229921,03:24:22 PM,03:25:21 PM,59
2104931,3630,ALDEBRU2,75,1730229900,1730229975,03:25:00 PM,03:26:15 PM,75
2104931,3630,ALDESPR2,48,1730229962,1730230010,03:26:02 PM,03:26:50 PM,48
2104931,3630,ALDELAW2,11,1730230030,1730230041,03:27:10 PM,03:27:21 PM,11
2104931,3630,ALDEBARR,-2,1730230063,1730230061,03:27:43 PM,03:27:41 PM,-2
2104931,3630,ALDEAURO,-21,1730230129,1730230108,03:28:49 PM,03:28:28 PM,-21
2104931,3630,SARNALD1,-54,1730230195,1730230141,03:29:55 PM,03:29:01 PM,-54
2104931,3630,SARNWON1,-87,1730230261,1730230174,03:31:01 PM,03:29:34 PM,-87
2104931,3630,SARNCAS1,0,1730230320,1730230320,03:32:00 PM,03:32:00 PM,0
2104931,3630,SARNRIPP,-22,1730230383,1730230361,03:33:03 PM,03:32:41 PM,-22
2104931,3630,SARNCAS3,-45,1730230455,1730230410,03:34:15 PM,03:33:30 PM,-45
2104931,3630,SARNCOOM,-62,1730230518,1730230456,03:35:18 PM,03:34:16 PM,-62
2104931,3630,SARNWES1,0,1730230560,1730230560,03:36:00 PM,03:36:00 PM,0
2104931,3630,WESTPHA3,-34,1730230668,1730230634,03:37:48 PM,03:37:14 PM,-34
2104931,3630,ALUMHAL2,-248,1730230920,1730230672,03:42:00 PM,03:37:52 PM,-248
2101014,3631,OAKVTILI,180,1730228785,1730228965,03:06:25 PM,03:09:25 PM,180
2101014,3631,OAKVCHIP,170,1730228824,1730228994,03:07:04 PM,03:09:54 PM,170
2101014,3631,CHIPAPP2,171,1730228851,1730229022,03:07:31 PM,03:10:22 PM,171
2101014,3631,CHIPTREV,162,1730228880,1730229042,03:08:00 PM,03:10:42 PM,162
2101014,3631,CHIPAPP4,152,1730228919,1730229071,03:08:39 PM,03:11:11 PM,152
2101014,3631,SANDBENT,148,1730228957,1730229105,03:09:17 PM,03:11:45 PM,148
2101014,3631,SANDHUR2,140,1730229007,1730229147,03:10:07 PM,03:12:27 PM,140
2101014,3631,HUROSAN2,149,1730229036,1730229185,03:10:36 PM,03:13:05 PM,149
2101014,3631,HUROWEB2,151,1730229086,1730229237,03:11:26 PM,03:13:57 PM,151
2101014,3631,HUROHIG4,202,1730229180,1730229382,03:13:00 PM,03:16:22 PM,202
2101014,3631,HUROVES2,181,1730229240,1730229421,03:14:00 PM,03:17:01 PM,181
2101014,3631,MCNAHUR2,161,1730229338,1730229499,03:15:38 PM,03:18:19 PM,161
2101014,3631,MCNAROC2,146,1730229373,1730229519,03:16:13 PM,03:18:39 PM,146
2101014,3631,MCNAVIC2,130,1730229424,1730229554,03:17:04 PM,03:19:14 PM,130
2101014,3631,MCNACHEA,128,1730229465,1730229593,03:17:45 PM,03:19:53 PM,128
2101014,3631,CHEABOU2,104,1730229551,1730229655,03:19:11 PM,03:20:55 PM,104
2101014,3631,CHEASTER,79,1730229618,1730229697,03:20:18 PM,03:21:37 PM,79
2101014,3631,CHEAGAM2,55,1730229670,1730229725,03:21:10 PM,03:22:05 PM,55
2101014,3631,CHEABRA2,26,1730229732,1730229758,03:22:12 PM,03:22:38 PM,26
2101014,3631,CHEAADE4,14,1730229790,1730229804,03:23:10 PM,03:23:24 PM,14
2101014,3631,CHEAADE2,85,1730229840,1730229925,03:24:00 PM,03:25:25 PM,85
2101014,3631,CHEAWIL2,75,1730229861,1730229936,03:24:21 PM,03:25:36 PM,75
2101014,3631,CHEAMAI2,62,1730229905,1730229967,03:25:05 PM,03:26:07 PM,62
2101014,3631,CHEACOL2,59,1730229932,1730229991,03:25:32 PM,03:26:31 PM,59
2101014,3631,CHEAWAT2,51,1730229965,1730230016,03:26:05 PM,03:26:56 PM,51
2101014,3631,CHEARICH,94,1730230020,1730230114,03:27:00 PM,03:28:34 PM,94
2101014,3631,RICHGRO2,73,1730230101,1730230174,03:28:21 PM,03:29:34 PM,73
2101014,3631,RICHJAM2,62,1730230145,1730230207,03:29:05 PM,03:30:07 PM,62
2101014,3631,RICHOXF2,71,1730230222,1730230293,03:30:22 PM,03:31:33 PM,71
2101014,3631,RICHMILL,60,1730230275,1730230335,03:31:15 PM,03:32:15 PM,60
2101014,3631,RICHCENT,51,1730230350,1730230401,03:32:30 PM,03:33:21 PM,51
2101014,3631,RICHKEN2,32,1730230401,1730230433,03:33:21 PM,03:33:53 PM,32
2101014,3631,RICHDUF2,26,1730230431,1730230457,03:33:51 PM,03:34:17 PM,26
2101014,3631,RICHQUE2,32,1730230500,1730230532,03:35:00 PM,03:35:32 PM,32
2101014,3631,RICHKIN4,-27,1730230560,1730230533,03:36:00 PM,03:35:33 PM,-27
2101014,3631,RICHKIN4,124,1730230560,1730230684,03:36:00 PM,03:38:04 PM,124
2101014,3631,HORTRIC2,60,1730230694,1730230754,03:38:14 PM,03:39:14 PM,60
2101014,3631,RIDOHORT,16,1730230800,1730230816,03:40:00 PM,03:40:16 PM,16
2101014,3631,RIDOCRA2,-8,1730230858,1730230850,03:40:58 PM,03:40:50 PM,-8
2101014,3631,RIDOELMW,-6,1730230891,1730230886,03:41:31 PM,03:41:26 PM,-5
2101014,3631,ELMWMARL,-18,1730230935,1730230918,03:42:15 PM,03:41:58 PM,-17
2101014,3631,ELMWWORT,-18,1730230967,1730230950,03:42:47 PM,03:42:30 PM,-17
2101014,3631,ELMWCATH,-20,1730230988,1730230968,03:43:08 PM,03:42:48 PM,-20
2101014,3631,EDWAELMW,-38,1730231041,1730231004,03:44:01 PM,03:43:24 PM,-37
2101014,3631,EDWATECU,-48,1730231079,1730231032,03:44:39 PM,03:43:52 PM,-47
2101014,3631,EDWALANG,-54,1730231126,1730231072,03:45:26 PM,03:44:32 PM,-54
2101014,3631,EDWAHIWY,-72,1730231184,1730231112,03:46:24 PM,03:45:12 PM,-72
2101014,3631,EDWABASE,-86,1730231225,1730231140,03:47:05 PM,03:45:40 PM,-85
2101014,3631,BASEWHA2,0,1730231280,1730231280,03:48:00 PM,03:48:00 PM,0
2101014,3631,BASEWES2,-3,1730231338,1730231335,03:48:58 PM,03:48:55 PM,-3
2101014,3631,BASEWES4,-25,1730231384,1730231359,03:49:44 PM,03:49:19 PM,-25
2101014,3631,BASECOTS,-51,1730231442,1730231391,03:50:42 PM,03:49:51 PM,-51
2101014,3631,BEACBAS2,-65,1730231515,1730231450,03:51:55 PM,03:50:50 PM,-65
2101014,3631,ANDOCOM2,-63,1730231556,1730231493,03:52:36 PM,03:51:33 PM,-63
2101014,3631,ANDOVIG2,-77,1730231600,1730231523,03:53:20 PM,03:52:03 PM,-77
2101014,3631,ANDOELMG,-92,1730231639,1730231547,03:53:59 PM,03:52:27 PM,-92
2101014,3631,ANDOVIS2,-118,1730231712,1730231594,03:55:12 PM,03:53:14 PM,-118
2101014,3631,VISCGARD,-157,1730231810,1730231653,03:56:50 PM,03:54:13 PM,-157
2101014,3631,VISCFOXM,-178,1730231856,1730231678,03:57:36 PM,03:54:38 PM,-178
2101014,3631,VISCWON2,-200,1730231924,1730231724,03:58:44 PM,03:55:24 PM,-200
2101014,3631,WESTMAL2,-246,1730232000,1730231754,04:00:00 PM,03:55:54 PM,-246
2108250,3632,WESTPHA3,150,1730229058,1730229208,03:10:58 PM,03:13:28 PM,150
2108250,3632,ALUMHAL1,177,1730229176,1730229353,03:12:56 PM,03:15:53 PM,177
2108250,3632,MIDDPERT,147,1730229321,1730229468,03:15:21 PM,03:17:48 PM,147
2108250,3632,NATSCI,80,1730229420,1730229500,03:17:00 PM,03:18:20 PM,80
2108176,3632,NATSCI,0,1730229900,1730229900,03:25:00 PM,03:25:00 PM,0
2108176,3632,WESTELG1,0,1730229988,1730229988,03:26:28 PM,03:26:28 PM,0
2108176,3632,WESTWIN1,-22,1730230082,1730230060,03:28:02 PM,03:27:40 PM,-22
2108176,3632,WINDRIC1,-40,1730230136,1730230096,03:28:56 PM,03:28:16 PM,-40
2108176,3632,RICHRAY2,-112,1730230265,1730230153,03:31:05 PM,03:29:13 PM,-112
2108176,3632,RICHPAR2,-113,1730230310,1730230197,03:31:50 PM,03:29:57 PM,-113
2108176,3632,RICHUNI2,-123,1730230359,1730230236,03:32:39 PM,03:30:36 PM,-123
2108176,3632,RICHHUR2,-143,1730230411,1730230268,03:33:31 PM,03:31:08 PM,-143
2108176,3632,RICHVIC2,-177,1730230483,1730230306,03:34:43 PM,03:31:46 PM,-177
2108176,3632,RICHCHE2,-200,1730230527,1730230327,03:35:27 PM,03:32:07 PM,-200
2108176,3632,RICHGRO2,-215,1730230579,1730230364,03:36:19 PM,03:32:44 PM,-215
2108176,3632,RICHJAM2,-220,1730230613,1730230393,03:36:53 PM,03:33:13 PM,-220
2108176,3632,RICHOXF2,0,1730230680,1730230680,03:38:00 PM,03:38:00 PM,0
2108176,3632,RICHMILL,-30,1730230753,1730230723,03:39:13 PM,03:38:43 PM,-30
2108176,3632,RICHCENT,-71,1730230856,1730230785,03:40:56 PM,03:39:45 PM,-71
2108176,3632,RICHKEN2,-110,1730230926,1730230816,03:42:06 PM,03:40:16 PM,-110
2108176,3632,RICHDUF2,-126,1730230968,1730230842,03:42:48 PM,03:40:42 PM,-126
2108176,3632,RICHQUE1,-87,1730231034,1730230947,03:43:54 PM,03:42:27 PM,-87
2108176,3632,QUENRIDO,-174,1730231160,1730230986,03:46:00 PM,03:43:06 PM,-174
2106872,3634,WESTLAM1,-30,1730229013,1730228983,03:10:13 PM,03:09:43 PM,-30
2106872,3634,WESTELG1,6,1730229082,1730229088,03:11:22 PM,03:11:28 PM,6
2106872,3634,RICHWEST,6,1730229263,1730229269,03:14:23 PM,03:14:29 PM,6
2106872,3634,MASOSTO3,-50,1730229360,1730229310,03:16:00 PM,03:15:10 PM,-50
2106912,3634,MASOSTO3,170,1730230500,1730230670,03:35:00 PM,03:37:50 PM,170
2106912,3634,RICHWES3,18,1730230701,1730230720,03:38:21 PM,03:38:40 PM,19
2106912,3634,WESTELG3,0,1730230980,1730230980,03:43:00 PM,03:43:00 PM,0
2106912,3634,WESTLAM2,-32,1730231096,1730231064,03:44:56 PM,03:44:24 PM,-32
2106912,3634,WESTSAR2,35,1730231206,1730231241,03:46:46 PM,03:47:21 PM,35
2106912,3634,WHARMCDO,-120,1730231489,1730231369,03:51:29 PM,03:49:29 PM,-120
2106912,3634,WHAROXF2,0,1730231580,1730231580,03:53:00 PM,03:53:00 PM,0
2106912,3634,WHARWYAT,0,1730231880,1730231880,03:58:00 PM,03:58:00 PM,0
2106912,3634,WHARBYR2,-26,1730232052,1730232026,04:00:52 PM,04:00:26 PM,-26
2106912,3634,WHARELM2,-64,1730232131,1730232067,04:02:11 PM,04:01:07 PM,-64
2106912,3634,WHAREME2,-148,1730232278,1730232130,04:04:38 PM,04:02:10 PM,-148
2106912,3634,WHARBAS2,0,1730232360,1730232360,04:06:00 PM,04:06:00 PM,0
2106912,3634,HIGVWHA1,33,1730232488,1730232521,04:08:08 PM,04:08:41 PM,33
2106912,3634,HIGVWHA3,26,1730232518,1730232544,04:08:38 PM,04:09:04 PM,26
2106912,3634,HIGVROS2,12,1730232558,1730232570,04:09:18 PM,04:09:30 PM,12
2106912,3634,HIGVROS4,-11,1730232610,1730232599,04:10:10 PM,04:09:59 PM,-11
2106912,3634,HIGVFER2,-23,1730232661,1730232638,04:11:01 PM,04:10:38 PM,-23
2106912,3634,FERNHOM1,-45,1730232745,1730232700,04:12:25 PM,04:11:40 PM,-45
2106912,3634,FERNHAM1,-71,1730232799,1730232728,04:13:19 PM,04:12:08 PM,-71
2106912,3634,DUNDHARC,-99,1730232867,1730232768,04:14:27 PM,04:12:48 PM,-99
2106912,3634,DUNDHIN2,-112,1730232896,1730232784,04:14:56 PM,04:13:04 PM,-112
2106912,3634,DUNDSDAL,-114,1730232944,1730232830,04:15:44 PM,04:13:50 PM,-114
2106912,3634,JALNJOS2,-125,1730232984,1730232859,04:16:24 PM,04:14:19 PM,-125
2106912,3634,JALNJOS4,-143,1730233041,1730232898,04:17:21 PM,04:14:58 PM,-143
2106912,3634,JALNERI2,-150,1730233070,1730232920,04:17:50 PM,04:15:20 PM,-150
2106912,3634,JALNERI4,0,1730233140,1730233140,04:19:00 PM,04:19:00 PM,0
2106912,3634,BRADJALN,0,1730233218,1730233218,04:20:18 PM,04:20:18 PM,0
2106912,3634,BRADERNE,0,1730233266,1730233266,04:21:06 PM,04:21:06 PM,0
2106912,3634,BRADWOPS,0,1730233344,1730233344,04:22:24 PM,04:22:24 PM,0
2106912,3634,BRADMEDI,0,1730233387,1730233387,04:23:07 PM,04:23:07 PM,0
2106912,3634,JALNBRA4,0,1730233441,1730233441,04:24:01 PM,04:24:01 PM,0
2106912,3634,WHOKMASB,0,1730233500,1730233500,04:25:00 PM,04:25:00 PM,0
2095655,,TRAFHUD2,0,1730231820,1730231820,03:57:00 PM,03:57:00 PM,0
2095655,,TRAFHUD4,0,1730231864,1730231864,03:57:44 PM,03:57:44 PM,0
2095655,,TRAFBANC,0,1730231902,1730231902,03:58:22 PM,03:58:22 PM,0
2095655,,TRAFMARC,0,1730231986,1730231986,03:59:46 PM,03:59:46 PM,0
2095655,,TRAFCLA2,0,1730232021,1730232021,04:00:21 PM,04:00:21 PM,0
2095655,,TRAFCLA4,0,1730232047,1730232047,04:00:47 PM,04:00:47 PM,0
2095655,,TRAFATK2,0,1730232129,1730232129,04:02:09 PM,04:02:09 PM,0
2095655,,TRAFDAWN,0,1730232163,1730232163,04:02:43 PM,04:02:43 PM,0
2095655,,TRAFVAN2,0,1730232206,1730232206,04:03:26 PM,04:03:26 PM,0
2095655,,TRAFTHO2,0,1730232288,1730232288,04:04:48 PM,04:04:48 PM,0
2095655,,TRAFSTE2,0,1730232332,1730232332,04:05:32 PM,04:05:32 PM,0
2095655,,HALESTE1,0,1730232420,1730232420,04:07:00 PM,04:07:00 PM,0
2095655,,HALEBRY1,0,1730232467,1730232467,04:07:47 PM,04:07:47 PM,0
2095655,,HALEGRAY,0,1730232506,1730232506,04:08:26 PM,04:08:26 PM,0
2095655,,HALEEAST,0,1730232539,1730232539,04:08:59 PM,04:08:59 PM,0
2095655,,HALEDOU1,,,,,,
2095655,,HALEDUND,,,,,,
2095655,,DUNDHAL4,,,,,,
2095655,,DUNDHIG2,0,1730232720,1730232720,04:12:00 PM,04:12:00 PM,0
2095655,,DUNDASH4,0,1730232811,1730232811,04:13:31 PM,04:13:31 PM,0
2095655,,DUNDMCOR,,,,,,
2095655,,DUNDDORI,,,,,,
2095655,,DUNDEGE2,,,,,,
2095655,,DUNDQUE2,0,1730233044,1730233044,04:17:24 PM,04:17:24 PM,0
2095655,,DUNDONT2,0,1730233098,1730233098,04:18:18 PM,04:18:18 PM,0
2095655,,DUNDREC2,0,1730233149,1730233149,04:19:09 PM,04:19:09 PM,0
2095655,,DUNDENGL,0,1730233203,1730233203,04:20:03 PM,04:20:03 PM,0
2095655,,DUNDELIZ,0,1730233259,1730233259,04:20:59 PM,04:20:59 PM,0
2095655,,DUNDADE2,0,1730233320,1730233320,04:22:00 PM,04:22:00 PM,0
2095655,,DUNDWIL2,0,1730233364,1730233364,04:22:44 PM,04:22:44 PM,0
2095655,,DUNDMAI2,0,1730233426,1730233426,04:23:46 PM,04:23:46 PM,0
2095655,,DUNDCOL2,0,1730233489,1730233489,04:24:49 PM,04:24:49 PM,0
2095655,,DUNDWAT2,0,1730233553,1730233553,04:25:53 PM,04:25:53 PM,0
2095655,,DUNDWEL2,0,1730233620,1730233620,04:27:00 PM,04:27:00 PM,0
2095655,,QUEECLAR,0,1730233731,1730233731,04:28:51 PM,04:28:51 PM,0
2095655,,QUEERIC1,0,1730233800,1730233800,04:30:00 PM,04:30:00 PM,0
2095655,,QUEERIC1,0,1730233800,1730233800,04:30:00 PM,04:30:00 PM,0
2095655,,QUENRIDO,0,1730233910,1730233910,04:31:50 PM,04:31:50 PM,0
2095655,,RIVEWIL2,0,1730234051,1730234051,04:34:11 PM,04:34:11 PM,0
2095655,,RIVEWHA2,0,1730234105,1730234105,04:35:05 PM,04:35:05 PM,0
2095655,,WHARMPL1,0,1730234162,1730234162,04:36:02 PM,04:36:02 PM,0
2095655,,WHARMOIR,0,1730234215,1730234215,04:36:55 PM,04:36:55 PM,0
2095655,,WHAREMPR,0,1730234295,1730234295,04:38:15 PM,04:38:15 PM,0
2095655,,WHAROXF1,0,1730234400,1730234400,04:40:00 PM,04:40:00 PM,0
2095655,,WESTESSE,0,1730234461,1730234461,04:41:01 PM,04:41:01 PM,0
2095655,,WESTHOL1,0,1730234512,1730234512,04:41:52 PM,04:41:52 PM,0
2095655,,WESTPLA1,0,1730234566,1730234566,04:42:46 PM,04:42:46 PM,0
2095655,,WESTPHA1,0,1730234640,1730234640,04:44:00 PM,04:44:00 PM,0
2095655,,WESTPHA3,0,1730234705,1730234705,04:45:05 PM,04:45:05 PM,0
2095655,,ALUMHAL1,0,1730234839,1730234839,04:47:19 PM,04:47:19 PM,0
2095655,,MIDDPERT,0,1730235004,1730235004,04:50:04 PM,04:50:04 PM,0
2095655,,NATSCI,0,1730235120,1730235120,04:52:00 PM,04:52:00 PM,0
2095585,,NATSCI,0,1730235780,1730235780,05:03:00 PM,05:03:00 PM,0
2095585,,WESTELG2,0,1730236092,1730236092,05:08:12 PM,05:08:12 PM,0
2095585,,WESTLAM2,0,1730236251,1730236251,05:10:51 PM,05:10:51 PM,0
2095585,,WESTSAR2,0,1730236500,1730236500,05:15:00 PM,05:15:00 PM,0
2095585,,WESTSAR4,0,1730236559,1730236559,05:15:59 PM,05:15:59 PM,0
2095585,,WESTPLA2,0,1730236657,1730236657,05:17:37 PM,05:17:37 PM,0
2095585,,WESTHOL2,0,1730236728,1730236728,05:18:48 PM,05:18:48 PM,0
2095585,,WHARMCDO,0,1730236817,1730236817,05:20:17 PM,05:20:17 PM,0
2095585,,WHAROXF2,0,1730236920,1730236920,05:22:00 PM,05:22:00 PM,0
2095585,,WHARPAUL,0,1730237014,1730237014,05:23:34 PM,05:23:34 PM,0
2095585,,WHARLEXI,0,1730237090,1730237090,05:24:50 PM,05:24:50 PM,0
2095585,,WHARMPL2,0,1730237153,1730237153,05:25:53 PM,05:25:53 PM,0
2095585,,RIVEWHA1,0,1730237207,1730237207,05:26:47 PM,05:26:47 PM,0
2095585,,RIVEWIL1,0,1730237252,1730237252,05:27:32 PM,05:27:32 PM,0
2095585,,DUNDRIDO,0,1730237372,1730237372,05:29:32 PM,05:29:32 PM,0
2095585,,KINGTALB,0,1730237440,1730237440,05:30:40 PM,05:30:40 PM,0
2095585,,KINGRICH,0,1730237520,1730237520,05:32:00 PM,05:32:00 PM,0
2095585,,KINGRICH,0,1730237520,1730237520,05:32:00 PM,05:32:00 PM,0
2095585,,WELLDUN3,0,1730237760,1730237760,05:36:00 PM,05:36:00 PM,0
2095585,,DUNDWAT1,0,1730237760,1730237760,05:36:00 PM,05:36:00 PM,0
2095585,,DUNDCOL1,0,1730237818,1730237818,05:36:58 PM,05:36:58 PM,0
2095585,,DUNDMAI1,0,1730237908,1730237908,05:38:28 PM,05:38:28 PM,0
2095585,,DUNDWIL1,0,1730237990,1730237990,05:39:50 PM,05:39:50 PM,0
2095585,,DUNDADE1,0,1730238060,1730238060,05:41:00 PM,05:41:00 PM,0
2095585,,DUNDLYLE,0,1730238131,1730238131,05:42:11 PM,05:42:11 PM,0
2095585,,DUNDHEWI,0,1730238179,1730238179,05:42:59 PM,05:42:59 PM,0
2095585,,DUNDREC1,0,1730238228,1730238228,05:43:48 PM,05:43:48 PM,0
2095585,,DUNDONT1,0,1730238261,1730238261,05:44:21 PM,05:44:21 PM,0
2095585,,DUNDQUE1,0,1730238311,1730238311,05:45:11 PM,05:45:11 PM,0
2095585,,DUNDEGE1,,,,,,
2095585,,DUNDKELL,,,,,,
2095585,,DUNDELE1,,,,,,
2095585,,DUNDASH1,0,1730238516,1730238516,05:48:36 PM,05:48:36 PM,0
2095585,,DUNDHIG1,0,1730238600,1730238600,05:50:00 PM,05:50:00 PM,0
2095585,,DUNDFIR1,0,1730238758,1730238758,05:52:38 PM,05:52:38 PM,0
2095585,,DUNDSASK,0,1730238833,1730238833,05:53:53 PM,05:53:53 PM,0
2095585,,DUNDMANI,0,1730238901,1730238901,05:55:01 PM,05:55:01 PM,0
2095585,,DUNDBEA1,0,1730238993,1730238993,05:56:33 PM,05:56:33 PM,0
2095585,,DUNDCLK1,0,1730239055,1730239055,05:57:35 PM,05:57:35 PM,0
2095585,,ARGYMAL1,0,1730239140,1730239140,05:59:00 PM,05:59:00 PM,0
2095585,,ARGYMAL1,0,1730239140,1730239140,05:59:00 PM,05:59:00 PM,0
2095585,,DUNDEAS3,0,1730239272,1730239272,06:01:12 PM,06:01:12 PM,0
2095585,,DUNDWAV1,0,1730239329,1730239329,06:02:09 PM,06:02:09 PM,0
2095585,,DUNDFOR1,0,1730239370,1730239370,06:02:50 PM,06:02:50 PM,0
2095585,,DUNDSPE1,0,1730239396,1730239396,06:03:16 PM,06:03:16 PM,0
2095585,,DUNDCARL,0,1730239449,1730239449,06:04:09 PM,06:04:09 PM,0
2095585,,BONADUND,0,1730239500,1730239500,06:05:00 PM,06:05:00 PM,0
2095695,,BONADUND,0,1730239620,1730239620,06:07:00 PM,06:07:00 PM,0
2095695,,BONASIMP,0,1730239659,1730239659,06:07:39 PM,06:07:39 PM,0
2095695,,BONAMORE,0,1730239710,1730239710,06:08:30 PM,06:08:30 PM,0
2095695,,ADMIBON2,0,1730239744,1730239744,06:09:04 PM,06:09:04 PM,0
2095695,,ADMIVAU3,0,1730239770,1730239770,06:09:30 PM,06:09:30 PM,0
2095695,,ADMICAR2,0,1730239795,1730239795,06:09:55 PM,06:09:55 PM,0
2095695,,CARLCAPR,0,1730239830,1730239830,06:10:30 PM,06:10:30 PM,0
2095695,,CARLSPE3,0,1730239869,1730239869,06:11:09 PM,06:11:09 PM,0
2095695,,CARLSPE1,0,1730239886,1730239886,06:11:26 PM,06:11:26 PM,0
2095695,,CARLTIFF,0,1730239916,1730239916,06:11:56 PM,06:11:56 PM,0
2095695,,DUNDSPE2,0,1730239957,1730239957,06:12:37 PM,06:12:37 PM,0
2095695,,DUNDSPE4,0,1730239982,1730239982,06:13:02 PM,06:13:02 PM,0
2095695,,DUNDFOR2,0,1730240004,1730240004,06:13:24 PM,06:13:24 PM,0
2095695,,DUNDARVI,0,1730240041,1730240041,06:14:01 PM,06:14:01 PM,0
2095695,,DUNDEAS2,0,1730240078,1730240078,06:14:38 PM,06:14:38 PM,0
2095695,,CLARWHI2,0,1730240158,1730240158,06:15:58 PM,06:15:58 PM,0
2095695,,ARGYMAL2,0,1730240220,1730240220,06:17:00 PM,06:17:00 PM,0
2095695,,ARGYMAL2,0,1730240580,1730240580,06:23:00 PM,06:23:00 PM,0
2095695,,DUNDCLK4,0,1730240654,1730240654,06:24:14 PM,06:24:14 PM,0
2095695,,DUNDBEA2,0,1730240717,1730240717,06:25:17 PM,06:25:17 PM,0
2095695,,DUNDTHR,0,1730240792,1730240792,06:26:32 PM,06:26:32 PM,0
2095695,,DUNDBUR2,,,,,,
2095695,,DUNDFIR2,,,,,,
2095695,,DUNDHAL2,,,,,,
2095695,,DUNDHAL4,,,,,,
2095695,,DUNDHIG2,0,1730241060,1730241060,06:31:00 PM,06:31:00 PM,0
2095695,,DUNDASH4,0,1730241124,1730241124,06:32:04 PM,06:32:04 PM,0
2095695,,DUNDMCOR,,,,,,
2095695,,DUNDDORI,,,,,,
2095695,,DUNDEGE2,,,,,,
2095695,,DUNDQUE2,0,1730241288,1730241288,06:34:48 PM,06:34:48 PM,0
2095695,,DUNDONT2,0,1730241326,1730241326,06:35:26 PM,06:35:26 PM,0
2095695,,DUNDREC2,0,1730241362,1730241362,06:36:02 PM,06:36:02 PM,0
2095695,,DUNDENGL,0,1730241399,1730241399,06:36:39 PM,06:36:39 PM,0
2095695,,DUNDELIZ,0,1730241438,1730241438,06:37:18 PM,06:37:18 PM,0
2095695,,DUNDADE2,0,1730241480,1730241480,06:38:00 PM,06:38:00 PM,0
2095695,,DUNDWIL2,0,1730241515,1730241515,06:38:35 PM,06:38:35 PM,0
2095695,,DUNDMAI2,0,1730241565,1730241565,06:39:25 PM,06:39:25 PM,0
2095695,,DUNDCOL2,0,1730241615,1730241615,06:40:15 PM,06:40:15 PM,0
2095695,,DUNDWAT2,0,1730241666,1730241666,06:41:06 PM,06:41:06 PM,0
2095695,,DUNDWEL2,0,1730241720,1730241720,06:42:00 PM,06:42:00 PM,0
2095695,,QUEECLAR,0,1730241831,1730241831,06:43:51 PM,06:43:51 PM,0
2095695,,QUEERIC1,0,1730241900,1730241900,06:45:00 PM,06:45:00 PM,0
2095695,,QUEERIC1,0,1730241900,1730241900,06:45:00 PM,06:45:00 PM,0
2095695,,QUENRIDO,0,1730241978,1730241978,06:46:18 PM,06:46:18 PM,0
2095695,,RIVEWIL2,0,1730242068,1730242068,06:47:48 PM,06:47:48 PM,0
2095695,,RIVEWHA2,0,1730242106,1730242106,06:48:26 PM,06:48:26 PM,0
2095695,,WHARMPL1,0,1730242147,1730242147,06:49:07 PM,06:49:07 PM,0
2095695,,WHARMOIR,0,1730242185,1730242185,06:49:45 PM,06:49:45 PM,0
2095695,,WHAREMPR,0,1730242243,1730242243,06:50:43 PM,06:50:43 PM,0
2095695,,WHAROXF1,0,1730242320,1730242320,06:52:00 PM,06:52:00 PM,0
2095695,,WESTESSE,0,1730242365,1730242365,06:52:45 PM,06:52:45 PM,0
2095695,,WESTHOL1,0,1730242403,1730242403,06:53:23 PM,06:53:23 PM,0
2095695,,WESTPLA1,0,1730242443,1730242443,06:54:03 PM,06:54:03 PM,0
2095695,,WESTPHA1,0,1730242500,1730242500,06:55:00 PM,06:55:00 PM,0
2095695,,WESTPHA3,0,1730242561,1730242561,06:56:01 PM,06:56:01 PM,0
2095695,,ALUMHAL1,0,1730242685,1730242685,06:58:05 PM,06:58:05 PM,0
2095695,,MIDDPERT,0,1730242838,1730242838,07:00:38 PM,07:00:38 PM,0
2095695,,NATSCI,0,1730242920,1730242920,07:02:00 PM,07:02:00 PM,0
2095589,,NATSCI,0,1730243520,1730243520,07:12:00 PM,07:12:00 PM,0
2095589,,WESTELG2,0,1730243676,1730243676,07:14:36 PM,07:14:36 PM,0
2095589,,WESTLAM2,0,1730243755,1730243755,07:15:55 PM,07:15:55 PM,0
2095589,,WESTSAR2,0,1730243880,1730243880,07:18:00 PM,07:18:00 PM,0
2095589,,WESTSAR4,0,1730243922,1730243922,07:18:42 PM,07:18:42 PM,0
2095589,,WESTPLA2,0,1730243992,1730243992,07:19:52 PM,07:19:52 PM,0
2095589,,WESTHOL2,0,1730244043,1730244043,07:20:43 PM,07:20:43 PM,0
2095589,,WHARMCDO,0,1730244106,1730244106,07:21:46 PM,07:21:46 PM,0
2095589,,WHAROXF2,0,1730244180,1730244180,07:23:00 PM,07:23:00 PM,0
2095589,,WHARPAUL,0,1730244245,1730244245,07:24:05 PM,07:24:05 PM,0
2095589,,WHARLEXI,0,1730244298,1730244298,07:24:58 PM,07:24:58 PM,0
2095589,,WHARMPL2,0,1730244342,1730244342,07:25:42 PM,07:25:42 PM,0
2095589,,RIVEWHA1,0,1730244380,1730244380,07:26:20 PM,07:26:20 PM,0
2095589,,RIVEWIL1,0,1730244411,1730244411,07:26:51 PM,07:26:51 PM,0
2095589,,DUNDRIDO,0,1730244495,1730244495,07:28:15 PM,07:28:15 PM,0
2095589,,KINGTALB,0,1730244542,1730244542,07:29:02 PM,07:29:02 PM,0
2095589,,KINGRICH,0,1730244600,1730244600,07:30:00 PM,07:30:00 PM,0
2095589,,KINGRICH,0,1730244600,1730244600,07:30:00 PM,07:30:00 PM,0
2095589,,WELLDUN3,0,1730244780,1730244780,07:33:00 PM,07:33:00 PM,0
2095589,,DUNDWAT1,0,1730244780,1730244780,07:33:00 PM,07:33:00 PM,0
2095589,,DUNDCOL1,0,1730244826,1730244826,07:33:46 PM,07:33:46 PM,0
2095589,,DUNDMAI1,0,1730244898,1730244898,07:34:58 PM,07:34:58 PM,0
2095589,,DUNDWIL1,0,1730244964,1730244964,07:36:04 PM,07:36:04 PM,0
2095589,,DUNDADE1,0,1730245020,1730245020,07:37:00 PM,07:37:00 PM,0
2095589,,DUNDLYLE,0,1730245075,1730245075,07:37:55 PM,07:37:55 PM,0
2095589,,DUNDHEWI,0,1730245112,1730245112,07:38:32 PM,07:38:32 PM,0
2095589,,DUNDREC1,0,1730245150,1730245150,07:39:10 PM,07:39:10 PM,0
2095589,,DUNDONT1,0,1730245175,1730245175,07:39:35 PM,07:39:35 PM,0
2095589,,DUNDQUE1,0,1730245214,1730245214,07:40:14 PM,07:40:14 PM,0
2095589,,DUNDEGE1,,,,,,
2095589,,DUNDKELL,,,,,,
2095589,,DUNDELE1,,,,,,
2095589,,DUNDASH1,0,1730245373,1730245373,07:42:53 PM,07:42:53 PM,0
2095589,,DUNDHIG1,0,1730245440,1730245440,07:44:00 PM,07:44:00 PM,0
2095589,,DUNDFIR1,0,1730245563,1730245563,07:46:03 PM,07:46:03 PM,0
2095589,,DUNDSASK,0,1730245621,1730245621,07:47:01 PM,07:47:01 PM,0
2095589,,DUNDMANI,0,1730245674,1730245674,07:47:54 PM,07:47:54 PM,0
2095589,,DUNDBEA1,0,1730245746,1730245746,07:49:06 PM,07:49:06 PM,0
2095589,,DUNDCLK1,0,1730245794,1730245794,07:49:54 PM,07:49:54 PM,0
2095589,,ARGYMAL1,0,1730245860,1730245860,07:51:00 PM,07:51:00 PM,0
2095589,,ARGYMAL1,0,1730245860,1730245860,07:51:00 PM,07:51:00 PM,0
2095589,,DUNDEAS3,0,1730245970,1730245970,07:52:50 PM,07:52:50 PM,0
2095589,,DUNDWAV1,0,1730246018,1730246018,07:53:38 PM,07:53:38 PM,0
2095589,,DUNDFOR1,0,1730246052,1730246052,07:54:12 PM,07:54:12 PM,0
2095589,,DUNDSPE1,0,1730246074,1730246074,07:54:34 PM,07:54:34 PM,0
2095589,,DUNDCARL,0,1730246118,1730246118,07:55:18 PM,07:55:18 PM,0
2095589,,BONADUND,0,1730246160,1730246160,07:56:00 PM,07:56:00 PM,0
2095699,,BONADUND,0,1730246280,1730246280,07:58:00 PM,07:58:00 PM,0
2095699,,BONASIMP,0,1730246315,1730246315,07:58:35 PM,07:58:35 PM,0
2095699,,BONAMORE,0,1730246361,1730246361,07:59:21 PM,07:59:21 PM,0
2095699,,ADMIBON2,0,1730246392,1730246392,07:59:52 PM,07:59:52 PM,0
2095699,,ADMIVAU3,0,1730246415,1730246415,08:00:15 PM,08:00:15 PM,0
2095699,,ADMICAR2,0,1730246437,1730246437,08:00:37 PM,08:00:37 PM,0
2095699,,CARLCAPR,0,1730246468,1730246468,08:01:08 PM,08:01:08 PM,0
2095699,,CARLSPE3,0,1730246503,1730246503,08:01:43 PM,08:01:43 PM,0
2095699,,CARLSPE1,0,1730246518,1730246518,08:01:58 PM,08:01:58 PM,0
2095699,,CARLTIFF,0,1730246545,1730246545,08:02:25 PM,08:02:25 PM,0
2095699,,DUNDSPE2,0,1730246582,1730246582,08:03:02 PM,08:03:02 PM,0
2095699,,DUNDSPE4,0,1730246604,1730246604,08:03:24 PM,08:03:24 PM,0
2095699,,DUNDFOR2,0,1730246624,1730246624,08:03:44 PM,08:03:44 PM,0
2095699,,DUNDARVI,0,1730246658,1730246658,08:04:18 PM,08:04:18 PM,0
2095699,,DUNDEAS2,0,1730246691,1730246691,08:04:51 PM,08:04:51 PM,0
2095699,,CLARWHI2,0,1730246763,1730246763,08:06:03 PM,08:06:03 PM,0
2095699,,ARGYMAL2,0,1730246820,1730246820,08:07:00 PM,08:07:00 PM,0
2095699,,ARGYMAL2,0,1730247420,1730247420,08:17:00 PM,08:17:00 PM,0
2095699,,DUNDCLK4,0,1730247484,1730247484,08:18:04 PM,08:18:04 PM,0
2095699,,DUNDBEA2,0,1730247539,1730247539,08:18:59 PM,08:18:59 PM,0
2095699,,DUNDTHR,0,1730247605,1730247605,08:20:05 PM,08:20:05 PM,0
2095699,,DUNDBUR2,,,,,,
2095699,,DUNDFIR2,,,,,,
2095699,,DUNDHAL2,,,,,,
2095699,,DUNDHAL4,,,,,,
2095699,,DUNDHIG2,0,1730247840,1730247840,08:24:00 PM,08:24:00 PM,0
2095699,,DUNDASH4,0,1730247895,1730247895,08:24:55 PM,08:24:55 PM,0
2095699,,DUNDMCOR,,,,,,
2095699,,DUNDDORI,,,,,,
2095699,,DUNDEGE2,,,,,,
2095699,,DUNDQUE2,0,1730248034,1730248034,08:27:14 PM,08:27:14 PM,0
2095699,,DUNDONT2,0,1730248066,1730248066,08:27:46 PM,08:27:46 PM,0
2095699,,DUNDREC2,0,1730248096,1730248096,08:28:16 PM,08:28:16 PM,0
2095699,,DUNDENGL,0,1730248128,1730248128,08:28:48 PM,08:28:48 PM,0
2095699,,DUNDELIZ,0,1730248161,1730248161,08:29:21 PM,08:29:21 PM,0
2095699,,DUNDADE2,0,1730248200,1730248200,08:30:00 PM,08:30:00 PM,0
2095699,,DUNDWIL2,0,1730248226,1730248226,08:30:26 PM,08:30:26 PM,0
2095699,,DUNDMAI2,0,1730248263,1730248263,08:31:03 PM,08:31:03 PM,0
2095699,,DUNDCOL2,0,1730248301,1730248301,08:31:41 PM,08:31:41 PM,0
2095699,,DUNDWAT2,0,1730248339,1730248339,08:32:19 PM,08:32:19 PM,0
2095699,,DUNDWEL2,0,1730248380,1730248380,08:33:00 PM,08:33:00 PM,0
2095699,,QUEECLAR,0,1730248454,1730248454,08:34:14 PM,08:34:14 PM,0
2095699,,QUEERIC1,0,1730248500,1730248500,08:35:00 PM,08:35:00 PM,0
2095699,,QUEERIC1,0,1730248500,1730248500,08:35:00 PM,08:35:00 PM,0
2095699,,QUENRIDO,0,1730248567,1730248567,08:36:07 PM,08:36:07 PM,0
2095699,,RIVEWIL2,0,1730248644,1730248644,08:37:24 PM,08:37:24 PM,0
2095699,,RIVEWHA2,0,1730248677,1730248677,08:37:57 PM,08:37:57 PM,0
2095699,,WHARMPL1,0,1730248712,1730248712,08:38:32 PM,08:38:32 PM,0
2095699,,WHARMOIR,0,1730248744,1730248744,08:39:04 PM,08:39:04 PM,0
2095699,,WHAREMPR,0,1730248793,1730248793,08:39:53 PM,08:39:53 PM,0
2095699,,WHAROXF1,0,1730248860,1730248860,08:41:00 PM,08:41:00 PM,0
2095699,,WESTESSE,0,1730248890,1730248890,08:41:30 PM,08:41:30 PM,0
2095699,,WESTHOL1,0,1730248915,1730248915,08:41:55 PM,08:41:55 PM,0
2095699,,WESTPLA1,0,1730248942,1730248942,08:42:22 PM,08:42:22 PM,0
2095699,,WESTPHA1,0,1730248980,1730248980,08:43:00 PM,08:43:00 PM,0
2095699,,WESTPHA3,0,1730249032,1730249032,08:43:52 PM,08:43:52 PM,0
2095699,,ALUMHAL1,0,1730249139,1730249139,08:45:39 PM,08:45:39 PM,0
2095699,,MIDDPERT,0,1730249270,1730249270,08:47:50 PM,08:47:50 PM,0
2095699,,NATSCI,0,1730249340,1730249340,08:49:00 PM,08:49:00 PM,0
2095691,,BONADUND,0,1730231700,1730231700,03:55:00 PM,03:55:00 PM,0
2095691,,BONASIMP,0,1730231751,1730231751,03:55:51 PM,03:55:51 PM,0
2095691,,BONAMORE,0,1730231817,1730231817,03:56:57 PM,03:56:57 PM,0
2095691,,ADMIBON2,0,1730231862,1730231862,03:57:42 PM,03:57:42 PM,0
2095691,,ADMIVAU3,0,1730231895,1730231895,03:58:15 PM,03:58:15 PM,0
2095691,,ADMICAR2,0,1730231928,1730231928,03:58:48 PM,03:58:48 PM,0
2095691,,CARLCAPR,0,1730231974,1730231974,03:59:34 PM,03:59:34 PM,0
2095691,,CARLSPE3,0,1730232025,1730232025,04:00:25 PM,04:00:25 PM,0
2095691,,CARLSPE1,0,1730232047,1730232047,04:00:47 PM,04:00:47 PM,0
2095691,,CARLTIFF,0,1730232087,1730232087,04:01:27 PM,04:01:27 PM,0
2095691,,DUNDSPE2,0,1730232140,1730232140,04:02:20 PM,04:02:20 PM,0
2095691,,DUNDSPE4,0,1730232173,1730232173,04:02:53 PM,04:02:53 PM,0
2095691,,DUNDFOR2,0,1730232202,1730232202,04:03:22 PM,04:03:22 PM,0
2095691,,DUNDARVI,0,1730232251,1730232251,04:04:11 PM,04:04:11 PM,0
2095691,,DUNDEAS2,0,1730232299,1730232299,04:04:59 PM,04:04:59 PM,0
2095691,,CLARWHI2,0,1730232404,1730232404,04:06:44 PM,04:06:44 PM,0
2095691,,ARGYMAL2,0,1730232480,1730232480,04:08:00 PM,04:08:00 PM,0
2095691,,ARGYMAL2,0,1730232960,1730232960,04:16:00 PM,04:16:00 PM,0
2095691,,DUNDCLK4,0,1730233061,1730233061,04:17:41 PM,04:17:41 PM,0
2095691,,DUNDBEA2,0,1730233147,1730233147,04:19:07 PM,04:19:07 PM,0
2095691,,DUNDTHR,0,1730233251,1730233251,04:20:51 PM,04:20:51 PM,0
2095691,,DUNDBUR2,,,,,,
2095691,,DUNDFIR2,,,,,,
2095691,,DUNDHAL2,,,,,,
2095691,,DUNDHAL4,,,,,,
2095691,,DUNDHIG2,0,1730233620,1730233620,04:27:00 PM,04:27:00 PM,0
2095691,,DUNDASH4,0,1730233711,1730233711,04:28:31 PM,04:28:31 PM,0
2095691,,DUNDMCOR,,,,,,
2095691,,DUNDDORI,,,,,,
2095691,,DUNDEGE2,,,,,,
2095691,,DUNDQUE2,0,1730233944,1730233944,04:32:24 PM,04:32:24 PM,0
2095691,,DUNDONT2,0,1730233998,1730233998,04:33:18 PM,04:33:18 PM,0
2095691,,DUNDREC2,0,1730234049,1730234049,04:34:09 PM,04:34:09 PM,0
2095691,,DUNDENGL,0,1730234103,1730234103,04:35:03 PM,04:35:03 PM,0
2095691,,DUNDELIZ,0,1730234159,1730234159,04:35:59 PM,04:35:59 PM,0
2095691,,DUNDADE2,0,1730234220,1730234220,04:37:00 PM,04:37:00 PM,0
2095691,,DUNDWIL2,0,1730234264,1730234264,04:37:44 PM,04:37:44 PM,0
2095691,,DUNDMAI2,0,1730234326,1730234326,04:38:46 PM,04:38:46 PM,0
2095691,,DUNDCOL2,0,1730234389,1730234389,04:39:49 PM,04:39:49 PM,0
2095691,,DUNDWAT2,0,1730234453,1730234453,04:40:53 PM,04:40:53 PM,0
2095691,,DUNDWEL2,0,1730234520,1730234520,04:42:00 PM,04:42:00 PM,0
2095691,,QUEECLAR,0,1730234631,1730234631,04:43:51 PM,04:43:51 PM,0
2095691,,QUEERIC1,0,1730234700,1730234700,04:45:00 PM,04:45:00 PM,0
2095691,,QUEERIC1,0,1730234700,1730234700,04:45:00 PM,04:45:00 PM,0
2095691,,QUENRIDO,0,1730234812,1730234812,04:46:52 PM,04:46:52 PM,0
2095691,,RIVEWIL2,0,1730234941,1730234941,04:49:01 PM,04:49:01 PM,0
2095691,,RIVEWHA2,0,1730234996,1730234996,04:49:56 PM,04:49:56 PM,0
2095691,,WHARMPL1,0,1730235055,1730235055,04:50:55 PM,04:50:55 PM,0
2095691,,WHARMOIR,0,1730235109,1730235109,04:51:49 PM,04:51:49 PM,0
2095691,,WHAREMPR,0,1730235191,1730235191,04:53:11 PM,04:53:11 PM,0
2095691,,WHAROXF1,0,1730235300,1730235300,04:55:00 PM,04:55:00 PM,0
2095691,,WESTESSE,0,1730235361,1730235361,04:56:01 PM,04:56:01 PM,0
2095691,,WESTHOL1,0,1730235412,1730235412,04:56:52 PM,04:56:52 PM,0
2095691,,WESTPLA1,0,1730235466,1730235466,04:57:46 PM,04:57:46 PM,0
2095691,,WESTPHA1,0,1730235540,1730235540,04:59:00 PM,04:59:00 PM,0
2095691,,WESTPHA3,0,1730235610,1730235610,05:00:10 PM,05:00:10 PM,0
2095691,,ALUMHAL1,0,1730235752,1730235752,05:02:32 PM,05:02:32 PM,0
2095691,,MIDDPERT,0,1730235927,1730235927,05:05:27 PM,05:05:27 PM,0
2095691,,NATSCI,0,1730236020,1730236020,05:07:00 PM,05:07:00 PM,0
2095621,,NATSCI,0,1730236440,1730236440,05:14:00 PM,05:14:00 PM,0
2095621,,WESTELG2,0,1730236764,1730236764,05:19:24 PM,05:19:24 PM,0
2095621,,WESTLAM2,0,1730236918,1730236918,05:21:58 PM,05:21:58 PM,0
2095621,,WESTSAR2,0,1730237160,1730237160,05:26:00 PM,05:26:00 PM,0
2095621,,WESTSAR4,0,1730237219,1730237219,05:26:59 PM,05:26:59 PM,0
2095621,,WESTPLA2,0,1730237317,1730237317,05:28:37 PM,05:28:37 PM,0
2095621,,WESTHOL2,0,1730237388,1730237388,05:29:48 PM,05:29:48 PM,0
2095621,,WHARMCDO,0,1730237477,1730237477,05:31:17 PM,05:31:17 PM,0
2095621,,WHAROXF2,0,1730237580,1730237580,05:33:00 PM,05:33:00 PM,0
2095621,,WHARPAUL,0,1730237674,1730237674,05:34:34 PM,05:34:34 PM,0
2095621,,WHARLEXI,0,1730237750,1730237750,05:35:50 PM,05:35:50 PM,0
2095621,,WHARMPL2,0,1730237813,1730237813,05:36:53 PM,05:36:53 PM,0
2095621,,RIVEWHA1,0,1730237867,1730237867,05:37:47 PM,05:37:47 PM,0
2095621,,RIVEWIL1,0,1730237912,1730237912,05:38:32 PM,05:38:32 PM,0
2095621,,DUNDRIDO,0,1730238032,1730238032,05:40:32 PM,05:40:32 PM,0
2095621,,KINGTALB,0,1730238100,1730238100,05:41:40 PM,05:41:40 PM,0
2095621,,KINGRICH,0,1730238180,1730238180,05:43:00 PM,05:43:00 PM,0
2095621,,KINGRICH,0,1730238180,1730238180,05:43:00 PM,05:43:00 PM,0
2095621,,WELLDUN3,0,1730238420,1730238420,05:47:00 PM,05:47:00 PM,0
2095621,,DUNDWAT1,0,1730238420,1730238420,05:47:00 PM,05:47:00 PM,0
2095621,,DUNDCOL1,0,1730238478,1730238478,05:47:58 PM,05:47:58 PM,0
2095621,,DUNDMAI1,0,1730238568,1730238568,05:49:28 PM,05:49:28 PM,0
2095621,,DUNDWIL1,0,1730238650,1730238650,05:50:50 PM,05:50:50 PM,0
2095621,,DUNDADE1,0,1730238720,1730238720,05:52:00 PM,05:52:00 PM,0
2095621,,DUNDLYLE,0,1730238791,1730238791,05:53:11 PM,05:53:11 PM,0
2095621,,DUNDHEWI,0,1730238839,1730238839,05:53:59 PM,05:53:59 PM,0
2095621,,DUNDREC1,0,1730238888,1730238888,05:54:48 PM,05:54:48 PM,0
2095621,,DUNDONT1,0,1730238921,1730238921,05:55:21 PM,05:55:21 PM,0
2095621,,DUNDQUE1,0,1730238971,1730238971,05:56:11 PM,05:56:11 PM,0
2095621,,DUNDEGE1,,,,,,
2095621,,DUNDKELL,,,,,,
2095621,,DUNDELE1,,,,,,
2095621,,DUNDASH1,0,1730239176,1730239176,05:59:36 PM,05:59:36 PM,0
2095621,,DUNDHIG1,0,1730239260,1730239260,06:01:00 PM,06:01:00 PM,0
2095621,,DUNDHAL3,,,,,,
2095621,,HALEDOU2,,,,,,
2095621,,HALEBEAT,,,,,,
2095621,,HALEMONT,,,,,,
2095621,,HALEBRY2,,,,,,
2095621,,HALESTE2,,,,,,
2095621,,HALETRA2,,,,,,
2095621,,TRAFSTE1,0,1730239614,1730239614,06:06:54 PM,06:06:54 PM,0
2095621,,TRAFTHO1,0,1730239646,1730239646,06:07:26 PM,06:07:26 PM,0
2095621,,TRAFVAN1,0,1730239716,1730239716,06:08:36 PM,06:08:36 PM,0
2095621,,TRAFBALF,0,1730239746,1730239746,06:09:06 PM,06:09:06 PM,0
2095621,,TRAFFAL2,0,1730239788,1730239788,06:09:48 PM,06:09:48 PM,0
2095621,,TRAFCLA1,0,1730239860,1730239860,06:11:00 PM,06:11:00 PM,0
2095621,,CLARTRA1,0,1730239892,1730239892,06:11:32 PM,06:11:32 PM,0
2095621,,CLARROY1,0,1730239961,1730239961,06:12:41 PM,06:12:41 PM,0
2095621,,CLARROY3,0,1730239996,1730239996,06:13:16 PM,06:13:16 PM,0
2095621,,CLARWAV1,0,1730240023,1730240023,06:13:43 PM,06:13:43 PM,0
2095621,,CLARCHU1,0,1730240066,1730240066,06:14:26 PM,06:14:26 PM,0
2095621,,ARGYMAL1,0,1730240160,1730240160,06:16:00 PM,06:16:00 PM,0
2095621,,ARGYMAL1,0,1730240520,1730240520,06:22:00 PM,06:22:00 PM,0
2095621,,CLARCHU2,0,1730240574,1730240574,06:22:54 PM,06:22:54 PM,0
2095621,,CLARWAV2,0,1730240628,1730240628,06:23:48 PM,06:23:48 PM,0
2095621,,CLARROY2,0,1730240657,1730240657,06:24:17 PM,06:24:17 PM,0
2095621,,CLARSUD2,0,1730240721,1730240721,06:25:21 PM,06:25:21 PM,0
2095621,,MARCTRAF,0,1730240809,1730240809,06:26:49 PM,06:26:49 PM,0
2095621,,MARCNOEL,0,1730240869,1730240869,06:27:49 PM,06:27:49 PM,0
2095621,,NOELBOW,0,1730240927,1730240927,06:28:47 PM,06:28:47 PM,0
2095621,,BOWBANC,0,1730240976,1730240976,06:29:36 PM,06:29:36 PM,0
2095621,,HUDSBAFF,0,1730241006,1730241006,06:30:06 PM,06:30:06 PM,0
2095621,,HUDSFROB,0,1730241033,1730241033,06:30:33 PM,06:30:33 PM,0
2095621,,HUDSJOLI,0,1730241096,1730241096,06:31:36 PM,06:31:36 PM,0
2095621,,HUDSTRAF,0,1730241131,1730241131,06:32:11 PM,06:32:11 PM,0
2095621,,TRAFHUD2,0,1730241240,1730241240,06:34:00 PM,06:34:00 PM,0
2095660,,TRAFHUD2,0,1730241240,1730241240,06:34:00 PM,06:34:00 PM,0
2095660,,TRAFHUD4,0,1730241275,1730241275,06:34:35 PM,06:34:35 PM,0
2095660,,TRAFBANC,0,1730241305,1730241305,06:35:05 PM,06:35:05 PM,0
2095660,,TRAFMARC,0,1730241372,1730241372,06:36:12 PM,06:36:12 PM,0
2095660,,TRAFCLA2,0,1730241400,1730241400,06:36:40 PM,06:36:40 PM,0
2095660,,TRAFCLA4,0,1730241421,1730241421,06:37:01 PM,06:37:01 PM,0
2095660,,TRAFATK2,0,1730241487,1730241487,06:38:07 PM,06:38:07 PM,0
2095660,,TRAFDAWN,0,1730241514,1730241514,06:38:34 PM,06:38:34 PM,0
2095660,,TRAFVAN2,0,1730241549,1730241549,06:39:09 PM,06:39:09 PM,0
2095660,,TRAFTHO2,0,1730241614,1730241614,06:40:14 PM,06:40:14 PM,0
2095660,,TRAFSTE2,0,1730241649,1730241649,06:40:49 PM,06:40:49 PM,0
2095660,,HALESTE1,0,1730241720,1730241720,06:42:00 PM,06:42:00 PM,0
2095660,,HALEBRY1,0,1730241758,1730241758,06:42:38 PM,06:42:38 PM,0
2095660,,HALEGRAY,0,1730241789,1730241789,06:43:09 PM,06:43:09 PM,0
2095660,,HALEEAST,0,1730241815,1730241815,06:43:35 PM,06:43:35 PM,0
2095660,,HALEDOU1,,,,,,
2095660,,HALEDUND,,,,,,
2095660,,DUNDHAL4,,,,,,
2095660,,DUNDHIG2,0,1730241960,1730241960,06:46:00 PM,06:46:00 PM,0
2095660,,DUNDASH4,0,1730242024,1730242024,06:47:04 PM,06:47:04 PM,0
2095660,,DUNDMCOR,,,,,,
2095660,,DUNDDORI,,,,,,
2095660,,DUNDEGE2,,,,,,
2095660,,DUNDQUE2,0,1730242188,1730242188,06:49:48 PM,06:49:48 PM,0
2095660,,DUNDONT2,0,1730242226,1730242226,06:50:26 PM,06:50:26 PM,0
2095660,,DUNDREC2,0,1730242262,1730242262,06:51:02 PM,06:51:02 PM,0
2095660,,DUNDENGL,0,1730242299,1730242299,06:51:39 PM,06:51:39 PM,0
2095660,,DUNDELIZ,0,1730242338,1730242338,06:52:18 PM,06:52:18 PM,0
2095660,,DUNDADE2,0,1730242380,1730242380,06:53:00 PM,06:53:00 PM,0
2095660,,DUNDWIL2,0,1730242415,1730242415,06:53:35 PM,06:53:35 PM,0
2095660,,DUNDMAI2,0,1730242465,1730242465,06:54:25 PM,06:54:25 PM,0
2095660,,DUNDCOL2,0,1730242515,1730242515,06:55:15 PM,06:55:15 PM,0
2095660,,DUNDWAT2,0,1730242566,1730242566,06:56:06 PM,06:56:06 PM,0
2095660,,DUNDWEL2,0,1730242620,1730242620,06:57:00 PM,06:57:00 PM,0
2095660,,QUEECLAR,0,1730242731,1730242731,06:58:51 PM,06:58:51 PM,0
2095660,,QUEERIC1,0,1730242800,1730242800,07:00:00 PM,07:00:00 PM,0
2095660,,QUEERIC1,0,1730242800,1730242800,07:00:00 PM,07:00:00 PM,0
2095660,,QUENRIDO,0,1730242877,1730242877,07:01:17 PM,07:01:17 PM,0
2095660,,RIVEWIL2,0,1730242976,1730242976,07:02:56 PM,07:02:56 PM,0
2095660,,RIVEWHA2,0,1730243013,1730243013,07:03:33 PM,07:03:33 PM,0
2095660,,WHARMPL1,0,1730243053,1730243053,07:04:13 PM,07:04:13 PM,0
2095660,,WHARMOIR,0,1730243090,1730243090,07:04:50 PM,07:04:50 PM,0
2095660,,WHAREMPR,0,1730243146,1730243146,07:05:46 PM,07:05:46 PM,0
2095660,,WHAROXF1,0,1730243220,1730243220,07:07:00 PM,07:07:00 PM,0
2095660,,WESTESSE,0,1730243265,1730243265,07:07:45 PM,07:07:45 PM,0
2095660,,WESTHOL1,0,1730243303,1730243303,07:08:23 PM,07:08:23 PM,0
2095660,,WESTPLA1,0,1730243343,1730243343,07:09:03 PM,07:09:03 PM,0
2095660,,WESTPHA1,0,1730243400,1730243400,07:10:00 PM,07:10:00 PM,0
2095660,,WESTPHA3,0,1730243457,1730243457,07:10:57 PM,07:10:57 PM,0
2095660,,ALUMHAL1,0,1730243574,1730243574,07:12:54 PM,07:12:54 PM,0
2095660,,MIDDPERT,0,1730243718,1730243718,07:15:18 PM,07:15:18 PM,0
2095660,,NATSCI,0,1730243820,1730243820,07:17:00 PM,07:17:00 PM,0
2095625,,NATSCI,0,1730244420,1730244420,07:27:00 PM,07:27:00 PM,0
2095625,,WESTELG2,0,1730244582,1730244582,07:29:42 PM,07:29:42 PM,0
2095625,,WESTLAM2,0,1730244659,1730244659,07:30:59 PM,07:30:59 PM,0
2095625,,WESTSAR2,0,1730244780,1730244780,07:33:00 PM,07:33:00 PM,0
2095625,,WESTSAR4,0,1730244822,1730244822,07:33:42 PM,07:33:42 PM,0
2095625,,WESTPLA2,0,1730244892,1730244892,07:34:52 PM,07:34:52 PM,0
2095625,,WESTHOL2,0,1730244943,1730244943,07:35:43 PM,07:35:43 PM,0
2095625,,WHARMCDO,0,1730245006,1730245006,07:36:46 PM,07:36:46 PM,0
2095625,,WHAROXF2,0,1730245080,1730245080,07:38:00 PM,07:38:00 PM,0
2095625,,WHARPAUL,0,1730245145,1730245145,07:39:05 PM,07:39:05 PM,0
2095625,,WHARLEXI,0,1730245198,1730245198,07:39:58 PM,07:39:58 PM,0
2095625,,WHARMPL2,0,1730245242,1730245242,07:40:42 PM,07:40:42 PM,0
2095625,,RIVEWHA1,0,1730245280,1730245280,07:41:20 PM,07:41:20 PM,0
2095625,,RIVEWIL1,0,1730245311,1730245311,07:41:51 PM,07:41:51 PM,0
2095625,,DUNDRIDO,0,1730245395,1730245395,07:43:15 PM,07:43:15 PM,0
2095625,,KINGTALB,0,1730245442,1730245442,07:44:02 PM,07:44:02 PM,0
2095625,,KINGRICH,0,1730245500,1730245500,07:45:00 PM,07:45:00 PM,0
2095625,,KINGRICH,0,1730245500,1730245500,07:45:00 PM,07:45:00 PM,0
2095625,,WELLDUN3,0,1730245680,1730245680,07:48:00 PM,07:48:00 PM,0
2095625,,DUNDWAT1,0,1730245680,1730245680,07:48:00 PM,07:48:00 PM,0
2095625,,DUNDCOL1,0,1730245726,1730245726,07:48:46 PM,07:48:46 PM,0
2095625,,DUNDMAI1,0,1730245798,1730245798,07:49:58 PM,07:49:58 PM,0
2095625,,DUNDWIL1,0,1730245864,1730245864,07:51:04 PM,07:51:04 PM,0
2095625,,DUNDADE1,0,1730245920,1730245920,07:52:00 PM,07:52:00 PM,0
2095625,,DUNDLYLE,0,1730245975,1730245975,07:52:55 PM,07:52:55 PM,0
2095625,,DUNDHEWI,0,1730246012,1730246012,07:53:32 PM,07:53:32 PM,0
2095625,,DUNDREC1,0,1730246050,1730246050,07:54:10 PM,07:54:10 PM,0
2095625,,DUNDONT1,0,1730246075,1730246075,07:54:35 PM,07:54:35 PM,0
2095625,,DUNDQUE1,0,1730246114,1730246114,07:55:14 PM,07:55:14 PM,0
2095625,,DUNDEGE1,,,,,,
2095625,,DUNDKELL,,,,,,
2095625,,DUNDELE1,,,,,,
2095625,,DUNDASH1,0,1730246273,1730246273,07:57:53 PM,07:57:53 PM,0
2095625,,DUNDHIG1,0,1730246340,1730246340,07:59:00 PM,07:59:00 PM,0
2095625,,DUNDHAL3,,,,,,
2095625,,HALEDOU2,,,,,,
2095625,,HALEBEAT,,,,,,
2095625,,HALEMONT,,,,,,
2095625,,HALEBRY2,,,,,,
2095625,,HALESTE2,,,,,,
2095625,,HALETRA2,,,,,,
2095625,,TRAFSTE1,0,1730246622,1730246622,08:03:42 PM,08:03:42 PM,0
2095625,,TRAFTHO1,0,1730246647,1730246647,08:04:07 PM,08:04:07 PM,0
2095625,,TRAFVAN1,0,1730246703,1730246703,08:05:03 PM,08:05:03 PM,0
2095625,,TRAFBALF,0,1730246727,1730246727,08:05:27 PM,08:05:27 PM,0
2095625,,TRAFFAL2,0,1730246761,1730246761,08:06:01 PM,08:06:01 PM,0
2095625,,TRAFCLA1,0,1730246820,1730246820,08:07:00 PM,08:07:00 PM,0
2095625,,CLARTRA1,0,1730246845,1730246845,08:07:25 PM,08:07:25 PM,0
2095625,,CLARROY1,0,1730246900,1730246900,08:08:20 PM,08:08:20 PM,0
2095625,,CLARROY3,0,1730246928,1730246928,08:08:48 PM,08:08:48 PM,0
2095625,,CLARWAV1,0,1730246950,1730246950,08:09:10 PM,08:09:10 PM,0
2095625,,CLARCHU1,0,1730246984,1730246984,08:09:44 PM,08:09:44 PM,0
2095625,,ARGYMAL1,0,1730247060,1730247060,08:11:00 PM,08:11:00 PM,0
2095625,,ARGYMAL1,0,1730247300,1730247300,08:15:00 PM,08:15:00 PM,0
2095625,,CLARCHU2,0,1730247340,1730247340,08:15:40 PM,08:15:40 PM,0
2095625,,CLARWAV2,0,1730247380,1730247380,08:16:20 PM,08:16:20 PM,0
2095625,,CLARROY2,0,1730247401,1730247401,08:16:41 PM,08:16:41 PM,0
2095625,,CLARSUD2,0,1730247449,1730247449,08:17:29 PM,08:17:29 PM,0
2095625,,MARCTRAF,0,1730247515,1730247515,08:18:35 PM,08:18:35 PM,0
2095625,,MARCNOEL,0,1730247560,1730247560,08:19:20 PM,08:19:20 PM,0
2095625,,NOELBOW,0,1730247603,1730247603,08:20:03 PM,08:20:03 PM,0
2095625,,BOWBANC,0,1730247639,1730247639,08:20:39 PM,08:20:39 PM,0
2095625,,HUDSBAFF,0,1730247661,1730247661,08:21:01 PM,08:21:01 PM,0
2095625,,HUDSFROB,0,1730247681,1730247681,08:21:21 PM,08:21:21 PM,0
2095625,,HUDSJOLI,0,1730247728,1730247728,08:22:08 PM,08:22:08 PM,0
2095625,,HUDSTRAF,0,1730247754,1730247754,08:22:34 PM,08:22:34 PM,0
2095625,,TRAFHUD2,0,1730247840,1730247840,08:24:00 PM,08:24:00 PM,0
2095664,,TRAFHUD2,0,1730248020,1730248020,08:27:00 PM,08:27:00 PM,0
2095664,,TRAFHUD4,0,1730248052,1730248052,08:27:32 PM,08:27:32 PM,0
2095664,,TRAFBANC,0,1730248079,1730248079,08:27:59 PM,08:27:59 PM,0
2095664,,TRAFMARC,0,1730248140,1730248140,08:29:00 PM,08:29:00 PM,0
2095664,,TRAFCLA2,0,1730248166,1730248166,08:29:26 PM,08:29:26 PM,0
2095664,,TRAFCLA4,0,1730248185,1730248185,08:29:45 PM,08:29:45 PM,0
2095664,,TRAFATK2,0,1730248245,1730248245,08:30:45 PM,08:30:45 PM,0
2095664,,TRAFDAWN,0,1730248270,1730248270,08:31:10 PM,08:31:10 PM,0
2095664,,TRAFVAN2,0,1730248302,1730248302,08:31:42 PM,08:31:42 PM,0
2095664,,TRAFTHO2,0,1730248362,1730248362,08:32:42 PM,08:32:42 PM,0
2095664,,TRAFSTE2,0,1730248394,1730248394,08:33:14 PM,08:33:14 PM,0
2095664,,HALESTE1,0,1730248459,1730248459,08:34:19 PM,08:34:19 PM,0
2095664,,HALEBRY1,0,1730248494,1730248494,08:34:54 PM,08:34:54 PM,0
2095664,,HALEGRAY,0,1730248523,1730248523,08:35:23 PM,08:35:23 PM,0
2095664,,HALEEAST,0,1730248547,1730248547,08:35:47 PM,08:35:47 PM,0
2095664,,HALEDOU1,,,,,,
2095664,,HALEDUND,,,,,,
2095664,,DUNDHAL4,,,,,,
2095664,,DUNDHIG2,0,1730248680,1730248680,08:38:00 PM,08:38:00 PM,0
2095664,,DUNDASH4,0,1730248735,1730248735,08:38:55 PM,08:38:55 PM,0
2095664,,DUNDMCOR,,,,,,
2095664,,DUNDDORI,,,,,,
2095664,,DUNDEGE2,,,,,,
2095664,,DUNDQUE2,0,1730248874,1730248874,08:41:14 PM,08:41:14 PM,0
2095664,,DUNDONT2,0,1730248906,1730248906,08:41:46 PM,08:41:46 PM,0
2095664,,DUNDREC2,0,1730248936,1730248936,08:42:16 PM,08:42:16 PM,0
2095664,,DUNDENGL,0,1730248968,1730248968,08:42:48 PM,08:42:48 PM,0
2095664,,DUNDELIZ,0,1730249001,1730249001,08:43:21 PM,08:43:21 PM,0
2095664,,DUNDADE2,0,1730249040,1730249040,08:44:00 PM,08:44:00 PM,0
2095664,,DUNDWIL2,0,1730249066,1730249066,08:44:26 PM,08:44:26 PM,0
2095664,,DUNDMAI2,0,1730249103,1730249103,08:45:03 PM,08:45:03 PM,0
2095664,,DUNDCOL2,0,1730249141,1730249141,08:45:41 PM,08:45:41 PM,0
2095664,,DUNDWAT2,0,1730249179,1730249179,08:46:19 PM,08:46:19 PM,0
2095664,,DUNDWEL2,0,1730249220,1730249220,08:47:00 PM,08:47:00 PM,0
2095664,,QUEECLAR,0,1730249294,1730249294,08:48:14 PM,08:48:14 PM,0
2095664,,QUEERIC1,0,1730249340,1730249340,08:49:00 PM,08:49:00 PM,0
2095664,,QUEERIC1,0,1730249340,1730249340,08:49:00 PM,08:49:00 PM,0
2095664,,QUENRIDO,0,1730249406,1730249406,08:50:06 PM,08:50:06 PM,0
2095664,,RIVEWIL2,0,1730249491,1730249491,08:51:31 PM,08:51:31 PM,0
2095664,,RIVEWHA2,0,1730249523,1730249523,08:52:03 PM,08:52:03 PM,0
2095664,,WHARMPL1,0,1730249557,1730249557,08:52:37 PM,08:52:37 PM,0
2095664,,WHARMOIR,0,1730249589,1730249589,08:53:09 PM,08:53:09 PM,0
2095664,,WHAREMPR,0,1730249637,1730249637,08:53:57 PM,08:53:57 PM,0
2095664,,WHAROXF1,0,1730249700,1730249700,08:55:00 PM,08:55:00 PM,0
2095664,,WESTESSE,0,1730249730,1730249730,08:55:30 PM,08:55:30 PM,0
2095664,,WESTHOL1,0,1730249755,1730249755,08:55:55 PM,08:55:55 PM,0
2095664,,WESTPLA1,0,1730249782,1730249782,08:56:22 PM,08:56:22 PM,0
2095664,,WESTPHA1,0,1730249820,1730249820,08:57:00 PM,08:57:00 PM,0
2095664,,WESTPHA3,0,1730249869,1730249869,08:57:49 PM,08:57:49 PM,0
2095664,,ALUMHAL1,0,1730249969,1730249969,08:59:29 PM,08:59:29 PM,0
2095664,,MIDDPERT,0,1730250092,1730250092,09:01:32 PM,09:01:32 PM,0
2095664,,NATSCI,0,1730250180,1730250180,09:03:00 PM,09:03:00 PM,0
2095628,,NATSCI,0,1730250420,1730250420,09:07:00 PM,09:07:00 PM,0
2095628,,WESTELG2,0,1730250555,1730250555,09:09:15 PM,09:09:15 PM,0
2095628,,WESTLAM2,0,1730250619,1730250619,09:10:19 PM,09:10:19 PM,0
2095628,,WESTSAR2,0,1730250720,1730250720,09:12:00 PM,09:12:00 PM,0
2095628,,WESTSAR4,0,1730250762,1730250762,09:12:42 PM,09:12:42 PM,0
2095628,,WESTPLA2,0,1730250832,1730250832,09:13:52 PM,09:13:52 PM,0
2095628,,WESTHOL2,0,1730250883,1730250883,09:14:43 PM,09:14:43 PM,0
2095628,,WHARMCDO,0,1730250946,1730250946,09:15:46 PM,09:15:46 PM,0
2095628,,WHAROXF2,0,1730251020,1730251020,09:17:00 PM,09:17:00 PM,0
2095628,,WHARPAUL,0,1730251076,1730251076,09:17:56 PM,09:17:56 PM,0
2095628,,WHARLEXI,0,1730251121,1730251121,09:18:41 PM,09:18:41 PM,0
2095628,,WHARMPL2,0,1730251159,1730251159,09:19:19 PM,09:19:19 PM,0
2095628,,RIVEWHA1,0,1730251191,1730251191,09:19:51 PM,09:19:51 PM,0
2095628,,RIVEWIL1,0,1730251218,1730251218,09:20:18 PM,09:20:18 PM,0
2095628,,DUNDRIDO,0,1730251290,1730251290,09:21:30 PM,09:21:30 PM,0
2095628,,KINGTALB,0,1730251330,1730251330,09:22:10 PM,09:22:10 PM,0
2095628,,KINGRICH,0,1730251380,1730251380,09:23:00 PM,09:23:00 PM,0
2095628,,KINGRICH,0,1730251380,1730251380,09:23:00 PM,09:23:00 PM,0
2095628,,WELLDUN3,0,1730251560,1730251560,09:26:00 PM,09:26:00 PM,0
2095628,,DUNDWAT1,0,1730251560,1730251560,09:26:00 PM,09:26:00 PM,0
2095628,,DUNDCOL1,0,1730251595,1730251595,09:26:35 PM,09:26:35 PM,0
2095628,,DUNDMAI1,0,1730251649,1730251649,09:27:29 PM,09:27:29 PM,0
2095628,,DUNDWIL1,0,1730251698,1730251698,09:28:18 PM,09:28:18 PM,0
2095628,,DUNDADE1,0,1730251740,1730251740,09:29:00 PM,09:29:00 PM,0
2095628,,DUNDLYLE,0,1730251787,1730251787,09:29:47 PM,09:29:47 PM,0
2095628,,DUNDHEWI,0,1730251819,1730251819,09:30:19 PM,09:30:19 PM,0
2095628,,DUNDREC1,0,1730251851,1730251851,09:30:51 PM,09:30:51 PM,0
2095628,,DUNDONT1,0,1730251873,1730251873,09:31:13 PM,09:31:13 PM,0
2095628,,DUNDQUE1,0,1730251906,1730251906,09:31:46 PM,09:31:46 PM,0
2095628,,DUNDEGE1,,,,,,
2095628,,DUNDKELL,,,,,,
2095628,,DUNDELE1,,,,,,
2095628,,DUNDASH1,0,1730252042,1730252042,09:34:02 PM,09:34:02 PM,0
2095628,,DUNDHIG1,0,1730252100,1730252100,09:35:00 PM,09:35:00 PM,0
2095628,,DUNDHAL3,,,,,,
2095628,,HALEDOU2,,,,,,
2095628,,HALEBEAT,,,,,,
2095628,,HALEMONT,,,,,,
2095628,,HALEBRY2,,,,,,
2095628,,HALESTE2,,,,,,
2095628,,HALETRA2,,,,,,
2095628,,TRAFSTE1,0,1730252345,1730252345,09:39:05 PM,09:39:05 PM,0
2095628,,TRAFTHO1,0,1730252367,1730252367,09:39:27 PM,09:39:27 PM,0
2095628,,TRAFVAN1,0,1730252416,1730252416,09:40:16 PM,09:40:16 PM,0
2095628,,TRAFBALF,0,1730252437,1730252437,09:40:37 PM,09:40:37 PM,0
2095628,,TRAFFAL2,0,1730252466,1730252466,09:41:06 PM,09:41:06 PM,0
2095628,,TRAFCLA1,0,1730252520,1730252520,09:42:00 PM,09:42:00 PM,0
2095628,,CLARTRA1,0,1730252545,1730252545,09:42:25 PM,09:42:25 PM,0
2095628,,CLARROY1,0,1730252600,1730252600,09:43:20 PM,09:43:20 PM,0
2095628,,CLARROY3,0,1730252628,1730252628,09:43:48 PM,09:43:48 PM,0
2095628,,CLARWAV1,0,1730252650,1730252650,09:44:10 PM,09:44:10 PM,0
2095628,,CLARCHU1,0,1730252684,1730252684,09:44:44 PM,09:44:44 PM,0
2095628,,ARGYMAL1,0,1730252760,1730252760,09:46:00 PM,09:46:00 PM,0
2095628,,ARGYMAL1,0,1730253240,1730253240,09:54:00 PM,09:54:00 PM,0
2095628,,CLARCHU2,0,1730253276,1730253276,09:54:36 PM,09:54:36 PM,0
2095628,,CLARWAV2,0,1730253312,1730253312,09:55:12 PM,09:55:12 PM,0
2095628,,CLARROY2,0,1730253331,1730253331,09:55:31 PM,09:55:31 PM,0
2095628,,CLARSUD2,0,1730253374,1730253374,09:56:14 PM,09:56:14 PM,0
2095628,,MARCTRAF,0,1730253432,1730253432,09:57:12 PM,09:57:12 PM,0
2095628,,MARCNOEL,0,1730253472,1730253472,09:57:52 PM,09:57:52 PM,0
2095628,,NOELBOW,0,1730253510,1730253510,09:58:30 PM,09:58:30 PM,0
2095628,,BOWBANC,0,1730253542,1730253542,09:59:02 PM,09:59:02 PM,0
2095628,,HUDSBAFF,0,1730253562,1730253562,09:59:22 PM,09:59:22 PM,0
2095628,,HUDSFROB,0,1730253580,1730253580,09:59:40 PM,09:59:40 PM,0
2095628,,HUDSJOLI,0,1730253622,1730253622,10:00:22 PM,10:00:22 PM,0
2095628,,HUDSTRAF,0,1730253645,1730253645,10:00:45 PM,10:00:45 PM,0
2095628,,TRAFHUD2,0,1730253720,1730253720,10:02:00 PM,10:02:00 PM,0
2095667,,TRAFHUD2,0,1730253840,1730253840,10:04:00 PM,10:04:00 PM,0
2095667,,TRAFHUD4,0,1730253872,1730253872,10:04:32 PM,10:04:32 PM,0
2095667,,TRAFBANC,0,1730253899,1730253899,10:04:59 PM,10:04:59 PM,0
2095667,,TRAFMARC,0,1730253960,1730253960,10:06:00 PM,10:06:00 PM,0
2095667,,TRAFCLA2,0,1730253986,1730253986,10:06:26 PM,10:06:26 PM,0
2095667,,TRAFCLA4,0,1730254005,1730254005,10:06:45 PM,10:06:45 PM,0
2095667,,TRAFATK2,0,1730254065,1730254065,10:07:45 PM,10:07:45 PM,0
2095667,,TRAFDAWN,0,1730254090,1730254090,10:08:10 PM,10:08:10 PM,0
2095667,,TRAFVAN2,0,1730254122,1730254122,10:08:42 PM,10:08:42 PM,0
2095667,,TRAFTHO2,0,1730254182,1730254182,10:09:42 PM,10:09:42 PM,0
2095667,,TRAFSTE2,0,1730254214,1730254214,10:10:14 PM,10:10:14 PM,0
2095667,,HALESTE1,0,1730254279,1730254279,10:11:19 PM,10:11:19 PM,0
2095667,,HALEBRY1,0,1730254314,1730254314,10:11:54 PM,10:11:54 PM,0
2095667,,HALEGRAY,0,1730254343,1730254343,10:12:23 PM,10:12:23 PM,0
2095667,,HALEEAST,0,1730254367,1730254367,10:12:47 PM,10:12:47 PM,0
2095667,,HALEDOU1,,,,,,
2095667,,HALEDUND,,,,,,
2095667,,DUNDHAL4,,,,,,
2095667,,DUNDHIG2,0,1730254500,1730254500,10:15:00 PM,10:15:00 PM,0
2095667,,DUNDASH4,0,1730254555,1730254555,10:15:55 PM,10:15:55 PM,0
2095667,,DUNDMCOR,,,,,,
2095667,,DUNDDORI,,,,,,
2095667,,DUNDEGE2,,,,,,
2095667,,DUNDQUE2,0,1730254694,1730254694,10:18:14 PM,10:18:14 PM,0
2095667,,DUNDONT2,0,1730254726,1730254726,10:18:46 PM,10:18:46 PM,0
2095667,,DUNDREC2,0,1730254756,1730254756,10:19:16 PM,10:19:16 PM,0
2095667,,DUNDENGL,0,1730254788,1730254788,10:19:48 PM,10:19:48 PM,0
2095667,,DUNDELIZ,0,1730254821,1730254821,10:20:21 PM,10:20:21 PM,0
2095667,,DUNDADE2,0,1730254860,1730254860,10:21:00 PM,10:21:00 PM,0
2095667,,DUNDWIL2,0,1730254886,1730254886,10:21:26 PM,10:21:26 PM,0
2095667,,DUNDMAI2,0,1730254923,1730254923,10:22:03 PM,10:22:03 PM,0
2095667,,DUNDCOL2,0,1730254961,1730254961,10:22:41 PM,10:22:41 PM,0
2095667,,DUNDWAT2,0,1730254999,1730254999,10:23:19 PM,10:23:19 PM,0
2095667,,DUNDWEL2,0,1730255040,1730255040,10:24:00 PM,10:24:00 PM,0
2095667,,QUEECLAR,0,1730255114,1730255114,10:25:14 PM,10:25:14 PM,0
2095667,,QUEERIC1,0,1730255160,1730255160,10:26:00 PM,10:26:00 PM,0
2095667,,QUEERIC1,0,1730255160,1730255160,10:26:00 PM,10:26:00 PM,0
2095667,,QUENRIDO,0,1730255226,1730255226,10:27:06 PM,10:27:06 PM,0
2095667,,RIVEWIL2,0,1730255311,1730255311,10:28:31 PM,10:28:31 PM,0
2095667,,RIVEWHA2,0,1730255343,1730255343,10:29:03 PM,10:29:03 PM,0
2095667,,WHARMPL1,0,1730255377,1730255377,10:29:37 PM,10:29:37 PM,0
2095667,,WHARMOIR,0,1730255409,1730255409,10:30:09 PM,10:30:09 PM,0
2095667,,WHAREMPR,0,1730255457,1730255457,10:30:57 PM,10:30:57 PM,0
2095667,,WHAROXF1,0,1730255520,1730255520,10:32:00 PM,10:32:00 PM,0
2095667,,WESTESSE,0,1730255550,1730255550,10:32:30 PM,10:32:30 PM,0
2095667,,WESTHOL1,0,1730255575,1730255575,10:32:55 PM,10:32:55 PM,0
2095667,,WESTPLA1,0,1730255602,1730255602,10:33:22 PM,10:33:22 PM,0
2095667,,WESTPHA1,0,1730255640,1730255640,10:34:00 PM,10:34:00 PM,0
2095667,,WESTPHA3,0,1730255689,1730255689,10:34:49 PM,10:34:49 PM,0
2095667,,ALUMHAL1,0,1730255789,1730255789,10:36:29 PM,10:36:29 PM,0
2095667,,MIDDPERT,0,1730255912,1730255912,10:38:32 PM,10:38:32 PM,0
2095667,,NATSCI,0,1730256000,1730256000,10:40:00 PM,10:40:00 PM,0
2095595,,NATSCI,0,1730256420,1730256420,10:47:00 PM,10:47:00 PM,0
2095595,,WESTELG2,0,1730256550,1730256550,10:49:10 PM,10:49:10 PM,0
2095595,,WESTLAM2,0,1730256616,1730256616,10:50:16 PM,10:50:16 PM,0
2095595,,WESTSAR2,0,1730256720,1730256720,10:52:00 PM,10:52:00 PM,0
2095595,,WESTSAR4,0,1730256762,1730256762,10:52:42 PM,10:52:42 PM,0
2095595,,WESTPLA2,0,1730256832,1730256832,10:53:52 PM,10:53:52 PM,0
2095595,,WESTHOL2,0,1730256883,1730256883,10:54:43 PM,10:54:43 PM,0
2095595,,WHARMCDO,0,1730256946,1730256946,10:55:46 PM,10:55:46 PM,0
2095595,,WHAROXF2,0,1730257020,1730257020,10:57:00 PM,10:57:00 PM,0
2095595,,WHARPAUL,0,1730257076,1730257076,10:57:56 PM,10:57:56 PM,0
2095595,,WHARLEXI,0,1730257121,1730257121,10:58:41 PM,10:58:41 PM,0
2095595,,WHARMPL2,0,1730257159,1730257159,10:59:19 PM,10:59:19 PM,0
2095595,,RIVEWHA1,0,1730257191,1730257191,10:59:51 PM,10:59:51 PM,0
2095595,,RIVEWIL1,0,1730257218,1730257218,11:00:18 PM,11:00:18 PM,0
2095595,,DUNDRIDO,0,1730257290,1730257290,11:01:30 PM,11:01:30 PM,0
2095595,,KINGTALB,0,1730257330,1730257330,11:02:10 PM,11:02:10 PM,0
2095595,,KINGRICH,0,1730257380,1730257380,11:03:00 PM,11:03:00 PM,0
2095595,,KINGRICH,0,1730257380,1730257380,11:03:00 PM,11:03:00 PM,0
2095595,,WELLDUN3,0,1730257560,1730257560,11:06:00 PM,11:06:00 PM,0
2095595,,DUNDWAT1,0,1730257560,1730257560,11:06:00 PM,11:06:00 PM,0
2095595,,DUNDCOL1,0,1730257595,1730257595,11:06:35 PM,11:06:35 PM,0
2095595,,DUNDMAI1,0,1730257649,1730257649,11:07:29 PM,11:07:29 PM,0
2095595,,DUNDWIL1,0,1730257698,1730257698,11:08:18 PM,11:08:18 PM,0
2095595,,DUNDADE1,0,1730257740,1730257740,11:09:00 PM,11:09:00 PM,0
2095595,,DUNDLYLE,0,1730257787,1730257787,11:09:47 PM,11:09:47 PM,0
2095595,,DUNDHEWI,0,1730257819,1730257819,11:10:19 PM,11:10:19 PM,0
2095595,,DUNDREC1,0,1730257851,1730257851,11:10:51 PM,11:10:51 PM,0
2095595,,DUNDONT1,0,1730257873,1730257873,11:11:13 PM,11:11:13 PM,0
2095595,,DUNDQUE1,0,1730257906,1730257906,11:11:46 PM,11:11:46 PM,0
2095595,,DUNDEGE1,,,,,,
2095595,,DUNDKELL,,,,,,
2095595,,DUNDELE1,,,,,,
2095595,,DUNDASH1,0,1730258042,1730258042,11:14:02 PM,11:14:02 PM,0
2095595,,DUNDHIG1,0,1730258100,1730258100,11:15:00 PM,11:15:00 PM,0
2095595,,DUNDFIR1,0,1730258223,1730258223,11:17:03 PM,11:17:03 PM,0
2095595,,DUNDSASK,0,1730258281,1730258281,11:18:01 PM,11:18:01 PM,0
2095595,,DUNDMANI,0,1730258334,1730258334,11:18:54 PM,11:18:54 PM,0
2095595,,DUNDBEA1,0,1730258406,1730258406,11:20:06 PM,11:20:06 PM,0
2095595,,DUNDCLK1,0,1730258454,1730258454,11:20:54 PM,11:20:54 PM,0
2095595,,ARGYMAL1,0,1730258520,1730258520,11:22:00 PM,11:22:00 PM,0
2095595,,ARGYMAL1,0,1730258520,1730258520,11:22:00 PM,11:22:00 PM,0
2095595,,DUNDEAS3,0,1730258608,1730258608,11:23:28 PM,11:23:28 PM,0
2095595,,DUNDWAV1,0,1730258646,1730258646,11:24:06 PM,11:24:06 PM,0
2095595,,DUNDFOR1,0,1730258673,1730258673,11:24:33 PM,11:24:33 PM,0
2095595,,DUNDSPE1,0,1730258690,1730258690,11:24:50 PM,11:24:50 PM,0
2095595,,DUNDCARL,0,1730258725,1730258725,11:25:25 PM,11:25:25 PM,0
2095595,,BONADUND,0,1730258760,1730258760,11:26:00 PM,11:26:00 PM,0
2095705,,BONADUND,0,1730259000,1730259000,11:30:00 PM,11:30:00 PM,0
2095705,,BONASIMP,0,1730259031,1730259031,11:30:31 PM,11:30:31 PM,0
2095705,,BONAMORE,0,1730259072,1730259072,11:31:12 PM,11:31:12 PM,0
2095705,,ADMIBON2,0,1730259099,1730259099,11:31:39 PM,11:31:39 PM,0
2095705,,ADMIVAU3,0,1730259119,1730259119,11:31:59 PM,11:31:59 PM,0
2095705,,ADMICAR2,0,1730259139,1730259139,11:32:19 PM,11:32:19 PM,0
2095705,,CARLCAPR,0,1730259167,1730259167,11:32:47 PM,11:32:47 PM,0
2095705,,CARLSPE3,0,1730259198,1730259198,11:33:18 PM,11:33:18 PM,0
2095705,,CARLSPE1,0,1730259212,1730259212,11:33:32 PM,11:33:32 PM,0
2095705,,CARLTIFF,0,1730259236,1730259236,11:33:56 PM,11:33:56 PM,0
2095705,,DUNDSPE2,0,1730259268,1730259268,11:34:28 PM,11:34:28 PM,0
2095705,,DUNDSPE4,0,1730259288,1730259288,11:34:48 PM,11:34:48 PM,0
2095705,,DUNDFOR2,0,1730259306,1730259306,11:35:06 PM,11:35:06 PM,0
2095705,,DUNDARVI,0,1730259336,1730259336,11:35:36 PM,11:35:36 PM,0
2095705,,DUNDEAS2,0,1730259365,1730259365,11:36:05 PM,11:36:05 PM,0
2095705,,CLARWHI2,0,1730259429,1730259429,11:37:09 PM,11:37:09 PM,0
2095705,,ARGYMAL2,0,1730259480,1730259480,11:38:00 PM,11:38:00 PM,0
2095705,,ARGYMAL2,0,1730259780,1730259780,11:43:00 PM,11:43:00 PM,0
2095705,,DUNDCLK4,0,1730259835,1730259835,11:43:55 PM,11:43:55 PM,0
2095705,,DUNDBEA2,0,1730259882,1730259882,11:44:42 PM,11:44:42 PM,0
2095705,,DUNDTHR,0,1730259938,1730259938,11:45:38 PM,11:45:38 PM,0
2095705,,DUNDBUR2,,,,,,
2095705,,DUNDFIR2,,,,,,
2095705,,DUNDHAL2,,,,,,
2095705,,DUNDHAL4,,,,,,
2095705,,DUNDHIG2,0,1730260140,1730260140,11:49:00 PM,11:49:00 PM,0
2095705,,DUNDASH4,0,1730260185,1730260185,11:49:45 PM,11:49:45 PM,0
2095705,,DUNDMCOR,,,,,,
2095705,,DUNDDORI,,,,,,
2095705,,DUNDEGE2,,,,,,
2095705,,DUNDQUE2,0,1730260301,1730260301,11:51:41 PM,11:51:41 PM,0
2095705,,DUNDONT2,0,1730260328,1730260328,11:52:08 PM,11:52:08 PM,0
2095705,,DUNDREC2,0,1730260353,1730260353,11:52:33 PM,11:52:33 PM,0
2095705,,DUNDENGL,0,1730260380,1730260380,11:53:00 PM,11:53:00 PM,0
2095705,,DUNDELIZ,0,1730260408,1730260408,11:53:28 PM,11:53:28 PM,0
2095705,,DUNDADE2,0,1730260440,1730260440,11:54:00 PM,11:54:00 PM,0
2095705,,DUNDWIL2,0,1730260457,1730260457,11:54:17 PM,11:54:17 PM,0
2095705,,DUNDMAI2,0,1730260482,1730260482,11:54:42 PM,11:54:42 PM,0
2095705,,DUNDCOL2,0,1730260507,1730260507,11:55:07 PM,11:55:07 PM,0
2095705,,DUNDWAT2,0,1730260532,1730260532,11:55:32 PM,11:55:32 PM,0
2095705,,DUNDWEL2,0,1730260560,1730260560,11:56:00 PM,11:56:00 PM,0
2095705,,QUEECLAR,0,1730260597,1730260597,11:56:37 PM,11:56:37 PM,0
2095705,,QUEERIC1,0,1730260620,1730260620,11:57:00 PM,11:57:00 PM,0
2095705,,QUEERIC1,0,1730260620,1730260620,11:57:00 PM,11:57:00 PM,0
2095705,,QUENRIDO,0,1730260665,1730260665,11:57:45 PM,11:57:45 PM,0
2095705,,RIVEWIL2,0,1730260716,1730260716,11:58:36 PM,11:58:36 PM,0
2095705,,RIVEWHA2,0,1730260738,1730260738,11:58:58 PM,11:58:58 PM,0
2095705,,WHARMPL1,0,1730260761,1730260761,11:59:21 PM,11:59:21 PM,0
2095705,,WHARMOIR,0,1730260782,1730260782,11:59:42 PM,11:59:42 PM,0
2095705,,WHAREMPR,0,1730260815,1730260815,12:00:15 AM,12:00:15 AM,0
2095705,,WHAROXF1,0,1730260860,1730260860,12:01:00 AM,12:01:00 AM,0
2095705,,WESTESSE,0,1730260890,1730260890,12:01:30 AM,12:01:30 AM,0
2095705,,WESTHOL1,0,1730260915,1730260915,12:01:55 AM,12:01:55 AM,0
2095705,,WESTPLA1,0,1730260942,1730260942,12:02:22 AM,12:02:22 AM,0
2095705,,WESTPHA1,0,1730260980,1730260980,12:03:00 AM,12:03:00 AM,0
2095705,,WESTPHA3,0,1730261023,1730261023,12:03:43 AM,12:03:43 AM,0
2095705,,ALUMHAL1,0,1730261112,1730261112,12:05:12 AM,12:05:12 AM,0
2095705,,MIDDPERT,0,1730261221,1730261221,12:07:01 AM,12:07:01 AM,0
2095705,,NATSCI,0,1730261280,1730261280,12:08:00 AM,12:08:00 AM,0
2095633,,NATSCI,0,1730261820,1730261820,12:17:00 AM,12:17:00 AM,0
2095633,,WESTELG2,0,1730261928,1730261928,12:18:48 AM,12:18:48 AM,0
2095633,,WESTLAM2,0,1730261979,1730261979,12:19:39 AM,12:19:39 AM,0
2095633,,WESTSAR2,0,1730262060,1730262060,12:21:00 AM,12:21:00 AM,0
2095633,,WESTSAR4,0,1730262085,1730262085,12:21:25 AM,12:21:25 AM,0
2095633,,WESTPLA2,0,1730262127,1730262127,12:22:07 AM,12:22:07 AM,0
2095633,,WESTHOL2,0,1730262157,1730262157,12:22:37 AM,12:22:37 AM,0
2095633,,WHARMCDO,0,1730262195,1730262195,12:23:15 AM,12:23:15 AM,0
2095633,,WHAROXF2,0,1730262240,1730262240,12:24:00 AM,12:24:00 AM,0
2095633,,WHARPAUL,0,1730262296,1730262296,12:24:56 AM,12:24:56 AM,0
2095633,,WHARLEXI,0,1730262341,1730262341,12:25:41 AM,12:25:41 AM,0
2095633,,WHARMPL2,0,1730262379,1730262379,12:26:19 AM,12:26:19 AM,0
2095633,,RIVEWHA1,0,1730262411,1730262411,12:26:51 AM,12:26:51 AM,0
2095633,,RIVEWIL1,0,1730262438,1730262438,12:27:18 AM,12:27:18 AM,0
2095633,,DUNDRIDO,0,1730262510,1730262510,12:28:30 AM,12:28:30 AM,0
2095633,,KINGTALB,0,1730262550,1730262550,12:29:10 AM,12:29:10 AM,0
2095633,,KINGRICH,0,1730262600,1730262600,12:30:00 AM,12:30:00 AM,0
2095633,,KINGRICH,0,1730262600,1730262600,12:30:00 AM,12:30:00 AM,0
2095633,,WELLDUN3,0,1730262720,1730262720,12:32:00 AM,12:32:00 AM,0
2095633,,DUNDWAT1,0,1730262720,1730262720,12:32:00 AM,12:32:00 AM,0
2095633,,DUNDCOL1,0,1730262743,1730262743,12:32:23 AM,12:32:23 AM,0
2095633,,DUNDMAI1,0,1730262779,1730262779,12:32:59 AM,12:32:59 AM,0
2095633,,DUNDWIL1,0,1730262812,1730262812,12:33:32 AM,12:33:32 AM,0
2095633,,DUNDADE1,0,1730262840,1730262840,12:34:00 AM,12:34:00 AM,0
2095633,,DUNDLYLE,0,1730262879,1730262879,12:34:39 AM,12:34:39 AM,0
2095633,,DUNDHEWI,0,1730262905,1730262905,12:35:05 AM,12:35:05 AM,0
2095633,,DUNDREC1,0,1730262932,1730262932,12:35:32 AM,12:35:32 AM,0
2095633,,DUNDONT1,0,1730262950,1730262950,12:35:50 AM,12:35:50 AM,0
2095633,,DUNDQUE1,0,1730262978,1730262978,12:36:18 AM,12:36:18 AM,0
2095633,,DUNDEGE1,,,,,,
2095633,,DUNDKELL,,,,,,
2095633,,DUNDELE1,,,,,,
2095633,,DUNDASH1,0,1730263091,1730263091,12:38:11 AM,12:38:11 AM,0
2095633,,DUNDHIG1,0,1730263140,1730263140,12:39:00 AM,12:39:00 AM,0
2095633,,DUNDHAL3,,,,,,
2095633,,HALEDOU2,,,,,,
2095633,,HALEBEAT,,,,,,
2095633,,HALEMONT,,,,,,
2095633,,HALEBRY2,,,,,,
2095633,,HALESTE2,,,,,,
2095633,,HALETRA2,,,,,,
2095633,,TRAFSTE1,0,1730263385,1730263385,12:43:05 AM,12:43:05 AM,0
2095633,,TRAFTHO1,0,1730263407,1730263407,12:43:27 AM,12:43:27 AM,0
2095633,,TRAFVAN1,0,1730263456,1730263456,12:44:16 AM,12:44:16 AM,0
2095633,,TRAFBALF,0,1730263477,1730263477,12:44:37 AM,12:44:37 AM,0
2095633,,TRAFFAL2,0,1730263506,1730263506,12:45:06 AM,12:45:06 AM,0
2095633,,TRAFCLA1,0,1730263560,1730263560,12:46:00 AM,12:46:00 AM,0
2095633,,CLARTRA1,0,1730263585,1730263585,12:46:25 AM,12:46:25 AM,0
2095633,,CLARROY1,0,1730263640,1730263640,12:47:20 AM,12:47:20 AM,0
2095633,,CLARROY3,0,1730263668,1730263668,12:47:48 AM,12:47:48 AM,0
2095633,,CLARWAV1,0,1730263690,1730263690,12:48:10 AM,12:48:10 AM,0
2095633,,CLARCHU1,0,1730263724,1730263724,12:48:44 AM,12:48:44 AM,0
2095633,,ARGYMAL1,0,1730263800,1730263800,12:50:00 AM,12:50:00 AM,0
2095633,,ARGYMAL1,0,1730263800,1730263800,12:50:00 AM,12:50:00 AM,0
2095633,,CLARCHU2,0,1730263836,1730263836,12:50:36 AM,12:50:36 AM,0
2095633,,CLARWAV2,0,1730263872,1730263872,12:51:12 AM,12:51:12 AM,0
2095633,,CLARROY2,0,1730263891,1730263891,12:51:31 AM,12:51:31 AM,0
2095633,,CLARSUD2,0,1730263934,1730263934,12:52:14 AM,12:52:14 AM,0
2095633,,MARCTRAF,0,1730263992,1730263992,12:53:12 AM,12:53:12 AM,0
2095633,,MARCNOEL,0,1730264032,1730264032,12:53:52 AM,12:53:52 AM,0
2095633,,NOELBOW,0,1730264070,1730264070,12:54:30 AM,12:54:30 AM,0
2095633,,BOWBANC,0,1730264102,1730264102,12:55:02 AM,12:55:02 AM,0
2095633,,HUDSBAFF,0,1730264122,1730264122,12:55:22 AM,12:55:22 AM,0
2095633,,HUDSFROB,0,1730264140,1730264140,12:55:40 AM,12:55:40 AM,0
2095633,,HUDSJOLI,0,1730264182,1730264182,12:56:22 AM,12:56:22 AM,0
2095633,,HUDSTRAF,0,1730264205,1730264205,12:56:45 AM,12:56:45 AM,0
2095633,,TRAFHUD2,0,1730264280,1730264280,12:58:00 AM,12:58:00 AM,0
2095707,,TRAFHUD2,0,1730264340,1730264340,12:59:00 AM,12:59:00 AM,0
2095707,,TRAFHUD4,0,1730264366,1730264366,12:59:26 AM,12:59:26 AM,0
2095707,,TRAFBANC,0,1730264388,1730264388,12:59:48 AM,12:59:48 AM,0
2095707,,TRAFMARC,0,1730264438,1730264438,01:00:38 AM,01:00:38 AM,0
2095707,,TRAFCLA2,0,1730264459,1730264459,01:00:59 AM,01:00:59 AM,0
2095707,,TRAFCLA4,0,1730264475,1730264475,01:01:15 AM,01:01:15 AM,0
2095707,,TRAFATK2,0,1730264524,1730264524,01:02:04 AM,01:02:04 AM,0
2095707,,TRAFDAWN,0,1730264544,1730264544,01:02:24 AM,01:02:24 AM,0
2095707,,TRAFVAN2,0,1730264570,1730264570,01:02:50 AM,01:02:50 AM,0
2095707,,TRAFTHO2,0,1730264619,1730264619,01:03:39 AM,01:03:39 AM,0
2095707,,TRAFSTE2,0,1730264645,1730264645,01:04:05 AM,01:04:05 AM,0
2095707,,HALESTE1,0,1730264698,1730264698,01:04:58 AM,01:04:58 AM,0
2095707,,HALEBRY1,0,1730264726,1730264726,01:05:26 AM,01:05:26 AM,0
2095707,,HALEGRAY,0,1730264749,1730264749,01:05:49 AM,01:05:49 AM,0
2095707,,HALEEAST,0,1730264768,1730264768,01:06:08 AM,01:06:08 AM,0
2095707,,HALEDOU1,,,,,,
2095707,,HALEDUND,,,,,,
2095707,,DUNDHAL4,,,,,,
2095707,,DUNDHIG2,0,1730264880,1730264880,01:08:00 AM,01:08:00 AM,0
2095707,,DUNDASH4,0,1730264925,1730264925,01:08:45 AM,01:08:45 AM,0
2095707,,DUNDMCOR,,,,,,
2095707,,DUNDDORI,,,,,,
2095707,,DUNDEGE2,,,,,,
2095707,,DUNDQUE2,0,1730265041,1730265041,01:10:41 AM,01:10:41 AM,0
2095707,,DUNDONT2,0,1730265068,1730265068,01:11:08 AM,01:11:08 AM,0
2095707,,DUNDREC2,0,1730265093,1730265093,01:11:33 AM,01:11:33 AM,0
2095707,,DUNDENGL,0,1730265120,1730265120,01:12:00 AM,01:12:00 AM,0
2095707,,DUNDELIZ,0,1730265148,1730265148,01:12:28 AM,01:12:28 AM,0
2095707,,DUNDADE2,0,1730265180,1730265180,01:13:00 AM,01:13:00 AM,0
2095707,,DUNDWIL2,0,1730265197,1730265197,01:13:17 AM,01:13:17 AM,0
2095707,,DUNDMAI2,0,1730265222,1730265222,01:13:42 AM,01:13:42 AM,0
2095707,,DUNDCOL2,0,1730265247,1730265247,01:14:07 AM,01:14:07 AM,0
2095707,,DUNDWAT2,0,1730265272,1730265272,01:14:32 AM,01:14:32 AM,0
2095707,,DUNDWEL2,0,1730265300,1730265300,01:15:00 AM,01:15:00 AM,0
2095707,,QUEECLAR,0,1730265337,1730265337,01:15:37 AM,01:15:37 AM,0
2095707,,QUEERIC1,0,1730265360,1730265360,01:16:00 AM,01:16:00 AM,0
2095707,,QUEERIC1,0,1730265360,1730265360,01:16:00 AM,01:16:00 AM,0
2095707,,QUENRIDO,0,1730265404,1730265404,01:16:44 AM,01:16:44 AM,0
2095707,,RIVEWIL2,0,1730265460,1730265460,01:17:40 AM,01:17:40 AM,0
2095707,,RIVEWHA2,0,1730265481,1730265481,01:18:01 AM,01:18:01 AM,0
2095707,,WHARMPL1,0,1730265504,1730265504,01:18:24 AM,01:18:24 AM,0
2095707,,WHARMOIR,0,1730265525,1730265525,01:18:45 AM,01:18:45 AM,0
2095707,,WHAREMPR,0,1730265557,1730265557,01:19:17 AM,01:19:17 AM,0
2095707,,WHAROXF1,0,1730265600,1730265600,01:20:00 AM,01:20:00 AM,0
2095707,,WESTESSE,0,1730265630,1730265630,01:20:30 AM,01:20:30 AM,0
2095707,,WESTHOL1,0,1730265655,1730265655,01:20:55 AM,01:20:55 AM,0
2095707,,WESTPLA1,0,1730265682,1730265682,01:21:22 AM,01:21:22 AM,0
2095707,,WESTPHA1,0,1730265720,1730265720,01:22:00 AM,01:22:00 AM,0
2095707,,WESTPHA3,0,1730265761,1730265761,01:22:41 AM,01:22:41 AM,0
2095707,,ALUMHAL1,0,1730265844,1730265844,01:24:04 AM,01:24:04 AM,0
2095707,,MIDDPERT,0,1730265947,1730265947,01:25:47 AM,01:25:47 AM,0
2095707,,NATSCI,0,1730266020,1730266020,01:27:00 AM,01:27:00 AM,0
2095618,,NATSCI,0,1730231160,1730231160,03:46:00 PM,03:46:00 PM,0
2095618,,WESTELG2,0,1730231484,1730231484,03:51:24 PM,03:51:24 PM,0
2095618,,WESTLAM2,0,1730231638,1730231638,03:53:58 PM,03:53:58 PM,0
2095618,,WESTSAR2,0,1730231880,1730231880,03:58:00 PM,03:58:00 PM,0
2095618,,WESTSAR4,0,1730231939,1730231939,03:58:59 PM,03:58:59 PM,0
2095618,,WESTPLA2,0,1730232037,1730232037,04:00:37 PM,04:00:37 PM,0
2095618,,WESTHOL2,0,1730232108,1730232108,04:01:48 PM,04:01:48 PM,0
2095618,,WHARMCDO,0,1730232197,1730232197,04:03:17 PM,04:03:17 PM,0
2095618,,WHAROXF2,0,1730232300,1730232300,04:05:00 PM,04:05:00 PM,0
2095618,,WHARPAUL,0,1730232394,1730232394,04:06:34 PM,04:06:34 PM,0
2095618,,WHARLEXI,0,1730232470,1730232470,04:07:50 PM,04:07:50 PM,0
2095618,,WHARMPL2,0,1730232533,1730232533,04:08:53 PM,04:08:53 PM,0
2095618,,RIVEWHA1,0,1730232587,1730232587,04:09:47 PM,04:09:47 PM,0
2095618,,RIVEWIL1,0,1730232632,1730232632,04:10:32 PM,04:10:32 PM,0
2095618,,DUNDRIDO,0,1730232752,1730232752,04:12:32 PM,04:12:32 PM,0
2095618,,KINGTALB,0,1730232820,1730232820,04:13:40 PM,04:13:40 PM,0
2095618,,KINGRICH,0,1730232900,1730232900,04:15:00 PM,04:15:00 PM,0
2095618,,KINGRICH,0,1730232900,1730232900,04:15:00 PM,04:15:00 PM,0
2095618,,WELLDUN3,0,1730233140,1730233140,04:19:00 PM,04:19:00 PM,0
2095618,,DUNDWAT1,0,1730233140,1730233140,04:19:00 PM,04:19:00 PM,0
2095618,,DUNDCOL1,0,1730233198,1730233198,04:19:58 PM,04:19:58 PM,0
2095618,,DUNDMAI1,0,1730233288,1730233288,04:21:28 PM,04:21:28 PM,0
2095618,,DUNDWIL1,0,1730233370,1730233370,04:22:50 PM,04:22:50 PM,0
2095618,,DUNDADE1,0,1730233440,1730233440,04:24:00 PM,04:24:00 PM,0
2095618,,DUNDLYLE,0,1730233511,1730233511,04:25:11 PM,04:25:11 PM,0
2095618,,DUNDHEWI,0,1730233559,1730233559,04:25:59 PM,04:25:59 PM,0
2095618,,DUNDREC1,0,1730233608,1730233608,04:26:48 PM,04:26:48 PM,0
2095618,,DUNDONT1,0,1730233641,1730233641,04:27:21 PM,04:27:21 PM,0
2095618,,DUNDQUE1,0,1730233691,1730233691,04:28:11 PM,04:28:11 PM,0
2095618,,DUNDEGE1,,,,,,
2095618,,DUNDKELL,,,,,,
2095618,,DUNDELE1,,,,,,
2095618,,DUNDASH1,0,1730233896,1730233896,04:31:36 PM,04:31:36 PM,0
2095618,,DUNDHIG1,0,1730233980,1730233980,04:33:00 PM,04:33:00 PM,0
2095618,,DUNDHAL3,,,,,,
2095618,,HALEDOU2,,,,,,
2095618,,HALEBEAT,,,,,,
2095618,,HALEMONT,,,,,,
2095618,,HALEBRY2,,,,,,
2095618,,HALESTE2,,,,,,
2095618,,HALETRA2,,,,,,
2095618,,TRAFSTE1,0,1730234334,1730234334,04:38:54 PM,04:38:54 PM,0
2095618,,TRAFTHO1,0,1730234366,1730234366,04:39:26 PM,04:39:26 PM,0
2095618,,TRAFVAN1,0,1730234436,1730234436,04:40:36 PM,04:40:36 PM,0
2095618,,TRAFBALF,0,1730234466,1730234466,04:41:06 PM,04:41:06 PM,0
2095618,,TRAFFAL2,0,1730234508,1730234508,04:41:48 PM,04:41:48 PM,0
2095618,,TRAFCLA1,0,1730234580,1730234580,04:43:00 PM,04:43:00 PM,0
2095618,,CLARTRA1,0,1730234612,1730234612,04:43:32 PM,04:43:32 PM,0
2095618,,CLARROY1,0,1730234681,1730234681,04:44:41 PM,04:44:41 PM,0
2095618,,CLARROY3,0,1730234716,1730234716,04:45:16 PM,04:45:16 PM,0
2095618,,CLARWAV1,0,1730234743,1730234743,04:45:43 PM,04:45:43 PM,0
2095618,,CLARCHU1,0,1730234786,1730234786,04:46:26 PM,04:46:26 PM,0
2095618,,ARGYMAL1,0,1730234880,1730234880,04:48:00 PM,04:48:00 PM,0
2095618,,ARGYMAL1,0,1730235240,1730235240,04:54:00 PM,04:54:00 PM,0
2095618,,CLARCHU2,0,1730235294,1730235294,04:54:54 PM,04:54:54 PM,0
2095618,,CLARWAV2,0,1730235348,1730235348,04:55:48 PM,04:55:48 PM,0
2095618,,CLARROY2,0,1730235377,1730235377,04:56:17 PM,04:56:17 PM,0
2095618,,CLARSUD2,0,1730235441,1730235441,04:57:21 PM,04:57:21 PM,0
2095618,,MARCTRAF,0,1730235529,1730235529,04:58:49 PM,04:58:49 PM,0
2095618,,MARCNOEL,0,1730235589,1730235589,04:59:49 PM,04:59:49 PM,0
2095618,,NOELBOW,0,1730235647,1730235647,05:00:47 PM,05:00:47 PM,0
2095618,,BOWBANC,0,1730235696,1730235696,05:01:36 PM,05:01:36 PM,0
2095618,,HUDSBAFF,0,1730235726,1730235726,05:02:06 PM,05:02:06 PM,0
2095618,,HUDSFROB,0,1730235753,1730235753,05:02:33 PM,05:02:33 PM,0
2095618,,HUDSJOLI,0,1730235816,1730235816,05:03:36 PM,05:03:36 PM,0
2095618,,HUDSTRAF,0,1730235851,1730235851,05:04:11 PM,05:04:11 PM,0
2095618,,TRAFHUD2,0,1730235960,1730235960,05:06:00 PM,05:06:00 PM,0
2095657,,TRAFHUD2,0,1730235960,1730235960,05:06:00 PM,05:06:00 PM,0
2095657,,TRAFHUD4,0,1730236004,1730236004,05:06:44 PM,05:06:44 PM,0
2095657,,TRAFBANC,0,1730236042,1730236042,05:07:22 PM,05:07:22 PM,0
2095657,,TRAFMARC,0,1730236126,1730236126,05:08:46 PM,05:08:46 PM,0
2095657,,TRAFCLA2,0,1730236161,1730236161,05:09:21 PM,05:09:21 PM,0
2095657,,TRAFCLA4,0,1730236187,1730236187,05:09:47 PM,05:09:47 PM,0
2095657,,TRAFATK2,0,1730236269,1730236269,05:11:09 PM,05:11:09 PM,0
2095657,,TRAFDAWN,0,1730236303,1730236303,05:11:43 PM,05:11:43 PM,0
2095657,,TRAFVAN2,0,1730236346,1730236346,05:12:26 PM,05:12:26 PM,0
2095657,,TRAFTHO2,0,1730236428,1730236428,05:13:48 PM,05:13:48 PM,0
2095657,,TRAFSTE2,0,1730236472,1730236472,05:14:32 PM,05:14:32 PM,0
2095657,,HALESTE1,0,1730236560,1730236560,05:16:00 PM,05:16:00 PM,0
2095657,,HALEBRY1,0,1730236607,1730236607,05:16:47 PM,05:16:47 PM,0
2095657,,HALEGRAY,0,1730236646,1730236646,05:17:26 PM,05:17:26 PM,0
2095657,,HALEEAST,0,1730236679,1730236679,05:17:59 PM,05:17:59 PM,0
2095657,,HALEDOU1,,,,,,
2095657,,HALEDUND,,,,,,
2095657,,DUNDHAL4,,,,,,
2095657,,DUNDHIG2,0,1730236860,1730236860,05:21:00 PM,05:21:00 PM,0
2095657,,DUNDASH4,0,1730236951,1730236951,05:22:31 PM,05:22:31 PM,0
2095657,,DUNDMCOR,,,,,,
2095657,,DUNDDORI,,,,,,
2095657,,DUNDEGE2,,,,,,
2095657,,DUNDQUE2,0,1730237184,1730237184,05:26:24 PM,05:26:24 PM,0
2095657,,DUNDONT2,0,1730237238,1730237238,05:27:18 PM,05:27:18 PM,0
2095657,,DUNDREC2,0,1730237289,1730237289,05:28:09 PM,05:28:09 PM,0
2095657,,DUNDENGL,0,1730237343,1730237343,05:29:03 PM,05:29:03 PM,0
2095657,,DUNDELIZ,0,1730237399,1730237399,05:29:59 PM,05:29:59 PM,0
2095657,,DUNDADE2,0,1730237460,1730237460,05:31:00 PM,05:31:00 PM,0
2095657,,DUNDWIL2,0,1730237504,1730237504,05:31:44 PM,05:31:44 PM,0
2095657,,DUNDMAI2,0,1730237566,1730237566,05:32:46 PM,05:32:46 PM,0
2095657,,DUNDCOL2,0,1730237629,1730237629,05:33:49 PM,05:33:49 PM,0
2095657,,DUNDWAT2,0,1730237693,1730237693,05:34:53 PM,05:34:53 PM,0
2095657,,DUNDWEL2,0,1730237760,1730237760,05:36:00 PM,05:36:00 PM,0
2095657,,QUEECLAR,0,1730237871,1730237871,05:37:51 PM,05:37:51 PM,0
2095657,,QUEERIC1,0,1730237940,1730237940,05:39:00 PM,05:39:00 PM,0
2095657,,QUEERIC1,0,1730237940,1730237940,05:39:00 PM,05:39:00 PM,0
2095657,,QUENRIDO,0,1730238050,1730238050,05:40:50 PM,05:40:50 PM,0
2095657,,RIVEWIL2,0,1730238191,1730238191,05:43:11 PM,05:43:11 PM,0
2095657,,RIVEWHA2,0,1730238245,1730238245,05:44:05 PM,05:44:05 PM,0
2095657,,WHARMPL1,0,1730238302,1730238302,05:45:02 PM,05:45:02 PM,0
2095657,,WHARMOIR,0,1730238355,1730238355,05:45:55 PM,05:45:55 PM,0
2095657,,WHAREMPR,0,1730238435,1730238435,05:47:15 PM,05:47:15 PM,0
2095657,,WHAROXF1,0,1730238540,1730238540,05:49:00 PM,05:49:00 PM,0
2095657,,WESTESSE,0,1730238601,1730238601,05:50:01 PM,05:50:01 PM,0
2095657,,WESTHOL1,0,1730238652,1730238652,05:50:52 PM,05:50:52 PM,0
2095657,,WESTPLA1,0,1730238706,1730238706,05:51:46 PM,05:51:46 PM,0
2095657,,WESTPHA1,0,1730238780,1730238780,05:53:00 PM,05:53:00 PM,0
2095657,,WESTPHA3,0,1730238845,1730238845,05:54:05 PM,05:54:05 PM,0
2095657,,ALUMHAL1,0,1730238979,1730238979,05:56:19 PM,05:56:19 PM,0
2095657,,MIDDPERT,0,1730239144,1730239144,05:59:04 PM,05:59:04 PM,0
2095657,,NATSCI,0,1730239260,1730239260,06:01:00 PM,06:01:00 PM,0
2095587,,NATSCI,0,1730240100,1730240100,06:15:00 PM,06:15:00 PM,0
2095587,,WESTELG2,0,1730240256,1730240256,06:17:36 PM,06:17:36 PM,0
2095587,,WESTLAM2,0,1730240335,1730240335,06:18:55 PM,06:18:55 PM,0
2095587,,WESTSAR2,0,1730240460,1730240460,06:21:00 PM,06:21:00 PM,0
2095587,,WESTSAR4,0,1730240502,1730240502,06:21:42 PM,06:21:42 PM,0
2095587,,WESTPLA2,0,1730240572,1730240572,06:22:52 PM,06:22:52 PM,0
2095587,,WESTHOL2,0,1730240623,1730240623,06:23:43 PM,06:23:43 PM,0
2095587,,WHARMCDO,0,1730240686,1730240686,06:24:46 PM,06:24:46 PM,0
2095587,,WHAROXF2,0,1730240760,1730240760,06:26:00 PM,06:26:00 PM,0
2095587,,WHARPAUL,0,1730240825,1730240825,06:27:05 PM,06:27:05 PM,0
2095587,,WHARLEXI,0,1730240878,1730240878,06:27:58 PM,06:27:58 PM,0
2095587,,WHARMPL2,0,1730240922,1730240922,06:28:42 PM,06:28:42 PM,0
2095587,,RIVEWHA1,0,1730240960,1730240960,06:29:20 PM,06:29:20 PM,0
2095587,,RIVEWIL1,0,1730240991,1730240991,06:29:51 PM,06:29:51 PM,0
2095587,,DUNDRIDO,0,1730241075,1730241075,06:31:15 PM,06:31:15 PM,0
2095587,,KINGTALB,0,1730241122,1730241122,06:32:02 PM,06:32:02 PM,0
2095587,,KINGRICH,0,1730241180,1730241180,06:33:00 PM,06:33:00 PM,0
2095587,,KINGRICH,0,1730241180,1730241180,06:33:00 PM,06:33:00 PM,0
2095587,,WELLDUN3,0,1730241360,1730241360,06:36:00 PM,06:36:00 PM,0
2095587,,DUNDWAT1,0,1730241360,1730241360,06:36:00 PM,06:36:00 PM,0
2095587,,DUNDCOL1,0,1730241406,1730241406,06:36:46 PM,06:36:46 PM,0
2095587,,DUNDMAI1,0,1730241478,1730241478,06:37:58 PM,06:37:58 PM,0
2095587,,DUNDWIL1,0,1730241544,1730241544,06:39:04 PM,06:39:04 PM,0
2095587,,DUNDADE1,0,1730241600,1730241600,06:40:00 PM,06:40:00 PM,0
2095587,,DUNDLYLE,0,1730241655,1730241655,06:40:55 PM,06:40:55 PM,0
2095587,,DUNDHEWI,0,1730241692,1730241692,06:41:32 PM,06:41:32 PM,0
2095587,,DUNDREC1,0,1730241730,1730241730,06:42:10 PM,06:42:10 PM,0
2095587,,DUNDONT1,0,1730241755,1730241755,06:42:35 PM,06:42:35 PM,0
2095587,,DUNDQUE1,0,1730241794,1730241794,06:43:14 PM,06:43:14 PM,0
2095587,,DUNDEGE1,,,,,,
2095587,,DUNDKELL,,,,,,
2095587,,DUNDELE1,,,,,,
2095587,,DUNDASH1,0,1730241953,1730241953,06:45:53 PM,06:45:53 PM,0
2095587,,DUNDHIG1,0,1730242020,1730242020,06:47:00 PM,06:47:00 PM,0
2095587,,DUNDFIR1,0,1730242143,1730242143,06:49:03 PM,06:49:03 PM,0
2095587,,DUNDSASK,0,1730242201,1730242201,06:50:01 PM,06:50:01 PM,0
2095587,,DUNDMANI,0,1730242254,1730242254,06:50:54 PM,06:50:54 PM,0
2095587,,DUNDBEA1,0,1730242326,1730242326,06:52:06 PM,06:52:06 PM,0
2095587,,DUNDCLK1,0,1730242374,1730242374,06:52:54 PM,06:52:54 PM,0
2095587,,ARGYMAL1,0,1730242440,1730242440,06:54:00 PM,06:54:00 PM,0
2095587,,ARGYMAL1,0,1730242440,1730242440,06:54:00 PM,06:54:00 PM,0
2095587,,DUNDEAS3,0,1730242550,1730242550,06:55:50 PM,06:55:50 PM,0
2095587,,DUNDWAV1,0,1730242598,1730242598,06:56:38 PM,06:56:38 PM,0
2095587,,DUNDFOR1,0,1730242632,1730242632,06:57:12 PM,06:57:12 PM,0
2095587,,DUNDSPE1,0,1730242654,1730242654,06:57:34 PM,06:57:34 PM,0
2095587,,DUNDCARL,0,1730242698,1730242698,06:58:18 PM,06:58:18 PM,0
2095587,,BONADUND,0,1730242740,1730242740,06:59:00 PM,06:59:00 PM,0
2095697,,BONADUND,0,1730242920,1730242920,07:02:00 PM,07:02:00 PM,0
2095697,,BONASIMP,0,1730242959,1730242959,07:02:39 PM,07:02:39 PM,0
2095697,,BONAMORE,0,1730243010,1730243010,07:03:30 PM,07:03:30 PM,0
2095697,,ADMIBON2,0,1730243044,1730243044,07:04:04 PM,07:04:04 PM,0
2095697,,ADMIVAU3,0,1730243070,1730243070,07:04:30 PM,07:04:30 PM,0
2095697,,ADMICAR2,0,1730243095,1730243095,07:04:55 PM,07:04:55 PM,0
2095697,,CARLCAPR,0,1730243130,1730243130,07:05:30 PM,07:05:30 PM,0
2095697,,CARLSPE3,0,1730243169,1730243169,07:06:09 PM,07:06:09 PM,0
2095697,,CARLSPE1,0,1730243186,1730243186,07:06:26 PM,07:06:26 PM,0
2095697,,CARLTIFF,0,1730243216,1730243216,07:06:56 PM,07:06:56 PM,0
2095697,,DUNDSPE2,0,1730243257,1730243257,07:07:37 PM,07:07:37 PM,0
2095697,,DUNDSPE4,0,1730243282,1730243282,07:08:02 PM,07:08:02 PM,0
2095697,,DUNDFOR2,0,1730243304,1730243304,07:08:24 PM,07:08:24 PM,0
2095697,,DUNDARVI,0,1730243341,1730243341,07:09:01 PM,07:09:01 PM,0
2095697,,DUNDEAS2,0,1730243378,1730243378,07:09:38 PM,07:09:38 PM,0
2095697,,CLARWHI2,0,1730243458,1730243458,07:10:58 PM,07:10:58 PM,0
2095697,,ARGYMAL2,0,1730243520,1730243520,07:12:00 PM,07:12:00 PM,0
2095697,,ARGYMAL2,0,1730243880,1730243880,07:18:00 PM,07:18:00 PM,0
2095697,,DUNDCLK4,0,1730243954,1730243954,07:19:14 PM,07:19:14 PM,0
2095697,,DUNDBEA2,0,1730244017,1730244017,07:20:17 PM,07:20:17 PM,0
2095697,,DUNDTHR,0,1730244092,1730244092,07:21:32 PM,07:21:32 PM,0
2095697,,DUNDBUR2,,,,,,
2095697,,DUNDFIR2,,,,,,
2095697,,DUNDHAL2,,,,,,
2095697,,DUNDHAL4,,,,,,
2095697,,DUNDHIG2,0,1730244360,1730244360,07:26:00 PM,07:26:00 PM,0
2095697,,DUNDASH4,0,1730244424,1730244424,07:27:04 PM,07:27:04 PM,0
2095697,,DUNDMCOR,,,,,,
2095697,,DUNDDORI,,,,,,
2095697,,DUNDEGE2,,,,,,
2095697,,DUNDQUE2,0,1730244588,1730244588,07:29:48 PM,07:29:48 PM,0
2095697,,DUNDONT2,0,1730244626,1730244626,07:30:26 PM,07:30:26 PM,0
2095697,,DUNDREC2,0,1730244662,1730244662,07:31:02 PM,07:31:02 PM,0
2095697,,DUNDENGL,0,1730244699,1730244699,07:31:39 PM,07:31:39 PM,0
2095697,,DUNDELIZ,0,1730244738,1730244738,07:32:18 PM,07:32:18 PM,0
2095697,,DUNDADE2,0,1730244780,1730244780,07:33:00 PM,07:33:00 PM,0
2095697,,DUNDWIL2,0,1730244815,1730244815,07:33:35 PM,07:33:35 PM,0
2095697,,DUNDMAI2,0,1730244865,1730244865,07:34:25 PM,07:34:25 PM,0
2095697,,DUNDCOL2,0,1730244915,1730244915,07:35:15 PM,07:35:15 PM,0
2095697,,DUNDWAT2,0,1730244966,1730244966,07:36:06 PM,07:36:06 PM,0
2095697,,DUNDWEL2,0,1730245020,1730245020,07:37:00 PM,07:37:00 PM,0
2095697,,QUEECLAR,0,1730245131,1730245131,07:38:51 PM,07:38:51 PM,0
2095697,,QUEERIC1,0,1730245200,1730245200,07:40:00 PM,07:40:00 PM,0
2095697,,QUEERIC1,0,1730245200,1730245200,07:40:00 PM,07:40:00 PM,0
2095697,,QUENRIDO,0,1730245278,1730245278,07:41:18 PM,07:41:18 PM,0
2095697,,RIVEWIL2,0,1730245368,1730245368,07:42:48 PM,07:42:48 PM,0
2095697,,RIVEWHA2,0,1730245406,1730245406,07:43:26 PM,07:43:26 PM,0
2095697,,WHARMPL1,0,1730245447,1730245447,07:44:07 PM,07:44:07 PM,0
2095697,,WHARMOIR,0,1730245485,1730245485,07:44:45 PM,07:44:45 PM,0
2095697,,WHAREMPR,0,1730245543,1730245543,07:45:43 PM,07:45:43 PM,0
2095697,,WHAROXF1,0,1730245620,1730245620,07:47:00 PM,07:47:00 PM,0
2095697,,WESTESSE,0,1730245665,1730245665,07:47:45 PM,07:47:45 PM,0
2095697,,WESTHOL1,0,1730245703,1730245703,07:48:23 PM,07:48:23 PM,0
2095697,,WESTPLA1,0,1730245743,1730245743,07:49:03 PM,07:49:03 PM,0
2095697,,WESTPHA1,0,1730245800,1730245800,07:50:00 PM,07:50:00 PM,0
2095697,,WESTPHA3,0,1730245861,1730245861,07:51:01 PM,07:51:01 PM,0
2095697,,ALUMHAL1,0,1730245985,1730245985,07:53:05 PM,07:53:05 PM,0
2095697,,MIDDPERT,0,1730246138,1730246138,07:55:38 PM,07:55:38 PM,0
2095697,,NATSCI,0,1730246220,1730246220,07:57:00 PM,07:57:00 PM,0
2095591,,NATSCI,0,1730246820,1730246820,08:07:00 PM,08:07:00 PM,0
2095591,,WESTELG2,0,1730246976,1730246976,08:09:36 PM,08:09:36 PM,0
2095591,,WESTLAM2,0,1730247055,1730247055,08:10:55 PM,08:10:55 PM,0
2095591,,WESTSAR2,0,1730247180,1730247180,08:13:00 PM,08:13:00 PM,0
2095591,,WESTSAR4,0,1730247222,1730247222,08:13:42 PM,08:13:42 PM,0
2095591,,WESTPLA2,0,1730247292,1730247292,08:14:52 PM,08:14:52 PM,0
2095591,,WESTHOL2,0,1730247343,1730247343,08:15:43 PM,08:15:43 PM,0
2095591,,WHARMCDO,0,1730247406,1730247406,08:16:46 PM,08:16:46 PM,0
2095591,,WHAROXF2,0,1730247480,1730247480,08:18:00 PM,08:18:00 PM,0
2095591,,WHARPAUL,0,1730247545,1730247545,08:19:05 PM,08:19:05 PM,0
2095591,,WHARLEXI,0,1730247598,1730247598,08:19:58 PM,08:19:58 PM,0
2095591,,WHARMPL2,0,1730247642,1730247642,08:20:42 PM,08:20:42 PM,0
2095591,,RIVEWHA1,0,1730247680,1730247680,08:21:20 PM,08:21:20 PM,0
2095591,,RIVEWIL1,0,1730247711,1730247711,08:21:51 PM,08:21:51 PM,0
2095591,,DUNDRIDO,0,1730247795,1730247795,08:23:15 PM,08:23:15 PM,0
2095591,,KINGTALB,0,1730247842,1730247842,08:24:02 PM,08:24:02 PM,0
2095591,,KINGRICH,0,1730247900,1730247900,08:25:00 PM,08:25:00 PM,0
2095591,,KINGRICH,0,1730247900,1730247900,08:25:00 PM,08:25:00 PM,0
2095591,,WELLDUN3,0,1730248080,1730248080,08:28:00 PM,08:28:00 PM,0
2095591,,DUNDWAT1,0,1730248080,1730248080,08:28:00 PM,08:28:00 PM,0
2095591,,DUNDCOL1,0,1730248126,1730248126,08:28:46 PM,08:28:46 PM,0
2095591,,DUNDMAI1,0,1730248198,1730248198,08:29:58 PM,08:29:58 PM,0
2095591,,DUNDWIL1,0,1730248264,1730248264,08:31:04 PM,08:31:04 PM,0
2095591,,DUNDADE1,0,1730248320,1730248320,08:32:00 PM,08:32:00 PM,0
2095591,,DUNDLYLE,0,1730248375,1730248375,08:32:55 PM,08:32:55 PM,0
2095591,,DUNDHEWI,0,1730248412,1730248412,08:33:32 PM,08:33:32 PM,0
2095591,,DUNDREC1,0,1730248450,1730248450,08:34:10 PM,08:34:10 PM,0
2095591,,DUNDONT1,0,1730248475,1730248475,08:34:35 PM,08:34:35 PM,0
2095591,,DUNDQUE1,0,1730248514,1730248514,08:35:14 PM,08:35:14 PM,0
2095591,,DUNDEGE1,,,,,,
2095591,,DUNDKELL,,,,,,
2095591,,DUNDELE1,,,,,,
2095591,,DUNDASH1,0,1730248673,1730248673,08:37:53 PM,08:37:53 PM,0
2095591,,DUNDHIG1,0,1730248740,1730248740,08:39:00 PM,08:39:00 PM,0
2095591,,DUNDFIR1,0,1730248863,1730248863,08:41:03 PM,08:41:03 PM,0
2095591,,DUNDSASK,0,1730248921,1730248921,08:42:01 PM,08:42:01 PM,0
2095591,,DUNDMANI,0,1730248974,1730248974,08:42:54 PM,08:42:54 PM,0
2095591,,DUNDBEA1,0,1730249046,1730249046,08:44:06 PM,08:44:06 PM,0
2095591,,DUNDCLK1,0,1730249094,1730249094,08:44:54 PM,08:44:54 PM,0
2095591,,ARGYMAL1,0,1730249160,1730249160,08:46:00 PM,08:46:00 PM,0
2095591,,ARGYMAL1,0,1730249160,1730249160,08:46:00 PM,08:46:00 PM,0
2095591,,DUNDEAS3,0,1730249270,1730249270,08:47:50 PM,08:47:50 PM,0
2095591,,DUNDWAV1,0,1730249318,1730249318,08:48:38 PM,08:48:38 PM,0
2095591,,DUNDFOR1,0,1730249352,1730249352,08:49:12 PM,08:49:12 PM,0
2095591,,DUNDSPE1,0,1730249374,1730249374,08:49:34 PM,08:49:34 PM,0
2095591,,DUNDCARL,0,1730249418,1730249418,08:50:18 PM,08:50:18 PM,0
2095591,,BONADUND,0,1730249460,1730249460,08:51:00 PM,08:51:00 PM,0
2095701,,BONADUND,0,1730249460,1730249460,08:51:00 PM,08:51:00 PM,0
2095701,,BONASIMP,0,1730249495,1730249495,08:51:35 PM,08:51:35 PM,0
2095701,,BONAMORE,0,1730249541,1730249541,08:52:21 PM,08:52:21 PM,0
2095701,,ADMIBON2,0,1730249572,1730249572,08:52:52 PM,08:52:52 PM,0
2095701,,ADMIVAU3,0,1730249595,1730249595,08:53:15 PM,08:53:15 PM,0
2095701,,ADMICAR2,0,1730249617,1730249617,08:53:37 PM,08:53:37 PM,0
2095701,,CARLCAPR,0,1730249648,1730249648,08:54:08 PM,08:54:08 PM,0
2095701,,CARLSPE3,0,1730249683,1730249683,08:54:43 PM,08:54:43 PM,0
2095701,,CARLSPE1,0,1730249698,1730249698,08:54:58 PM,08:54:58 PM,0
2095701,,CARLTIFF,0,1730249725,1730249725,08:55:25 PM,08:55:25 PM,0
2095701,,DUNDSPE2,0,1730249762,1730249762,08:56:02 PM,08:56:02 PM,0
2095701,,DUNDSPE4,0,1730249784,1730249784,08:56:24 PM,08:56:24 PM,0
2095701,,DUNDFOR2,0,1730249804,1730249804,08:56:44 PM,08:56:44 PM,0
2095701,,DUNDARVI,0,1730249838,1730249838,08:57:18 PM,08:57:18 PM,0
2095701,,DUNDEAS2,0,1730249871,1730249871,08:57:51 PM,08:57:51 PM,0
2095701,,CLARWHI2,0,1730249943,1730249943,08:59:03 PM,08:59:03 PM,0
2095701,,ARGYMAL2,0,1730250000,1730250000,09:00:00 PM,09:00:00 PM,0
2095701,,ARGYMAL2,0,1730250600,1730250600,09:10:00 PM,09:10:00 PM,0
2095701,,DUNDCLK4,0,1730250664,1730250664,09:11:04 PM,09:11:04 PM,0
2095701,,DUNDBEA2,0,1730250719,1730250719,09:11:59 PM,09:11:59 PM,0
2095701,,DUNDTHR,0,1730250785,1730250785,09:13:05 PM,09:13:05 PM,0
2095701,,DUNDBUR2,,,,,,
2095701,,DUNDFIR2,,,,,,
2095701,,DUNDHAL2,,,,,,
2095701,,DUNDHAL4,,,,,,
2095701,,DUNDHIG2,0,1730251020,1730251020,09:17:00 PM,09:17:00 PM,0
2095701,,DUNDASH4,0,1730251075,1730251075,09:17:55 PM,09:17:55 PM,0
2095701,,DUNDMCOR,,,,,,
2095701,,DUNDDORI,,,,,,
2095701,,DUNDEGE2,,,,,,
2095701,,DUNDQUE2,0,1730251214,1730251214,09:20:14 PM,09:20:14 PM,0
2095701,,DUNDONT2,0,1730251246,1730251246,09:20:46 PM,09:20:46 PM,0
2095701,,DUNDREC2,0,1730251276,1730251276,09:21:16 PM,09:21:16 PM,0
2095701,,DUNDENGL,0,1730251308,1730251308,09:21:48 PM,09:21:48 PM,0
2095701,,DUNDELIZ,0,1730251341,1730251341,09:22:21 PM,09:22:21 PM,0
2095701,,DUNDADE2,0,1730251380,1730251380,09:23:00 PM,09:23:00 PM,0
2095701,,DUNDWIL2,0,1730251406,1730251406,09:23:26 PM,09:23:26 PM,0
2095701,,DUNDMAI2,0,1730251443,1730251443,09:24:03 PM,09:24:03 PM,0
2095701,,DUNDCOL2,0,1730251481,1730251481,09:24:41 PM,09:24:41 PM,0
2095701,,DUNDWAT2,0,1730251519,1730251519,09:25:19 PM,09:25:19 PM,0
2095701,,DUNDWEL2,0,1730251560,1730251560,09:26:00 PM,09:26:00 PM,0
2095701,,QUEECLAR,0,1730251634,1730251634,09:27:14 PM,09:27:14 PM,0
2095701,,QUEERIC1,0,1730251680,1730251680,09:28:00 PM,09:28:00 PM,0
2095701,,QUEERIC1,0,1730251680,1730251680,09:28:00 PM,09:28:00 PM,0
2095701,,QUENRIDO,0,1730251747,1730251747,09:29:07 PM,09:29:07 PM,0
2095701,,RIVEWIL2,0,1730251824,1730251824,09:30:24 PM,09:30:24 PM,0
2095701,,RIVEWHA2,0,1730251857,1730251857,09:30:57 PM,09:30:57 PM,0
2095701,,WHARMPL1,0,1730251892,1730251892,09:31:32 PM,09:31:32 PM,0
2095701,,WHARMOIR,0,1730251924,1730251924,09:32:04 PM,09:32:04 PM,0
2095701,,WHAREMPR,0,1730251973,1730251973,09:32:53 PM,09:32:53 PM,0
2095701,,WHAROXF1,0,1730252040,1730252040,09:34:00 PM,09:34:00 PM,0
2095701,,WESTESSE,0,1730252070,1730252070,09:34:30 PM,09:34:30 PM,0
2095701,,WESTHOL1,0,1730252095,1730252095,09:34:55 PM,09:34:55 PM,0
2095701,,WESTPLA1,0,1730252122,1730252122,09:35:22 PM,09:35:22 PM,0
2095701,,WESTPHA1,0,1730252160,1730252160,09:36:00 PM,09:36:00 PM,0
2095701,,WESTPHA3,0,1730252212,1730252212,09:36:52 PM,09:36:52 PM,0
2095701,,ALUMHAL1,0,1730252319,1730252319,09:38:39 PM,09:38:39 PM,0
2095701,,MIDDPERT,0,1730252450,1730252450,09:40:50 PM,09:40:50 PM,0
2095701,,NATSCI,0,1730252520,1730252520,09:42:00 PM,09:42:00 PM,0
2095629,,NATSCI,0,1730252820,1730252820,09:47:00 PM,09:47:00 PM,0
2095629,,WESTELG2,0,1730252955,1730252955,09:49:15 PM,09:49:15 PM,0
2095629,,WESTLAM2,0,1730253019,1730253019,09:50:19 PM,09:50:19 PM,0
2095629,,WESTSAR2,0,1730253120,1730253120,09:52:00 PM,09:52:00 PM,0
2095629,,WESTSAR4,0,1730253162,1730253162,09:52:42 PM,09:52:42 PM,0
2095629,,WESTPLA2,0,1730253232,1730253232,09:53:52 PM,09:53:52 PM,0
2095629,,WESTHOL2,0,1730253283,1730253283,09:54:43 PM,09:54:43 PM,0
2095629,,WHARMCDO,0,1730253346,1730253346,09:55:46 PM,09:55:46 PM,0
2095629,,WHAROXF2,0,1730253420,1730253420,09:57:00 PM,09:57:00 PM,0
2095629,,WHARPAUL,0,1730253476,1730253476,09:57:56 PM,09:57:56 PM,0
2095629,,WHARLEXI,0,1730253521,1730253521,09:58:41 PM,09:58:41 PM,0
2095629,,WHARMPL2,0,1730253559,1730253559,09:59:19 PM,09:59:19 PM,0
2095629,,RIVEWHA1,0,1730253591,1730253591,09:59:51 PM,09:59:51 PM,0
2095629,,RIVEWIL1,0,1730253618,1730253618,10:00:18 PM,10:00:18 PM,0
2095629,,DUNDRIDO,0,1730253690,1730253690,10:01:30 PM,10:01:30 PM,0
2095629,,KINGTALB,0,1730253730,1730253730,10:02:10 PM,10:02:10 PM,0
2095629,,KINGRICH,0,1730253780,1730253780,10:03:00 PM,10:03:00 PM,0
2095629,,KINGRICH,0,1730253780,1730253780,10:03:00 PM,10:03:00 PM,0
2095629,,WELLDUN3,0,1730253960,1730253960,10:06:00 PM,10:06:00 PM,0
2095629,,DUNDWAT1,0,1730253960,1730253960,10:06:00 PM,10:06:00 PM,0
2095629,,DUNDCOL1,0,1730253995,1730253995,10:06:35 PM,10:06:35 PM,0
2095629,,DUNDMAI1,0,1730254049,1730254049,10:07:29 PM,10:07:29 PM,0
2095629,,DUNDWIL1,0,1730254098,1730254098,10:08:18 PM,10:08:18 PM,0
2095629,,DUNDADE1,0,1730254140,1730254140,10:09:00 PM,10:09:00 PM,0
2095629,,DUNDLYLE,0,1730254187,1730254187,10:09:47 PM,10:09:47 PM,0
2095629,,DUNDHEWI,0,1730254219,1730254219,10:10:19 PM,10:10:19 PM,0
2095629,,DUNDREC1,0,1730254251,1730254251,10:10:51 PM,10:10:51 PM,0
2095629,,DUNDONT1,0,1730254273,1730254273,10:11:13 PM,10:11:13 PM,0
2095629,,DUNDQUE1,0,1730254306,1730254306,10:11:46 PM,10:11:46 PM,0
2095629,,DUNDEGE1,,,,,,
2095629,,DUNDKELL,,,,,,
2095629,,DUNDELE1,,,,,,
2095629,,DUNDASH1,0,1730254442,1730254442,10:14:02 PM,10:14:02 PM,0
2095629,,DUNDHIG1,0,1730254500,1730254500,10:15:00 PM,10:15:00 PM,0
2095629,,DUNDHAL3,,,,,,
2095629,,HALEDOU2,,,,,,
2095629,,HALEBEAT,,,,,,
2095629,,HALEMONT,,,,,,
2095629,,HALEBRY2,,,,,,
2095629,,HALESTE2,,,,,,
2095629,,HALETRA2,,,,,,
2095629,,TRAFSTE1,0,1730254745,1730254745,10:19:05 PM,10:19:05 PM,0
2095629,,TRAFTHO1,0,1730254767,1730254767,10:19:27 PM,10:19:27 PM,0
2095629,,TRAFVAN1,0,1730254816,1730254816,10:20:16 PM,10:20:16 PM,0
2095629,,TRAFBALF,0,1730254837,1730254837,10:20:37 PM,10:20:37 PM,0
2095629,,TRAFFAL2,0,1730254866,1730254866,10:21:06 PM,10:21:06 PM,0
2095629,,TRAFCLA1,0,1730254920,1730254920,10:22:00 PM,10:22:00 PM,0
2095629,,CLARTRA1,0,1730254945,1730254945,10:22:25 PM,10:22:25 PM,0
2095629,,CLARROY1,0,1730255000,1730255000,10:23:20 PM,10:23:20 PM,0
2095629,,CLARROY3,0,1730255028,1730255028,10:23:48 PM,10:23:48 PM,0
2095629,,CLARWAV1,0,1730255050,1730255050,10:24:10 PM,10:24:10 PM,0
2095629,,CLARCHU1,0,1730255084,1730255084,10:24:44 PM,10:24:44 PM,0
2095629,,ARGYMAL1,0,1730255160,1730255160,10:26:00 PM,10:26:00 PM,0
2095629,,ARGYMAL1,0,1730255640,1730255640,10:34:00 PM,10:34:00 PM,0
2095629,,CLARCHU2,0,1730255676,1730255676,10:34:36 PM,10:34:36 PM,0
2095629,,CLARWAV2,0,1730255712,1730255712,10:35:12 PM,10:35:12 PM,0
2095629,,CLARROY2,0,1730255731,1730255731,10:35:31 PM,10:35:31 PM,0
2095629,,CLARSUD2,0,1730255774,1730255774,10:36:14 PM,10:36:14 PM,0
2095629,,MARCTRAF,0,1730255832,1730255832,10:37:12 PM,10:37:12 PM,0
2095629,,MARCNOEL,0,1730255872,1730255872,10:37:52 PM,10:37:52 PM,0
2095629,,NOELBOW,0,1730255910,1730255910,10:38:30 PM,10:38:30 PM,0
2095629,,BOWBANC,0,1730255942,1730255942,10:39:02 PM,10:39:02 PM,0
2095629,,HUDSBAFF,0,1730255962,1730255962,10:39:22 PM,10:39:22 PM,0
2095629,,HUDSFROB,0,1730255980,1730255980,10:39:40 PM,10:39:40 PM,0
2095629,,HUDSJOLI,0,1730256022,1730256022,10:40:22 PM,10:40:22 PM,0
2095629,,HUDSTRAF,0,1730256045,1730256045,10:40:45 PM,10:40:45 PM,0
2095629,,TRAFHUD2,0,1730256120,1730256120,10:42:00 PM,10:42:00 PM,0
2095668,,TRAFHUD2,0,1730256240,1730256240,10:44:00 PM,10:44:00 PM,0
2095668,,TRAFHUD4,0,1730256266,1730256266,10:44:26 PM,10:44:26 PM,0
2095668,,TRAFBANC,0,1730256288,1730256288,10:44:48 PM,10:44:48 PM,0
2095668,,TRAFMARC,0,1730256338,1730256338,10:45:38 PM,10:45:38 PM,0
2095668,,TRAFCLA2,0,1730256359,1730256359,10:45:59 PM,10:45:59 PM,0
2095668,,TRAFCLA4,0,1730256375,1730256375,10:46:15 PM,10:46:15 PM,0
2095668,,TRAFATK2,0,1730256424,1730256424,10:47:04 PM,10:47:04 PM,0
2095668,,TRAFDAWN,0,1730256444,1730256444,10:47:24 PM,10:47:24 PM,0
2095668,,TRAFVAN2,0,1730256470,1730256470,10:47:50 PM,10:47:50 PM,0
2095668,,TRAFTHO2,0,1730256519,1730256519,10:48:39 PM,10:48:39 PM,0
2095668,,TRAFSTE2,0,1730256545,1730256545,10:49:05 PM,10:49:05 PM,0
2095668,,HALESTE1,0,1730256598,1730256598,10:49:58 PM,10:49:58 PM,0
2095668,,HALEBRY1,0,1730256626,1730256626,10:50:26 PM,10:50:26 PM,0
2095668,,HALEGRAY,0,1730256649,1730256649,10:50:49 PM,10:50:49 PM,0
2095668,,HALEEAST,0,1730256668,1730256668,10:51:08 PM,10:51:08 PM,0
2095668,,HALEDOU1,,,,,,
2095668,,HALEDUND,,,,,,
2095668,,DUNDHAL4,,,,,,
2095668,,DUNDHIG2,0,1730256780,1730256780,10:53:00 PM,10:53:00 PM,0
2095668,,DUNDASH4,0,1730256825,1730256825,10:53:45 PM,10:53:45 PM,0
2095668,,DUNDMCOR,,,,,,
2095668,,DUNDDORI,,,,,,
2095668,,DUNDEGE2,,,,,,
2095668,,DUNDQUE2,0,1730256941,1730256941,10:55:41 PM,10:55:41 PM,0
2095668,,DUNDONT2,0,1730256968,1730256968,10:56:08 PM,10:56:08 PM,0
2095668,,DUNDREC2,0,1730256993,1730256993,10:56:33 PM,10:56:33 PM,0
2095668,,DUNDENGL,0,1730257020,1730257020,10:57:00 PM,10:57:00 PM,0
2095668,,DUNDELIZ,0,1730257048,1730257048,10:57:28 PM,10:57:28 PM,0
2095668,,DUNDADE2,0,1730257080,1730257080,10:58:00 PM,10:58:00 PM,0
2095668,,DUNDWIL2,0,1730257097,1730257097,10:58:17 PM,10:58:17 PM,0
2095668,,DUNDMAI2,0,1730257122,1730257122,10:58:42 PM,10:58:42 PM,0
2095668,,DUNDCOL2,0,1730257147,1730257147,10:59:07 PM,10:59:07 PM,0
2095668,,DUNDWAT2,0,1730257172,1730257172,10:59:32 PM,10:59:32 PM,0
2095668,,DUNDWEL2,0,1730257200,1730257200,11:00:00 PM,11:00:00 PM,0
2095668,,QUEECLAR,0,1730257237,1730257237,11:00:37 PM,11:00:37 PM,0
2095668,,QUEERIC1,0,1730257260,1730257260,11:01:00 PM,11:01:00 PM,0
2095668,,QUEERIC1,0,1730257260,1730257260,11:01:00 PM,11:01:00 PM,0
2095668,,QUENRIDO,0,1730257304,1730257304,11:01:44 PM,11:01:44 PM,0
2095668,,RIVEWIL2,0,1730257360,1730257360,11:02:40 PM,11:02:40 PM,0
2095668,,RIVEWHA2,0,1730257381,1730257381,11:03:01 PM,11:03:01 PM,0
2095668,,WHARMPL1,0,1730257404,1730257404,11:03:24 PM,11:03:24 PM,0
2095668,,WHARMOIR,0,1730257425,1730257425,11:03:45 PM,11:03:45 PM,0
2095668,,WHAREMPR,0,1730257457,1730257457,11:04:17 PM,11:04:17 PM,0
2095668,,WHAROXF1,0,1730257500,1730257500,11:05:00 PM,11:05:00 PM,0
2095668,,WESTESSE,0,1730257530,1730257530,11:05:30 PM,11:05:30 PM,0
2095668,,WESTHOL1,0,1730257555,1730257555,11:05:55 PM,11:05:55 PM,0
2095668,,WESTPLA1,0,1730257582,1730257582,11:06:22 PM,11:06:22 PM,0
2095668,,WESTPHA1,0,1730257620,1730257620,11:07:00 PM,11:07:00 PM,0
2095668,,WESTPHA3,0,1730257661,1730257661,11:07:41 PM,11:07:41 PM,0
2095668,,ALUMHAL1,0,1730257744,1730257744,11:09:04 PM,11:09:04 PM,0
2095668,,MIDDPERT,0,1730257847,1730257847,11:10:47 PM,11:10:47 PM,0
2095668,,NATSCI,0,1730257920,1730257920,11:12:00 PM,11:12:00 PM,0
2095596,,NATSCI,0,1730258520,1730258520,11:22:00 PM,11:22:00 PM,0
2095596,,WESTELG2,0,1730258624,1730258624,11:23:44 PM,11:23:44 PM,0
2095596,,WESTLAM2,0,1730258677,1730258677,11:24:37 PM,11:24:37 PM,0
2095596,,WESTSAR2,0,1730258760,1730258760,11:26:00 PM,11:26:00 PM,0
2095596,,WESTSAR4,0,1730258785,1730258785,11:26:25 PM,11:26:25 PM,0
2095596,,WESTPLA2,0,1730258827,1730258827,11:27:07 PM,11:27:07 PM,0
2095596,,WESTHOL2,0,1730258857,1730258857,11:27:37 PM,11:27:37 PM,0
2095596,,WHARMCDO,0,1730258895,1730258895,11:28:15 PM,11:28:15 PM,0
2095596,,WHAROXF2,0,1730258940,1730258940,11:29:00 PM,11:29:00 PM,0
2095596,,WHARPAUL,0,1730258996,1730258996,11:29:56 PM,11:29:56 PM,0
2095596,,WHARLEXI,0,1730259041,1730259041,11:30:41 PM,11:30:41 PM,0
2095596,,WHARMPL2,0,1730259079,1730259079,11:31:19 PM,11:31:19 PM,0
2095596,,RIVEWHA1,0,1730259111,1730259111,11:31:51 PM,11:31:51 PM,0
2095596,,RIVEWIL1,0,1730259138,1730259138,11:32:18 PM,11:32:18 PM,0
2095596,,DUNDRIDO,0,1730259210,1730259210,11:33:30 PM,11:33:30 PM,0
2095596,,KINGTALB,0,1730259250,1730259250,11:34:10 PM,11:34:10 PM,0
2095596,,KINGRICH,0,1730259300,1730259300,11:35:00 PM,11:35:00 PM,0
2095596,,KINGRICH,0,1730259300,1730259300,11:35:00 PM,11:35:00 PM,0
2095596,,WELLDUN3,0,1730259420,1730259420,11:37:00 PM,11:37:00 PM,0
2095596,,DUNDWAT1,0,1730259420,1730259420,11:37:00 PM,11:37:00 PM,0
2095596,,DUNDCOL1,0,1730259443,1730259443,11:37:23 PM,11:37:23 PM,0
2095596,,DUNDMAI1,0,1730259479,1730259479,11:37:59 PM,11:37:59 PM,0
2095596,,DUNDWIL1,0,1730259512,1730259512,11:38:32 PM,11:38:32 PM,0
2095596,,DUNDADE1,0,1730259540,1730259540,11:39:00 PM,11:39:00 PM,0
2095596,,DUNDLYLE,0,1730259579,1730259579,11:39:39 PM,11:39:39 PM,0
2095596,,DUNDHEWI,0,1730259605,1730259605,11:40:05 PM,11:40:05 PM,0
2095596,,DUNDREC1,0,1730259632,1730259632,11:40:32 PM,11:40:32 PM,0
2095596,,DUNDONT1,0,1730259650,1730259650,11:40:50 PM,11:40:50 PM,0
2095596,,DUNDQUE1,0,1730259678,1730259678,11:41:18 PM,11:41:18 PM,0
2095596,,DUNDEGE1,,,,,,
2095596,,DUNDKELL,,,,,,
2095596,,DUNDELE1,,,,,,
2095596,,DUNDASH1,0,1730259791,1730259791,11:43:11 PM,11:43:11 PM,0
2095596,,DUNDHIG1,0,1730259840,1730259840,11:44:00 PM,11:44:00 PM,0
2095596,,DUNDFIR1,0,1730259945,1730259945,11:45:45 PM,11:45:45 PM,0
2095596,,DUNDSASK,0,1730259995,1730259995,11:46:35 PM,11:46:35 PM,0
2095596,,DUNDMANI,0,1730260040,1730260040,11:47:20 PM,11:47:20 PM,0
2095596,,DUNDBEA1,0,1730260101,1730260101,11:48:21 PM,11:48:21 PM,0
2095596,,DUNDCLK1,0,1730260142,1730260142,11:49:02 PM,11:49:02 PM,0
2095596,,ARGYMAL1,0,1730260200,1730260200,11:50:00 PM,11:50:00 PM,0
2095596,,ARGYMAL1,0,1730260200,1730260200,11:50:00 PM,11:50:00 PM,0
2095596,,DUNDEAS3,0,1730260288,1730260288,11:51:28 PM,11:51:28 PM,0
2095596,,DUNDWAV1,0,1730260326,1730260326,11:52:06 PM,11:52:06 PM,0
2095596,,DUNDFOR1,0,1730260353,1730260353,11:52:33 PM,11:52:33 PM,0
2095596,,DUNDSPE1,0,1730260370,1730260370,11:52:50 PM,11:52:50 PM,0
2095596,,DUNDCARL,0,1730260405,1730260405,11:53:25 PM,11:53:25 PM,0
2095596,,BONADUND,0,1730260440,1730260440,11:54:00 PM,11:54:00 PM,0
2095619,,NATSCI,0,1730232960,1730232960,04:16:00 PM,04:16:00 PM,0
2095619,,WESTELG2,0,1730233284,1730233284,04:21:24 PM,04:21:24 PM,0
2095619,,WESTLAM2,0,1730233438,1730233438,04:23:58 PM,04:23:58 PM,0
2095619,,WESTSAR2,0,1730233680,1730233680,04:28:00 PM,04:28:00 PM,0
2095619,,WESTSAR4,0,1730233739,1730233739,04:28:59 PM,04:28:59 PM,0
2095619,,WESTPLA2,0,1730233837,1730233837,04:30:37 PM,04:30:37 PM,0
2095619,,WESTHOL2,0,1730233908,1730233908,04:31:48 PM,04:31:48 PM,0
2095619,,WHARMCDO,0,1730233997,1730233997,04:33:17 PM,04:33:17 PM,0
2095619,,WHAROXF2,0,1730234100,1730234100,04:35:00 PM,04:35:00 PM,0
2095619,,WHARPAUL,0,1730234194,1730234194,04:36:34 PM,04:36:34 PM,0
2095619,,WHARLEXI,0,1730234270,1730234270,04:37:50 PM,04:37:50 PM,0
2095619,,WHARMPL2,0,1730234333,1730234333,04:38:53 PM,04:38:53 PM,0
2095619,,RIVEWHA1,0,1730234387,1730234387,04:39:47 PM,04:39:47 PM,0
2095619,,RIVEWIL1,0,1730234432,1730234432,04:40:32 PM,04:40:32 PM,0
2095619,,DUNDRIDO,0,1730234552,1730234552,04:42:32 PM,04:42:32 PM,0
2095619,,KINGTALB,0,1730234620,1730234620,04:43:40 PM,04:43:40 PM,0
2095619,,KINGRICH,0,1730234700,1730234700,04:45:00 PM,04:45:00 PM,0
2095619,,KINGRICH,0,1730234700,1730234700,04:45:00 PM,04:45:00 PM,0
2095619,,WELLDUN3,0,1730234940,1730234940,04:49:00 PM,04:49:00 PM,0
2095619,,DUNDWAT1,0,1730234940,1730234940,04:49:00 PM,04:49:00 PM,0
2095619,,DUNDCOL1,0,1730234998,1730234998,04:49:58 PM,04:49:58 PM,0
2095619,,DUNDMAI1,0,1730235088,1730235088,04:51:28 PM,04:51:28 PM,0
2095619,,DUNDWIL1,0,1730235170,1730235170,04:52:50 PM,04:52:50 PM,0
2095619,,DUNDADE1,0,1730235240,1730235240,04:54:00 PM,04:54:00 PM,0
2095619,,DUNDLYLE,0,1730235311,1730235311,04:55:11 PM,04:55:11 PM,0
2095619,,DUNDHEWI,0,1730235359,1730235359,04:55:59 PM,04:55:59 PM,0
2095619,,DUNDREC1,0,1730235408,1730235408,04:56:48 PM,04:56:48 PM,0
2095619,,DUNDONT1,0,1730235441,1730235441,04:57:21 PM,04:57:21 PM,0
2095619,,DUNDQUE1,0,1730235491,1730235491,04:58:11 PM,04:58:11 PM,0
2095619,,DUNDEGE1,,,,,,
2095619,,DUNDKELL,,,,,,
2095619,,DUNDELE1,,,,,,
2095619,,DUNDASH1,0,1730235696,1730235696,05:01:36 PM,05:01:36 PM,0
2095619,,DUNDHIG1,0,1730235780,1730235780,05:03:00 PM,05:03:00 PM,0
2095619,,DUNDHAL3,,,,,,
2095619,,HALEDOU2,,,,,,
2095619,,HALEBEAT,,,,,,
2095619,,HALEMONT,,,,,,
2095619,,HALEBRY2,,,,,,
2095619,,HALESTE2,,,,,,
2095619,,HALETRA2,,,,,,
2095619,,TRAFSTE1,0,1730236134,1730236134,05:08:54 PM,05:08:54 PM,0
2095619,,TRAFTHO1,0,1730236166,1730236166,05:09:26 PM,05:09:26 PM,0
2095619,,TRAFVAN1,0,1730236236,1730236236,05:10:36 PM,05:10:36 PM,0
2095619,,TRAFBALF,0,1730236266,1730236266,05:11:06 PM,05:11:06 PM,0
2095619,,TRAFFAL2,0,1730236308,1730236308,05:11:48 PM,05:11:48 PM,0
2095619,,TRAFCLA1,0,1730236380,1730236380,05:13:00 PM,05:13:00 PM,0
2095619,,CLARTRA1,0,1730236412,1730236412,05:13:32 PM,05:13:32 PM,0
2095619,,CLARROY1,0,1730236481,1730236481,05:14:41 PM,05:14:41 PM,0
2095619,,CLARROY3,0,1730236516,1730236516,05:15:16 PM,05:15:16 PM,0
2095619,,CLARWAV1,0,1730236543,1730236543,05:15:43 PM,05:15:43 PM,0
2095619,,CLARCHU1,0,1730236586,1730236586,05:16:26 PM,05:16:26 PM,0
2095619,,ARGYMAL1,0,1730236680,1730236680,05:18:00 PM,05:18:00 PM,0
2095619,,ARGYMAL1,0,1730237040,1730237040,05:24:00 PM,05:24:00 PM,0
2095619,,CLARCHU2,0,1730237094,1730237094,05:24:54 PM,05:24:54 PM,0
2095619,,CLARWAV2,0,1730237148,1730237148,05:25:48 PM,05:25:48 PM,0
2095619,,CLARROY2,0,1730237177,1730237177,05:26:17 PM,05:26:17 PM,0
2095619,,CLARSUD2,0,1730237241,1730237241,05:27:21 PM,05:27:21 PM,0
2095619,,MARCTRAF,0,1730237329,1730237329,05:28:49 PM,05:28:49 PM,0
2095619,,MARCNOEL,0,1730237389,1730237389,05:29:49 PM,05:29:49 PM,0
2095619,,NOELBOW,0,1730237447,1730237447,05:30:47 PM,05:30:47 PM,0
2095619,,BOWBANC,0,1730237496,1730237496,05:31:36 PM,05:31:36 PM,0
2095619,,HUDSBAFF,0,1730237526,1730237526,05:32:06 PM,05:32:06 PM,0
2095619,,HUDSFROB,0,1730237553,1730237553,05:32:33 PM,05:32:33 PM,0
2095619,,HUDSJOLI,0,1730237616,1730237616,05:33:36 PM,05:33:36 PM,0
2095619,,HUDSTRAF,0,1730237651,1730237651,05:34:11 PM,05:34:11 PM,0
2095619,,TRAFHUD2,0,1730237760,1730237760,05:36:00 PM,05:36:00 PM,0
2095658,,TRAFHUD2,0,1730237760,1730237760,05:36:00 PM,05:36:00 PM,0
2095658,,TRAFHUD4,0,1730237795,1730237795,05:36:35 PM,05:36:35 PM,0
2095658,,TRAFBANC,0,1730237825,1730237825,05:37:05 PM,05:37:05 PM,0
2095658,,TRAFMARC,0,1730237892,1730237892,05:38:12 PM,05:38:12 PM,0
2095658,,TRAFCLA2,0,1730237920,1730237920,05:38:40 PM,05:38:40 PM,0
2095658,,TRAFCLA4,0,1730237941,1730237941,05:39:01 PM,05:39:01 PM,0
2095658,,TRAFATK2,0,1730238007,1730238007,05:40:07 PM,05:40:07 PM,0
2095658,,TRAFDAWN,0,1730238034,1730238034,05:40:34 PM,05:40:34 PM,0
2095658,,TRAFVAN2,0,1730238069,1730238069,05:41:09 PM,05:41:09 PM,0
2095658,,TRAFTHO2,0,1730238134,1730238134,05:42:14 PM,05:42:14 PM,0
2095658,,TRAFSTE2,0,1730238169,1730238169,05:42:49 PM,05:42:49 PM,0
2095658,,HALESTE1,0,1730238240,1730238240,05:44:00 PM,05:44:00 PM,0
2095658,,HALEBRY1,0,1730238278,1730238278,05:44:38 PM,05:44:38 PM,0
2095658,,HALEGRAY,0,1730238309,1730238309,05:45:09 PM,05:45:09 PM,0
2095658,,HALEEAST,0,1730238335,1730238335,05:45:35 PM,05:45:35 PM,0
2095658,,HALEDOU1,,,,,,
2095658,,HALEDUND,,,,,,
2095658,,DUNDHAL4,,,,,,
2095658,,DUNDHIG2,0,1730238480,1730238480,05:48:00 PM,05:48:00 PM,0
2095658,,DUNDASH4,0,1730238544,1730238544,05:49:04 PM,05:49:04 PM,0
2095658,,DUNDMCOR,,,,,,
2095658,,DUNDDORI,,,,,,
2095658,,DUNDEGE2,,,,,,
2095658,,DUNDQUE2,0,1730238708,1730238708,05:51:48 PM,05:51:48 PM,0
2095658,,DUNDONT2,0,1730238746,1730238746,05:52:26 PM,05:52:26 PM,0
2095658,,DUNDREC2,0,1730238782,1730238782,05:53:02 PM,05:53:02 PM,0
2095658,,DUNDENGL,0,1730238819,1730238819,05:53:39 PM,05:53:39 PM,0
2095658,,DUNDELIZ,0,1730238858,1730238858,05:54:18 PM,05:54:18 PM,0
2095658,,DUNDADE2,0,1730238900,1730238900,05:55:00 PM,05:55:00 PM,0
2095658,,DUNDWIL2,0,1730238935,1730238935,05:55:35 PM,05:55:35 PM,0
2095658,,DUNDMAI2,0,1730238985,1730238985,05:56:25 PM,05:56:25 PM,0
2095658,,DUNDCOL2,0,1730239035,1730239035,05:57:15 PM,05:57:15 PM,0
2095658,,DUNDWAT2,0,1730239086,1730239086,05:58:06 PM,05:58:06 PM,0
2095658,,DUNDWEL2,0,1730239140,1730239140,05:59:00 PM,05:59:00 PM,0
2095658,,QUEECLAR,0,1730239251,1730239251,06:00:51 PM,06:00:51 PM,0
2095658,,QUEERIC1,0,1730239320,1730239320,06:02:00 PM,06:02:00 PM,0
2095658,,QUEERIC1,0,1730239320,1730239320,06:02:00 PM,06:02:00 PM,0
2095658,,QUENRIDO,0,1730239397,1730239397,06:03:17 PM,06:03:17 PM,0
2095658,,RIVEWIL2,0,1730239496,1730239496,06:04:56 PM,06:04:56 PM,0
2095658,,RIVEWHA2,0,1730239533,1730239533,06:05:33 PM,06:05:33 PM,0
2095658,,WHARMPL1,0,1730239573,1730239573,06:06:13 PM,06:06:13 PM,0
2095658,,WHARMOIR,0,1730239610,1730239610,06:06:50 PM,06:06:50 PM,0
2095658,,WHAREMPR,0,1730239666,1730239666,06:07:46 PM,06:07:46 PM,0
2095658,,WHAROXF1,0,1730239740,1730239740,06:09:00 PM,06:09:00 PM,0
2095658,,WESTESSE,0,1730239785,1730239785,06:09:45 PM,06:09:45 PM,0
2095658,,WESTHOL1,0,1730239823,1730239823,06:10:23 PM,06:10:23 PM,0
2095658,,WESTPLA1,0,1730239863,1730239863,06:11:03 PM,06:11:03 PM,0
2095658,,WESTPHA1,0,1730239920,1730239920,06:12:00 PM,06:12:00 PM,0
2095658,,WESTPHA3,0,1730239977,1730239977,06:12:57 PM,06:12:57 PM,0
2095658,,ALUMHAL1,0,1730240094,1730240094,06:14:54 PM,06:14:54 PM,0
2095658,,MIDDPERT,0,1730240238,1730240238,06:17:18 PM,06:17:18 PM,0
2095658,,NATSCI,0,1730240340,1730240340,06:19:00 PM,06:19:00 PM,0
2095583,,NATSCI,0,1730232060,1730232060,04:01:00 PM,04:01:00 PM,0
2095583,,WESTELG2,0,1730232372,1730232372,04:06:12 PM,04:06:12 PM,0
2095583,,WESTLAM2,0,1730232531,1730232531,04:08:51 PM,04:08:51 PM,0
2095583,,WESTSAR2,0,1730232780,1730232780,04:13:00 PM,04:13:00 PM,0
2095583,,WESTSAR4,0,1730232839,1730232839,04:13:59 PM,04:13:59 PM,0
2095583,,WESTPLA2,0,1730232937,1730232937,04:15:37 PM,04:15:37 PM,0
2095583,,WESTHOL2,0,1730233008,1730233008,04:16:48 PM,04:16:48 PM,0
2095583,,WHARMCDO,0,1730233097,1730233097,04:18:17 PM,04:18:17 PM,0
2095583,,WHAROXF2,0,1730233200,1730233200,04:20:00 PM,04:20:00 PM,0
2095583,,WHARPAUL,0,1730233294,1730233294,04:21:34 PM,04:21:34 PM,0
2095583,,WHARLEXI,0,1730233370,1730233370,04:22:50 PM,04:22:50 PM,0
2095583,,WHARMPL2,0,1730233433,1730233433,04:23:53 PM,04:23:53 PM,0
2095583,,RIVEWHA1,0,1730233487,1730233487,04:24:47 PM,04:24:47 PM,0
2095583,,RIVEWIL1,0,1730233532,1730233532,04:25:32 PM,04:25:32 PM,0
2095583,,DUNDRIDO,0,1730233652,1730233652,04:27:32 PM,04:27:32 PM,0
2095583,,KINGTALB,0,1730233720,1730233720,04:28:40 PM,04:28:40 PM,0
2095583,,KINGRICH,0,1730233800,1730233800,04:30:00 PM,04:30:00 PM,0
2095583,,KINGRICH,0,1730233800,1730233800,04:30:00 PM,04:30:00 PM,0
2095583,,WELLDUN3,0,1730234040,1730234040,04:34:00 PM,04:34:00 PM,0
2095583,,DUNDWAT1,0,1730234040,1730234040,04:34:00 PM,04:34:00 PM,0
2095583,,DUNDCOL1,0,1730234098,1730234098,04:34:58 PM,04:34:58 PM,0
2095583,,DUNDMAI1,0,1730234188,1730234188,04:36:28 PM,04:36:28 PM,0
2095583,,DUNDWIL1,0,1730234270,1730234270,04:37:50 PM,04:37:50 PM,0
2095583,,DUNDADE1,0,1730234340,1730234340,04:39:00 PM,04:39:00 PM,0
2095583,,DUNDLYLE,0,1730234411,1730234411,04:40:11 PM,04:40:11 PM,0
2095583,,DUNDHEWI,0,1730234459,1730234459,04:40:59 PM,04:40:59 PM,0
2095583,,DUNDREC1,0,1730234508,1730234508,04:41:48 PM,04:41:48 PM,0
2095583,,DUNDONT1,0,1730234541,1730234541,04:42:21 PM,04:42:21 PM,0
2095583,,DUNDQUE1,0,1730234591,1730234591,04:43:11 PM,04:43:11 PM,0
2095583,,DUNDEGE1,,,,,,
2095583,,DUNDKELL,,,,,,
2095583,,DUNDELE1,,,,,,
2095583,,DUNDASH1,0,1730234796,1730234796,04:46:36 PM,04:46:36 PM,0
2095583,,DUNDHIG1,0,1730234880,1730234880,04:48:00 PM,04:48:00 PM,0
2095583,,DUNDFIR1,0,1730235038,1730235038,04:50:38 PM,04:50:38 PM,0
2095583,,DUNDSASK,0,1730235113,1730235113,04:51:53 PM,04:51:53 PM,0
2095583,,DUNDMANI,0,1730235181,1730235181,04:53:01 PM,04:53:01 PM,0
2095583,,DUNDBEA1,0,1730235273,1730235273,04:54:33 PM,04:54:33 PM,0
2095583,,DUNDCLK1,0,1730235335,1730235335,04:55:35 PM,04:55:35 PM,0
2095583,,ARGYMAL1,0,1730235420,1730235420,04:57:00 PM,04:57:00 PM,0
2095583,,ARGYMAL1,0,1730235420,1730235420,04:57:00 PM,04:57:00 PM,0
2095583,,DUNDEAS3,0,1730235552,1730235552,04:59:12 PM,04:59:12 PM,0
2095583,,DUNDWAV1,0,1730235609,1730235609,05:00:09 PM,05:00:09 PM,0
2095583,,DUNDFOR1,0,1730235650,1730235650,05:00:50 PM,05:00:50 PM,0
2095583,,DUNDSPE1,0,1730235676,1730235676,05:01:16 PM,05:01:16 PM,0
2095583,,DUNDCARL,0,1730235729,1730235729,05:02:09 PM,05:02:09 PM,0
2095583,,BONADUND,0,1730235780,1730235780,05:03:00 PM,05:03:00 PM,0
2095693,,BONADUND,0,1730235780,1730235780,05:03:00 PM,05:03:00 PM,0
2095693,,BONASIMP,0,1730235831,1730235831,05:03:51 PM,05:03:51 PM,0
2095693,,BONAMORE,0,1730235897,1730235897,05:04:57 PM,05:04:57 PM,0
2095693,,ADMIBON2,0,1730235942,1730235942,05:05:42 PM,05:05:42 PM,0
2095693,,ADMIVAU3,0,1730235975,1730235975,05:06:15 PM,05:06:15 PM,0
2095693,,ADMICAR2,0,1730236008,1730236008,05:06:48 PM,05:06:48 PM,0
2095693,,CARLCAPR,0,1730236054,1730236054,05:07:34 PM,05:07:34 PM,0
2095693,,CARLSPE3,0,1730236105,1730236105,05:08:25 PM,05:08:25 PM,0
2095693,,CARLSPE1,0,1730236127,1730236127,05:08:47 PM,05:08:47 PM,0
2095693,,CARLTIFF,0,1730236167,1730236167,05:09:27 PM,05:09:27 PM,0
2095693,,DUNDSPE2,0,1730236220,1730236220,05:10:20 PM,05:10:20 PM,0
2095693,,DUNDSPE4,0,1730236253,1730236253,05:10:53 PM,05:10:53 PM,0
2095693,,DUNDFOR2,0,1730236282,1730236282,05:11:22 PM,05:11:22 PM,0
2095693,,DUNDARVI,0,1730236331,1730236331,05:12:11 PM,05:12:11 PM,0
2095693,,DUNDEAS2,0,1730236379,1730236379,05:12:59 PM,05:12:59 PM,0
2095693,,CLARWHI2,0,1730236484,1730236484,05:14:44 PM,05:14:44 PM,0
2095693,,ARGYMAL2,0,1730236560,1730236560,05:16:00 PM,05:16:00 PM,0
2095693,,ARGYMAL2,0,1730237040,1730237040,05:24:00 PM,05:24:00 PM,0
2095693,,DUNDCLK4,0,1730237141,1730237141,05:25:41 PM,05:25:41 PM,0
2095693,,DUNDBEA2,0,1730237227,1730237227,05:27:07 PM,05:27:07 PM,0
2095693,,DUNDTHR,0,1730237331,1730237331,05:28:51 PM,05:28:51 PM,0
2095693,,DUNDBUR2,,,,,,
2095693,,DUNDFIR2,,,,,,
2095693,,DUNDHAL2,,,,,,
2095693,,DUNDHAL4,,,,,,
2095693,,DUNDHIG2,0,1730237700,1730237700,05:35:00 PM,05:35:00 PM,0
2095693,,DUNDASH4,0,1730237791,1730237791,05:36:31 PM,05:36:31 PM,0
2095693,,DUNDMCOR,,,,,,
2095693,,DUNDDORI,,,,,,
2095693,,DUNDEGE2,,,,,,
2095693,,DUNDQUE2,0,1730238024,1730238024,05:40:24 PM,05:40:24 PM,0
2095693,,DUNDONT2,0,1730238078,1730238078,05:41:18 PM,05:41:18 PM,0
2095693,,DUNDREC2,0,1730238129,1730238129,05:42:09 PM,05:42:09 PM,0
2095693,,DUNDENGL,0,1730238183,1730238183,05:43:03 PM,05:43:03 PM,0
2095693,,DUNDELIZ,0,1730238239,1730238239,05:43:59 PM,05:43:59 PM,0
2095693,,DUNDADE2,0,1730238300,1730238300,05:45:00 PM,05:45:00 PM,0
2095693,,DUNDWIL2,0,1730238344,1730238344,05:45:44 PM,05:45:44 PM,0
2095693,,DUNDMAI2,0,1730238406,1730238406,05:46:46 PM,05:46:46 PM,0
2095693,,DUNDCOL2,0,1730238469,1730238469,05:47:49 PM,05:47:49 PM,0
2095693,,DUNDWAT2,0,1730238533,1730238533,05:48:53 PM,05:48:53 PM,0
2095693,,DUNDWEL2,0,1730238600,1730238600,05:50:00 PM,05:50:00 PM,0
2095693,,QUEECLAR,0,1730238711,1730238711,05:51:51 PM,05:51:51 PM,0
2095693,,QUEERIC1,0,1730238780,1730238780,05:53:00 PM,05:53:00 PM,0
2095693,,QUEERIC1,0,1730238780,1730238780,05:53:00 PM,05:53:00 PM,0
2095693,,QUENRIDO,0,1730238892,1730238892,05:54:52 PM,05:54:52 PM,0
2095693,,RIVEWIL2,0,1730239021,1730239021,05:57:01 PM,05:57:01 PM,0
2095693,,RIVEWHA2,0,1730239076,1730239076,05:57:56 PM,05:57:56 PM,0
2095693,,WHARMPL1,0,1730239135,1730239135,05:58:55 PM,05:58:55 PM,0
2095693,,WHARMOIR,0,1730239189,1730239189,05:59:49 PM,05:59:49 PM,0
2095693,,WHAREMPR,0,1730239271,1730239271,06:01:11 PM,06:01:11 PM,0
2095693,,WHAROXF1,0,1730239380,1730239380,06:03:00 PM,06:03:00 PM,0
2095693,,WESTESSE,0,1730239441,1730239441,06:04:01 PM,06:04:01 PM,0
2095693,,WESTHOL1,0,1730239492,1730239492,06:04:52 PM,06:04:52 PM,0
2095693,,WESTPLA1,0,1730239546,1730239546,06:05:46 PM,06:05:46 PM,0
2095693,,WESTPHA1,0,1730239620,1730239620,06:07:00 PM,06:07:00 PM,0
2095693,,WESTPHA3,0,1730239690,1730239690,06:08:10 PM,06:08:10 PM,0
2095693,,ALUMHAL1,0,1730239832,1730239832,06:10:32 PM,06:10:32 PM,0
2095693,,MIDDPERT,0,1730240007,1730240007,06:13:27 PM,06:13:27 PM,0
2095693,,NATSCI,0,1730240100,1730240100,06:15:00 PM,06:15:00 PM,0
2095623,,NATSCI,0,1730240820,1730240820,06:27:00 PM,06:27:00 PM,0
2095623,,WESTELG2,0,1730240982,1730240982,06:29:42 PM,06:29:42 PM,0
2095623,,WESTLAM2,0,1730241059,1730241059,06:30:59 PM,06:30:59 PM,0
2095623,,WESTSAR2,0,1730241180,1730241180,06:33:00 PM,06:33:00 PM,0
2095623,,WESTSAR4,0,1730241222,1730241222,06:33:42 PM,06:33:42 PM,0
2095623,,WESTPLA2,0,1730241292,1730241292,06:34:52 PM,06:34:52 PM,0
2095623,,WESTHOL2,0,1730241343,1730241343,06:35:43 PM,06:35:43 PM,0
2095623,,WHARMCDO,0,1730241406,1730241406,06:36:46 PM,06:36:46 PM,0
2095623,,WHAROXF2,0,1730241480,1730241480,06:38:00 PM,06:38:00 PM,0
2095623,,WHARPAUL,0,1730241545,1730241545,06:39:05 PM,06:39:05 PM,0
2095623,,WHARLEXI,0,1730241598,1730241598,06:39:58 PM,06:39:58 PM,0
2095623,,WHARMPL2,0,1730241642,1730241642,06:40:42 PM,06:40:42 PM,0
2095623,,RIVEWHA1,0,1730241680,1730241680,06:41:20 PM,06:41:20 PM,0
2095623,,RIVEWIL1,0,1730241711,1730241711,06:41:51 PM,06:41:51 PM,0
2095623,,DUNDRIDO,0,1730241795,1730241795,06:43:15 PM,06:43:15 PM,0
2095623,,KINGTALB,0,1730241842,1730241842,06:44:02 PM,06:44:02 PM,0
2095623,,KINGRICH,0,1730241900,1730241900,06:45:00 PM,06:45:00 PM,0
2095623,,KINGRICH,0,1730241900,1730241900,06:45:00 PM,06:45:00 PM,0
2095623,,WELLDUN3,0,1730242080,1730242080,06:48:00 PM,06:48:00 PM,0
2095623,,DUNDWAT1,0,1730242080,1730242080,06:48:00 PM,06:48:00 PM,0
2095623,,DUNDCOL1,0,1730242126,1730242126,06:48:46 PM,06:48:46 PM,0
2095623,,DUNDMAI1,0,1730242198,1730242198,06:49:58 PM,06:49:58 PM,0
2095623,,DUNDWIL1,0,1730242264,1730242264,06:51:04 PM,06:51:04 PM,0
2095623,,DUNDADE1,0,1730242320,1730242320,06:52:00 PM,06:52:00 PM,0
2095623,,DUNDLYLE,0,1730242375,1730242375,06:52:55 PM,06:52:55 PM,0
2095623,,DUNDHEWI,0,1730242412,1730242412,06:53:32 PM,06:53:32 PM,0
2095623,,DUNDREC1,0,1730242450,1730242450,06:54:10 PM,06:54:10 PM,0
2095623,,DUNDONT1,0,1730242475,1730242475,06:54:35 PM,06:54:35 PM,0
2095623,,DUNDQUE1,0,1730242514,1730242514,06:55:14 PM,06:55:14 PM,0
2095623,,DUNDEGE1,,,,,,
2095623,,DUNDKELL,,,,,,
2095623,,DUNDELE1,,,,,,
2095623,,DUNDASH1,0,1730242673,1730242673,06:57:53 PM,06:57:53 PM,0
2095623,,DUNDHIG1,0,1730242740,1730242740,06:59:00 PM,06:59:00 PM,0
2095623,,DUNDHAL3,,,,,,
2095623,,HALEDOU2,,,,,,
2095623,,HALEBEAT,,,,,,
2095623,,HALEMONT,,,,,,
2095623,,HALEBRY2,,,,,,
2095623,,HALESTE2,,,,,,
2095623,,HALETRA2,,,,,,
2095623,,TRAFSTE1,0,1730243022,1730243022,07:03:42 PM,07:03:42 PM,0
2095623,,TRAFTHO1,0,1730243047,1730243047,07:04:07 PM,07:04:07 PM,0
2095623,,TRAFVAN1,0,1730243103,1730243103,07:05:03 PM,07:05:03 PM,0
2095623,,TRAFBALF,0,1730243127,1730243127,07:05:27 PM,07:05:27 PM,0
2095623,,TRAFFAL2,0,1730243161,1730243161,07:06:01 PM,07:06:01 PM,0
2095623,,TRAFCLA1,0,1730243220,1730243220,07:07:00 PM,07:07:00 PM,0
2095623,,CLARTRA1,0,1730243245,1730243245,07:07:25 PM,07:07:25 PM,0
2095623,,CLARROY1,0,1730243300,1730243300,07:08:20 PM,07:08:20 PM,0
2095623,,CLARROY3,0,1730243328,1730243328,07:08:48 PM,07:08:48 PM,0
2095623,,CLARWAV1,0,1730243350,1730243350,07:09:10 PM,07:09:10 PM,0
2095623,,CLARCHU1,0,1730243384,1730243384,07:09:44 PM,07:09:44 PM,0
2095623,,ARGYMAL1,0,1730243460,1730243460,07:11:00 PM,07:11:00 PM,0
2095623,,ARGYMAL1,0,1730243700,1730243700,07:15:00 PM,07:15:00 PM,0
2095623,,CLARCHU2,0,1730243740,1730243740,07:15:40 PM,07:15:40 PM,0
2095623,,CLARWAV2,0,1730243780,1730243780,07:16:20 PM,07:16:20 PM,0
2095623,,CLARROY2,0,1730243801,1730243801,07:16:41 PM,07:16:41 PM,0
2095623,,CLARSUD2,0,1730243849,1730243849,07:17:29 PM,07:17:29 PM,0
2095623,,MARCTRAF,0,1730243915,1730243915,07:18:35 PM,07:18:35 PM,0
2095623,,MARCNOEL,0,1730243960,1730243960,07:19:20 PM,07:19:20 PM,0
2095623,,NOELBOW,0,1730244003,1730244003,07:20:03 PM,07:20:03 PM,0
2095623,,BOWBANC,0,1730244039,1730244039,07:20:39 PM,07:20:39 PM,0
2095623,,HUDSBAFF,0,1730244061,1730244061,07:21:01 PM,07:21:01 PM,0
2095623,,HUDSFROB,0,1730244081,1730244081,07:21:21 PM,07:21:21 PM,0
2095623,,HUDSJOLI,0,1730244128,1730244128,07:22:08 PM,07:22:08 PM,0
2095623,,HUDSTRAF,0,1730244154,1730244154,07:22:34 PM,07:22:34 PM,0
2095623,,TRAFHUD2,0,1730244240,1730244240,07:24:00 PM,07:24:00 PM,0
2095582,,NATSCI,0,1730230260,1730230260,03:31:00 PM,03:31:00 PM,0
2095582,,WESTELG2,0,1730230572,1730230572,03:36:12 PM,03:36:12 PM,0
2095582,,WESTLAM2,0,1730230731,1730230731,03:38:51 PM,03:38:51 PM,0
2095582,,WESTSAR2,0,1730230980,1730230980,03:43:00 PM,03:43:00 PM,0
2095582,,WESTSAR4,0,1730231039,1730231039,03:43:59 PM,03:43:59 PM,0
2095582,,WESTPLA2,0,1730231137,1730231137,03:45:37 PM,03:45:37 PM,0
2095582,,WESTHOL2,0,1730231208,1730231208,03:46:48 PM,03:46:48 PM,0
2095582,,WHARMCDO,0,1730231297,1730231297,03:48:17 PM,03:48:17 PM,0
2095582,,WHAROXF2,0,1730231400,1730231400,03:50:00 PM,03:50:00 PM,0
2095582,,WHARPAUL,0,1730231494,1730231494,03:51:34 PM,03:51:34 PM,0
2095582,,WHARLEXI,0,1730231570,1730231570,03:52:50 PM,03:52:50 PM,0
2095582,,WHARMPL2,0,1730231633,1730231633,03:53:53 PM,03:53:53 PM,0
2095582,,RIVEWHA1,0,1730231687,1730231687,03:54:47 PM,03:54:47 PM,0
2095582,,RIVEWIL1,0,1730231732,1730231732,03:55:32 PM,03:55:32 PM,0
2095582,,DUNDRIDO,0,1730231852,1730231852,03:57:32 PM,03:57:32 PM,0
2095582,,KINGTALB,0,1730231920,1730231920,03:58:40 PM,03:58:40 PM,0
2095582,,KINGRICH,0,1730232000,1730232000,04:00:00 PM,04:00:00 PM,0
2095582,,KINGRICH,0,1730232000,1730232000,04:00:00 PM,04:00:00 PM,0
2095582,,WELLDUN3,0,1730232240,1730232240,04:04:00 PM,04:04:00 PM,0
2095582,,DUNDWAT1,0,1730232240,1730232240,04:04:00 PM,04:04:00 PM,0
2095582,,DUNDCOL1,0,1730232298,1730232298,04:04:58 PM,04:04:58 PM,0
2095582,,DUNDMAI1,0,1730232388,1730232388,04:06:28 PM,04:06:28 PM,0
2095582,,DUNDWIL1,0,1730232470,1730232470,04:07:50 PM,04:07:50 PM,0
2095582,,DUNDADE1,0,1730232540,1730232540,04:09:00 PM,04:09:00 PM,0
2095582,,DUNDLYLE,0,1730232611,1730232611,04:10:11 PM,04:10:11 PM,0
2095582,,DUNDHEWI,0,1730232659,1730232659,04:10:59 PM,04:10:59 PM,0
2095582,,DUNDREC1,0,1730232708,1730232708,04:11:48 PM,04:11:48 PM,0
2095582,,DUNDONT1,0,1730232741,1730232741,04:12:21 PM,04:12:21 PM,0
2095582,,DUNDQUE1,0,1730232791,1730232791,04:13:11 PM,04:13:11 PM,0
2095582,,DUNDEGE1,,,,,,
2095582,,DUNDKELL,,,,,,
2095582,,DUNDELE1,,,,,,
2095582,,DUNDASH1,0,1730232996,1730232996,04:16:36 PM,04:16:36 PM,0
2095582,,DUNDHIG1,0,1730233080,1730233080,04:18:00 PM,04:18:00 PM,0
2095582,,DUNDFIR1,0,1730233238,1730233238,04:20:38 PM,04:20:38 PM,0
2095582,,DUNDSASK,0,1730233313,1730233313,04:21:53 PM,04:21:53 PM,0
2095582,,DUNDMANI,0,1730233381,1730233381,04:23:01 PM,04:23:01 PM,0
2095582,,DUNDBEA1,0,1730233473,1730233473,04:24:33 PM,04:24:33 PM,0
2095582,,DUNDCLK1,0,1730233535,1730233535,04:25:35 PM,04:25:35 PM,0
2095582,,ARGYMAL1,0,1730233620,1730233620,04:27:00 PM,04:27:00 PM,0
2095582,,ARGYMAL1,0,1730233620,1730233620,04:27:00 PM,04:27:00 PM,0
2095582,,DUNDEAS3,0,1730233752,1730233752,04:29:12 PM,04:29:12 PM,0
2095582,,DUNDWAV1,0,1730233809,1730233809,04:30:09 PM,04:30:09 PM,0
2095582,,DUNDFOR1,0,1730233850,1730233850,04:30:50 PM,04:30:50 PM,0
2095582,,DUNDSPE1,0,1730233876,1730233876,04:31:16 PM,04:31:16 PM,0
2095582,,DUNDCARL,0,1730233929,1730233929,04:32:09 PM,04:32:09 PM,0
2095582,,BONADUND,0,1730233980,1730233980,04:33:00 PM,04:33:00 PM,0
2095692,,BONADUND,0,1730233980,1730233980,04:33:00 PM,04:33:00 PM,0
2095692,,BONASIMP,0,1730234031,1730234031,04:33:51 PM,04:33:51 PM,0
2095692,,BONAMORE,0,1730234097,1730234097,04:34:57 PM,04:34:57 PM,0
2095692,,ADMIBON2,0,1730234142,1730234142,04:35:42 PM,04:35:42 PM,0
2095692,,ADMIVAU3,0,1730234175,1730234175,04:36:15 PM,04:36:15 PM,0
2095692,,ADMICAR2,0,1730234208,1730234208,04:36:48 PM,04:36:48 PM,0
2095692,,CARLCAPR,0,1730234254,1730234254,04:37:34 PM,04:37:34 PM,0
2095692,,CARLSPE3,0,1730234305,1730234305,04:38:25 PM,04:38:25 PM,0
2095692,,CARLSPE1,0,1730234327,1730234327,04:38:47 PM,04:38:47 PM,0
2095692,,CARLTIFF,0,1730234367,1730234367,04:39:27 PM,04:39:27 PM,0
2095692,,DUNDSPE2,0,1730234420,1730234420,04:40:20 PM,04:40:20 PM,0
2095692,,DUNDSPE4,0,1730234453,1730234453,04:40:53 PM,04:40:53 PM,0
2095692,,DUNDFOR2,0,1730234482,1730234482,04:41:22 PM,04:41:22 PM,0
2095692,,DUNDARVI,0,1730234531,1730234531,04:42:11 PM,04:42:11 PM,0
2095692,,DUNDEAS2,0,1730234579,1730234579,04:42:59 PM,04:42:59 PM,0
2095692,,CLARWHI2,0,1730234684,1730234684,04:44:44 PM,04:44:44 PM,0
2095692,,ARGYMAL2,0,1730234760,1730234760,04:46:00 PM,04:46:00 PM,0
2095692,,ARGYMAL2,0,1730235240,1730235240,04:54:00 PM,04:54:00 PM,0
2095692,,DUNDCLK4,0,1730235341,1730235341,04:55:41 PM,04:55:41 PM,0
2095692,,DUNDBEA2,0,1730235427,1730235427,04:57:07 PM,04:57:07 PM,0
2095692,,DUNDTHR,0,1730235531,1730235531,04:58:51 PM,04:58:51 PM,0
2095692,,DUNDBUR2,,,,,,
2095692,,DUNDFIR2,,,,,,
2095692,,DUNDHAL2,,,,,,
2095692,,DUNDHAL4,,,,,,
2095692,,DUNDHIG2,0,1730235900,1730235900,05:05:00 PM,05:05:00 PM,0
2095692,,DUNDASH4,0,1730235991,1730235991,05:06:31 PM,05:06:31 PM,0
2095692,,DUNDMCOR,,,,,,
2095692,,DUNDDORI,,,,,,
2095692,,DUNDEGE2,,,,,,
2095692,,DUNDQUE2,0,1730236224,1730236224,05:10:24 PM,05:10:24 PM,0
2095692,,DUNDONT2,0,1730236278,1730236278,05:11:18 PM,05:11:18 PM,0
2095692,,DUNDREC2,0,1730236329,1730236329,05:12:09 PM,05:12:09 PM,0
2095692,,DUNDENGL,0,1730236383,1730236383,05:13:03 PM,05:13:03 PM,0
2095692,,DUNDELIZ,0,1730236439,1730236439,05:13:59 PM,05:13:59 PM,0
2095692,,DUNDADE2,0,1730236500,1730236500,05:15:00 PM,05:15:00 PM,0
2095692,,DUNDWIL2,0,1730236544,1730236544,05:15:44 PM,05:15:44 PM,0
2095692,,DUNDMAI2,0,1730236606,1730236606,05:16:46 PM,05:16:46 PM,0
2095692,,DUNDCOL2,0,1730236669,1730236669,05:17:49 PM,05:17:49 PM,0
2095692,,DUNDWAT2,0,1730236733,1730236733,05:18:53 PM,05:18:53 PM,0
2095692,,DUNDWEL2,0,1730236800,1730236800,05:20:00 PM,05:20:00 PM,0
2095692,,QUEECLAR,0,1730236911,1730236911,05:21:51 PM,05:21:51 PM,0
2095692,,QUEERIC1,0,1730236980,1730236980,05:23:00 PM,05:23:00 PM,0
2095692,,QUEERIC1,0,1730236980,1730236980,05:23:00 PM,05:23:00 PM,0
2095692,,QUENRIDO,0,1730237092,1730237092,05:24:52 PM,05:24:52 PM,0
2095692,,RIVEWIL2,0,1730237221,1730237221,05:27:01 PM,05:27:01 PM,0
2095692,,RIVEWHA2,0,1730237276,1730237276,05:27:56 PM,05:27:56 PM,0
2095692,,WHARMPL1,0,1730237335,1730237335,05:28:55 PM,05:28:55 PM,0
2095692,,WHARMOIR,0,1730237389,1730237389,05:29:49 PM,05:29:49 PM,0
2095692,,WHAREMPR,0,1730237471,1730237471,05:31:11 PM,05:31:11 PM,0
2095692,,WHAROXF1,0,1730237580,1730237580,05:33:00 PM,05:33:00 PM,0
2095692,,WESTESSE,0,1730237641,1730237641,05:34:01 PM,05:34:01 PM,0
2095692,,WESTHOL1,0,1730237692,1730237692,05:34:52 PM,05:34:52 PM,0
2095692,,WESTPLA1,0,1730237746,1730237746,05:35:46 PM,05:35:46 PM,0
2095692,,WESTPHA1,0,1730237820,1730237820,05:37:00 PM,05:37:00 PM,0
2095692,,WESTPHA3,0,1730237890,1730237890,05:38:10 PM,05:38:10 PM,0
2095692,,ALUMHAL1,0,1730238032,1730238032,05:40:32 PM,05:40:32 PM,0
2095692,,MIDDPERT,0,1730238207,1730238207,05:43:27 PM,05:43:27 PM,0
2095692,,NATSCI,0,1730238300,1730238300,05:45:00 PM,05:45:00 PM,0
2095622,,NATSCI,0,1730239200,1730239200,06:00:00 PM,06:00:00 PM,0
2095622,,WESTELG2,0,1730239362,1730239362,06:02:42 PM,06:02:42 PM,0
2095622,,WESTLAM2,0,1730239439,1730239439,06:03:59 PM,06:03:59 PM,0
2095622,,WESTSAR2,0,1730239560,1730239560,06:06:00 PM,06:06:00 PM,0
2095622,,WESTSAR4,0,1730239602,1730239602,06:06:42 PM,06:06:42 PM,0
2095622,,WESTPLA2,0,1730239672,1730239672,06:07:52 PM,06:07:52 PM,0
2095622,,WESTHOL2,0,1730239723,1730239723,06:08:43 PM,06:08:43 PM,0
2095622,,WHARMCDO,0,1730239786,1730239786,06:09:46 PM,06:09:46 PM,0
2095622,,WHAROXF2,0,1730239860,1730239860,06:11:00 PM,06:11:00 PM,0
2095622,,WHARPAUL,0,1730239925,1730239925,06:12:05 PM,06:12:05 PM,0
2095622,,WHARLEXI,0,1730239978,1730239978,06:12:58 PM,06:12:58 PM,0
2095622,,WHARMPL2,0,1730240022,1730240022,06:13:42 PM,06:13:42 PM,0
2095622,,RIVEWHA1,0,1730240060,1730240060,06:14:20 PM,06:14:20 PM,0
2095622,,RIVEWIL1,0,1730240091,1730240091,06:14:51 PM,06:14:51 PM,0
2095622,,DUNDRIDO,0,1730240175,1730240175,06:16:15 PM,06:16:15 PM,0
2095622,,KINGTALB,0,1730240222,1730240222,06:17:02 PM,06:17:02 PM,0
2095622,,KINGRICH,0,1730240280,1730240280,06:18:00 PM,06:18:00 PM,0
2095622,,KINGRICH,0,1730240280,1730240280,06:18:00 PM,06:18:00 PM,0
2095622,,WELLDUN3,0,1730240460,1730240460,06:21:00 PM,06:21:00 PM,0
2095622,,DUNDWAT1,0,1730240460,1730240460,06:21:00 PM,06:21:00 PM,0
2095622,,DUNDCOL1,0,1730240506,1730240506,06:21:46 PM,06:21:46 PM,0
2095622,,DUNDMAI1,0,1730240578,1730240578,06:22:58 PM,06:22:58 PM,0
2095622,,DUNDWIL1,0,1730240644,1730240644,06:24:04 PM,06:24:04 PM,0
2095622,,DUNDADE1,0,1730240700,1730240700,06:25:00 PM,06:25:00 PM,0
2095622,,DUNDLYLE,0,1730240755,1730240755,06:25:55 PM,06:25:55 PM,0
2095622,,DUNDHEWI,0,1730240792,1730240792,06:26:32 PM,06:26:32 PM,0
2095622,,DUNDREC1,0,1730240830,1730240830,06:27:10 PM,06:27:10 PM,0
2095622,,DUNDONT1,0,1730240855,1730240855,06:27:35 PM,06:27:35 PM,0
2095622,,DUNDQUE1,0,1730240894,1730240894,06:28:14 PM,06:28:14 PM,0
2095622,,DUNDEGE1,,,,,,
2095622,,DUNDKELL,,,,,,
2095622,,DUNDELE1,,,,,,
2095622,,DUNDASH1,0,1730241053,1730241053,06:30:53 PM,06:30:53 PM,0
2095622,,DUNDHIG1,0,1730241120,1730241120,06:32:00 PM,06:32:00 PM,0
2095622,,DUNDHAL3,,,,,,
2095622,,HALEDOU2,,,,,,
2095622,,HALEBEAT,,,,,,
2095622,,HALEMONT,,,,,,
2095622,,HALEBRY2,,,,,,
2095622,,HALESTE2,,,,,,
2095622,,HALETRA2,,,,,,
2095622,,TRAFSTE1,0,1730241402,1730241402,06:36:42 PM,06:36:42 PM,0
2095622,,TRAFTHO1,0,1730241427,1730241427,06:37:07 PM,06:37:07 PM,0
2095622,,TRAFVAN1,0,1730241483,1730241483,06:38:03 PM,06:38:03 PM,0
2095622,,TRAFBALF,0,1730241507,1730241507,06:38:27 PM,06:38:27 PM,0
2095622,,TRAFFAL2,0,1730241541,1730241541,06:39:01 PM,06:39:01 PM,0
2095622,,TRAFCLA1,0,1730241600,1730241600,06:40:00 PM,06:40:00 PM,0
2095622,,CLARTRA1,0,1730241625,1730241625,06:40:25 PM,06:40:25 PM,0
2095622,,CLARROY1,0,1730241680,1730241680,06:41:20 PM,06:41:20 PM,0
2095622,,CLARROY3,0,1730241708,1730241708,06:41:48 PM,06:41:48 PM,0
2095622,,CLARWAV1,0,1730241730,1730241730,06:42:10 PM,06:42:10 PM,0
2095622,,CLARCHU1,0,1730241764,1730241764,06:42:44 PM,06:42:44 PM,0
2095622,,ARGYMAL1,0,1730241840,1730241840,06:44:00 PM,06:44:00 PM,0
2095622,,ARGYMAL1,0,1730242080,1730242080,06:48:00 PM,06:48:00 PM,0
2095622,,CLARCHU2,0,1730242120,1730242120,06:48:40 PM,06:48:40 PM,0
2095622,,CLARWAV2,0,1730242160,1730242160,06:49:20 PM,06:49:20 PM,0
2095622,,CLARROY2,0,1730242181,1730242181,06:49:41 PM,06:49:41 PM,0
2095622,,CLARSUD2,0,1730242229,1730242229,06:50:29 PM,06:50:29 PM,0
2095622,,MARCTRAF,0,1730242295,1730242295,06:51:35 PM,06:51:35 PM,0
2095622,,MARCNOEL,0,1730242340,1730242340,06:52:20 PM,06:52:20 PM,0
2095622,,NOELBOW,0,1730242383,1730242383,06:53:03 PM,06:53:03 PM,0
2095622,,BOWBANC,0,1730242419,1730242419,06:53:39 PM,06:53:39 PM,0
2095622,,HUDSBAFF,0,1730242441,1730242441,06:54:01 PM,06:54:01 PM,0
2095622,,HUDSFROB,0,1730242461,1730242461,06:54:21 PM,06:54:21 PM,0
2095622,,HUDSJOLI,0,1730242508,1730242508,06:55:08 PM,06:55:08 PM,0
2095622,,HUDSTRAF,0,1730242534,1730242534,06:55:34 PM,06:55:34 PM,0
2095622,,TRAFHUD2,0,1730242620,1730242620,06:57:00 PM,06:57:00 PM,0
2095661,,TRAFHUD2,0,1730242740,1730242740,06:59:00 PM,06:59:00 PM,0
2095661,,TRAFHUD4,0,1730242775,1730242775,06:59:35 PM,06:59:35 PM,0
2095661,,TRAFBANC,0,1730242805,1730242805,07:00:05 PM,07:00:05 PM,0
2095661,,TRAFMARC,0,1730242872,1730242872,07:01:12 PM,07:01:12 PM,0
2095661,,TRAFCLA2,0,1730242900,1730242900,07:01:40 PM,07:01:40 PM,0
2095661,,TRAFCLA4,0,1730242921,1730242921,07:02:01 PM,07:02:01 PM,0
2095661,,TRAFATK2,0,1730242987,1730242987,07:03:07 PM,07:03:07 PM,0
2095661,,TRAFDAWN,0,1730243014,1730243014,07:03:34 PM,07:03:34 PM,0
2095661,,TRAFVAN2,0,1730243049,1730243049,07:04:09 PM,07:04:09 PM,0
2095661,,TRAFTHO2,0,1730243114,1730243114,07:05:14 PM,07:05:14 PM,0
2095661,,TRAFSTE2,0,1730243149,1730243149,07:05:49 PM,07:05:49 PM,0
2095661,,HALESTE1,0,1730243220,1730243220,07:07:00 PM,07:07:00 PM,0
2095661,,HALEBRY1,0,1730243258,1730243258,07:07:38 PM,07:07:38 PM,0
2095661,,HALEGRAY,0,1730243289,1730243289,07:08:09 PM,07:08:09 PM,0
2095661,,HALEEAST,0,1730243315,1730243315,07:08:35 PM,07:08:35 PM,0
2095661,,HALEDOU1,,,,,,
2095661,,HALEDUND,,,,,,
2095661,,DUNDHAL4,,,,,,
2095661,,DUNDHIG2,0,1730243460,1730243460,07:11:00 PM,07:11:00 PM,0
2095661,,DUNDASH4,0,1730243524,1730243524,07:12:04 PM,07:12:04 PM,0
2095661,,DUNDMCOR,,,,,,
2095661,,DUNDDORI,,,,,,
2095661,,DUNDEGE2,,,,,,
2095661,,DUNDQUE2,0,1730243688,1730243688,07:14:48 PM,07:14:48 PM,0
2095661,,DUNDONT2,0,1730243726,1730243726,07:15:26 PM,07:15:26 PM,0
2095661,,DUNDREC2,0,1730243762,1730243762,07:16:02 PM,07:16:02 PM,0
2095661,,DUNDENGL,0,1730243799,1730243799,07:16:39 PM,07:16:39 PM,0
2095661,,DUNDELIZ,0,1730243838,1730243838,07:17:18 PM,07:17:18 PM,0
2095661,,DUNDADE2,0,1730243880,1730243880,07:18:00 PM,07:18:00 PM,0
2095661,,DUNDWIL2,0,1730243915,1730243915,07:18:35 PM,07:18:35 PM,0
2095661,,DUNDMAI2,0,1730243965,1730243965,07:19:25 PM,07:19:25 PM,0
2095661,,DUNDCOL2,0,1730244015,1730244015,07:20:15 PM,07:20:15 PM,0
2095661,,DUNDWAT2,0,1730244066,1730244066,07:21:06 PM,07:21:06 PM,0
2095661,,DUNDWEL2,0,1730244120,1730244120,07:22:00 PM,07:22:00 PM,0
2095661,,QUEECLAR,0,1730244231,1730244231,07:23:51 PM,07:23:51 PM,0
2095661,,QUEERIC1,0,1730244300,1730244300,07:25:00 PM,07:25:00 PM,0
2095661,,QUEERIC1,0,1730244300,1730244300,07:25:00 PM,07:25:00 PM,0
2095661,,QUENRIDO,0,1730244377,1730244377,07:26:17 PM,07:26:17 PM,0
2095661,,RIVEWIL2,0,1730244476,1730244476,07:27:56 PM,07:27:56 PM,0
2095661,,RIVEWHA2,0,1730244513,1730244513,07:28:33 PM,07:28:33 PM,0
2095661,,WHARMPL1,0,1730244553,1730244553,07:29:13 PM,07:29:13 PM,0
2095661,,WHARMOIR,0,1730244590,1730244590,07:29:50 PM,07:29:50 PM,0
2095661,,WHAREMPR,0,1730244646,1730244646,07:30:46 PM,07:30:46 PM,0
2095661,,WHAROXF1,0,1730244720,1730244720,07:32:00 PM,07:32:00 PM,0
2095661,,WESTESSE,0,1730244765,1730244765,07:32:45 PM,07:32:45 PM,0
2095661,,WESTHOL1,0,1730244803,1730244803,07:33:23 PM,07:33:23 PM,0
2095661,,WESTPLA1,0,1730244843,1730244843,07:34:03 PM,07:34:03 PM,0
2095661,,WESTPHA1,0,1730244900,1730244900,07:35:00 PM,07:35:00 PM,0
2095661,,WESTPHA3,0,1730244957,1730244957,07:35:57 PM,07:35:57 PM,0
2095661,,ALUMHAL1,0,1730245074,1730245074,07:37:54 PM,07:37:54 PM,0
2095661,,MIDDPERT,0,1730245218,1730245218,07:40:18 PM,07:40:18 PM,0
2095661,,NATSCI,0,1730245320,1730245320,07:42:00 PM,07:42:00 PM,0
2095626,,NATSCI,0,1730246220,1730246220,07:57:00 PM,07:57:00 PM,0
2095626,,WESTELG2,0,1730246382,1730246382,07:59:42 PM,07:59:42 PM,0
2095626,,WESTLAM2,0,1730246459,1730246459,08:00:59 PM,08:00:59 PM,0
2095626,,WESTSAR2,0,1730246580,1730246580,08:03:00 PM,08:03:00 PM,0
2095626,,WESTSAR4,0,1730246622,1730246622,08:03:42 PM,08:03:42 PM,0
2095626,,WESTPLA2,0,1730246692,1730246692,08:04:52 PM,08:04:52 PM,0
2095626,,WESTHOL2,0,1730246743,1730246743,08:05:43 PM,08:05:43 PM,0
2095626,,WHARMCDO,0,1730246806,1730246806,08:06:46 PM,08:06:46 PM,0
2095626,,WHAROXF2,0,1730246880,1730246880,08:08:00 PM,08:08:00 PM,0
2095626,,WHARPAUL,0,1730246945,1730246945,08:09:05 PM,08:09:05 PM,0
2095626,,WHARLEXI,0,1730246998,1730246998,08:09:58 PM,08:09:58 PM,0
2095626,,WHARMPL2,0,1730247042,1730247042,08:10:42 PM,08:10:42 PM,0
2095626,,RIVEWHA1,0,1730247080,1730247080,08:11:20 PM,08:11:20 PM,0
2095626,,RIVEWIL1,0,1730247111,1730247111,08:11:51 PM,08:11:51 PM,0
2095626,,DUNDRIDO,0,1730247195,1730247195,08:13:15 PM,08:13:15 PM,0
2095626,,KINGTALB,0,1730247242,1730247242,08:14:02 PM,08:14:02 PM,0
2095626,,KINGRICH,0,1730247300,1730247300,08:15:00 PM,08:15:00 PM,0
2095626,,KINGRICH,0,1730247300,1730247300,08:15:00 PM,08:15:00 PM,0
2095626,,WELLDUN3,0,1730247480,1730247480,08:18:00 PM,08:18:00 PM,0
2095626,,DUNDWAT1,0,1730247480,1730247480,08:18:00 PM,08:18:00 PM,0
2095626,,DUNDCOL1,0,1730247526,1730247526,08:18:46 PM,08:18:46 PM,0
2095626,,DUNDMAI1,0,1730247598,1730247598,08:19:58 PM,08:19:58 PM,0
2095626,,DUNDWIL1,0,1730247664,1730247664,08:21:04 PM,08:21:04 PM,0
2095626,,DUNDADE1,0,1730247720,1730247720,08:22:00 PM,08:22:00 PM,0
2095626,,DUNDLYLE,0,1730247775,1730247775,08:22:55 PM,08:22:55 PM,0
2095626,,DUNDHEWI,0,1730247812,1730247812,08:23:32 PM,08:23:32 PM,0
2095626,,DUNDREC1,0,1730247850,1730247850,08:24:10 PM,08:24:10 PM,0
2095626,,DUNDONT1,0,1730247875,1730247875,08:24:35 PM,08:24:35 PM,0
2095626,,DUNDQUE1,0,1730247914,1730247914,08:25:14 PM,08:25:14 PM,0
2095626,,DUNDEGE1,,,,,,
2095626,,DUNDKELL,,,,,,
2095626,,DUNDELE1,,,,,,
2095626,,DUNDASH1,0,1730248073,1730248073,08:27:53 PM,08:27:53 PM,0
2095626,,DUNDHIG1,0,1730248140,1730248140,08:29:00 PM,08:29:00 PM,0
2095626,,DUNDHAL3,,,,,,
2095626,,HALEDOU2,,,,,,
2095626,,HALEBEAT,,,,,,
2095626,,HALEMONT,,,,,,
2095626,,HALEBRY2,,,,,,
2095626,,HALESTE2,,,,,,
2095626,,HALETRA2,,,,,,
2095626,,TRAFSTE1,0,1730248422,1730248422,08:33:42 PM,08:33:42 PM,0
2095626,,TRAFTHO1,0,1730248447,1730248447,08:34:07 PM,08:34:07 PM,0
2095626,,TRAFVAN1,0,1730248503,1730248503,08:35:03 PM,08:35:03 PM,0
2095626,,TRAFBALF,0,1730248527,1730248527,08:35:27 PM,08:35:27 PM,0
2095626,,TRAFFAL2,0,1730248561,1730248561,08:36:01 PM,08:36:01 PM,0
2095626,,TRAFCLA1,0,1730248620,1730248620,08:37:00 PM,08:37:00 PM,0
2095626,,CLARTRA1,0,1730248645,1730248645,08:37:25 PM,08:37:25 PM,0
2095626,,CLARROY1,0,1730248700,1730248700,08:38:20 PM,08:38:20 PM,0
2095626,,CLARROY3,0,1730248728,1730248728,08:38:48 PM,08:38:48 PM,0
2095626,,CLARWAV1,0,1730248750,1730248750,08:39:10 PM,08:39:10 PM,0
2095626,,CLARCHU1,0,1730248784,1730248784,08:39:44 PM,08:39:44 PM,0
2095626,,ARGYMAL1,0,1730248860,1730248860,08:41:00 PM,08:41:00 PM,0
2095626,,ARGYMAL1,0,1730249100,1730249100,08:45:00 PM,08:45:00 PM,0
2095626,,CLARCHU2,0,1730249140,1730249140,08:45:40 PM,08:45:40 PM,0
2095626,,CLARWAV2,0,1730249180,1730249180,08:46:20 PM,08:46:20 PM,0
2095626,,CLARROY2,0,1730249201,1730249201,08:46:41 PM,08:46:41 PM,0
2095626,,CLARSUD2,0,1730249249,1730249249,08:47:29 PM,08:47:29 PM,0
2095626,,MARCTRAF,0,1730249315,1730249315,08:48:35 PM,08:48:35 PM,0
2095626,,MARCNOEL,0,1730249360,1730249360,08:49:20 PM,08:49:20 PM,0
2095626,,NOELBOW,0,1730249403,1730249403,08:50:03 PM,08:50:03 PM,0
2095626,,BOWBANC,0,1730249439,1730249439,08:50:39 PM,08:50:39 PM,0
2095626,,HUDSBAFF,0,1730249461,1730249461,08:51:01 PM,08:51:01 PM,0
2095626,,HUDSFROB,0,1730249481,1730249481,08:51:21 PM,08:51:21 PM,0
2095626,,HUDSJOLI,0,1730249528,1730249528,08:52:08 PM,08:52:08 PM,0
2095626,,HUDSTRAF,0,1730249554,1730249554,08:52:34 PM,08:52:34 PM,0
2095626,,TRAFHUD2,0,1730249640,1730249640,08:54:00 PM,08:54:00 PM,0
2095654,,TRAFHUD2,0,1730230020,1730230020,03:27:00 PM,03:27:00 PM,0
2095654,,TRAFHUD4,0,1730230064,1730230064,03:27:44 PM,03:27:44 PM,0
2095654,,TRAFBANC,0,1730230102,1730230102,03:28:22 PM,03:28:22 PM,0
2095654,,TRAFMARC,0,1730230186,1730230186,03:29:46 PM,03:29:46 PM,0
2095654,,TRAFCLA2,0,1730230221,1730230221,03:30:21 PM,03:30:21 PM,0
2095654,,TRAFCLA4,0,1730230247,1730230247,03:30:47 PM,03:30:47 PM,0
2095654,,TRAFATK2,0,1730230329,1730230329,03:32:09 PM,03:32:09 PM,0
2095654,,TRAFDAWN,0,1730230363,1730230363,03:32:43 PM,03:32:43 PM,0
2095654,,TRAFVAN2,0,1730230406,1730230406,03:33:26 PM,03:33:26 PM,0
2095654,,TRAFTHO2,0,1730230488,1730230488,03:34:48 PM,03:34:48 PM,0
2095654,,TRAFSTE2,0,1730230532,1730230532,03:35:32 PM,03:35:32 PM,0
2095654,,HALESTE1,0,1730230620,1730230620,03:37:00 PM,03:37:00 PM,0
2095654,,HALEBRY1,0,1730230667,1730230667,03:37:47 PM,03:37:47 PM,0
2095654,,HALEGRAY,0,1730230706,1730230706,03:38:26 PM,03:38:26 PM,0
2095654,,HALEEAST,0,1730230739,1730230739,03:38:59 PM,03:38:59 PM,0
2095654,,HALEDOU1,,,,,,
2095654,,HALEDUND,,,,,,
2095654,,DUNDHAL4,,,,,,
2095654,,DUNDHIG2,0,1730230920,1730230920,03:42:00 PM,03:42:00 PM,0
2095654,,DUNDASH4,0,1730231011,1730231011,03:43:31 PM,03:43:31 PM,0
2095654,,DUNDMCOR,,,,,,
2095654,,DUNDDORI,,,,,,
2095654,,DUNDEGE2,,,,,,
2095654,,DUNDQUE2,0,1730231244,1730231244,03:47:24 PM,03:47:24 PM,0
2095654,,DUNDONT2,0,1730231298,1730231298,03:48:18 PM,03:48:18 PM,0
2095654,,DUNDREC2,0,1730231349,1730231349,03:49:09 PM,03:49:09 PM,0
2095654,,DUNDENGL,0,1730231403,1730231403,03:50:03 PM,03:50:03 PM,0
2095654,,DUNDELIZ,0,1730231459,1730231459,03:50:59 PM,03:50:59 PM,0
2095654,,DUNDADE2,0,1730231520,1730231520,03:52:00 PM,03:52:00 PM,0
2095654,,DUNDWIL2,0,1730231564,1730231564,03:52:44 PM,03:52:44 PM,0
2095654,,DUNDMAI2,0,1730231626,1730231626,03:53:46 PM,03:53:46 PM,0
2095654,,DUNDCOL2,0,1730231689,1730231689,03:54:49 PM,03:54:49 PM,0
2095654,,DUNDWAT2,0,1730231753,1730231753,03:55:53 PM,03:55:53 PM,0
2095654,,DUNDWEL2,0,1730231820,1730231820,03:57:00 PM,03:57:00 PM,0
2095654,,QUEECLAR,0,1730231931,1730231931,03:58:51 PM,03:58:51 PM,0
2095654,,QUEERIC1,0,1730232000,1730232000,04:00:00 PM,04:00:00 PM,0
2095654,,QUEERIC1,0,1730232000,1730232000,04:00:00 PM,04:00:00 PM,0
2095654,,QUENRIDO,0,1730232110,1730232110,04:01:50 PM,04:01:50 PM,0
2095654,,RIVEWIL2,0,1730232251,1730232251,04:04:11 PM,04:04:11 PM,0
2095654,,RIVEWHA2,0,1730232305,1730232305,04:05:05 PM,04:05:05 PM,0
2095654,,WHARMPL1,0,1730232362,1730232362,04:06:02 PM,04:06:02 PM,0
2095654,,WHARMOIR,0,1730232415,1730232415,04:06:55 PM,04:06:55 PM,0
2095654,,WHAREMPR,0,1730232495,1730232495,04:08:15 PM,04:08:15 PM,0
2095654,,WHAROXF1,0,1730232600,1730232600,04:10:00 PM,04:10:00 PM,0
2095654,,WESTESSE,0,1730232661,1730232661,04:11:01 PM,04:11:01 PM,0
2095654,,WESTHOL1,0,1730232712,1730232712,04:11:52 PM,04:11:52 PM,0
2095654,,WESTPLA1,0,1730232766,1730232766,04:12:46 PM,04:12:46 PM,0
2095654,,WESTPHA1,0,1730232840,1730232840,04:14:00 PM,04:14:00 PM,0
2095654,,WESTPHA3,0,1730232905,1730232905,04:15:05 PM,04:15:05 PM,0
2095654,,ALUMHAL1,0,1730233039,1730233039,04:17:19 PM,04:17:19 PM,0
2095654,,MIDDPERT,0,1730233204,1730233204,04:20:04 PM,04:20:04 PM,0
2095654,,NATSCI,0,1730233320,1730233320,04:22:00 PM,04:22:00 PM,0
2095584,,NATSCI,0,1730233860,1730233860,04:31:00 PM,04:31:00 PM,0
2095584,,WESTELG2,0,1730234172,1730234172,04:36:12 PM,04:36:12 PM,0
2095584,,WESTLAM2,0,1730234331,1730234331,04:38:51 PM,04:38:51 PM,0
2095584,,WESTSAR2,0,1730234580,1730234580,04:43:00 PM,04:43:00 PM,0
2095584,,WESTSAR4,0,1730234639,1730234639,04:43:59 PM,04:43:59 PM,0
2095584,,WESTPLA2,0,1730234737,1730234737,04:45:37 PM,04:45:37 PM,0
2095584,,WESTHOL2,0,1730234808,1730234808,04:46:48 PM,04:46:48 PM,0
2095584,,WHARMCDO,0,1730234897,1730234897,04:48:17 PM,04:48:17 PM,0
2095584,,WHAROXF2,0,1730235000,1730235000,04:50:00 PM,04:50:00 PM,0
2095584,,WHARPAUL,0,1730235094,1730235094,04:51:34 PM,04:51:34 PM,0
2095584,,WHARLEXI,0,1730235170,1730235170,04:52:50 PM,04:52:50 PM,0
2095584,,WHARMPL2,0,1730235233,1730235233,04:53:53 PM,04:53:53 PM,0
2095584,,RIVEWHA1,0,1730235287,1730235287,04:54:47 PM,04:54:47 PM,0
2095584,,RIVEWIL1,0,1730235332,1730235332,04:55:32 PM,04:55:32 PM,0
2095584,,DUNDRIDO,0,1730235452,1730235452,04:57:32 PM,04:57:32 PM,0
2095584,,KINGTALB,0,1730235520,1730235520,04:58:40 PM,04:58:40 PM,0
2095584,,KINGRICH,0,1730235600,1730235600,05:00:00 PM,05:00:00 PM,0
2095584,,KINGRICH,0,1730235600,1730235600,05:00:00 PM,05:00:00 PM,0
2095584,,WELLDUN3,0,1730235840,1730235840,05:04:00 PM,05:04:00 PM,0
2095584,,DUNDWAT1,0,1730235840,1730235840,05:04:00 PM,05:04:00 PM,0
2095584,,DUNDCOL1,0,1730235898,1730235898,05:04:58 PM,05:04:58 PM,0
2095584,,DUNDMAI1,0,1730235988,1730235988,05:06:28 PM,05:06:28 PM,0
2095584,,DUNDWIL1,0,1730236070,1730236070,05:07:50 PM,05:07:50 PM,0
2095584,,DUNDADE1,0,1730236140,1730236140,05:09:00 PM,05:09:00 PM,0
2095584,,DUNDLYLE,0,1730236211,1730236211,05:10:11 PM,05:10:11 PM,0
2095584,,DUNDHEWI,0,1730236259,1730236259,05:10:59 PM,05:10:59 PM,0
2095584,,DUNDREC1,0,1730236308,1730236308,05:11:48 PM,05:11:48 PM,0
2095584,,DUNDONT1,0,1730236341,1730236341,05:12:21 PM,05:12:21 PM,0
2095584,,DUNDQUE1,0,1730236391,1730236391,05:13:11 PM,05:13:11 PM,0
2095584,,DUNDEGE1,,,,,,
2095584,,DUNDKELL,,,,,,
2095584,,DUNDELE1,,,,,,
2095584,,DUNDASH1,0,1730236596,1730236596,05:16:36 PM,05:16:36 PM,0
2095584,,DUNDHIG1,0,1730236680,1730236680,05:18:00 PM,05:18:00 PM,0
2095584,,DUNDFIR1,0,1730236838,1730236838,05:20:38 PM,05:20:38 PM,0
2095584,,DUNDSASK,0,1730236913,1730236913,05:21:53 PM,05:21:53 PM,0
2095584,,DUNDMANI,0,1730236981,1730236981,05:23:01 PM,05:23:01 PM,0
2095584,,DUNDBEA1,0,1730237073,1730237073,05:24:33 PM,05:24:33 PM,0
2095584,,DUNDCLK1,0,1730237135,1730237135,05:25:35 PM,05:25:35 PM,0
2095584,,ARGYMAL1,0,1730237220,1730237220,05:27:00 PM,05:27:00 PM,0
2095584,,ARGYMAL1,0,1730237220,1730237220,05:27:00 PM,05:27:00 PM,0
2095584,,DUNDEAS3,0,1730237352,1730237352,05:29:12 PM,05:29:12 PM,0
2095584,,DUNDWAV1,0,1730237409,1730237409,05:30:09 PM,05:30:09 PM,0
2095584,,DUNDFOR1,0,1730237450,1730237450,05:30:50 PM,05:30:50 PM,0
2095584,,DUNDSPE1,0,1730237476,1730237476,05:31:16 PM,05:31:16 PM,0
2095584,,DUNDCARL,0,1730237529,1730237529,05:32:09 PM,05:32:09 PM,0
2095584,,BONADUND,0,1730237580,1730237580,05:33:00 PM,05:33:00 PM,0
2095694,,BONADUND,0,1730237700,1730237700,05:35:00 PM,05:35:00 PM,0
2095694,,BONASIMP,0,1730237739,1730237739,05:35:39 PM,05:35:39 PM,0
2095694,,BONAMORE,0,1730237790,1730237790,05:36:30 PM,05:36:30 PM,0
2095694,,ADMIBON2,0,1730237824,1730237824,05:37:04 PM,05:37:04 PM,0
2095694,,ADMIVAU3,0,1730237850,1730237850,05:37:30 PM,05:37:30 PM,0
2095694,,ADMICAR2,0,1730237875,1730237875,05:37:55 PM,05:37:55 PM,0
2095694,,CARLCAPR,0,1730237910,1730237910,05:38:30 PM,05:38:30 PM,0
2095694,,CARLSPE3,0,1730237949,1730237949,05:39:09 PM,05:39:09 PM,0
2095694,,CARLSPE1,0,1730237966,1730237966,05:39:26 PM,05:39:26 PM,0
2095694,,CARLTIFF,0,1730237996,1730237996,05:39:56 PM,05:39:56 PM,0
2095694,,DUNDSPE2,0,1730238037,1730238037,05:40:37 PM,05:40:37 PM,0
2095694,,DUNDSPE4,0,1730238062,1730238062,05:41:02 PM,05:41:02 PM,0
2095694,,DUNDFOR2,0,1730238084,1730238084,05:41:24 PM,05:41:24 PM,0
2095694,,DUNDARVI,0,1730238121,1730238121,05:42:01 PM,05:42:01 PM,0
2095694,,DUNDEAS2,0,1730238158,1730238158,05:42:38 PM,05:42:38 PM,0
2095694,,CLARWHI2,0,1730238238,1730238238,05:43:58 PM,05:43:58 PM,0
2095694,,ARGYMAL2,0,1730238300,1730238300,05:45:00 PM,05:45:00 PM,0
2095694,,ARGYMAL2,0,1730238660,1730238660,05:51:00 PM,05:51:00 PM,0
2095694,,DUNDCLK4,0,1730238734,1730238734,05:52:14 PM,05:52:14 PM,0
2095694,,DUNDBEA2,0,1730238797,1730238797,05:53:17 PM,05:53:17 PM,0
2095694,,DUNDTHR,0,1730238872,1730238872,05:54:32 PM,05:54:32 PM,0
2095694,,DUNDBUR2,,,,,,
2095694,,DUNDFIR2,,,,,,
2095694,,DUNDHAL2,,,,,,
2095694,,DUNDHAL4,,,,,,
2095694,,DUNDHIG2,0,1730239140,1730239140,05:59:00 PM,05:59:00 PM,0
2095694,,DUNDASH4,0,1730239204,1730239204,06:00:04 PM,06:00:04 PM,0
2095694,,DUNDMCOR,,,,,,
2095694,,DUNDDORI,,,,,,
2095694,,DUNDEGE2,,,,,,
2095694,,DUNDQUE2,0,1730239368,1730239368,06:02:48 PM,06:02:48 PM,0
2095694,,DUNDONT2,0,1730239406,1730239406,06:03:26 PM,06:03:26 PM,0
2095694,,DUNDREC2,0,1730239442,1730239442,06:04:02 PM,06:04:02 PM,0
2095694,,DUNDENGL,0,1730239479,1730239479,06:04:39 PM,06:04:39 PM,0
2095694,,DUNDELIZ,0,1730239518,1730239518,06:05:18 PM,06:05:18 PM,0
2095694,,DUNDADE2,0,1730239560,1730239560,06:06:00 PM,06:06:00 PM,0
2095694,,DUNDWIL2,0,1730239595,1730239595,06:06:35 PM,06:06:35 PM,0
2095694,,DUNDMAI2,0,1730239645,1730239645,06:07:25 PM,06:07:25 PM,0
2095694,,DUNDCOL2,0,1730239695,1730239695,06:08:15 PM,06:08:15 PM,0
2095694,,DUNDWAT2,0,1730239746,1730239746,06:09:06 PM,06:09:06 PM,0
2095694,,DUNDWEL2,0,1730239800,1730239800,06:10:00 PM,06:10:00 PM,0
2095694,,QUEECLAR,0,1730239911,1730239911,06:11:51 PM,06:11:51 PM,0
2095694,,QUEERIC1,0,1730239980,1730239980,06:13:00 PM,06:13:00 PM,0
2095694,,QUEERIC1,0,1730239980,1730239980,06:13:00 PM,06:13:00 PM,0
2095694,,QUENRIDO,0,1730240058,1730240058,06:14:18 PM,06:14:18 PM,0
2095694,,RIVEWIL2,0,1730240148,1730240148,06:15:48 PM,06:15:48 PM,0
2095694,,RIVEWHA2,0,1730240186,1730240186,06:16:26 PM,06:16:26 PM,0
2095694,,WHARMPL1,0,1730240227,1730240227,06:17:07 PM,06:17:07 PM,0
2095694,,WHARMOIR,0,1730240265,1730240265,06:17:45 PM,06:17:45 PM,0
2095694,,WHAREMPR,0,1730240323,1730240323,06:18:43 PM,06:18:43 PM,0
2095694,,WHAROXF1,0,1730240400,1730240400,06:20:00 PM,06:20:00 PM,0
2095694,,WESTESSE,0,1730240445,1730240445,06:20:45 PM,06:20:45 PM,0
2095694,,WESTHOL1,0,1730240483,1730240483,06:21:23 PM,06:21:23 PM,0
2095694,,WESTPLA1,0,1730240523,1730240523,06:22:03 PM,06:22:03 PM,0
2095694,,WESTPHA1,0,1730240580,1730240580,06:23:00 PM,06:23:00 PM,0
2095694,,WESTPHA3,0,1730240641,1730240641,06:24:01 PM,06:24:01 PM,0
2095694,,ALUMHAL1,0,1730240765,1730240765,06:26:05 PM,06:26:05 PM,0
2095694,,MIDDPERT,0,1730240918,1730240918,06:28:38 PM,06:28:38 PM,0
2095694,,NATSCI,0,1730241000,1730241000,06:30:00 PM,06:30:00 PM,0
2095588,,NATSCI,0,1730241720,1730241720,06:42:00 PM,06:42:00 PM,0
2095588,,WESTELG2,0,1730241876,1730241876,06:44:36 PM,06:44:36 PM,0
2095588,,WESTLAM2,0,1730241955,1730241955,06:45:55 PM,06:45:55 PM,0
2095588,,WESTSAR2,0,1730242080,1730242080,06:48:00 PM,06:48:00 PM,0
2095588,,WESTSAR4,0,1730242122,1730242122,06:48:42 PM,06:48:42 PM,0
2095588,,WESTPLA2,0,1730242192,1730242192,06:49:52 PM,06:49:52 PM,0
2095588,,WESTHOL2,0,1730242243,1730242243,06:50:43 PM,06:50:43 PM,0
2095588,,WHARMCDO,0,1730242306,1730242306,06:51:46 PM,06:51:46 PM,0
2095588,,WHAROXF2,0,1730242380,1730242380,06:53:00 PM,06:53:00 PM,0
2095588,,WHARPAUL,0,1730242445,1730242445,06:54:05 PM,06:54:05 PM,0
2095588,,WHARLEXI,0,1730242498,1730242498,06:54:58 PM,06:54:58 PM,0
2095588,,WHARMPL2,0,1730242542,1730242542,06:55:42 PM,06:55:42 PM,0
2095588,,RIVEWHA1,0,1730242580,1730242580,06:56:20 PM,06:56:20 PM,0
2095588,,RIVEWIL1,0,1730242611,1730242611,06:56:51 PM,06:56:51 PM,0
2095588,,DUNDRIDO,0,1730242695,1730242695,06:58:15 PM,06:58:15 PM,0
2095588,,KINGTALB,0,1730242742,1730242742,06:59:02 PM,06:59:02 PM,0
2095588,,KINGRICH,0,1730242800,1730242800,07:00:00 PM,07:00:00 PM,0
2095588,,KINGRICH,0,1730242800,1730242800,07:00:00 PM,07:00:00 PM,0
2095588,,WELLDUN3,0,1730242980,1730242980,07:03:00 PM,07:03:00 PM,0
2095588,,DUNDWAT1,0,1730242980,1730242980,07:03:00 PM,07:03:00 PM,0
2095588,,DUNDCOL1,0,1730243026,1730243026,07:03:46 PM,07:03:46 PM,0
2095588,,DUNDMAI1,0,1730243098,1730243098,07:04:58 PM,07:04:58 PM,0
2095588,,DUNDWIL1,0,1730243164,1730243164,07:06:04 PM,07:06:04 PM,0
2095588,,DUNDADE1,0,1730243220,1730243220,07:07:00 PM,07:07:00 PM,0
2095588,,DUNDLYLE,0,1730243275,1730243275,07:07:55 PM,07:07:55 PM,0
2095588,,DUNDHEWI,0,1730243312,1730243312,07:08:32 PM,07:08:32 PM,0
2095588,,DUNDREC1,0,1730243350,1730243350,07:09:10 PM,07:09:10 PM,0
2095588,,DUNDONT1,0,1730243375,1730243375,07:09:35 PM,07:09:35 PM,0
2095588,,DUNDQUE1,0,1730243414,1730243414,07:10:14 PM,07:10:14 PM,0
2095588,,DUNDEGE1,,,,,,
2095588,,DUNDKELL,,,,,,
2095588,,DUNDELE1,,,,,,
2095588,,DUNDASH1,0,1730243573,1730243573,07:12:53 PM,07:12:53 PM,0
2095588,,DUNDHIG1,0,1730243640,1730243640,07:14:00 PM,07:14:00 PM,0
2095588,,DUNDFIR1,0,1730243763,1730243763,07:16:03 PM,07:16:03 PM,0
2095588,,DUNDSASK,0,1730243821,1730243821,07:17:01 PM,07:17:01 PM,0
2095588,,DUNDMANI,0,1730243874,1730243874,07:17:54 PM,07:17:54 PM,0
2095588,,DUNDBEA1,0,1730243946,1730243946,07:19:06 PM,07:19:06 PM,0
2095588,,DUNDCLK1,0,1730243994,1730243994,07:19:54 PM,07:19:54 PM,0
2095588,,ARGYMAL1,0,1730244060,1730244060,07:21:00 PM,07:21:00 PM,0
2095588,,ARGYMAL1,0,1730244060,1730244060,07:21:00 PM,07:21:00 PM,0
2095588,,DUNDEAS3,0,1730244170,1730244170,07:22:50 PM,07:22:50 PM,0
2095588,,DUNDWAV1,0,1730244218,1730244218,07:23:38 PM,07:23:38 PM,0
2095588,,DUNDFOR1,0,1730244252,1730244252,07:24:12 PM,07:24:12 PM,0
2095588,,DUNDSPE1,0,1730244274,1730244274,07:24:34 PM,07:24:34 PM,0
2095588,,DUNDCARL,0,1730244318,1730244318,07:25:18 PM,07:25:18 PM,0
2095588,,BONADUND,0,1730244360,1730244360,07:26:00 PM,07:26:00 PM,0
2095698,,BONADUND,0,1730244540,1730244540,07:29:00 PM,07:29:00 PM,0
2095698,,BONASIMP,0,1730244579,1730244579,07:29:39 PM,07:29:39 PM,0
2095698,,BONAMORE,0,1730244630,1730244630,07:30:30 PM,07:30:30 PM,0
2095698,,ADMIBON2,0,1730244664,1730244664,07:31:04 PM,07:31:04 PM,0
2095698,,ADMIVAU3,0,1730244690,1730244690,07:31:30 PM,07:31:30 PM,0
2095698,,ADMICAR2,0,1730244715,1730244715,07:31:55 PM,07:31:55 PM,0
2095698,,CARLCAPR,0,1730244750,1730244750,07:32:30 PM,07:32:30 PM,0
2095698,,CARLSPE3,0,1730244789,1730244789,07:33:09 PM,07:33:09 PM,0
2095698,,CARLSPE1,0,1730244806,1730244806,07:33:26 PM,07:33:26 PM,0
2095698,,CARLTIFF,0,1730244836,1730244836,07:33:56 PM,07:33:56 PM,0
2095698,,DUNDSPE2,0,1730244877,1730244877,07:34:37 PM,07:34:37 PM,0
2095698,,DUNDSPE4,0,1730244902,1730244902,07:35:02 PM,07:35:02 PM,0
2095698,,DUNDFOR2,0,1730244924,1730244924,07:35:24 PM,07:35:24 PM,0
2095698,,DUNDARVI,0,1730244961,1730244961,07:36:01 PM,07:36:01 PM,0
2095698,,DUNDEAS2,0,1730244998,1730244998,07:36:38 PM,07:36:38 PM,0
2095698,,CLARWHI2,0,1730245078,1730245078,07:37:58 PM,07:37:58 PM,0
2095698,,ARGYMAL2,0,1730245140,1730245140,07:39:00 PM,07:39:00 PM,0
2095698,,ARGYMAL2,0,1730245500,1730245500,07:45:00 PM,07:45:00 PM,0
2095698,,DUNDCLK4,0,1730245574,1730245574,07:46:14 PM,07:46:14 PM,0
2095698,,DUNDBEA2,0,1730245637,1730245637,07:47:17 PM,07:47:17 PM,0
2095698,,DUNDTHR,0,1730245712,1730245712,07:48:32 PM,07:48:32 PM,0
2095698,,DUNDBUR2,,,,,,
2095698,,DUNDFIR2,,,,,,
2095698,,DUNDHAL2,,,,,,
2095698,,DUNDHAL4,,,,,,
2095698,,DUNDHIG2,0,1730245980,1730245980,07:53:00 PM,07:53:00 PM,0
2095698,,DUNDASH4,0,1730246044,1730246044,07:54:04 PM,07:54:04 PM,0
2095698,,DUNDMCOR,,,,,,
2095698,,DUNDDORI,,,,,,
2095698,,DUNDEGE2,,,,,,
2095698,,DUNDQUE2,0,1730246208,1730246208,07:56:48 PM,07:56:48 PM,0
2095698,,DUNDONT2,0,1730246246,1730246246,07:57:26 PM,07:57:26 PM,0
2095698,,DUNDREC2,0,1730246282,1730246282,07:58:02 PM,07:58:02 PM,0
2095698,,DUNDENGL,0,1730246319,1730246319,07:58:39 PM,07:58:39 PM,0
2095698,,DUNDELIZ,0,1730246358,1730246358,07:59:18 PM,07:59:18 PM,0
2095698,,DUNDADE2,0,1730246400,1730246400,08:00:00 PM,08:00:00 PM,0
2095698,,DUNDWIL2,0,1730246435,1730246435,08:00:35 PM,08:00:35 PM,0
2095698,,DUNDMAI2,0,1730246485,1730246485,08:01:25 PM,08:01:25 PM,0
2095698,,DUNDCOL2,0,1730246535,1730246535,08:02:15 PM,08:02:15 PM,0
2095698,,DUNDWAT2,0,1730246586,1730246586,08:03:06 PM,08:03:06 PM,0
2095698,,DUNDWEL2,0,1730246640,1730246640,08:04:00 PM,08:04:00 PM,0
2095698,,QUEECLAR,0,1730246751,1730246751,08:05:51 PM,08:05:51 PM,0
2095698,,QUEERIC1,0,1730246820,1730246820,08:07:00 PM,08:07:00 PM,0
2095698,,QUEERIC1,0,1730246820,1730246820,08:07:00 PM,08:07:00 PM,0
2095698,,QUENRIDO,0,1730246898,1730246898,08:08:18 PM,08:08:18 PM,0
2095698,,RIVEWIL2,0,1730246988,1730246988,08:09:48 PM,08:09:48 PM,0
2095698,,RIVEWHA2,0,1730247026,1730247026,08:10:26 PM,08:10:26 PM,0
2095698,,WHARMPL1,0,1730247067,1730247067,08:11:07 PM,08:11:07 PM,0
2095698,,WHARMOIR,0,1730247105,1730247105,08:11:45 PM,08:11:45 PM,0
2095698,,WHAREMPR,0,1730247163,1730247163,08:12:43 PM,08:12:43 PM,0
2095698,,WHAROXF1,0,1730247240,1730247240,08:14:00 PM,08:14:00 PM,0
2095698,,WESTESSE,0,1730247285,1730247285,08:14:45 PM,08:14:45 PM,0
2095698,,WESTHOL1,0,1730247323,1730247323,08:15:23 PM,08:15:23 PM,0
2095698,,WESTPLA1,0,1730247363,1730247363,08:16:03 PM,08:16:03 PM,0
2095698,,WESTPHA1,0,1730247420,1730247420,08:17:00 PM,08:17:00 PM,0
2095698,,WESTPHA3,0,1730247481,1730247481,08:18:01 PM,08:18:01 PM,0
2095698,,ALUMHAL1,0,1730247605,1730247605,08:20:05 PM,08:20:05 PM,0
2095698,,MIDDPERT,0,1730247758,1730247758,08:22:38 PM,08:22:38 PM,0
2095698,,NATSCI,0,1730247840,1730247840,08:24:00 PM,08:24:00 PM,0
2095627,,NATSCI,0,1730248320,1730248320,08:32:00 PM,08:32:00 PM,0
2095627,,WESTELG2,0,1730248455,1730248455,08:34:15 PM,08:34:15 PM,0
2095627,,WESTLAM2,0,1730248519,1730248519,08:35:19 PM,08:35:19 PM,0
2095627,,WESTSAR2,0,1730248620,1730248620,08:37:00 PM,08:37:00 PM,0
2095627,,WESTSAR4,0,1730248662,1730248662,08:37:42 PM,08:37:42 PM,0
2095627,,WESTPLA2,0,1730248732,1730248732,08:38:52 PM,08:38:52 PM,0
2095627,,WESTHOL2,0,1730248783,1730248783,08:39:43 PM,08:39:43 PM,0
2095627,,WHARMCDO,0,1730248846,1730248846,08:40:46 PM,08:40:46 PM,0
2095627,,WHAROXF2,0,1730248920,1730248920,08:42:00 PM,08:42:00 PM,0
2095627,,WHARPAUL,0,1730248976,1730248976,08:42:56 PM,08:42:56 PM,0
2095627,,WHARLEXI,0,1730249021,1730249021,08:43:41 PM,08:43:41 PM,0
2095627,,WHARMPL2,0,1730249059,1730249059,08:44:19 PM,08:44:19 PM,0
2095627,,RIVEWHA1,0,1730249091,1730249091,08:44:51 PM,08:44:51 PM,0
2095627,,RIVEWIL1,0,1730249118,1730249118,08:45:18 PM,08:45:18 PM,0
2095627,,DUNDRIDO,0,1730249190,1730249190,08:46:30 PM,08:46:30 PM,0
2095627,,KINGTALB,0,1730249230,1730249230,08:47:10 PM,08:47:10 PM,0
2095627,,KINGRICH,0,1730249280,1730249280,08:48:00 PM,08:48:00 PM,0
2095627,,KINGRICH,0,1730249280,1730249280,08:48:00 PM,08:48:00 PM,0
2095627,,WELLDUN3,0,1730249460,1730249460,08:51:00 PM,08:51:00 PM,0
2095627,,DUNDWAT1,0,1730249460,1730249460,08:51:00 PM,08:51:00 PM,0
2095627,,DUNDCOL1,0,1730249495,1730249495,08:51:35 PM,08:51:35 PM,0
2095627,,DUNDMAI1,0,1730249549,1730249549,08:52:29 PM,08:52:29 PM,0
2095627,,DUNDWIL1,0,1730249598,1730249598,08:53:18 PM,08:53:18 PM,0
2095627,,DUNDADE1,0,1730249640,1730249640,08:54:00 PM,08:54:00 PM,0
2095627,,DUNDLYLE,0,1730249687,1730249687,08:54:47 PM,08:54:47 PM,0
2095627,,DUNDHEWI,0,1730249719,1730249719,08:55:19 PM,08:55:19 PM,0
2095627,,DUNDREC1,0,1730249751,1730249751,08:55:51 PM,08:55:51 PM,0
2095627,,DUNDONT1,0,1730249773,1730249773,08:56:13 PM,08:56:13 PM,0
2095627,,DUNDQUE1,0,1730249806,1730249806,08:56:46 PM,08:56:46 PM,0
2095627,,DUNDEGE1,,,,,,
2095627,,DUNDKELL,,,,,,
2095627,,DUNDELE1,,,,,,
2095627,,DUNDASH1,0,1730249942,1730249942,08:59:02 PM,08:59:02 PM,0
2095627,,DUNDHIG1,0,1730250000,1730250000,09:00:00 PM,09:00:00 PM,0
2095627,,DUNDHAL3,,,,,,
2095627,,HALEDOU2,,,,,,
2095627,,HALEBEAT,,,,,,
2095627,,HALEMONT,,,,,,
2095627,,HALEBRY2,,,,,,
2095627,,HALESTE2,,,,,,
2095627,,HALETRA2,,,,,,
2095627,,TRAFSTE1,0,1730250245,1730250245,09:04:05 PM,09:04:05 PM,0
2095627,,TRAFTHO1,0,1730250267,1730250267,09:04:27 PM,09:04:27 PM,0
2095627,,TRAFVAN1,0,1730250316,1730250316,09:05:16 PM,09:05:16 PM,0
2095627,,TRAFBALF,0,1730250337,1730250337,09:05:37 PM,09:05:37 PM,0
2095627,,TRAFFAL2,0,1730250366,1730250366,09:06:06 PM,09:06:06 PM,0
2095627,,TRAFCLA1,0,1730250420,1730250420,09:07:00 PM,09:07:00 PM,0
2095627,,CLARTRA1,0,1730250445,1730250445,09:07:25 PM,09:07:25 PM,0
2095627,,CLARROY1,0,1730250500,1730250500,09:08:20 PM,09:08:20 PM,0
2095627,,CLARROY3,0,1730250528,1730250528,09:08:48 PM,09:08:48 PM,0
2095627,,CLARWAV1,0,1730250550,1730250550,09:09:10 PM,09:09:10 PM,0
2095627,,CLARCHU1,0,1730250584,1730250584,09:09:44 PM,09:09:44 PM,0
2095627,,ARGYMAL1,0,1730250660,1730250660,09:11:00 PM,09:11:00 PM,0
2095627,,ARGYMAL1,0,1730250900,1730250900,09:15:00 PM,09:15:00 PM,0
2095627,,CLARCHU2,0,1730250936,1730250936,09:15:36 PM,09:15:36 PM,0
2095627,,CLARWAV2,0,1730250972,1730250972,09:16:12 PM,09:16:12 PM,0
2095627,,CLARROY2,0,1730250991,1730250991,09:16:31 PM,09:16:31 PM,0
2095627,,CLARSUD2,0,1730251034,1730251034,09:17:14 PM,09:17:14 PM,0
2095627,,MARCTRAF,0,1730251092,1730251092,09:18:12 PM,09:18:12 PM,0
2095627,,MARCNOEL,0,1730251132,1730251132,09:18:52 PM,09:18:52 PM,0
2095627,,NOELBOW,0,1730251170,1730251170,09:19:30 PM,09:19:30 PM,0
2095627,,BOWBANC,0,1730251202,1730251202,09:20:02 PM,09:20:02 PM,0
2095627,,HUDSBAFF,0,1730251222,1730251222,09:20:22 PM,09:20:22 PM,0
2095627,,HUDSFROB,0,1730251240,1730251240,09:20:40 PM,09:20:40 PM,0
2095627,,HUDSJOLI,0,1730251282,1730251282,09:21:22 PM,09:21:22 PM,0
2095627,,HUDSTRAF,0,1730251305,1730251305,09:21:45 PM,09:21:45 PM,0
2095627,,TRAFHUD2,0,1730251380,1730251380,09:23:00 PM,09:23:00 PM,0
2095666,,TRAFHUD2,0,1730251440,1730251440,09:24:00 PM,09:24:00 PM,0
2095666,,TRAFHUD4,0,1730251472,1730251472,09:24:32 PM,09:24:32 PM,0
2095666,,TRAFBANC,0,1730251499,1730251499,09:24:59 PM,09:24:59 PM,0
2095666,,TRAFMARC,0,1730251560,1730251560,09:26:00 PM,09:26:00 PM,0
2095666,,TRAFCLA2,0,1730251586,1730251586,09:26:26 PM,09:26:26 PM,0
2095666,,TRAFCLA4,0,1730251605,1730251605,09:26:45 PM,09:26:45 PM,0
2095666,,TRAFATK2,0,1730251665,1730251665,09:27:45 PM,09:27:45 PM,0
2095666,,TRAFDAWN,0,1730251690,1730251690,09:28:10 PM,09:28:10 PM,0
2095666,,TRAFVAN2,0,1730251722,1730251722,09:28:42 PM,09:28:42 PM,0
2095666,,TRAFTHO2,0,1730251782,1730251782,09:29:42 PM,09:29:42 PM,0
2095666,,TRAFSTE2,0,1730251814,1730251814,09:30:14 PM,09:30:14 PM,0
2095666,,HALESTE1,0,1730251879,1730251879,09:31:19 PM,09:31:19 PM,0
2095666,,HALEBRY1,0,1730251914,1730251914,09:31:54 PM,09:31:54 PM,0
2095666,,HALEGRAY,0,1730251943,1730251943,09:32:23 PM,09:32:23 PM,0
2095666,,HALEEAST,0,1730251967,1730251967,09:32:47 PM,09:32:47 PM,0
2095666,,HALEDOU1,,,,,,
2095666,,HALEDUND,,,,,,
2095666,,DUNDHAL4,,,,,,
2095666,,DUNDHIG2,0,1730252100,1730252100,09:35:00 PM,09:35:00 PM,0
2095666,,DUNDASH4,0,1730252155,1730252155,09:35:55 PM,09:35:55 PM,0
2095666,,DUNDMCOR,,,,,,
2095666,,DUNDDORI,,,,,,
2095666,,DUNDEGE2,,,,,,
2095666,,DUNDQUE2,0,1730252294,1730252294,09:38:14 PM,09:38:14 PM,0
2095666,,DUNDONT2,0,1730252326,1730252326,09:38:46 PM,09:38:46 PM,0
2095666,,DUNDREC2,0,1730252356,1730252356,09:39:16 PM,09:39:16 PM,0
2095666,,DUNDENGL,0,1730252388,1730252388,09:39:48 PM,09:39:48 PM,0
2095666,,DUNDELIZ,0,1730252421,1730252421,09:40:21 PM,09:40:21 PM,0
2095666,,DUNDADE2,0,1730252460,1730252460,09:41:00 PM,09:41:00 PM,0
2095666,,DUNDWIL2,0,1730252486,1730252486,09:41:26 PM,09:41:26 PM,0
2095666,,DUNDMAI2,0,1730252523,1730252523,09:42:03 PM,09:42:03 PM,0
2095666,,DUNDCOL2,0,1730252561,1730252561,09:42:41 PM,09:42:41 PM,0
2095666,,DUNDWAT2,0,1730252599,1730252599,09:43:19 PM,09:43:19 PM,0
2095666,,DUNDWEL2,0,1730252640,1730252640,09:44:00 PM,09:44:00 PM,0
2095666,,QUEECLAR,0,1730252714,1730252714,09:45:14 PM,09:45:14 PM,0
2095666,,QUEERIC1,0,1730252760,1730252760,09:46:00 PM,09:46:00 PM,0
2095666,,QUEERIC1,0,1730252760,1730252760,09:46:00 PM,09:46:00 PM,0
2095666,,QUENRIDO,0,1730252826,1730252826,09:47:06 PM,09:47:06 PM,0
2095666,,RIVEWIL2,0,1730252911,1730252911,09:48:31 PM,09:48:31 PM,0
2095666,,RIVEWHA2,0,1730252943,1730252943,09:49:03 PM,09:49:03 PM,0
2095666,,WHARMPL1,0,1730252977,1730252977,09:49:37 PM,09:49:37 PM,0
2095666,,WHARMOIR,0,1730253009,1730253009,09:50:09 PM,09:50:09 PM,0
2095666,,WHAREMPR,0,1730253057,1730253057,09:50:57 PM,09:50:57 PM,0
2095666,,WHAROXF1,0,1730253120,1730253120,09:52:00 PM,09:52:00 PM,0
2095666,,WESTESSE,0,1730253150,1730253150,09:52:30 PM,09:52:30 PM,0
2095666,,WESTHOL1,0,1730253175,1730253175,09:52:55 PM,09:52:55 PM,0
2095666,,WESTPLA1,0,1730253202,1730253202,09:53:22 PM,09:53:22 PM,0
2095666,,WESTPHA1,0,1730253240,1730253240,09:54:00 PM,09:54:00 PM,0
2095666,,WESTPHA3,0,1730253289,1730253289,09:54:49 PM,09:54:49 PM,0
2095666,,ALUMHAL1,0,1730253389,1730253389,09:56:29 PM,09:56:29 PM,0
2095666,,MIDDPERT,0,1730253512,1730253512,09:58:32 PM,09:58:32 PM,0
2095666,,NATSCI,0,1730253600,1730253600,10:00:00 PM,10:00:00 PM,0
2095594,,NATSCI,0,1730253840,1730253840,10:04:00 PM,10:04:00 PM,0
2095594,,WESTELG2,0,1730253970,1730253970,10:06:10 PM,10:06:10 PM,0
2095594,,WESTLAM2,0,1730254036,1730254036,10:07:16 PM,10:07:16 PM,0
2095594,,WESTSAR2,0,1730254140,1730254140,10:09:00 PM,10:09:00 PM,0
2095594,,WESTSAR4,0,1730254182,1730254182,10:09:42 PM,10:09:42 PM,0
2095594,,WESTPLA2,0,1730254252,1730254252,10:10:52 PM,10:10:52 PM,0
2095594,,WESTHOL2,0,1730254303,1730254303,10:11:43 PM,10:11:43 PM,0
2095594,,WHARMCDO,0,1730254366,1730254366,10:12:46 PM,10:12:46 PM,0
2095594,,WHAROXF2,0,1730254440,1730254440,10:14:00 PM,10:14:00 PM,0
2095594,,WHARPAUL,0,1730254496,1730254496,10:14:56 PM,10:14:56 PM,0
2095594,,WHARLEXI,0,1730254541,1730254541,10:15:41 PM,10:15:41 PM,0
2095594,,WHARMPL2,0,1730254579,1730254579,10:16:19 PM,10:16:19 PM,0
2095594,,RIVEWHA1,0,1730254611,1730254611,10:16:51 PM,10:16:51 PM,0
2095594,,RIVEWIL1,0,1730254638,1730254638,10:17:18 PM,10:17:18 PM,0
2095594,,DUNDRIDO,0,1730254710,1730254710,10:18:30 PM,10:18:30 PM,0
2095594,,KINGTALB,0,1730254750,1730254750,10:19:10 PM,10:19:10 PM,0
2095594,,KINGRICH,0,1730254800,1730254800,10:20:00 PM,10:20:00 PM,0
2095594,,KINGRICH,0,1730254800,1730254800,10:20:00 PM,10:20:00 PM,0
2095594,,WELLDUN3,0,1730254980,1730254980,10:23:00 PM,10:23:00 PM,0
2095594,,DUNDWAT1,0,1730254980,1730254980,10:23:00 PM,10:23:00 PM,0
2095594,,DUNDCOL1,0,1730255015,1730255015,10:23:35 PM,10:23:35 PM,0
2095594,,DUNDMAI1,0,1730255069,1730255069,10:24:29 PM,10:24:29 PM,0
2095594,,DUNDWIL1,0,1730255118,1730255118,10:25:18 PM,10:25:18 PM,0
2095594,,DUNDADE1,0,1730255160,1730255160,10:26:00 PM,10:26:00 PM,0
2095594,,DUNDLYLE,0,1730255207,1730255207,10:26:47 PM,10:26:47 PM,0
2095594,,DUNDHEWI,0,1730255239,1730255239,10:27:19 PM,10:27:19 PM,0
2095594,,DUNDREC1,0,1730255271,1730255271,10:27:51 PM,10:27:51 PM,0
2095594,,DUNDONT1,0,1730255293,1730255293,10:28:13 PM,10:28:13 PM,0
2095594,,DUNDQUE1,0,1730255326,1730255326,10:28:46 PM,10:28:46 PM,0
2095594,,DUNDEGE1,,,,,,
2095594,,DUNDKELL,,,,,,
2095594,,DUNDELE1,,,,,,
2095594,,DUNDASH1,0,1730255462,1730255462,10:31:02 PM,10:31:02 PM,0
2095594,,DUNDHIG1,0,1730255520,1730255520,10:32:00 PM,10:32:00 PM,0
2095594,,DUNDFIR1,0,1730255643,1730255643,10:34:03 PM,10:34:03 PM,0
2095594,,DUNDSASK,0,1730255701,1730255701,10:35:01 PM,10:35:01 PM,0
2095594,,DUNDMANI,0,1730255754,1730255754,10:35:54 PM,10:35:54 PM,0
2095594,,DUNDBEA1,0,1730255826,1730255826,10:37:06 PM,10:37:06 PM,0
2095594,,DUNDCLK1,0,1730255874,1730255874,10:37:54 PM,10:37:54 PM,0
2095594,,ARGYMAL1,0,1730255940,1730255940,10:39:00 PM,10:39:00 PM,0
2095594,,ARGYMAL1,0,1730255940,1730255940,10:39:00 PM,10:39:00 PM,0
2095594,,DUNDEAS3,0,1730256028,1730256028,10:40:28 PM,10:40:28 PM,0
2095594,,DUNDWAV1,0,1730256066,1730256066,10:41:06 PM,10:41:06 PM,0
2095594,,DUNDFOR1,0,1730256093,1730256093,10:41:33 PM,10:41:33 PM,0
2095594,,DUNDSPE1,0,1730256110,1730256110,10:41:50 PM,10:41:50 PM,0
2095594,,DUNDCARL,0,1730256145,1730256145,10:42:25 PM,10:42:25 PM,0
2095594,,BONADUND,0,1730256180,1730256180,10:43:00 PM,10:43:00 PM,0
2095704,,BONADUND,0,1730256180,1730256180,10:43:00 PM,10:43:00 PM,0
2095704,,BONASIMP,0,1730256215,1730256215,10:43:35 PM,10:43:35 PM,0
2095704,,BONAMORE,0,1730256261,1730256261,10:44:21 PM,10:44:21 PM,0
2095704,,ADMIBON2,0,1730256292,1730256292,10:44:52 PM,10:44:52 PM,0
2095704,,ADMIVAU3,0,1730256315,1730256315,10:45:15 PM,10:45:15 PM,0
2095704,,ADMICAR2,0,1730256337,1730256337,10:45:37 PM,10:45:37 PM,0
2095704,,CARLCAPR,0,1730256368,1730256368,10:46:08 PM,10:46:08 PM,0
2095704,,CARLSPE3,0,1730256403,1730256403,10:46:43 PM,10:46:43 PM,0
2095704,,CARLSPE1,0,1730256418,1730256418,10:46:58 PM,10:46:58 PM,0
2095704,,CARLTIFF,0,1730256445,1730256445,10:47:25 PM,10:47:25 PM,0
2095704,,DUNDSPE2,0,1730256482,1730256482,10:48:02 PM,10:48:02 PM,0
2095704,,DUNDSPE4,0,1730256504,1730256504,10:48:24 PM,10:48:24 PM,0
2095704,,DUNDFOR2,0,1730256524,1730256524,10:48:44 PM,10:48:44 PM,0
2095704,,DUNDARVI,0,1730256558,1730256558,10:49:18 PM,10:49:18 PM,0
2095704,,DUNDEAS2,0,1730256591,1730256591,10:49:51 PM,10:49:51 PM,0
2095704,,CLARWHI2,0,1730256663,1730256663,10:51:03 PM,10:51:03 PM,0
2095704,,ARGYMAL2,0,1730256720,1730256720,10:52:00 PM,10:52:00 PM,0
2095704,,ARGYMAL2,0,1730257320,1730257320,11:02:00 PM,11:02:00 PM,0
2095704,,DUNDCLK4,0,1730257384,1730257384,11:03:04 PM,11:03:04 PM,0
2095704,,DUNDBEA2,0,1730257439,1730257439,11:03:59 PM,11:03:59 PM,0
2095704,,DUNDTHR,0,1730257505,1730257505,11:05:05 PM,11:05:05 PM,0
2095704,,DUNDBUR2,,,,,,
2095704,,DUNDFIR2,,,,,,
2095704,,DUNDHAL2,,,,,,
2095704,,DUNDHAL4,,,,,,
2095704,,DUNDHIG2,0,1730257740,1730257740,11:09:00 PM,11:09:00 PM,0
2095704,,DUNDASH4,0,1730257795,1730257795,11:09:55 PM,11:09:55 PM,0
2095704,,DUNDMCOR,,,,,,
2095704,,DUNDDORI,,,,,,
2095704,,DUNDEGE2,,,,,,
2095704,,DUNDQUE2,0,1730257934,1730257934,11:12:14 PM,11:12:14 PM,0
2095704,,DUNDONT2,0,1730257966,1730257966,11:12:46 PM,11:12:46 PM,0
2095704,,DUNDREC2,0,1730257996,1730257996,11:13:16 PM,11:13:16 PM,0
2095704,,DUNDENGL,0,1730258028,1730258028,11:13:48 PM,11:13:48 PM,0
2095704,,DUNDELIZ,0,1730258061,1730258061,11:14:21 PM,11:14:21 PM,0
2095704,,DUNDADE2,0,1730258100,1730258100,11:15:00 PM,11:15:00 PM,0
2095704,,DUNDWIL2,0,1730258126,1730258126,11:15:26 PM,11:15:26 PM,0
2095704,,DUNDMAI2,0,1730258163,1730258163,11:16:03 PM,11:16:03 PM,0
2095704,,DUNDCOL2,0,1730258201,1730258201,11:16:41 PM,11:16:41 PM,0
2095704,,DUNDWAT2,0,1730258239,1730258239,11:17:19 PM,11:17:19 PM,0
2095704,,DUNDWEL2,0,1730258280,1730258280,11:18:00 PM,11:18:00 PM,0
2095704,,QUEECLAR,0,1730258354,1730258354,11:19:14 PM,11:19:14 PM,0
2095704,,QUEERIC1,0,1730258400,1730258400,11:20:00 PM,11:20:00 PM,0
2095704,,QUEERIC1,0,1730258400,1730258400,11:20:00 PM,11:20:00 PM,0
2095704,,QUENRIDO,0,1730258467,1730258467,11:21:07 PM,11:21:07 PM,0
2095704,,RIVEWIL2,0,1730258544,1730258544,11:22:24 PM,11:22:24 PM,0
2095704,,RIVEWHA2,0,1730258577,1730258577,11:22:57 PM,11:22:57 PM,0
2095704,,WHARMPL1,0,1730258612,1730258612,11:23:32 PM,11:23:32 PM,0
2095704,,WHARMOIR,0,1730258644,1730258644,11:24:04 PM,11:24:04 PM,0
2095704,,WHAREMPR,0,1730258693,1730258693,11:24:53 PM,11:24:53 PM,0
2095704,,WHAROXF1,0,1730258760,1730258760,11:26:00 PM,11:26:00 PM,0
2095704,,WESTESSE,0,1730258790,1730258790,11:26:30 PM,11:26:30 PM,0
2095704,,WESTHOL1,0,1730258815,1730258815,11:26:55 PM,11:26:55 PM,0
2095704,,WESTPLA1,0,1730258842,1730258842,11:27:22 PM,11:27:22 PM,0
2095704,,WESTPHA1,0,1730258880,1730258880,11:28:00 PM,11:28:00 PM,0
2095704,,WESTPHA3,0,1730258932,1730258932,11:28:52 PM,11:28:52 PM,0
2095704,,ALUMHAL1,0,1730259039,1730259039,11:30:39 PM,11:30:39 PM,0
2095704,,MIDDPERT,0,1730259170,1730259170,11:32:50 PM,11:32:50 PM,0
2095704,,NATSCI,0,1730259240,1730259240,11:34:00 PM,11:34:00 PM,0
2095632,,NATSCI,0,1730259720,1730259720,11:42:00 PM,11:42:00 PM,0
2095632,,WESTELG2,0,1730259828,1730259828,11:43:48 PM,11:43:48 PM,0
2095632,,WESTLAM2,0,1730259879,1730259879,11:44:39 PM,11:44:39 PM,0
2095632,,WESTSAR2,0,1730259960,1730259960,11:46:00 PM,11:46:00 PM,0
2095632,,WESTSAR4,0,1730259985,1730259985,11:46:25 PM,11:46:25 PM,0
2095632,,WESTPLA2,0,1730260027,1730260027,11:47:07 PM,11:47:07 PM,0
2095632,,WESTHOL2,0,1730260057,1730260057,11:47:37 PM,11:47:37 PM,0
2095632,,WHARMCDO,0,1730260095,1730260095,11:48:15 PM,11:48:15 PM,0
2095632,,WHAROXF2,0,1730260140,1730260140,11:49:00 PM,11:49:00 PM,0
2095632,,WHARPAUL,0,1730260196,1730260196,11:49:56 PM,11:49:56 PM,0
2095632,,WHARLEXI,0,1730260241,1730260241,11:50:41 PM,11:50:41 PM,0
2095632,,WHARMPL2,0,1730260279,1730260279,11:51:19 PM,11:51:19 PM,0
2095632,,RIVEWHA1,0,1730260311,1730260311,11:51:51 PM,11:51:51 PM,0
2095632,,RIVEWIL1,0,1730260338,1730260338,11:52:18 PM,11:52:18 PM,0
2095632,,DUNDRIDO,0,1730260410,1730260410,11:53:30 PM,11:53:30 PM,0
2095632,,KINGTALB,0,1730260450,1730260450,11:54:10 PM,11:54:10 PM,0
2095632,,KINGRICH,0,1730260500,1730260500,11:55:00 PM,11:55:00 PM,0
2095632,,KINGRICH,0,1730260500,1730260500,11:55:00 PM,11:55:00 PM,0
2095632,,WELLDUN3,0,1730260620,1730260620,11:57:00 PM,11:57:00 PM,0
2095632,,DUNDWAT1,0,1730260620,1730260620,11:57:00 PM,11:57:00 PM,0
2095632,,DUNDCOL1,0,1730260643,1730260643,11:57:23 PM,11:57:23 PM,0
2095632,,DUNDMAI1,0,1730260679,1730260679,11:57:59 PM,11:57:59 PM,0
2095632,,DUNDWIL1,0,1730260712,1730260712,11:58:32 PM,11:58:32 PM,0
2095632,,DUNDADE1,0,1730260740,1730260740,11:59:00 PM,11:59:00 PM,0
2095632,,DUNDLYLE,0,1730260779,1730260779,11:59:39 PM,11:59:39 PM,0
2095632,,DUNDHEWI,0,1730260805,1730260805,12:00:05 AM,12:00:05 AM,0
2095632,,DUNDREC1,0,1730260832,1730260832,12:00:32 AM,12:00:32 AM,0
2095632,,DUNDONT1,0,1730260850,1730260850,12:00:50 AM,12:00:50 AM,0
2095632,,DUNDQUE1,0,1730260878,1730260878,12:01:18 AM,12:01:18 AM,0
2095632,,DUNDEGE1,,,,,,
2095632,,DUNDKELL,,,,,,
2095632,,DUNDELE1,,,,,,
2095632,,DUNDASH1,0,1730260991,1730260991,12:03:11 AM,12:03:11 AM,0
2095632,,DUNDHIG1,0,1730261040,1730261040,12:04:00 AM,12:04:00 AM,0
2095632,,DUNDHAL3,,,,,,
2095632,,HALEDOU2,,,,,,
2095632,,HALEBEAT,,,,,,
2095632,,HALEMONT,,,,,,
2095632,,HALEBRY2,,,,,,
2095632,,HALESTE2,,,,,,
2095632,,HALETRA2,,,,,,
2095632,,TRAFSTE1,0,1730261285,1730261285,12:08:05 AM,12:08:05 AM,0
2095632,,TRAFTHO1,0,1730261307,1730261307,12:08:27 AM,12:08:27 AM,0
2095632,,TRAFVAN1,0,1730261356,1730261356,12:09:16 AM,12:09:16 AM,0
2095632,,TRAFBALF,0,1730261377,1730261377,12:09:37 AM,12:09:37 AM,0
2095632,,TRAFFAL2,0,1730261406,1730261406,12:10:06 AM,12:10:06 AM,0
2095632,,TRAFCLA1,0,1730261460,1730261460,12:11:00 AM,12:11:00 AM,0
2095632,,CLARTRA1,0,1730261485,1730261485,12:11:25 AM,12:11:25 AM,0
2095632,,CLARROY1,0,1730261540,1730261540,12:12:20 AM,12:12:20 AM,0
2095632,,CLARROY3,0,1730261568,1730261568,12:12:48 AM,12:12:48 AM,0
2095632,,CLARWAV1,0,1730261590,1730261590,12:13:10 AM,12:13:10 AM,0
2095632,,CLARCHU1,0,1730261624,1730261624,12:13:44 AM,12:13:44 AM,0
2095632,,ARGYMAL1,0,1730261700,1730261700,12:15:00 AM,12:15:00 AM,0
2095632,,ARGYMAL1,0,1730261700,1730261700,12:15:00 AM,12:15:00 AM,0
2095632,,CLARCHU2,0,1730261736,1730261736,12:15:36 AM,12:15:36 AM,0
2095632,,CLARWAV2,0,1730261772,1730261772,12:16:12 AM,12:16:12 AM,0
2095632,,CLARROY2,0,1730261791,1730261791,12:16:31 AM,12:16:31 AM,0
2095632,,CLARSUD2,0,1730261834,1730261834,12:17:14 AM,12:17:14 AM,0
2095632,,MARCTRAF,0,1730261892,1730261892,12:18:12 AM,12:18:12 AM,0
2095632,,MARCNOEL,0,1730261932,1730261932,12:18:52 AM,12:18:52 AM,0
2095632,,NOELBOW,0,1730261970,1730261970,12:19:30 AM,12:19:30 AM,0
2095632,,BOWBANC,0,1730262002,1730262002,12:20:02 AM,12:20:02 AM,0
2095632,,HUDSBAFF,0,1730262022,1730262022,12:20:22 AM,12:20:22 AM,0
2095632,,HUDSFROB,0,1730262040,1730262040,12:20:40 AM,12:20:40 AM,0
2095632,,HUDSJOLI,0,1730262082,1730262082,12:21:22 AM,12:21:22 AM,0
2095632,,HUDSTRAF,0,1730262105,1730262105,12:21:45 AM,12:21:45 AM,0
2095632,,TRAFHUD2,0,1730262180,1730262180,12:23:00 AM,12:23:00 AM,0
2095690,,BONADUND,0,1730229900,1730229900,03:25:00 PM,03:25:00 PM,0
2095690,,BONASIMP,0,1730229951,1730229951,03:25:51 PM,03:25:51 PM,0
2095690,,BONAMORE,0,1730230017,1730230017,03:26:57 PM,03:26:57 PM,0
2095690,,ADMIBON2,0,1730230062,1730230062,03:27:42 PM,03:27:42 PM,0
2095690,,ADMIVAU3,0,1730230095,1730230095,03:28:15 PM,03:28:15 PM,0
2095690,,ADMICAR2,0,1730230128,1730230128,03:28:48 PM,03:28:48 PM,0
2095690,,CARLCAPR,0,1730230174,1730230174,03:29:34 PM,03:29:34 PM,0
2095690,,CARLSPE3,0,1730230225,1730230225,03:30:25 PM,03:30:25 PM,0
2095690,,CARLSPE1,0,1730230247,1730230247,03:30:47 PM,03:30:47 PM,0
2095690,,CARLTIFF,0,1730230287,1730230287,03:31:27 PM,03:31:27 PM,0
2095690,,DUNDSPE2,0,1730230340,1730230340,03:32:20 PM,03:32:20 PM,0
2095690,,DUNDSPE4,0,1730230373,1730230373,03:32:53 PM,03:32:53 PM,0
2095690,,DUNDFOR2,0,1730230402,1730230402,03:33:22 PM,03:33:22 PM,0
2095690,,DUNDARVI,0,1730230451,1730230451,03:34:11 PM,03:34:11 PM,0
2095690,,DUNDEAS2,0,1730230499,1730230499,03:34:59 PM,03:34:59 PM,0
2095690,,CLARWHI2,0,1730230604,1730230604,03:36:44 PM,03:36:44 PM,0
2095690,,ARGYMAL2,0,1730230680,1730230680,03:38:00 PM,03:38:00 PM,0
2095690,,ARGYMAL2,0,1730231160,1730231160,03:46:00 PM,03:46:00 PM,0
2095690,,DUNDCLK4,0,1730231261,1730231261,03:47:41 PM,03:47:41 PM,0
2095690,,DUNDBEA2,0,1730231347,1730231347,03:49:07 PM,03:49:07 PM,0
2095690,,DUNDTHR,0,1730231451,1730231451,03:50:51 PM,03:50:51 PM,0
2095690,,DUNDBUR2,,,,,,
2095690,,DUNDFIR2,,,,,,
2095690,,DUNDHAL2,,,,,,
2095690,,DUNDHAL4,,,,,,
2095690,,DUNDHIG2,0,1730231820,1730231820,03:57:00 PM,03:57:00 PM,0
2095690,,DUNDASH4,0,1730231911,1730231911,03:58:31 PM,03:58:31 PM,0
2095690,,DUNDMCOR,,,,,,
2095690,,DUNDDORI,,,,,,
2095690,,DUNDEGE2,,,,,,
2095690,,DUNDQUE2,0,1730232144,1730232144,04:02:24 PM,04:02:24 PM,0
2095690,,DUNDONT2,0,1730232198,1730232198,04:03:18 PM,04:03:18 PM,0
2095690,,DUNDREC2,0,1730232249,1730232249,04:04:09 PM,04:04:09 PM,0
2095690,,DUNDENGL,0,1730232303,1730232303,04:05:03 PM,04:05:03 PM,0
2095690,,DUNDELIZ,0,1730232359,1730232359,04:05:59 PM,04:05:59 PM,0
2095690,,DUNDADE2,0,1730232420,1730232420,04:07:00 PM,04:07:00 PM,0
2095690,,DUNDWIL2,0,1730232464,1730232464,04:07:44 PM,04:07:44 PM,0
2095690,,DUNDMAI2,0,1730232526,1730232526,04:08:46 PM,04:08:46 PM,0
2095690,,DUNDCOL2,0,1730232589,1730232589,04:09:49 PM,04:09:49 PM,0
2095690,,DUNDWAT2,0,1730232653,1730232653,04:10:53 PM,04:10:53 PM,0
2095690,,DUNDWEL2,0,1730232720,1730232720,04:12:00 PM,04:12:00 PM,0
2095690,,QUEECLAR,0,1730232831,1730232831,04:13:51 PM,04:13:51 PM,0
2095690,,QUEERIC1,0,1730232900,1730232900,04:15:00 PM,04:15:00 PM,0
2095690,,QUEERIC1,0,1730232900,1730232900,04:15:00 PM,04:15:00 PM,0
2095690,,QUENRIDO,0,1730233012,1730233012,04:16:52 PM,04:16:52 PM,0
2095690,,RIVEWIL2,0,1730233141,1730233141,04:19:01 PM,04:19:01 PM,0
2095690,,RIVEWHA2,0,1730233196,1730233196,04:19:56 PM,04:19:56 PM,0
2095690,,WHARMPL1,0,1730233255,1730233255,04:20:55 PM,04:20:55 PM,0
2095690,,WHARMOIR,0,1730233309,1730233309,04:21:49 PM,04:21:49 PM,0
2095690,,WHAREMPR,0,1730233391,1730233391,04:23:11 PM,04:23:11 PM,0
2095690,,WHAROXF1,0,1730233500,1730233500,04:25:00 PM,04:25:00 PM,0
2095690,,WESTESSE,0,1730233561,1730233561,04:26:01 PM,04:26:01 PM,0
2095690,,WESTHOL1,0,1730233612,1730233612,04:26:52 PM,04:26:52 PM,0
2095690,,WESTPLA1,0,1730233666,1730233666,04:27:46 PM,04:27:46 PM,0
2095690,,WESTPHA1,0,1730233740,1730233740,04:29:00 PM,04:29:00 PM,0
2095690,,WESTPHA3,0,1730233810,1730233810,04:30:10 PM,04:30:10 PM,0
2095690,,ALUMHAL1,0,1730233952,1730233952,04:32:32 PM,04:32:32 PM,0
2095690,,MIDDPERT,0,1730234127,1730234127,04:35:27 PM,04:35:27 PM,0
2095690,,NATSCI,0,1730234220,1730234220,04:37:00 PM,04:37:00 PM,0
2095620,,NATSCI,0,1730234640,1730234640,04:44:00 PM,04:44:00 PM,0
2095620,,WESTELG2,0,1730234964,1730234964,04:49:24 PM,04:49:24 PM,0
2095620,,WESTLAM2,0,1730235118,1730235118,04:51:58 PM,04:51:58 PM,0
2095620,,WESTSAR2,0,1730235360,1730235360,04:56:00 PM,04:56:00 PM,0
2095620,,WESTSAR4,0,1730235419,1730235419,04:56:59 PM,04:56:59 PM,0
2095620,,WESTPLA2,0,1730235517,1730235517,04:58:37 PM,04:58:37 PM,0
2095620,,WESTHOL2,0,1730235588,1730235588,04:59:48 PM,04:59:48 PM,0
2095620,,WHARMCDO,0,1730235677,1730235677,05:01:17 PM,05:01:17 PM,0
2095620,,WHAROXF2,0,1730235780,1730235780,05:03:00 PM,05:03:00 PM,0
2095620,,WHARPAUL,0,1730235874,1730235874,05:04:34 PM,05:04:34 PM,0
2095620,,WHARLEXI,0,1730235950,1730235950,05:05:50 PM,05:05:50 PM,0
2095620,,WHARMPL2,0,1730236013,1730236013,05:06:53 PM,05:06:53 PM,0
2095620,,RIVEWHA1,0,1730236067,1730236067,05:07:47 PM,05:07:47 PM,0
2095620,,RIVEWIL1,0,1730236112,1730236112,05:08:32 PM,05:08:32 PM,0
2095620,,DUNDRIDO,0,1730236232,1730236232,05:10:32 PM,05:10:32 PM,0
2095620,,KINGTALB,0,1730236300,1730236300,05:11:40 PM,05:11:40 PM,0
2095620,,KINGRICH,0,1730236380,1730236380,05:13:00 PM,05:13:00 PM,0
2095620,,KINGRICH,0,1730236380,1730236380,05:13:00 PM,05:13:00 PM,0
2095620,,WELLDUN3,0,1730236620,1730236620,05:17:00 PM,05:17:00 PM,0
2095620,,DUNDWAT1,0,1730236620,1730236620,05:17:00 PM,05:17:00 PM,0
2095620,,DUNDCOL1,0,1730236678,1730236678,05:17:58 PM,05:17:58 PM,0
2095620,,DUNDMAI1,0,1730236768,1730236768,05:19:28 PM,05:19:28 PM,0
2095620,,DUNDWIL1,0,1730236850,1730236850,05:20:50 PM,05:20:50 PM,0
2095620,,DUNDADE1,0,1730236920,1730236920,05:22:00 PM,05:22:00 PM,0
2095620,,DUNDLYLE,0,1730236991,1730236991,05:23:11 PM,05:23:11 PM,0
2095620,,DUNDHEWI,0,1730237039,1730237039,05:23:59 PM,05:23:59 PM,0
2095620,,DUNDREC1,0,1730237088,1730237088,05:24:48 PM,05:24:48 PM,0
2095620,,DUNDONT1,0,1730237121,1730237121,05:25:21 PM,05:25:21 PM,0
2095620,,DUNDQUE1,0,1730237171,1730237171,05:26:11 PM,05:26:11 PM,0
2095620,,DUNDEGE1,,,,,,
2095620,,DUNDKELL,,,,,,
2095620,,DUNDELE1,,,,,,
2095620,,DUNDASH1,0,1730237376,1730237376,05:29:36 PM,05:29:36 PM,0
2095620,,DUNDHIG1,0,1730237460,1730237460,05:31:00 PM,05:31:00 PM,0
2095620,,DUNDHAL3,,,,,,
2095620,,HALEDOU2,,,,,,
2095620,,HALEBEAT,,,,,,
2095620,,HALEMONT,,,,,,
2095620,,HALEBRY2,,,,,,
2095620,,HALESTE2,,,,,,
2095620,,HALETRA2,,,,,,
2095620,,TRAFSTE1,0,1730237814,1730237814,05:36:54 PM,05:36:54 PM,0
2095620,,TRAFTHO1,0,1730237846,1730237846,05:37:26 PM,05:37:26 PM,0
2095620,,TRAFVAN1,0,1730237916,1730237916,05:38:36 PM,05:38:36 PM,0
2095620,,TRAFBALF,0,1730237946,1730237946,05:39:06 PM,05:39:06 PM,0
2095620,,TRAFFAL2,0,1730237988,1730237988,05:39:48 PM,05:39:48 PM,0
2095620,,TRAFCLA1,0,1730238060,1730238060,05:41:00 PM,05:41:00 PM,0
2095620,,CLARTRA1,0,1730238092,1730238092,05:41:32 PM,05:41:32 PM,0
2095620,,CLARROY1,0,1730238161,1730238161,05:42:41 PM,05:42:41 PM,0
2095620,,CLARROY3,0,1730238196,1730238196,05:43:16 PM,05:43:16 PM,0
2095620,,CLARWAV1,0,1730238223,1730238223,05:43:43 PM,05:43:43 PM,0
2095620,,CLARCHU1,0,1730238266,1730238266,05:44:26 PM,05:44:26 PM,0
2095620,,ARGYMAL1,0,1730238360,1730238360,05:46:00 PM,05:46:00 PM,0
2095620,,ARGYMAL1,0,1730238720,1730238720,05:52:00 PM,05:52:00 PM,0
2095620,,CLARCHU2,0,1730238774,1730238774,05:52:54 PM,05:52:54 PM,0
2095620,,CLARWAV2,0,1730238828,1730238828,05:53:48 PM,05:53:48 PM,0
2095620,,CLARROY2,0,1730238857,1730238857,05:54:17 PM,05:54:17 PM,0
2095620,,CLARSUD2,0,1730238921,1730238921,05:55:21 PM,05:55:21 PM,0
2095620,,MARCTRAF,0,1730239009,1730239009,05:56:49 PM,05:56:49 PM,0
2095620,,MARCNOEL,0,1730239069,1730239069,05:57:49 PM,05:57:49 PM,0
2095620,,NOELBOW,0,1730239127,1730239127,05:58:47 PM,05:58:47 PM,0
2095620,,BOWBANC,0,1730239176,1730239176,05:59:36 PM,05:59:36 PM,0
2095620,,HUDSBAFF,0,1730239206,1730239206,06:00:06 PM,06:00:06 PM,0
2095620,,HUDSFROB,0,1730239233,1730239233,06:00:33 PM,06:00:33 PM,0
2095620,,HUDSJOLI,0,1730239296,1730239296,06:01:36 PM,06:01:36 PM,0
2095620,,HUDSTRAF,0,1730239331,1730239331,06:02:11 PM,06:02:11 PM,0
2095620,,TRAFHUD2,0,1730239440,1730239440,06:04:00 PM,06:04:00 PM,0
2095659,,TRAFHUD2,0,1730239440,1730239440,06:04:00 PM,06:04:00 PM,0
2095659,,TRAFHUD4,0,1730239475,1730239475,06:04:35 PM,06:04:35 PM,0
2095659,,TRAFBANC,0,1730239505,1730239505,06:05:05 PM,06:05:05 PM,0
2095659,,TRAFMARC,0,1730239572,1730239572,06:06:12 PM,06:06:12 PM,0
2095659,,TRAFCLA2,0,1730239600,1730239600,06:06:40 PM,06:06:40 PM,0
2095659,,TRAFCLA4,0,1730239621,1730239621,06:07:01 PM,06:07:01 PM,0
2095659,,TRAFATK2,0,1730239687,1730239687,06:08:07 PM,06:08:07 PM,0
2095659,,TRAFDAWN,0,1730239714,1730239714,06:08:34 PM,06:08:34 PM,0
2095659,,TRAFVAN2,0,1730239749,1730239749,06:09:09 PM,06:09:09 PM,0
2095659,,TRAFTHO2,0,1730239814,1730239814,06:10:14 PM,06:10:14 PM,0
2095659,,TRAFSTE2,0,1730239849,1730239849,06:10:49 PM,06:10:49 PM,0
2095659,,HALESTE1,0,1730239920,1730239920,06:12:00 PM,06:12:00 PM,0
2095659,,HALEBRY1,0,1730239958,1730239958,06:12:38 PM,06:12:38 PM,0
2095659,,HALEGRAY,0,1730239989,1730239989,06:13:09 PM,06:13:09 PM,0
2095659,,HALEEAST,0,1730240015,1730240015,06:13:35 PM,06:13:35 PM,0
2095659,,HALEDOU1,,,,,,
2095659,,HALEDUND,,,,,,
2095659,,DUNDHAL4,,,,,,
2095659,,DUNDHIG2,0,1730240160,1730240160,06:16:00 PM,06:16:00 PM,0
2095659,,DUNDASH4,0,1730240224,1730240224,06:17:04 PM,06:17:04 PM,0
2095659,,DUNDMCOR,,,,,,
2095659,,DUNDDORI,,,,,,
2095659,,DUNDEGE2,,,,,,
2095659,,DUNDQUE2,0,1730240388,1730240388,06:19:48 PM,06:19:48 PM,0
2095659,,DUNDONT2,0,1730240426,1730240426,06:20:26 PM,06:20:26 PM,0
2095659,,DUNDREC2,0,1730240462,1730240462,06:21:02 PM,06:21:02 PM,0
2095659,,DUNDENGL,0,1730240499,1730240499,06:21:39 PM,06:21:39 PM,0
2095659,,DUNDELIZ,0,1730240538,1730240538,06:22:18 PM,06:22:18 PM,0
2095659,,DUNDADE2,0,1730240580,1730240580,06:23:00 PM,06:23:00 PM,0
2095659,,DUNDWIL2,0,1730240615,1730240615,06:23:35 PM,06:23:35 PM,0
2095659,,DUNDMAI2,0,1730240665,1730240665,06:24:25 PM,06:24:25 PM,0
2095659,,DUNDCOL2,0,1730240715,1730240715,06:25:15 PM,06:25:15 PM,0
2095659,,DUNDWAT2,0,1730240766,1730240766,06:26:06 PM,06:26:06 PM,0
2095659,,DUNDWEL2,0,1730240820,1730240820,06:27:00 PM,06:27:00 PM,0
2095659,,QUEECLAR,0,1730240931,1730240931,06:28:51 PM,06:28:51 PM,0
2095659,,QUEERIC1,0,1730241000,1730241000,06:30:00 PM,06:30:00 PM,0
2095659,,QUEERIC1,0,1730241000,1730241000,06:30:00 PM,06:30:00 PM,0
2095659,,QUENRIDO,0,1730241077,1730241077,06:31:17 PM,06:31:17 PM,0
2095659,,RIVEWIL2,0,1730241176,1730241176,06:32:56 PM,06:32:56 PM,0
2095659,,RIVEWHA2,0,1730241213,1730241213,06:33:33 PM,06:33:33 PM,0
2095659,,WHARMPL1,0,1730241253,1730241253,06:34:13 PM,06:34:13 PM,0
2095659,,WHARMOIR,0,1730241290,1730241290,06:34:50 PM,06:34:50 PM,0
2095659,,WHAREMPR,0,1730241346,1730241346,06:35:46 PM,06:35:46 PM,0
2095659,,WHAROXF1,0,1730241420,1730241420,06:37:00 PM,06:37:00 PM,0
2095659,,WESTESSE,0,1730241465,1730241465,06:37:45 PM,06:37:45 PM,0
2095659,,WESTHOL1,0,1730241503,1730241503,06:38:23 PM,06:38:23 PM,0
2095659,,WESTPLA1,0,1730241543,1730241543,06:39:03 PM,06:39:03 PM,0
2095659,,WESTPHA1,0,1730241600,1730241600,06:40:00 PM,06:40:00 PM,0
2095659,,WESTPHA3,0,1730241657,1730241657,06:40:57 PM,06:40:57 PM,0
2095659,,ALUMHAL1,0,1730241774,1730241774,06:42:54 PM,06:42:54 PM,0
2095659,,MIDDPERT,0,1730241918,1730241918,06:45:18 PM,06:45:18 PM,0
2095659,,NATSCI,0,1730242020,1730242020,06:47:00 PM,06:47:00 PM,0
2095624,,NATSCI,0,1730242620,1730242620,06:57:00 PM,06:57:00 PM,0
2095624,,WESTELG2,0,1730242782,1730242782,06:59:42 PM,06:59:42 PM,0
2095624,,WESTLAM2,0,1730242859,1730242859,07:00:59 PM,07:00:59 PM,0
2095624,,WESTSAR2,0,1730242980,1730242980,07:03:00 PM,07:03:00 PM,0
2095624,,WESTSAR4,0,1730243022,1730243022,07:03:42 PM,07:03:42 PM,0
2095624,,WESTPLA2,0,1730243092,1730243092,07:04:52 PM,07:04:52 PM,0
2095624,,WESTHOL2,0,1730243143,1730243143,07:05:43 PM,07:05:43 PM,0
2095624,,WHARMCDO,0,1730243206,1730243206,07:06:46 PM,07:06:46 PM,0
2095624,,WHAROXF2,0,1730243280,1730243280,07:08:00 PM,07:08:00 PM,0
2095624,,WHARPAUL,0,1730243345,1730243345,07:09:05 PM,07:09:05 PM,0
2095624,,WHARLEXI,0,1730243398,1730243398,07:09:58 PM,07:09:58 PM,0
2095624,,WHARMPL2,0,1730243442,1730243442,07:10:42 PM,07:10:42 PM,0
2095624,,RIVEWHA1,0,1730243480,1730243480,07:11:20 PM,07:11:20 PM,0
2095624,,RIVEWIL1,0,1730243511,1730243511,07:11:51 PM,07:11:51 PM,0
2095624,,DUNDRIDO,0,1730243595,1730243595,07:13:15 PM,07:13:15 PM,0
2095624,,KINGTALB,0,1730243642,1730243642,07:14:02 PM,07:14:02 PM,0
2095624,,KINGRICH,0,1730243700,1730243700,07:15:00 PM,07:15:00 PM,0
2095624,,KINGRICH,0,1730243700,1730243700,07:15:00 PM,07:15:00 PM,0
2095624,,WELLDUN3,0,1730243880,1730243880,07:18:00 PM,07:18:00 PM,0
2095624,,DUNDWAT1,0,1730243880,1730243880,07:18:00 PM,07:18:00 PM,0
2095624,,DUNDCOL1,0,1730243926,1730243926,07:18:46 PM,07:18:46 PM,0
2095624,,DUNDMAI1,0,1730243998,1730243998,07:19:58 PM,07:19:58 PM,0
2095624,,DUNDWIL1,0,1730244064,1730244064,07:21:04 PM,07:21:04 PM,0
2095624,,DUNDADE1,0,1730244120,1730244120,07:22:00 PM,07:22:00 PM,0
2095624,,DUNDLYLE,0,1730244175,1730244175,07:22:55 PM,07:22:55 PM,0
2095624,,DUNDHEWI,0,1730244212,1730244212,07:23:32 PM,07:23:32 PM,0
2095624,,DUNDREC1,0,1730244250,1730244250,07:24:10 PM,07:24:10 PM,0
2095624,,DUNDONT1,0,1730244275,1730244275,07:24:35 PM,07:24:35 PM,0
2095624,,DUNDQUE1,0,1730244314,1730244314,07:25:14 PM,07:25:14 PM,0
2095624,,DUNDEGE1,,,,,,
2095624,,DUNDKELL,,,,,,
2095624,,DUNDELE1,,,,,,
2095624,,DUNDASH1,0,1730244473,1730244473,07:27:53 PM,07:27:53 PM,0
2095624,,DUNDHIG1,0,1730244540,1730244540,07:29:00 PM,07:29:00 PM,0
2095624,,DUNDHAL3,,,,,,
2095624,,HALEDOU2,,,,,,
2095624,,HALEBEAT,,,,,,
2095624,,HALEMONT,,,,,,
2095624,,HALEBRY2,,,,,,
2095624,,HALESTE2,,,,,,
2095624,,HALETRA2,,,,,,
2095624,,TRAFSTE1,0,1730244822,1730244822,07:33:42 PM,07:33:42 PM,0
2095624,,TRAFTHO1,0,1730244847,1730244847,07:34:07 PM,07:34:07 PM,0
2095624,,TRAFVAN1,0,1730244903,1730244903,07:35:03 PM,07:35:03 PM,0
2095624,,TRAFBALF,0,1730244927,1730244927,07:35:27 PM,07:35:27 PM,0
2095624,,TRAFFAL2,0,1730244961,1730244961,07:36:01 PM,07:36:01 PM,0
2095624,,TRAFCLA1,0,1730245020,1730245020,07:37:00 PM,07:37:00 PM,0
2095624,,CLARTRA1,0,1730245045,1730245045,07:37:25 PM,07:37:25 PM,0
2095624,,CLARROY1,0,1730245100,1730245100,07:38:20 PM,07:38:20 PM,0
2095624,,CLARROY3,0,1730245128,1730245128,07:38:48 PM,07:38:48 PM,0
2095624,,CLARWAV1,0,1730245150,1730245150,07:39:10 PM,07:39:10 PM,0
2095624,,CLARCHU1,0,1730245184,1730245184,07:39:44 PM,07:39:44 PM,0
2095624,,ARGYMAL1,0,1730245260,1730245260,07:41:00 PM,07:41:00 PM,0
2095624,,ARGYMAL1,0,1730245500,1730245500,07:45:00 PM,07:45:00 PM,0
2095624,,CLARCHU2,0,1730245540,1730245540,07:45:40 PM,07:45:40 PM,0
2095624,,CLARWAV2,0,1730245580,1730245580,07:46:20 PM,07:46:20 PM,0
2095624,,CLARROY2,0,1730245601,1730245601,07:46:41 PM,07:46:41 PM,0
2095624,,CLARSUD2,0,1730245649,1730245649,07:47:29 PM,07:47:29 PM,0
2095624,,MARCTRAF,0,1730245715,1730245715,07:48:35 PM,07:48:35 PM,0
2095624,,MARCNOEL,0,1730245760,1730245760,07:49:20 PM,07:49:20 PM,0
2095624,,NOELBOW,0,1730245803,1730245803,07:50:03 PM,07:50:03 PM,0
2095624,,BOWBANC,0,1730245839,1730245839,07:50:39 PM,07:50:39 PM,0
2095624,,HUDSBAFF,0,1730245861,1730245861,07:51:01 PM,07:51:01 PM,0
2095624,,HUDSFROB,0,1730245881,1730245881,07:51:21 PM,07:51:21 PM,0
2095624,,HUDSJOLI,0,1730245928,1730245928,07:52:08 PM,07:52:08 PM,0
2095624,,HUDSTRAF,0,1730245954,1730245954,07:52:34 PM,07:52:34 PM,0
2095624,,TRAFHUD2,0,1730246040,1730246040,07:54:00 PM,07:54:00 PM,0
2095663,,TRAFHUD2,0,1730246040,1730246040,07:54:00 PM,07:54:00 PM,0
2095663,,TRAFHUD4,0,1730246075,1730246075,07:54:35 PM,07:54:35 PM,0
2095663,,TRAFBANC,0,1730246105,1730246105,07:55:05 PM,07:55:05 PM,0
2095663,,TRAFMARC,0,1730246172,1730246172,07:56:12 PM,07:56:12 PM,0
2095663,,TRAFCLA2,0,1730246200,1730246200,07:56:40 PM,07:56:40 PM,0
2095663,,TRAFCLA4,0,1730246221,1730246221,07:57:01 PM,07:57:01 PM,0
2095663,,TRAFATK2,0,1730246287,1730246287,07:58:07 PM,07:58:07 PM,0
2095663,,TRAFDAWN,0,1730246314,1730246314,07:58:34 PM,07:58:34 PM,0
2095663,,TRAFVAN2,0,1730246349,1730246349,07:59:09 PM,07:59:09 PM,0
2095663,,TRAFTHO2,0,1730246414,1730246414,08:00:14 PM,08:00:14 PM,0
2095663,,TRAFSTE2,0,1730246449,1730246449,08:00:49 PM,08:00:49 PM,0
2095663,,HALESTE1,0,1730246520,1730246520,08:02:00 PM,08:02:00 PM,0
2095663,,HALEBRY1,0,1730246558,1730246558,08:02:38 PM,08:02:38 PM,0
2095663,,HALEGRAY,0,1730246589,1730246589,08:03:09 PM,08:03:09 PM,0
2095663,,HALEEAST,0,1730246615,1730246615,08:03:35 PM,08:03:35 PM,0
2095663,,HALEDOU1,,,,,,
2095663,,HALEDUND,,,,,,
2095663,,DUNDHAL4,,,,,,
2095663,,DUNDHIG2,0,1730246760,1730246760,08:06:00 PM,08:06:00 PM,0
2095663,,DUNDASH4,0,1730246824,1730246824,08:07:04 PM,08:07:04 PM,0
2095663,,DUNDMCOR,,,,,,
2095663,,DUNDDORI,,,,,,
2095663,,DUNDEGE2,,,,,,
2095663,,DUNDQUE2,0,1730246988,1730246988,08:09:48 PM,08:09:48 PM,0
2095663,,DUNDONT2,0,1730247026,1730247026,08:10:26 PM,08:10:26 PM,0
2095663,,DUNDREC2,0,1730247062,1730247062,08:11:02 PM,08:11:02 PM,0
2095663,,DUNDENGL,0,1730247099,1730247099,08:11:39 PM,08:11:39 PM,0
2095663,,DUNDELIZ,0,1730247138,1730247138,08:12:18 PM,08:12:18 PM,0
2095663,,DUNDADE2,0,1730247180,1730247180,08:13:00 PM,08:13:00 PM,0
2095663,,DUNDWIL2,0,1730247215,1730247215,08:13:35 PM,08:13:35 PM,0
2095663,,DUNDMAI2,0,1730247265,1730247265,08:14:25 PM,08:14:25 PM,0
2095663,,DUNDCOL2,0,1730247315,1730247315,08:15:15 PM,08:15:15 PM,0
2095663,,DUNDWAT2,0,1730247366,1730247366,08:16:06 PM,08:16:06 PM,0
2095663,,DUNDWEL2,0,1730247420,1730247420,08:17:00 PM,08:17:00 PM,0
2095663,,QUEECLAR,0,1730247531,1730247531,08:18:51 PM,08:18:51 PM,0
2095663,,QUEERIC1,0,1730247600,1730247600,08:20:00 PM,08:20:00 PM,0
2095663,,QUEERIC1,0,1730247600,1730247600,08:20:00 PM,08:20:00 PM,0
2095663,,QUENRIDO,0,1730247677,1730247677,08:21:17 PM,08:21:17 PM,0
2095663,,RIVEWIL2,0,1730247776,1730247776,08:22:56 PM,08:22:56 PM,0
2095663,,RIVEWHA2,0,1730247813,1730247813,08:23:33 PM,08:23:33 PM,0
2095663,,WHARMPL1,0,1730247853,1730247853,08:24:13 PM,08:24:13 PM,0
2095663,,WHARMOIR,0,1730247890,1730247890,08:24:50 PM,08:24:50 PM,0
2095663,,WHAREMPR,0,1730247946,1730247946,08:25:46 PM,08:25:46 PM,0
2095663,,WHAROXF1,0,1730248020,1730248020,08:27:00 PM,08:27:00 PM,0
2095663,,WESTESSE,0,1730248065,1730248065,08:27:45 PM,08:27:45 PM,0
2095663,,WESTHOL1,0,1730248103,1730248103,08:28:23 PM,08:28:23 PM,0
2095663,,WESTPLA1,0,1730248143,1730248143,08:29:03 PM,08:29:03 PM,0
2095663,,WESTPHA1,0,1730248200,1730248200,08:30:00 PM,08:30:00 PM,0
2095663,,WESTPHA3,0,1730248257,1730248257,08:30:57 PM,08:30:57 PM,0
2095663,,ALUMHAL1,0,1730248374,1730248374,08:32:54 PM,08:32:54 PM,0
2095663,,MIDDPERT,0,1730248518,1730248518,08:35:18 PM,08:35:18 PM,0
2095663,,NATSCI,0,1730248620,1730248620,08:37:00 PM,08:37:00 PM,0
2095592,,NATSCI,0,1730249040,1730249040,08:44:00 PM,08:44:00 PM,0
2095592,,WESTELG2,0,1730249170,1730249170,08:46:10 PM,08:46:10 PM,0
2095592,,WESTLAM2,0,1730249236,1730249236,08:47:16 PM,08:47:16 PM,0
2095592,,WESTSAR2,0,1730249340,1730249340,08:49:00 PM,08:49:00 PM,0
2095592,,WESTSAR4,0,1730249382,1730249382,08:49:42 PM,08:49:42 PM,0
2095592,,WESTPLA2,0,1730249452,1730249452,08:50:52 PM,08:50:52 PM,0
2095592,,WESTHOL2,0,1730249503,1730249503,08:51:43 PM,08:51:43 PM,0
2095592,,WHARMCDO,0,1730249566,1730249566,08:52:46 PM,08:52:46 PM,0
2095592,,WHAROXF2,0,1730249640,1730249640,08:54:00 PM,08:54:00 PM,0
2095592,,WHARPAUL,0,1730249696,1730249696,08:54:56 PM,08:54:56 PM,0
2095592,,WHARLEXI,0,1730249741,1730249741,08:55:41 PM,08:55:41 PM,0
2095592,,WHARMPL2,0,1730249779,1730249779,08:56:19 PM,08:56:19 PM,0
2095592,,RIVEWHA1,0,1730249811,1730249811,08:56:51 PM,08:56:51 PM,0
2095592,,RIVEWIL1,0,1730249838,1730249838,08:57:18 PM,08:57:18 PM,0
2095592,,DUNDRIDO,0,1730249910,1730249910,08:58:30 PM,08:58:30 PM,0
2095592,,KINGTALB,0,1730249950,1730249950,08:59:10 PM,08:59:10 PM,0
2095592,,KINGRICH,0,1730250000,1730250000,09:00:00 PM,09:00:00 PM,0
2095592,,KINGRICH,0,1730250000,1730250000,09:00:00 PM,09:00:00 PM,0
2095592,,WELLDUN3,0,1730250180,1730250180,09:03:00 PM,09:03:00 PM,0
2095592,,DUNDWAT1,0,1730250180,1730250180,09:03:00 PM,09:03:00 PM,0
2095592,,DUNDCOL1,0,1730250215,1730250215,09:03:35 PM,09:03:35 PM,0
2095592,,DUNDMAI1,0,1730250269,1730250269,09:04:29 PM,09:04:29 PM,0
2095592,,DUNDWIL1,0,1730250318,1730250318,09:05:18 PM,09:05:18 PM,0
2095592,,DUNDADE1,0,1730250360,1730250360,09:06:00 PM,09:06:00 PM,0
2095592,,DUNDLYLE,0,1730250407,1730250407,09:06:47 PM,09:06:47 PM,0
2095592,,DUNDHEWI,0,1730250439,1730250439,09:07:19 PM,09:07:19 PM,0
2095592,,DUNDREC1,0,1730250471,1730250471,09:07:51 PM,09:07:51 PM,0
2095592,,DUNDONT1,0,1730250493,1730250493,09:08:13 PM,09:08:13 PM,0
2095592,,DUNDQUE1,0,1730250526,1730250526,09:08:46 PM,09:08:46 PM,0
2095592,,DUNDEGE1,,,,,,
2095592,,DUNDKELL,,,,,,
2095592,,DUNDELE1,,,,,,
2095592,,DUNDASH1,0,1730250662,1730250662,09:11:02 PM,09:11:02 PM,0
2095592,,DUNDHIG1,0,1730250720,1730250720,09:12:00 PM,09:12:00 PM,0
2095592,,DUNDFIR1,0,1730250843,1730250843,09:14:03 PM,09:14:03 PM,0
2095592,,DUNDSASK,0,1730250901,1730250901,09:15:01 PM,09:15:01 PM,0
2095592,,DUNDMANI,0,1730250954,1730250954,09:15:54 PM,09:15:54 PM,0
2095592,,DUNDBEA1,0,1730251026,1730251026,09:17:06 PM,09:17:06 PM,0
2095592,,DUNDCLK1,0,1730251074,1730251074,09:17:54 PM,09:17:54 PM,0
2095592,,ARGYMAL1,0,1730251140,1730251140,09:19:00 PM,09:19:00 PM,0
2095592,,ARGYMAL1,0,1730251680,1730251680,09:28:00 PM,09:28:00 PM,0
2095592,,DUNDEAS3,0,1730251768,1730251768,09:29:28 PM,09:29:28 PM,0
2095592,,DUNDWAV1,0,1730251806,1730251806,09:30:06 PM,09:30:06 PM,0
2095592,,DUNDFOR1,0,1730251833,1730251833,09:30:33 PM,09:30:33 PM,0
2095592,,DUNDSPE1,0,1730251850,1730251850,09:30:50 PM,09:30:50 PM,0
2095592,,DUNDCARL,0,1730251885,1730251885,09:31:25 PM,09:31:25 PM,0
2095592,,BONADUND,0,1730251920,1730251920,09:32:00 PM,09:32:00 PM,0
2095702,,BONADUND,0,1730251980,1730251980,09:33:00 PM,09:33:00 PM,0
2095702,,BONASIMP,0,1730252015,1730252015,09:33:35 PM,09:33:35 PM,0
2095702,,BONAMORE,0,1730252061,1730252061,09:34:21 PM,09:34:21 PM,0
2095702,,ADMIBON2,0,1730252092,1730252092,09:34:52 PM,09:34:52 PM,0
2095702,,ADMIVAU3,0,1730252115,1730252115,09:35:15 PM,09:35:15 PM,0
2095702,,ADMICAR2,0,1730252137,1730252137,09:35:37 PM,09:35:37 PM,0
2095702,,CARLCAPR,0,1730252168,1730252168,09:36:08 PM,09:36:08 PM,0
2095702,,CARLSPE3,0,1730252203,1730252203,09:36:43 PM,09:36:43 PM,0
2095702,,CARLSPE1,0,1730252218,1730252218,09:36:58 PM,09:36:58 PM,0
2095702,,CARLTIFF,0,1730252245,1730252245,09:37:25 PM,09:37:25 PM,0
2095702,,DUNDSPE2,0,1730252282,1730252282,09:38:02 PM,09:38:02 PM,0
2095702,,DUNDSPE4,0,1730252304,1730252304,09:38:24 PM,09:38:24 PM,0
2095702,,DUNDFOR2,0,1730252324,1730252324,09:38:44 PM,09:38:44 PM,0
2095702,,DUNDARVI,0,1730252358,1730252358,09:39:18 PM,09:39:18 PM,0
2095702,,DUNDEAS2,0,1730252391,1730252391,09:39:51 PM,09:39:51 PM,0
2095702,,CLARWHI2,0,1730252463,1730252463,09:41:03 PM,09:41:03 PM,0
2095702,,ARGYMAL2,0,1730252520,1730252520,09:42:00 PM,09:42:00 PM,0
2095702,,ARGYMAL2,0,1730253120,1730253120,09:52:00 PM,09:52:00 PM,0
2095702,,DUNDCLK4,0,1730253184,1730253184,09:53:04 PM,09:53:04 PM,0
2095702,,DUNDBEA2,0,1730253239,1730253239,09:53:59 PM,09:53:59 PM,0
2095702,,DUNDTHR,0,1730253305,1730253305,09:55:05 PM,09:55:05 PM,0
2095702,,DUNDBUR2,,,,,,
2095702,,DUNDFIR2,,,,,,
2095702,,DUNDHAL2,,,,,,
2095702,,DUNDHAL4,,,,,,
2095702,,DUNDHIG2,0,1730253540,1730253540,09:59:00 PM,09:59:00 PM,0
2095702,,DUNDASH4,0,1730253595,1730253595,09:59:55 PM,09:59:55 PM,0
2095702,,DUNDMCOR,,,,,,
2095702,,DUNDDORI,,,,,,
2095702,,DUNDEGE2,,,,,,
2095702,,DUNDQUE2,0,1730253734,1730253734,10:02:14 PM,10:02:14 PM,0
2095702,,DUNDONT2,0,1730253766,1730253766,10:02:46 PM,10:02:46 PM,0
2095702,,DUNDREC2,0,1730253796,1730253796,10:03:16 PM,10:03:16 PM,0
2095702,,DUNDENGL,0,1730253828,1730253828,10:03:48 PM,10:03:48 PM,0
2095702,,DUNDELIZ,0,1730253861,1730253861,10:04:21 PM,10:04:21 PM,0
2095702,,DUNDADE2,0,1730253900,1730253900,10:05:00 PM,10:05:00 PM,0
2095702,,DUNDWIL2,0,1730253926,1730253926,10:05:26 PM,10:05:26 PM,0
2095702,,DUNDMAI2,0,1730253963,1730253963,10:06:03 PM,10:06:03 PM,0
2095702,,DUNDCOL2,0,1730254001,1730254001,10:06:41 PM,10:06:41 PM,0
2095702,,DUNDWAT2,0,1730254039,1730254039,10:07:19 PM,10:07:19 PM,0
2095702,,DUNDWEL2,0,1730254080,1730254080,10:08:00 PM,10:08:00 PM,0
2095702,,QUEECLAR,0,1730254154,1730254154,10:09:14 PM,10:09:14 PM,0
2095702,,QUEERIC1,0,1730254200,1730254200,10:10:00 PM,10:10:00 PM,0
2095702,,QUEERIC1,0,1730254200,1730254200,10:10:00 PM,10:10:00 PM,0
2095702,,QUENRIDO,0,1730254267,1730254267,10:11:07 PM,10:11:07 PM,0
2095702,,RIVEWIL2,0,1730254344,1730254344,10:12:24 PM,10:12:24 PM,0
2095702,,RIVEWHA2,0,1730254377,1730254377,10:12:57 PM,10:12:57 PM,0
2095702,,WHARMPL1,0,1730254412,1730254412,10:13:32 PM,10:13:32 PM,0
2095702,,WHARMOIR,0,1730254444,1730254444,10:14:04 PM,10:14:04 PM,0
2095702,,WHAREMPR,0,1730254493,1730254493,10:14:53 PM,10:14:53 PM,0
2095702,,WHAROXF1,0,1730254560,1730254560,10:16:00 PM,10:16:00 PM,0
2095702,,WESTESSE,0,1730254590,1730254590,10:16:30 PM,10:16:30 PM,0
2095702,,WESTHOL1,0,1730254615,1730254615,10:16:55 PM,10:16:55 PM,0
2095702,,WESTPLA1,0,1730254642,1730254642,10:17:22 PM,10:17:22 PM,0
2095702,,WESTPHA1,0,1730254680,1730254680,10:18:00 PM,10:18:00 PM,0
2095702,,WESTPHA3,0,1730254732,1730254732,10:18:52 PM,10:18:52 PM,0
2095702,,ALUMHAL1,0,1730254839,1730254839,10:20:39 PM,10:20:39 PM,0
2095702,,MIDDPERT,0,1730254970,1730254970,10:22:50 PM,10:22:50 PM,0
2095702,,NATSCI,0,1730255040,1730255040,10:24:00 PM,10:24:00 PM,0
2095630,,NATSCI,0,1730255220,1730255220,10:27:00 PM,10:27:00 PM,0
2095630,,WESTELG2,0,1730255355,1730255355,10:29:15 PM,10:29:15 PM,0
2095630,,WESTLAM2,0,1730255419,1730255419,10:30:19 PM,10:30:19 PM,0
2095630,,WESTSAR2,0,1730255520,1730255520,10:32:00 PM,10:32:00 PM,0
2095630,,WESTSAR4,0,1730255562,1730255562,10:32:42 PM,10:32:42 PM,0
2095630,,WESTPLA2,0,1730255632,1730255632,10:33:52 PM,10:33:52 PM,0
2095630,,WESTHOL2,0,1730255683,1730255683,10:34:43 PM,10:34:43 PM,0
2095630,,WHARMCDO,0,1730255746,1730255746,10:35:46 PM,10:35:46 PM,0
2095630,,WHAROXF2,0,1730255820,1730255820,10:37:00 PM,10:37:00 PM,0
2095630,,WHARPAUL,0,1730255876,1730255876,10:37:56 PM,10:37:56 PM,0
2095630,,WHARLEXI,0,1730255921,1730255921,10:38:41 PM,10:38:41 PM,0
2095630,,WHARMPL2,0,1730255959,1730255959,10:39:19 PM,10:39:19 PM,0
2095630,,RIVEWHA1,0,1730255991,1730255991,10:39:51 PM,10:39:51 PM,0
2095630,,RIVEWIL1,0,1730256018,1730256018,10:40:18 PM,10:40:18 PM,0
2095630,,DUNDRIDO,0,1730256090,1730256090,10:41:30 PM,10:41:30 PM,0
2095630,,KINGTALB,0,1730256130,1730256130,10:42:10 PM,10:42:10 PM,0
2095630,,KINGRICH,0,1730256180,1730256180,10:43:00 PM,10:43:00 PM,0
2095630,,KINGRICH,0,1730256180,1730256180,10:43:00 PM,10:43:00 PM,0
2095630,,WELLDUN3,0,1730256360,1730256360,10:46:00 PM,10:46:00 PM,0
2095630,,DUNDWAT1,0,1730256360,1730256360,10:46:00 PM,10:46:00 PM,0
2095630,,DUNDCOL1,0,1730256395,1730256395,10:46:35 PM,10:46:35 PM,0
2095630,,DUNDMAI1,0,1730256449,1730256449,10:47:29 PM,10:47:29 PM,0
2095630,,DUNDWIL1,0,1730256498,1730256498,10:48:18 PM,10:48:18 PM,0
2095630,,DUNDADE1,0,1730256540,1730256540,10:49:00 PM,10:49:00 PM,0
2095630,,DUNDLYLE,0,1730256587,1730256587,10:49:47 PM,10:49:47 PM,0
2095630,,DUNDHEWI,0,1730256619,1730256619,10:50:19 PM,10:50:19 PM,0
2095630,,DUNDREC1,0,1730256651,1730256651,10:50:51 PM,10:50:51 PM,0
2095630,,DUNDONT1,0,1730256673,1730256673,10:51:13 PM,10:51:13 PM,0
2095630,,DUNDQUE1,0,1730256706,1730256706,10:51:46 PM,10:51:46 PM,0
2095630,,DUNDEGE1,,,,,,
2095630,,DUNDKELL,,,,,,
2095630,,DUNDELE1,,,,,,
2095630,,DUNDASH1,0,1730256842,1730256842,10:54:02 PM,10:54:02 PM,0
2095630,,DUNDHIG1,0,1730256900,1730256900,10:55:00 PM,10:55:00 PM,0
2095630,,DUNDHAL3,,,,,,
2095630,,HALEDOU2,,,,,,
2095630,,HALEBEAT,,,,,,
2095630,,HALEMONT,,,,,,
2095630,,HALEBRY2,,,,,,
2095630,,HALESTE2,,,,,,
2095630,,HALETRA2,,,,,,
2095630,,TRAFSTE1,0,1730257145,1730257145,10:59:05 PM,10:59:05 PM,0
2095630,,TRAFTHO1,0,1730257167,1730257167,10:59:27 PM,10:59:27 PM,0
2095630,,TRAFVAN1,0,1730257216,1730257216,11:00:16 PM,11:00:16 PM,0
2095630,,TRAFBALF,0,1730257237,1730257237,11:00:37 PM,11:00:37 PM,0
2095630,,TRAFFAL2,0,1730257266,1730257266,11:01:06 PM,11:01:06 PM,0
2095630,,TRAFCLA1,0,1730257320,1730257320,11:02:00 PM,11:02:00 PM,0
2095630,,CLARTRA1,0,1730257345,1730257345,11:02:25 PM,11:02:25 PM,0
2095630,,CLARROY1,0,1730257400,1730257400,11:03:20 PM,11:03:20 PM,0
2095630,,CLARROY3,0,1730257428,1730257428,11:03:48 PM,11:03:48 PM,0
2095630,,CLARWAV1,0,1730257450,1730257450,11:04:10 PM,11:04:10 PM,0
2095630,,CLARCHU1,0,1730257484,1730257484,11:04:44 PM,11:04:44 PM,0
2095630,,ARGYMAL1,0,1730257560,1730257560,11:06:00 PM,11:06:00 PM,0
2095630,,ARGYMAL1,0,1730257860,1730257860,11:11:00 PM,11:11:00 PM,0
2095630,,CLARCHU2,0,1730257900,1730257900,11:11:40 PM,11:11:40 PM,0
2095630,,CLARWAV2,0,1730257940,1730257940,11:12:20 PM,11:12:20 PM,0
2095630,,CLARROY2,0,1730257961,1730257961,11:12:41 PM,11:12:41 PM,0
2095630,,CLARSUD2,0,1730258009,1730258009,11:13:29 PM,11:13:29 PM,0
2095630,,MARCTRAF,0,1730258075,1730258075,11:14:35 PM,11:14:35 PM,0
2095630,,MARCNOEL,0,1730258120,1730258120,11:15:20 PM,11:15:20 PM,0
2095630,,NOELBOW,0,1730258163,1730258163,11:16:03 PM,11:16:03 PM,0
2095630,,BOWBANC,0,1730258199,1730258199,11:16:39 PM,11:16:39 PM,0
2095630,,HUDSBAFF,0,1730258221,1730258221,11:17:01 PM,11:17:01 PM,0
2095630,,HUDSFROB,0,1730258241,1730258241,11:17:21 PM,11:17:21 PM,0
2095630,,HUDSJOLI,0,1730258288,1730258288,11:18:08 PM,11:18:08 PM,0
2095630,,HUDSTRAF,0,1730258314,1730258314,11:18:34 PM,11:18:34 PM,0
2095630,,TRAFHUD2,0,1730258400,1730258400,11:20:00 PM,11:20:00 PM,0
2095669,,TRAFHUD2,0,1730258400,1730258400,11:20:00 PM,11:20:00 PM,0
2095669,,TRAFHUD4,0,1730258426,1730258426,11:20:26 PM,11:20:26 PM,0
2095669,,TRAFBANC,0,1730258448,1730258448,11:20:48 PM,11:20:48 PM,0
2095669,,TRAFMARC,0,1730258498,1730258498,11:21:38 PM,11:21:38 PM,0
2095669,,TRAFCLA2,0,1730258519,1730258519,11:21:59 PM,11:21:59 PM,0
2095669,,TRAFCLA4,0,1730258535,1730258535,11:22:15 PM,11:22:15 PM,0
2095669,,TRAFATK2,0,1730258584,1730258584,11:23:04 PM,11:23:04 PM,0
2095669,,TRAFDAWN,0,1730258604,1730258604,11:23:24 PM,11:23:24 PM,0
2095669,,TRAFVAN2,0,1730258630,1730258630,11:23:50 PM,11:23:50 PM,0
2095669,,TRAFTHO2,0,1730258679,1730258679,11:24:39 PM,11:24:39 PM,0
2095669,,TRAFSTE2,0,1730258705,1730258705,11:25:05 PM,11:25:05 PM,0
2095669,,HALESTE1,0,1730258758,1730258758,11:25:58 PM,11:25:58 PM,0
2095669,,HALEBRY1,0,1730258786,1730258786,11:26:26 PM,11:26:26 PM,0
2095669,,HALEGRAY,0,1730258809,1730258809,11:26:49 PM,11:26:49 PM,0
2095669,,HALEEAST,0,1730258828,1730258828,11:27:08 PM,11:27:08 PM,0
2095669,,HALEDOU1,,,,,,
2095669,,HALEDUND,,,,,,
2095669,,DUNDHAL4,,,,,,
2095669,,DUNDHIG2,0,1730258940,1730258940,11:29:00 PM,11:29:00 PM,0
2095669,,DUNDASH4,0,1730258985,1730258985,11:29:45 PM,11:29:45 PM,0
2095669,,DUNDMCOR,,,,,,
2095669,,DUNDDORI,,,,,,
2095669,,DUNDEGE2,,,,,,
2095669,,DUNDQUE2,0,1730259101,1730259101,11:31:41 PM,11:31:41 PM,0
2095669,,DUNDONT2,0,1730259128,1730259128,11:32:08 PM,11:32:08 PM,0
2095669,,DUNDREC2,0,1730259153,1730259153,11:32:33 PM,11:32:33 PM,0
2095669,,DUNDENGL,0,1730259180,1730259180,11:33:00 PM,11:33:00 PM,0
2095669,,DUNDELIZ,0,1730259208,1730259208,11:33:28 PM,11:33:28 PM,0
2095669,,DUNDADE2,0,1730259240,1730259240,11:34:00 PM,11:34:00 PM,0
2095669,,DUNDWIL2,0,1730259257,1730259257,11:34:17 PM,11:34:17 PM,0
2095669,,DUNDMAI2,0,1730259282,1730259282,11:34:42 PM,11:34:42 PM,0
2095669,,DUNDCOL2,0,1730259307,1730259307,11:35:07 PM,11:35:07 PM,0
2095669,,DUNDWAT2,0,1730259332,1730259332,11:35:32 PM,11:35:32 PM,0
2095669,,DUNDWEL2,0,1730259360,1730259360,11:36:00 PM,11:36:00 PM,0
2095669,,QUEECLAR,0,1730259397,1730259397,11:36:37 PM,11:36:37 PM,0
2095669,,QUEERIC1,0,1730259420,1730259420,11:37:00 PM,11:37:00 PM,0
2095669,,QUEERIC1,0,1730259420,1730259420,11:37:00 PM,11:37:00 PM,0
2095669,,QUENRIDO,0,1730259464,1730259464,11:37:44 PM,11:37:44 PM,0
2095669,,RIVEWIL2,0,1730259520,1730259520,11:38:40 PM,11:38:40 PM,0
2095669,,RIVEWHA2,0,1730259541,1730259541,11:39:01 PM,11:39:01 PM,0
2095669,,WHARMPL1,0,1730259564,1730259564,11:39:24 PM,11:39:24 PM,0
2095669,,WHARMOIR,0,1730259585,1730259585,11:39:45 PM,11:39:45 PM,0
2095669,,WHAREMPR,0,1730259617,1730259617,11:40:17 PM,11:40:17 PM,0
2095669,,WHAROXF1,0,1730259660,1730259660,11:41:00 PM,11:41:00 PM,0
2095669,,WESTESSE,0,1730259690,1730259690,11:41:30 PM,11:41:30 PM,0
2095669,,WESTHOL1,0,1730259715,1730259715,11:41:55 PM,11:41:55 PM,0
2095669,,WESTPLA1,0,1730259742,1730259742,11:42:22 PM,11:42:22 PM,0
2095669,,WESTPHA1,0,1730259780,1730259780,11:43:00 PM,11:43:00 PM,0
2095669,,WESTPHA3,0,1730259821,1730259821,11:43:41 PM,11:43:41 PM,0
2095669,,ALUMHAL1,0,1730259904,1730259904,11:45:04 PM,11:45:04 PM,0
2095669,,MIDDPERT,0,1730260007,1730260007,11:46:47 PM,11:46:47 PM,0
2095669,,NATSCI,0,1730260080,1730260080,11:48:00 PM,11:48:00 PM,0
2095597,,NATSCI,0,1730260620,1730260620,11:57:00 PM,11:57:00 PM,0
2095597,,WESTELG2,0,1730260724,1730260724,11:58:44 PM,11:58:44 PM,0
2095597,,WESTLAM2,0,1730260777,1730260777,11:59:37 PM,11:59:37 PM,0
2095597,,WESTSAR2,0,1730260860,1730260860,12:01:00 AM,12:01:00 AM,0
2095597,,WESTSAR4,0,1730260885,1730260885,12:01:25 AM,12:01:25 AM,0
2095597,,WESTPLA2,0,1730260927,1730260927,12:02:07 AM,12:02:07 AM,0
2095597,,WESTHOL2,0,1730260957,1730260957,12:02:37 AM,12:02:37 AM,0
2095597,,WHARMCDO,0,1730260995,1730260995,12:03:15 AM,12:03:15 AM,0
2095597,,WHAROXF2,0,1730261040,1730261040,12:04:00 AM,12:04:00 AM,0
2095597,,WHARPAUL,0,1730261096,1730261096,12:04:56 AM,12:04:56 AM,0
2095597,,WHARLEXI,0,1730261141,1730261141,12:05:41 AM,12:05:41 AM,0
2095597,,WHARMPL2,0,1730261179,1730261179,12:06:19 AM,12:06:19 AM,0
2095597,,RIVEWHA1,0,1730261211,1730261211,12:06:51 AM,12:06:51 AM,0
2095597,,RIVEWIL1,0,1730261238,1730261238,12:07:18 AM,12:07:18 AM,0
2095597,,DUNDRIDO,0,1730261310,1730261310,12:08:30 AM,12:08:30 AM,0
2095597,,KINGTALB,0,1730261350,1730261350,12:09:10 AM,12:09:10 AM,0
2095597,,KINGRICH,0,1730261400,1730261400,12:10:00 AM,12:10:00 AM,0
2095597,,KINGRICH,0,1730261400,1730261400,12:10:00 AM,12:10:00 AM,0
2095597,,WELLDUN3,0,1730261520,1730261520,12:12:00 AM,12:12:00 AM,0
2095597,,DUNDWAT1,0,1730261520,1730261520,12:12:00 AM,12:12:00 AM,0
2095597,,DUNDCOL1,0,1730261543,1730261543,12:12:23 AM,12:12:23 AM,0
2095597,,DUNDMAI1,0,1730261579,1730261579,12:12:59 AM,12:12:59 AM,0
2095597,,DUNDWIL1,0,1730261612,1730261612,12:13:32 AM,12:13:32 AM,0
2095597,,DUNDADE1,0,1730261640,1730261640,12:14:00 AM,12:14:00 AM,0
2095597,,DUNDLYLE,0,1730261679,1730261679,12:14:39 AM,12:14:39 AM,0
2095597,,DUNDHEWI,0,1730261705,1730261705,12:15:05 AM,12:15:05 AM,0
2095597,,DUNDREC1,0,1730261732,1730261732,12:15:32 AM,12:15:32 AM,0
2095597,,DUNDONT1,0,1730261750,1730261750,12:15:50 AM,12:15:50 AM,0
2095597,,DUNDQUE1,0,1730261778,1730261778,12:16:18 AM,12:16:18 AM,0
2095597,,DUNDEGE1,,,,,,
2095597,,DUNDKELL,,,,,,
2095597,,DUNDELE1,,,,,,
2095597,,DUNDASH1,0,1730261891,1730261891,12:18:11 AM,12:18:11 AM,0
2095597,,DUNDHIG1,0,1730261940,1730261940,12:19:00 AM,12:19:00 AM,0
2095597,,DUNDFIR1,0,1730262045,1730262045,12:20:45 AM,12:20:45 AM,0
2095597,,DUNDSASK,0,1730262095,1730262095,12:21:35 AM,12:21:35 AM,0
2095597,,DUNDMANI,0,1730262140,1730262140,12:22:20 AM,12:22:20 AM,0
2095597,,DUNDBEA1,0,1730262201,1730262201,12:23:21 AM,12:23:21 AM,0
2095597,,DUNDCLK1,0,1730262242,1730262242,12:24:02 AM,12:24:02 AM,0
2095597,,ARGYMAL1,0,1730262300,1730262300,12:25:00 AM,12:25:00 AM,0
2095597,,ARGYMAL1,0,1730262300,1730262300,12:25:00 AM,12:25:00 AM,0
2095597,,DUNDEAS3,0,1730262388,1730262388,12:26:28 AM,12:26:28 AM,0
2095597,,DUNDWAV1,0,1730262426,1730262426,12:27:06 AM,12:27:06 AM,0
2095597,,DUNDFOR1,0,1730262453,1730262453,12:27:33 AM,12:27:33 AM,0
2095597,,DUNDSPE1,0,1730262470,1730262470,12:27:50 AM,12:27:50 AM,0
2095597,,DUNDCARL,0,1730262505,1730262505,12:28:25 AM,12:28:25 AM,0
2095597,,BONADUND,0,1730262540,1730262540,12:29:00 AM,12:29:00 AM,0
2095706,,BONADUND,0,1730262600,1730262600,12:30:00 AM,12:30:00 AM,0
2095706,,BONASIMP,0,1730262631,1730262631,12:30:31 AM,12:30:31 AM,0
2095706,,BONAMORE,0,1730262672,1730262672,12:31:12 AM,12:31:12 AM,0
2095706,,ADMIBON2,0,1730262699,1730262699,12:31:39 AM,12:31:39 AM,0
2095706,,ADMIVAU3,0,1730262719,1730262719,12:31:59 AM,12:31:59 AM,0
2095706,,ADMICAR2,0,1730262739,1730262739,12:32:19 AM,12:32:19 AM,0
2095706,,CARLCAPR,0,1730262767,1730262767,12:32:47 AM,12:32:47 AM,0
2095706,,CARLSPE3,0,1730262798,1730262798,12:33:18 AM,12:33:18 AM,0
2095706,,CARLSPE1,0,1730262812,1730262812,12:33:32 AM,12:33:32 AM,0
2095706,,CARLTIFF,0,1730262836,1730262836,12:33:56 AM,12:33:56 AM,0
2095706,,DUNDSPE2,0,1730262868,1730262868,12:34:28 AM,12:34:28 AM,0
2095706,,DUNDSPE4,0,1730262888,1730262888,12:34:48 AM,12:34:48 AM,0
2095706,,DUNDFOR2,0,1730262906,1730262906,12:35:06 AM,12:35:06 AM,0
2095706,,DUNDARVI,0,1730262936,1730262936,12:35:36 AM,12:35:36 AM,0
2095706,,DUNDEAS2,0,1730262965,1730262965,12:36:05 AM,12:36:05 AM,0
2095706,,CLARWHI2,0,1730263029,1730263029,12:37:09 AM,12:37:09 AM,0
2095706,,ARGYMAL2,0,1730263080,1730263080,12:38:00 AM,12:38:00 AM,0
2095706,,ARGYMAL2,0,1730263380,1730263380,12:43:00 AM,12:43:00 AM,0
2095706,,DUNDCLK4,0,1730263435,1730263435,12:43:55 AM,12:43:55 AM,0
2095706,,DUNDBEA2,0,1730263482,1730263482,12:44:42 AM,12:44:42 AM,0
2095706,,DUNDTHR,0,1730263538,1730263538,12:45:38 AM,12:45:38 AM,0
2095706,,DUNDBUR2,,,,,,
2095706,,DUNDFIR2,,,,,,
2095706,,DUNDHAL2,,,,,,
2095706,,DUNDHAL4,,,,,,
2095706,,DUNDHIG2,0,1730263740,1730263740,12:49:00 AM,12:49:00 AM,0
2095706,,DUNDASH4,0,1730263785,1730263785,12:49:45 AM,12:49:45 AM,0
2095706,,DUNDMCOR,,,,,,
2095706,,DUNDDORI,,,,,,
2095706,,DUNDEGE2,,,,,,
2095706,,DUNDQUE2,0,1730263901,1730263901,12:51:41 AM,12:51:41 AM,0
2095706,,DUNDONT2,0,1730263928,1730263928,12:52:08 AM,12:52:08 AM,0
2095706,,DUNDREC2,0,1730263953,1730263953,12:52:33 AM,12:52:33 AM,0
2095706,,DUNDENGL,0,1730263980,1730263980,12:53:00 AM,12:53:00 AM,0
2095706,,DUNDELIZ,0,1730264008,1730264008,12:53:28 AM,12:53:28 AM,0
2095706,,DUNDADE2,0,1730264040,1730264040,12:54:00 AM,12:54:00 AM,0
2095706,,DUNDWIL2,0,1730264057,1730264057,12:54:17 AM,12:54:17 AM,0
2095706,,DUNDMAI2,0,1730264082,1730264082,12:54:42 AM,12:54:42 AM,0
2095706,,DUNDCOL2,0,1730264107,1730264107,12:55:07 AM,12:55:07 AM,0
2095706,,DUNDWAT2,0,1730264132,1730264132,12:55:32 AM,12:55:32 AM,0
2095706,,DUNDWEL2,0,1730264160,1730264160,12:56:00 AM,12:56:00 AM,0
2095706,,QUEECLAR,0,1730264197,1730264197,12:56:37 AM,12:56:37 AM,0
2095706,,QUEERIC1,0,1730264220,1730264220,12:57:00 AM,12:57:00 AM,0
2095706,,QUEERIC1,0,1730264220,1730264220,12:57:00 AM,12:57:00 AM,0
2095706,,QUENRIDO,0,1730264265,1730264265,12:57:45 AM,12:57:45 AM,0
2095706,,RIVEWIL2,0,1730264316,1730264316,12:58:36 AM,12:58:36 AM,0
2095706,,RIVEWHA2,0,1730264338,1730264338,12:58:58 AM,12:58:58 AM,0
2095706,,WHARMPL1,0,1730264361,1730264361,12:59:21 AM,12:59:21 AM,0
2095706,,WHARMOIR,0,1730264382,1730264382,12:59:42 AM,12:59:42 AM,0
2095706,,WHAREMPR,0,1730264415,1730264415,01:00:15 AM,01:00:15 AM,0
2095706,,WHAROXF1,0,1730264460,1730264460,01:01:00 AM,01:01:00 AM,0
2095706,,WESTESSE,0,1730264490,1730264490,01:01:30 AM,01:01:30 AM,0
2095706,,WESTHOL1,0,1730264515,1730264515,01:01:55 AM,01:01:55 AM,0
2095706,,WESTPLA1,0,1730264542,1730264542,01:02:22 AM,01:02:22 AM,0
2095706,,WESTPHA1,0,1730264580,1730264580,01:03:00 AM,01:03:00 AM,0
2095706,,WESTPHA3,0,1730264623,1730264623,01:03:43 AM,01:03:43 AM,0
2095706,,ALUMHAL1,0,1730264712,1730264712,01:05:12 AM,01:05:12 AM,0
2095706,,MIDDPERT,0,1730264821,1730264821,01:07:01 AM,01:07:01 AM,0
2095706,,NATSCI,0,1730264880,1730264880,01:08:00 AM,01:08:00 AM,0
2095634,,NATSCI,0,1730264880,1730264880,01:08:00 AM,01:08:00 AM,0
2095634,,WESTELG2,0,1730265010,1730265010,01:10:10 AM,01:10:10 AM,0
2095634,,WESTLAM2,0,1730265076,1730265076,01:11:16 AM,01:11:16 AM,0
2095634,,WESTSAR2,0,1730265180,1730265180,01:13:00 AM,01:13:00 AM,0
2095634,,WESTSAR4,0,1730265222,1730265222,01:13:42 AM,01:13:42 AM,0
2095634,,WESTPLA2,0,1730265292,1730265292,01:14:52 AM,01:14:52 AM,0
2095634,,WESTHOL2,0,1730265343,1730265343,01:15:43 AM,01:15:43 AM,0
2095634,,WHARMCDO,0,1730265406,1730265406,01:16:46 AM,01:16:46 AM,0
2095634,,WHAROXF2,0,1730265480,1730265480,01:18:00 AM,01:18:00 AM,0
2095634,,WHARPAUL,0,1730265536,1730265536,01:18:56 AM,01:18:56 AM,0
2095634,,WHARLEXI,0,1730265581,1730265581,01:19:41 AM,01:19:41 AM,0
2095634,,WHARMPL2,0,1730265619,1730265619,01:20:19 AM,01:20:19 AM,0
2095634,,RIVEWHA1,0,1730265651,1730265651,01:20:51 AM,01:20:51 AM,0
2095634,,RIVEWIL1,0,1730265678,1730265678,01:21:18 AM,01:21:18 AM,0
2095634,,DUNDRIDO,0,1730265750,1730265750,01:22:30 AM,01:22:30 AM,0
2095634,,KINGTALB,0,1730265790,1730265790,01:23:10 AM,01:23:10 AM,0
2095634,,KINGRICH,0,1730265840,1730265840,01:24:00 AM,01:24:00 AM,0
2095634,,KINGRICH,0,1730265840,1730265840,01:24:00 AM,01:24:00 AM,0
2095634,,WELLDUN3,0,1730266020,1730266020,01:27:00 AM,01:27:00 AM,0
2095634,,DUNDWAT1,0,1730266020,1730266020,01:27:00 AM,01:27:00 AM,0
2095634,,DUNDCOL1,0,1730266055,1730266055,01:27:35 AM,01:27:35 AM,0
2095634,,DUNDMAI1,0,1730266109,1730266109,01:28:29 AM,01:28:29 AM,0
2095634,,DUNDWIL1,0,1730266158,1730266158,01:29:18 AM,01:29:18 AM,0
2095634,,DUNDADE1,0,1730266200,1730266200,01:30:00 AM,01:30:00 AM,0
2095634,,DUNDLYLE,0,1730266246,1730266246,01:30:46 AM,01:30:46 AM,0
2095634,,DUNDHEWI,0,1730266277,1730266277,01:31:17 AM,01:31:17 AM,0
2095634,,DUNDREC1,0,1730266309,1730266309,01:31:49 AM,01:31:49 AM,0
2095634,,DUNDONT1,0,1730266330,1730266330,01:32:10 AM,01:32:10 AM,0
2095634,,DUNDQUE1,0,1730266363,1730266363,01:32:43 AM,01:32:43 AM,0
2095634,,DUNDEGE1,,,,,,
2095634,,DUNDKELL,,,,,,
2095634,,DUNDELE1,,,,,,
2095634,,DUNDASH1,0,1730266497,1730266497,01:34:57 AM,01:34:57 AM,0
2095634,,DUNDHIG1,0,1730266560,1730266560,01:36:00 AM,01:36:00 AM,0
2095656,,TRAFHUD2,0,1730233920,1730233920,04:32:00 PM,04:32:00 PM,0
2095656,,TRAFHUD4,0,1730233964,1730233964,04:32:44 PM,04:32:44 PM,0
2095656,,TRAFBANC,0,1730234002,1730234002,04:33:22 PM,04:33:22 PM,0
2095656,,TRAFMARC,0,1730234086,1730234086,04:34:46 PM,04:34:46 PM,0
2095656,,TRAFCLA2,0,1730234121,1730234121,04:35:21 PM,04:35:21 PM,0
2095656,,TRAFCLA4,0,1730234147,1730234147,04:35:47 PM,04:35:47 PM,0
2095656,,TRAFATK2,0,1730234229,1730234229,04:37:09 PM,04:37:09 PM,0
2095656,,TRAFDAWN,0,1730234263,1730234263,04:37:43 PM,04:37:43 PM,0
2095656,,TRAFVAN2,0,1730234306,1730234306,04:38:26 PM,04:38:26 PM,0
2095656,,TRAFTHO2,0,1730234388,1730234388,04:39:48 PM,04:39:48 PM,0
2095656,,TRAFSTE2,0,1730234432,1730234432,04:40:32 PM,04:40:32 PM,0
2095656,,HALESTE1,0,1730234520,1730234520,04:42:00 PM,04:42:00 PM,0
2095656,,HALEBRY1,0,1730234567,1730234567,04:42:47 PM,04:42:47 PM,0
2095656,,HALEGRAY,0,1730234606,1730234606,04:43:26 PM,04:43:26 PM,0
2095656,,HALEEAST,0,1730234639,1730234639,04:43:59 PM,04:43:59 PM,0
2095656,,HALEDOU1,,,,,,
2095656,,HALEDUND,,,,,,
2095656,,DUNDHAL4,,,,,,
2095656,,DUNDHIG2,0,1730234820,1730234820,04:47:00 PM,04:47:00 PM,0
2095656,,DUNDASH4,0,1730234911,1730234911,04:48:31 PM,04:48:31 PM,0
2095656,,DUNDMCOR,,,,,,
2095656,,DUNDDORI,,,,,,
2095656,,DUNDEGE2,,,,,,
2095656,,DUNDQUE2,0,1730235144,1730235144,04:52:24 PM,04:52:24 PM,0
2095656,,DUNDONT2,0,1730235198,1730235198,04:53:18 PM,04:53:18 PM,0
2095656,,DUNDREC2,0,1730235249,1730235249,04:54:09 PM,04:54:09 PM,0
2095656,,DUNDENGL,0,1730235303,1730235303,04:55:03 PM,04:55:03 PM,0
2095656,,DUNDELIZ,0,1730235359,1730235359,04:55:59 PM,04:55:59 PM,0
2095656,,DUNDADE2,0,1730235420,1730235420,04:57:00 PM,04:57:00 PM,0
2095656,,DUNDWIL2,0,1730235464,1730235464,04:57:44 PM,04:57:44 PM,0
2095656,,DUNDMAI2,0,1730235526,1730235526,04:58:46 PM,04:58:46 PM,0
2095656,,DUNDCOL2,0,1730235589,1730235589,04:59:49 PM,04:59:49 PM,0
2095656,,DUNDWAT2,0,1730235653,1730235653,05:00:53 PM,05:00:53 PM,0
2095656,,DUNDWEL2,0,1730235720,1730235720,05:02:00 PM,05:02:00 PM,0
2095656,,QUEECLAR,0,1730235831,1730235831,05:03:51 PM,05:03:51 PM,0
2095656,,QUEERIC1,0,1730235900,1730235900,05:05:00 PM,05:05:00 PM,0
2095656,,QUEERIC1,0,1730235900,1730235900,05:05:00 PM,05:05:00 PM,0
2095656,,QUENRIDO,0,1730236010,1730236010,05:06:50 PM,05:06:50 PM,0
2095656,,RIVEWIL2,0,1730236151,1730236151,05:09:11 PM,05:09:11 PM,0
2095656,,RIVEWHA2,0,1730236205,1730236205,05:10:05 PM,05:10:05 PM,0
2095656,,WHARMPL1,0,1730236262,1730236262,05:11:02 PM,05:11:02 PM,0
2095656,,WHARMOIR,0,1730236315,1730236315,05:11:55 PM,05:11:55 PM,0
2095656,,WHAREMPR,0,1730236395,1730236395,05:13:15 PM,05:13:15 PM,0
2095656,,WHAROXF1,0,1730236500,1730236500,05:15:00 PM,05:15:00 PM,0
2095656,,WESTESSE,0,1730236561,1730236561,05:16:01 PM,05:16:01 PM,0
2095656,,WESTHOL1,0,1730236612,1730236612,05:16:52 PM,05:16:52 PM,0
2095656,,WESTPLA1,0,1730236666,1730236666,05:17:46 PM,05:17:46 PM,0
2095656,,WESTPHA1,0,1730236740,1730236740,05:19:00 PM,05:19:00 PM,0
2095656,,WESTPHA3,0,1730236805,1730236805,05:20:05 PM,05:20:05 PM,0
2095656,,ALUMHAL1,0,1730236939,1730236939,05:22:19 PM,05:22:19 PM,0
2095656,,MIDDPERT,0,1730237104,1730237104,05:25:04 PM,05:25:04 PM,0
2095656,,NATSCI,0,1730237220,1730237220,05:27:00 PM,05:27:00 PM,0
2095586,,NATSCI,0,1730238300,1730238300,05:45:00 PM,05:45:00 PM,0
2095586,,WESTELG2,0,1730238456,1730238456,05:47:36 PM,05:47:36 PM,0
2095586,,WESTLAM2,0,1730238535,1730238535,05:48:55 PM,05:48:55 PM,0
2095586,,WESTSAR2,0,1730238660,1730238660,05:51:00 PM,05:51:00 PM,0
2095586,,WESTSAR4,0,1730238702,1730238702,05:51:42 PM,05:51:42 PM,0
2095586,,WESTPLA2,0,1730238772,1730238772,05:52:52 PM,05:52:52 PM,0
2095586,,WESTHOL2,0,1730238823,1730238823,05:53:43 PM,05:53:43 PM,0
2095586,,WHARMCDO,0,1730238886,1730238886,05:54:46 PM,05:54:46 PM,0
2095586,,WHAROXF2,0,1730238960,1730238960,05:56:00 PM,05:56:00 PM,0
2095586,,WHARPAUL,0,1730239025,1730239025,05:57:05 PM,05:57:05 PM,0
2095586,,WHARLEXI,0,1730239078,1730239078,05:57:58 PM,05:57:58 PM,0
2095586,,WHARMPL2,0,1730239122,1730239122,05:58:42 PM,05:58:42 PM,0
2095586,,RIVEWHA1,0,1730239160,1730239160,05:59:20 PM,05:59:20 PM,0
2095586,,RIVEWIL1,0,1730239191,1730239191,05:59:51 PM,05:59:51 PM,0
2095586,,DUNDRIDO,0,1730239275,1730239275,06:01:15 PM,06:01:15 PM,0
2095586,,KINGTALB,0,1730239322,1730239322,06:02:02 PM,06:02:02 PM,0
2095586,,KINGRICH,0,1730239380,1730239380,06:03:00 PM,06:03:00 PM,0
2095586,,KINGRICH,0,1730239380,1730239380,06:03:00 PM,06:03:00 PM,0
2095586,,WELLDUN3,0,1730239560,1730239560,06:06:00 PM,06:06:00 PM,0
2095586,,DUNDWAT1,0,1730239560,1730239560,06:06:00 PM,06:06:00 PM,0
2095586,,DUNDCOL1,0,1730239606,1730239606,06:06:46 PM,06:06:46 PM,0
2095586,,DUNDMAI1,0,1730239678,1730239678,06:07:58 PM,06:07:58 PM,0
2095586,,DUNDWIL1,0,1730239744,1730239744,06:09:04 PM,06:09:04 PM,0
2095586,,DUNDADE1,0,1730239800,1730239800,06:10:00 PM,06:10:00 PM,0
2095586,,DUNDLYLE,0,1730239855,1730239855,06:10:55 PM,06:10:55 PM,0
2095586,,DUNDHEWI,0,1730239892,1730239892,06:11:32 PM,06:11:32 PM,0
2095586,,DUNDREC1,0,1730239930,1730239930,06:12:10 PM,06:12:10 PM,0
2095586,,DUNDONT1,0,1730239955,1730239955,06:12:35 PM,06:12:35 PM,0
2095586,,DUNDQUE1,0,1730239994,1730239994,06:13:14 PM,06:13:14 PM,0
2095586,,DUNDEGE1,,,,,,
2095586,,DUNDKELL,,,,,,
2095586,,DUNDELE1,,,,,,
2095586,,DUNDASH1,0,1730240153,1730240153,06:15:53 PM,06:15:53 PM,0
2095586,,DUNDHIG1,0,1730240220,1730240220,06:17:00 PM,06:17:00 PM,0
2095586,,DUNDFIR1,0,1730240343,1730240343,06:19:03 PM,06:19:03 PM,0
2095586,,DUNDSASK,0,1730240401,1730240401,06:20:01 PM,06:20:01 PM,0
2095586,,DUNDMANI,0,1730240454,1730240454,06:20:54 PM,06:20:54 PM,0
2095586,,DUNDBEA1,0,1730240526,1730240526,06:22:06 PM,06:22:06 PM,0
2095586,,DUNDCLK1,0,1730240574,1730240574,06:22:54 PM,06:22:54 PM,0
2095586,,ARGYMAL1,0,1730240640,1730240640,06:24:00 PM,06:24:00 PM,0
2095586,,ARGYMAL1,0,1730240640,1730240640,06:24:00 PM,06:24:00 PM,0
2095586,,DUNDEAS3,0,1730240750,1730240750,06:25:50 PM,06:25:50 PM,0
2095586,,DUNDWAV1,0,1730240798,1730240798,06:26:38 PM,06:26:38 PM,0
2095586,,DUNDFOR1,0,1730240832,1730240832,06:27:12 PM,06:27:12 PM,0
2095586,,DUNDSPE1,0,1730240854,1730240854,06:27:34 PM,06:27:34 PM,0
2095586,,DUNDCARL,0,1730240898,1730240898,06:28:18 PM,06:28:18 PM,0
2095586,,BONADUND,0,1730240940,1730240940,06:29:00 PM,06:29:00 PM,0
2095696,,BONADUND,0,1730241120,1730241120,06:32:00 PM,06:32:00 PM,0
2095696,,BONASIMP,0,1730241159,1730241159,06:32:39 PM,06:32:39 PM,0
2095696,,BONAMORE,0,1730241210,1730241210,06:33:30 PM,06:33:30 PM,0
2095696,,ADMIBON2,0,1730241244,1730241244,06:34:04 PM,06:34:04 PM,0
2095696,,ADMIVAU3,0,1730241270,1730241270,06:34:30 PM,06:34:30 PM,0
2095696,,ADMICAR2,0,1730241295,1730241295,06:34:55 PM,06:34:55 PM,0
2095696,,CARLCAPR,0,1730241330,1730241330,06:35:30 PM,06:35:30 PM,0
2095696,,CARLSPE3,0,1730241369,1730241369,06:36:09 PM,06:36:09 PM,0
2095696,,CARLSPE1,0,1730241386,1730241386,06:36:26 PM,06:36:26 PM,0
2095696,,CARLTIFF,0,1730241416,1730241416,06:36:56 PM,06:36:56 PM,0
2095696,,DUNDSPE2,0,1730241457,1730241457,06:37:37 PM,06:37:37 PM,0
2095696,,DUNDSPE4,0,1730241482,1730241482,06:38:02 PM,06:38:02 PM,0
2095696,,DUNDFOR2,0,1730241504,1730241504,06:38:24 PM,06:38:24 PM,0
2095696,,DUNDARVI,0,1730241541,1730241541,06:39:01 PM,06:39:01 PM,0
2095696,,DUNDEAS2,0,1730241578,1730241578,06:39:38 PM,06:39:38 PM,0
2095696,,CLARWHI2,0,1730241658,1730241658,06:40:58 PM,06:40:58 PM,0
2095696,,ARGYMAL2,0,1730241720,1730241720,06:42:00 PM,06:42:00 PM,0
2095696,,ARGYMAL2,0,1730242080,1730242080,06:48:00 PM,06:48:00 PM,0
2095696,,DUNDCLK4,0,1730242154,1730242154,06:49:14 PM,06:49:14 PM,0
2095696,,DUNDBEA2,0,1730242217,1730242217,06:50:17 PM,06:50:17 PM,0
2095696,,DUNDTHR,0,1730242292,1730242292,06:51:32 PM,06:51:32 PM,0
2095696,,DUNDBUR2,,,,,,
2095696,,DUNDFIR2,,,,,,
2095696,,DUNDHAL2,,,,,,
2095696,,DUNDHAL4,,,,,,
2095696,,DUNDHIG2,0,1730242560,1730242560,06:56:00 PM,06:56:00 PM,0
2095696,,DUNDASH4,0,1730242624,1730242624,06:57:04 PM,06:57:04 PM,0
2095696,,DUNDMCOR,,,,,,
2095696,,DUNDDORI,,,,,,
2095696,,DUNDEGE2,,,,,,
2095696,,DUNDQUE2,0,1730242788,1730242788,06:59:48 PM,06:59:48 PM,0
2095696,,DUNDONT2,0,1730242826,1730242826,07:00:26 PM,07:00:26 PM,0
2095696,,DUNDREC2,0,1730242862,1730242862,07:01:02 PM,07:01:02 PM,0
2095696,,DUNDENGL,0,1730242899,1730242899,07:01:39 PM,07:01:39 PM,0
2095696,,DUNDELIZ,0,1730242938,1730242938,07:02:18 PM,07:02:18 PM,0
2095696,,DUNDADE2,0,1730242980,1730242980,07:03:00 PM,07:03:00 PM,0
2095696,,DUNDWIL2,0,1730243015,1730243015,07:03:35 PM,07:03:35 PM,0
2095696,,DUNDMAI2,0,1730243065,1730243065,07:04:25 PM,07:04:25 PM,0
2095696,,DUNDCOL2,0,1730243115,1730243115,07:05:15 PM,07:05:15 PM,0
2095696,,DUNDWAT2,0,1730243166,1730243166,07:06:06 PM,07:06:06 PM,0
2095696,,DUNDWEL2,0,1730243220,1730243220,07:07:00 PM,07:07:00 PM,0
2095696,,QUEECLAR,0,1730243331,1730243331,07:08:51 PM,07:08:51 PM,0
2095696,,QUEERIC1,0,1730243400,1730243400,07:10:00 PM,07:10:00 PM,0
2095696,,QUEERIC1,0,1730243400,1730243400,07:10:00 PM,07:10:00 PM,0
2095696,,QUENRIDO,0,1730243478,1730243478,07:11:18 PM,07:11:18 PM,0
2095696,,RIVEWIL2,0,1730243568,1730243568,07:12:48 PM,07:12:48 PM,0
2095696,,RIVEWHA2,0,1730243606,1730243606,07:13:26 PM,07:13:26 PM,0
2095696,,WHARMPL1,0,1730243647,1730243647,07:14:07 PM,07:14:07 PM,0
2095696,,WHARMOIR,0,1730243685,1730243685,07:14:45 PM,07:14:45 PM,0
2095696,,WHAREMPR,0,1730243743,1730243743,07:15:43 PM,07:15:43 PM,0
2095696,,WHAROXF1,0,1730243820,1730243820,07:17:00 PM,07:17:00 PM,0
2095696,,WESTESSE,0,1730243865,1730243865,07:17:45 PM,07:17:45 PM,0
2095696,,WESTHOL1,0,1730243903,1730243903,07:18:23 PM,07:18:23 PM,0
2095696,,WESTPLA1,0,1730243943,1730243943,07:19:03 PM,07:19:03 PM,0
2095696,,WESTPHA1,0,1730244000,1730244000,07:20:00 PM,07:20:00 PM,0
2095696,,WESTPHA3,0,1730244061,1730244061,07:21:01 PM,07:21:01 PM,0
2095696,,ALUMHAL1,0,1730244185,1730244185,07:23:05 PM,07:23:05 PM,0
2095696,,MIDDPERT,0,1730244338,1730244338,07:25:38 PM,07:25:38 PM,0
2095696,,NATSCI,0,1730244420,1730244420,07:27:00 PM,07:27:00 PM,0
2095590,,NATSCI,0,1730245320,1730245320,07:42:00 PM,07:42:00 PM,0
2095590,,WESTELG2,0,1730245476,1730245476,07:44:36 PM,07:44:36 PM,0
2095590,,WESTLAM2,0,1730245555,1730245555,07:45:55 PM,07:45:55 PM,0
2095590,,WESTSAR2,0,1730245680,1730245680,07:48:00 PM,07:48:00 PM,0
2095590,,WESTSAR4,0,1730245722,1730245722,07:48:42 PM,07:48:42 PM,0
2095590,,WESTPLA2,0,1730245792,1730245792,07:49:52 PM,07:49:52 PM,0
2095590,,WESTHOL2,0,1730245843,1730245843,07:50:43 PM,07:50:43 PM,0
2095590,,WHARMCDO,0,1730245906,1730245906,07:51:46 PM,07:51:46 PM,0
2095590,,WHAROXF2,0,1730245980,1730245980,07:53:00 PM,07:53:00 PM,0
2095590,,WHARPAUL,0,1730246045,1730246045,07:54:05 PM,07:54:05 PM,0
2095590,,WHARLEXI,0,1730246098,1730246098,07:54:58 PM,07:54:58 PM,0
2095590,,WHARMPL2,0,1730246142,1730246142,07:55:42 PM,07:55:42 PM,0
2095590,,RIVEWHA1,0,1730246180,1730246180,07:56:20 PM,07:56:20 PM,0
2095590,,RIVEWIL1,0,1730246211,1730246211,07:56:51 PM,07:56:51 PM,0
2095590,,DUNDRIDO,0,1730246295,1730246295,07:58:15 PM,07:58:15 PM,0
2095590,,KINGTALB,0,1730246342,1730246342,07:59:02 PM,07:59:02 PM,0
2095590,,KINGRICH,0,1730246400,1730246400,08:00:00 PM,08:00:00 PM,0
2095590,,KINGRICH,0,1730246400,1730246400,08:00:00 PM,08:00:00 PM,0
2095590,,WELLDUN3,0,1730246580,1730246580,08:03:00 PM,08:03:00 PM,0
2095590,,DUNDWAT1,0,1730246580,1730246580,08:03:00 PM,08:03:00 PM,0
2095590,,DUNDCOL1,0,1730246626,1730246626,08:03:46 PM,08:03:46 PM,0
2095590,,DUNDMAI1,0,1730246698,1730246698,08:04:58 PM,08:04:58 PM,0
2095590,,DUNDWIL1,0,1730246764,1730246764,08:06:04 PM,08:06:04 PM,0
2095590,,DUNDADE1,0,1730246820,1730246820,08:07:00 PM,08:07:00 PM,0
2095590,,DUNDLYLE,0,1730246875,1730246875,08:07:55 PM,08:07:55 PM,0
2095590,,DUNDHEWI,0,1730246912,1730246912,08:08:32 PM,08:08:32 PM,0
2095590,,DUNDREC1,0,1730246950,1730246950,08:09:10 PM,08:09:10 PM,0
2095590,,DUNDONT1,0,1730246975,1730246975,08:09:35 PM,08:09:35 PM,0
2095590,,DUNDQUE1,0,1730247014,1730247014,08:10:14 PM,08:10:14 PM,0
2095590,,DUNDEGE1,,,,,,
2095590,,DUNDKELL,,,,,,
2095590,,DUNDELE1,,,,,,
2095590,,DUNDASH1,0,1730247173,1730247173,08:12:53 PM,08:12:53 PM,0
2095590,,DUNDHIG1,0,1730247240,1730247240,08:14:00 PM,08:14:00 PM,0
2095590,,DUNDFIR1,0,1730247363,1730247363,08:16:03 PM,08:16:03 PM,0
2095590,,DUNDSASK,0,1730247421,1730247421,08:17:01 PM,08:17:01 PM,0
2095590,,DUNDMANI,0,1730247474,1730247474,08:17:54 PM,08:17:54 PM,0
2095590,,DUNDBEA1,0,1730247546,1730247546,08:19:06 PM,08:19:06 PM,0
2095590,,DUNDCLK1,0,1730247594,1730247594,08:19:54 PM,08:19:54 PM,0
2095590,,ARGYMAL1,0,1730247660,1730247660,08:21:00 PM,08:21:00 PM,0
2095590,,ARGYMAL1,0,1730247660,1730247660,08:21:00 PM,08:21:00 PM,0
2095590,,DUNDEAS3,0,1730247770,1730247770,08:22:50 PM,08:22:50 PM,0
2095590,,DUNDWAV1,0,1730247818,1730247818,08:23:38 PM,08:23:38 PM,0
2095590,,DUNDFOR1,0,1730247852,1730247852,08:24:12 PM,08:24:12 PM,0
2095590,,DUNDSPE1,0,1730247874,1730247874,08:24:34 PM,08:24:34 PM,0
2095590,,DUNDCARL,0,1730247918,1730247918,08:25:18 PM,08:25:18 PM,0
2095590,,BONADUND,0,1730247960,1730247960,08:26:00 PM,08:26:00 PM,0
2095700,,BONADUND,0,1730248080,1730248080,08:28:00 PM,08:28:00 PM,0
2095700,,BONASIMP,0,1730248115,1730248115,08:28:35 PM,08:28:35 PM,0
2095700,,BONAMORE,0,1730248161,1730248161,08:29:21 PM,08:29:21 PM,0
2095700,,ADMIBON2,0,1730248192,1730248192,08:29:52 PM,08:29:52 PM,0
2095700,,ADMIVAU3,0,1730248215,1730248215,08:30:15 PM,08:30:15 PM,0
2095700,,ADMICAR2,0,1730248237,1730248237,08:30:37 PM,08:30:37 PM,0
2095700,,CARLCAPR,0,1730248268,1730248268,08:31:08 PM,08:31:08 PM,0
2095700,,CARLSPE3,0,1730248303,1730248303,08:31:43 PM,08:31:43 PM,0
2095700,,CARLSPE1,0,1730248318,1730248318,08:31:58 PM,08:31:58 PM,0
2095700,,CARLTIFF,0,1730248345,1730248345,08:32:25 PM,08:32:25 PM,0
2095700,,DUNDSPE2,0,1730248382,1730248382,08:33:02 PM,08:33:02 PM,0
2095700,,DUNDSPE4,0,1730248404,1730248404,08:33:24 PM,08:33:24 PM,0
2095700,,DUNDFOR2,0,1730248424,1730248424,08:33:44 PM,08:33:44 PM,0
2095700,,DUNDARVI,0,1730248458,1730248458,08:34:18 PM,08:34:18 PM,0
2095700,,DUNDEAS2,0,1730248491,1730248491,08:34:51 PM,08:34:51 PM,0
2095700,,CLARWHI2,0,1730248563,1730248563,08:36:03 PM,08:36:03 PM,0
2095700,,ARGYMAL2,0,1730248620,1730248620,08:37:00 PM,08:37:00 PM,0
2095700,,ARGYMAL2,0,1730249220,1730249220,08:47:00 PM,08:47:00 PM,0
2095700,,DUNDCLK4,0,1730249284,1730249284,08:48:04 PM,08:48:04 PM,0
2095700,,DUNDBEA2,0,1730249339,1730249339,08:48:59 PM,08:48:59 PM,0
2095700,,DUNDTHR,0,1730249405,1730249405,08:50:05 PM,08:50:05 PM,0
2095700,,DUNDBUR2,,,,,,
2095700,,DUNDFIR2,,,,,,
2095700,,DUNDHAL2,,,,,,
2095700,,DUNDHAL4,,,,,,
2095700,,DUNDHIG2,0,1730249640,1730249640,08:54:00 PM,08:54:00 PM,0
2095700,,DUNDASH4,0,1730249695,1730249695,08:54:55 PM,08:54:55 PM,0
2095700,,DUNDMCOR,,,,,,
2095700,,DUNDDORI,,,,,,
2095700,,DUNDEGE2,,,,,,
2095700,,DUNDQUE2,0,1730249834,1730249834,08:57:14 PM,08:57:14 PM,0
2095700,,DUNDONT2,0,1730249866,1730249866,08:57:46 PM,08:57:46 PM,0
2095700,,DUNDREC2,0,1730249896,1730249896,08:58:16 PM,08:58:16 PM,0
2095700,,DUNDENGL,0,1730249928,1730249928,08:58:48 PM,08:58:48 PM,0
2095700,,DUNDELIZ,0,1730249961,1730249961,08:59:21 PM,08:59:21 PM,0
2095700,,DUNDADE2,0,1730250000,1730250000,09:00:00 PM,09:00:00 PM,0
2095700,,DUNDWIL2,0,1730250026,1730250026,09:00:26 PM,09:00:26 PM,0
2095700,,DUNDMAI2,0,1730250063,1730250063,09:01:03 PM,09:01:03 PM,0
2095700,,DUNDCOL2,0,1730250101,1730250101,09:01:41 PM,09:01:41 PM,0
2095700,,DUNDWAT2,0,1730250139,1730250139,09:02:19 PM,09:02:19 PM,0
2095700,,DUNDWEL2,0,1730250180,1730250180,09:03:00 PM,09:03:00 PM,0
2095700,,QUEECLAR,0,1730250254,1730250254,09:04:14 PM,09:04:14 PM,0
2095700,,QUEERIC1,0,1730250300,1730250300,09:05:00 PM,09:05:00 PM,0
2095700,,QUEERIC1,0,1730250300,1730250300,09:05:00 PM,09:05:00 PM,0
2095700,,QUENRIDO,0,1730250367,1730250367,09:06:07 PM,09:06:07 PM,0
2095700,,RIVEWIL2,0,1730250444,1730250444,09:07:24 PM,09:07:24 PM,0
2095700,,RIVEWHA2,0,1730250477,1730250477,09:07:57 PM,09:07:57 PM,0
2095700,,WHARMPL1,0,1730250512,1730250512,09:08:32 PM,09:08:32 PM,0
2095700,,WHARMOIR,0,1730250544,1730250544,09:09:04 PM,09:09:04 PM,0
2095700,,WHAREMPR,0,1730250593,1730250593,09:09:53 PM,09:09:53 PM,0
2095700,,WHAROXF1,0,1730250660,1730250660,09:11:00 PM,09:11:00 PM,0
2095700,,WESTESSE,0,1730250690,1730250690,09:11:30 PM,09:11:30 PM,0
2095700,,WESTHOL1,0,1730250715,1730250715,09:11:55 PM,09:11:55 PM,0
2095700,,WESTPLA1,0,1730250742,1730250742,09:12:22 PM,09:12:22 PM,0
2095700,,WESTPHA1,0,1730250780,1730250780,09:13:00 PM,09:13:00 PM,0
2095700,,WESTPHA3,0,1730250832,1730250832,09:13:52 PM,09:13:52 PM,0
2095700,,ALUMHAL1,0,1730250939,1730250939,09:15:39 PM,09:15:39 PM,0
2095700,,MIDDPERT,0,1730251070,1730251070,09:17:50 PM,09:17:50 PM,0
2095700,,NATSCI,0,1730251140,1730251140,09:19:00 PM,09:19:00 PM,0
2095593,,NATSCI,0,1730251440,1730251440,09:24:00 PM,09:24:00 PM,0
2095593,,WESTELG2,0,1730251570,1730251570,09:26:10 PM,09:26:10 PM,0
2095593,,WESTLAM2,0,1730251636,1730251636,09:27:16 PM,09:27:16 PM,0
2095593,,WESTSAR2,0,1730251740,1730251740,09:29:00 PM,09:29:00 PM,0
2095593,,WESTSAR4,0,1730251782,1730251782,09:29:42 PM,09:29:42 PM,0
2095593,,WESTPLA2,0,1730251852,1730251852,09:30:52 PM,09:30:52 PM,0
2095593,,WESTHOL2,0,1730251903,1730251903,09:31:43 PM,09:31:43 PM,0
2095593,,WHARMCDO,0,1730251966,1730251966,09:32:46 PM,09:32:46 PM,0
2095593,,WHAROXF2,0,1730252040,1730252040,09:34:00 PM,09:34:00 PM,0
2095593,,WHARPAUL,0,1730252096,1730252096,09:34:56 PM,09:34:56 PM,0
2095593,,WHARLEXI,0,1730252141,1730252141,09:35:41 PM,09:35:41 PM,0
2095593,,WHARMPL2,0,1730252179,1730252179,09:36:19 PM,09:36:19 PM,0
2095593,,RIVEWHA1,0,1730252211,1730252211,09:36:51 PM,09:36:51 PM,0
2095593,,RIVEWIL1,0,1730252238,1730252238,09:37:18 PM,09:37:18 PM,0
2095593,,DUNDRIDO,0,1730252310,1730252310,09:38:30 PM,09:38:30 PM,0
2095593,,KINGTALB,0,1730252350,1730252350,09:39:10 PM,09:39:10 PM,0
2095593,,KINGRICH,0,1730252400,1730252400,09:40:00 PM,09:40:00 PM,0
2095593,,KINGRICH,0,1730252400,1730252400,09:40:00 PM,09:40:00 PM,0
2095593,,WELLDUN3,0,1730252580,1730252580,09:43:00 PM,09:43:00 PM,0
2095593,,DUNDWAT1,0,1730252580,1730252580,09:43:00 PM,09:43:00 PM,0
2095593,,DUNDCOL1,0,1730252615,1730252615,09:43:35 PM,09:43:35 PM,0
2095593,,DUNDMAI1,0,1730252669,1730252669,09:44:29 PM,09:44:29 PM,0
2095593,,DUNDWIL1,0,1730252718,1730252718,09:45:18 PM,09:45:18 PM,0
2095593,,DUNDADE1,0,1730252760,1730252760,09:46:00 PM,09:46:00 PM,0
2095593,,DUNDLYLE,0,1730252807,1730252807,09:46:47 PM,09:46:47 PM,0
2095593,,DUNDHEWI,0,1730252839,1730252839,09:47:19 PM,09:47:19 PM,0
2095593,,DUNDREC1,0,1730252871,1730252871,09:47:51 PM,09:47:51 PM,0
2095593,,DUNDONT1,0,1730252893,1730252893,09:48:13 PM,09:48:13 PM,0
2095593,,DUNDQUE1,0,1730252926,1730252926,09:48:46 PM,09:48:46 PM,0
2095593,,DUNDEGE1,,,,,,
2095593,,DUNDKELL,,,,,,
2095593,,DUNDELE1,,,,,,
2095593,,DUNDASH1,0,1730253062,1730253062,09:51:02 PM,09:51:02 PM,0
2095593,,DUNDHIG1,0,1730253120,1730253120,09:52:00 PM,09:52:00 PM,0
2095593,,DUNDFIR1,0,1730253243,1730253243,09:54:03 PM,09:54:03 PM,0
2095593,,DUNDSASK,0,1730253301,1730253301,09:55:01 PM,09:55:01 PM,0
2095593,,DUNDMANI,0,1730253354,1730253354,09:55:54 PM,09:55:54 PM,0
2095593,,DUNDBEA1,0,1730253426,1730253426,09:57:06 PM,09:57:06 PM,0
2095593,,DUNDCLK1,0,1730253474,1730253474,09:57:54 PM,09:57:54 PM,0
2095593,,ARGYMAL1,0,1730253540,1730253540,09:59:00 PM,09:59:00 PM,0
2095593,,ARGYMAL1,0,1730253540,1730253540,09:59:00 PM,09:59:00 PM,0
2095593,,DUNDEAS3,0,1730253628,1730253628,10:00:28 PM,10:00:28 PM,0
2095593,,DUNDWAV1,0,1730253666,1730253666,10:01:06 PM,10:01:06 PM,0
2095593,,DUNDFOR1,0,1730253693,1730253693,10:01:33 PM,10:01:33 PM,0
2095593,,DUNDSPE1,0,1730253710,1730253710,10:01:50 PM,10:01:50 PM,0
2095593,,DUNDCARL,0,1730253745,1730253745,10:02:25 PM,10:02:25 PM,0
2095593,,BONADUND,0,1730253780,1730253780,10:03:00 PM,10:03:00 PM,0
2095703,,BONADUND,0,1730254020,1730254020,10:07:00 PM,10:07:00 PM,0
2095703,,BONASIMP,0,1730254055,1730254055,10:07:35 PM,10:07:35 PM,0
2095703,,BONAMORE,0,1730254101,1730254101,10:08:21 PM,10:08:21 PM,0
2095703,,ADMIBON2,0,1730254132,1730254132,10:08:52 PM,10:08:52 PM,0
2095703,,ADMIVAU3,0,1730254155,1730254155,10:09:15 PM,10:09:15 PM,0
2095703,,ADMICAR2,0,1730254177,1730254177,10:09:37 PM,10:09:37 PM,0
2095703,,CARLCAPR,0,1730254208,1730254208,10:10:08 PM,10:10:08 PM,0
2095703,,CARLSPE3,0,1730254243,1730254243,10:10:43 PM,10:10:43 PM,0
2095703,,CARLSPE1,0,1730254258,1730254258,10:10:58 PM,10:10:58 PM,0
2095703,,CARLTIFF,0,1730254285,1730254285,10:11:25 PM,10:11:25 PM,0
2095703,,DUNDSPE2,0,1730254322,1730254322,10:12:02 PM,10:12:02 PM,0
2095703,,DUNDSPE4,0,1730254344,1730254344,10:12:24 PM,10:12:24 PM,0
2095703,,DUNDFOR2,0,1730254364,1730254364,10:12:44 PM,10:12:44 PM,0
2095703,,DUNDARVI,0,1730254398,1730254398,10:13:18 PM,10:13:18 PM,0
2095703,,DUNDEAS2,0,1730254431,1730254431,10:13:51 PM,10:13:51 PM,0
2095703,,CLARWHI2,0,1730254503,1730254503,10:15:03 PM,10:15:03 PM,0
2095703,,ARGYMAL2,0,1730254560,1730254560,10:16:00 PM,10:16:00 PM,0
2095703,,ARGYMAL2,0,1730255160,1730255160,10:26:00 PM,10:26:00 PM,0
2095703,,DUNDCLK4,0,1730255224,1730255224,10:27:04 PM,10:27:04 PM,0
2095703,,DUNDBEA2,0,1730255279,1730255279,10:27:59 PM,10:27:59 PM,0
2095703,,DUNDTHR,0,1730255345,1730255345,10:29:05 PM,10:29:05 PM,0
2095703,,DUNDBUR2,,,,,,
2095703,,DUNDFIR2,,,,,,
2095703,,DUNDHAL2,,,,,,
2095703,,DUNDHAL4,,,,,,
2095703,,DUNDHIG2,0,1730255580,1730255580,10:33:00 PM,10:33:00 PM,0
2095703,,DUNDASH4,0,1730255635,1730255635,10:33:55 PM,10:33:55 PM,0
2095703,,DUNDMCOR,,,,,,
2095703,,DUNDDORI,,,,,,
2095703,,DUNDEGE2,,,,,,
2095703,,DUNDQUE2,0,1730255774,1730255774,10:36:14 PM,10:36:14 PM,0
2095703,,DUNDONT2,0,1730255806,1730255806,10:36:46 PM,10:36:46 PM,0
2095703,,DUNDREC2,0,1730255836,1730255836,10:37:16 PM,10:37:16 PM,0
2095703,,DUNDENGL,0,1730255868,1730255868,10:37:48 PM,10:37:48 PM,0
2095703,,DUNDELIZ,0,1730255901,1730255901,10:38:21 PM,10:38:21 PM,0
2095703,,DUNDADE2,0,1730255940,1730255940,10:39:00 PM,10:39:00 PM,0
2095703,,DUNDWIL2,0,1730255966,1730255966,10:39:26 PM,10:39:26 PM,0
2095703,,DUNDMAI2,0,1730256003,1730256003,10:40:03 PM,10:40:03 PM,0
2095703,,DUNDCOL2,0,1730256041,1730256041,10:40:41 PM,10:40:41 PM,0
2095703,,DUNDWAT2,0,1730256079,1730256079,10:41:19 PM,10:41:19 PM,0
2095703,,DUNDWEL2,0,1730256120,1730256120,10:42:00 PM,10:42:00 PM,0
2095703,,QUEECLAR,0,1730256194,1730256194,10:43:14 PM,10:43:14 PM,0
2095703,,QUEERIC1,0,1730256240,1730256240,10:44:00 PM,10:44:00 PM,0
2095703,,QUEERIC1,0,1730256240,1730256240,10:44:00 PM,10:44:00 PM,0
2095703,,QUENRIDO,0,1730256307,1730256307,10:45:07 PM,10:45:07 PM,0
2095703,,RIVEWIL2,0,1730256384,1730256384,10:46:24 PM,10:46:24 PM,0
2095703,,RIVEWHA2,0,1730256417,1730256417,10:46:57 PM,10:46:57 PM,0
2095703,,WHARMPL1,0,1730256452,1730256452,10:47:32 PM,10:47:32 PM,0
2095703,,WHARMOIR,0,1730256484,1730256484,10:48:04 PM,10:48:04 PM,0
2095703,,WHAREMPR,0,1730256533,1730256533,10:48:53 PM,10:48:53 PM,0
2095703,,WHAROXF1,0,1730256600,1730256600,10:50:00 PM,10:50:00 PM,0
2095703,,WESTESSE,0,1730256630,1730256630,10:50:30 PM,10:50:30 PM,0
2095703,,WESTHOL1,0,1730256655,1730256655,10:50:55 PM,10:50:55 PM,0
2095703,,WESTPLA1,0,1730256682,1730256682,10:51:22 PM,10:51:22 PM,0
2095703,,WESTPHA1,0,1730256720,1730256720,10:52:00 PM,10:52:00 PM,0
2095703,,WESTPHA3,0,1730256772,1730256772,10:52:52 PM,10:52:52 PM,0
2095703,,ALUMHAL1,0,1730256879,1730256879,10:54:39 PM,10:54:39 PM,0
2095703,,MIDDPERT,0,1730257010,1730257010,10:56:50 PM,10:56:50 PM,0
2095703,,NATSCI,0,1730257080,1730257080,10:58:00 PM,10:58:00 PM,0
2095631,,NATSCI,0,1730257440,1730257440,11:04:00 PM,11:04:00 PM,0
2095631,,WESTELG2,0,1730257575,1730257575,11:06:15 PM,11:06:15 PM,0
2095631,,WESTLAM2,0,1730257639,1730257639,11:07:19 PM,11:07:19 PM,0
2095631,,WESTSAR2,0,1730257740,1730257740,11:09:00 PM,11:09:00 PM,0
2095631,,WESTSAR4,0,1730257782,1730257782,11:09:42 PM,11:09:42 PM,0
2095631,,WESTPLA2,0,1730257852,1730257852,11:10:52 PM,11:10:52 PM,0
2095631,,WESTHOL2,0,1730257903,1730257903,11:11:43 PM,11:11:43 PM,0
2095631,,WHARMCDO,0,1730257966,1730257966,11:12:46 PM,11:12:46 PM,0
2095631,,WHAROXF2,0,1730258040,1730258040,11:14:00 PM,11:14:00 PM,0
2095631,,WHARPAUL,0,1730258096,1730258096,11:14:56 PM,11:14:56 PM,0
2095631,,WHARLEXI,0,1730258141,1730258141,11:15:41 PM,11:15:41 PM,0
2095631,,WHARMPL2,0,1730258179,1730258179,11:16:19 PM,11:16:19 PM,0
2095631,,RIVEWHA1,0,1730258211,1730258211,11:16:51 PM,11:16:51 PM,0
2095631,,RIVEWIL1,0,1730258238,1730258238,11:17:18 PM,11:17:18 PM,0
2095631,,DUNDRIDO,0,1730258310,1730258310,11:18:30 PM,11:18:30 PM,0
2095631,,KINGTALB,0,1730258350,1730258350,11:19:10 PM,11:19:10 PM,0
2095631,,KINGRICH,0,1730258400,1730258400,11:20:00 PM,11:20:00 PM,0
2095631,,KINGRICH,0,1730258400,1730258400,11:20:00 PM,11:20:00 PM,0
2095631,,WELLDUN3,0,1730258580,1730258580,11:23:00 PM,11:23:00 PM,0
2095631,,DUNDWAT1,0,1730258580,1730258580,11:23:00 PM,11:23:00 PM,0
2095631,,DUNDCOL1,0,1730258615,1730258615,11:23:35 PM,11:23:35 PM,0
2095631,,DUNDMAI1,0,1730258669,1730258669,11:24:29 PM,11:24:29 PM,0
2095631,,DUNDWIL1,0,1730258718,1730258718,11:25:18 PM,11:25:18 PM,0
2095631,,DUNDADE1,0,1730258760,1730258760,11:26:00 PM,11:26:00 PM,0
2095631,,DUNDLYLE,0,1730258807,1730258807,11:26:47 PM,11:26:47 PM,0
2095631,,DUNDHEWI,0,1730258839,1730258839,11:27:19 PM,11:27:19 PM,0
2095631,,DUNDREC1,0,1730258871,1730258871,11:27:51 PM,11:27:51 PM,0
2095631,,DUNDONT1,0,1730258893,1730258893,11:28:13 PM,11:28:13 PM,0
2095631,,DUNDQUE1,0,1730258926,1730258926,11:28:46 PM,11:28:46 PM,0
2095631,,DUNDEGE1,,,,,,
2095631,,DUNDKELL,,,,,,
2095631,,DUNDELE1,,,,,,
2095631,,DUNDASH1,0,1730259062,1730259062,11:31:02 PM,11:31:02 PM,0
2095631,,DUNDHIG1,0,1730259120,1730259120,11:32:00 PM,11:32:00 PM,0
2095631,,DUNDHAL3,,,,,,
2095631,,HALEDOU2,,,,,,
2095631,,HALEBEAT,,,,,,
2095631,,HALEMONT,,,,,,
2095631,,HALEBRY2,,,,,,
2095631,,HALESTE2,,,,,,
2095631,,HALETRA2,,,,,,
2095631,,TRAFSTE1,0,1730259365,1730259365,11:36:05 PM,11:36:05 PM,0
2095631,,TRAFTHO1,0,1730259387,1730259387,11:36:27 PM,11:36:27 PM,0
2095631,,TRAFVAN1,0,1730259436,1730259436,11:37:16 PM,11:37:16 PM,0
2095631,,TRAFBALF,0,1730259457,1730259457,11:37:37 PM,11:37:37 PM,0
2095631,,TRAFFAL2,0,1730259486,1730259486,11:38:06 PM,11:38:06 PM,0
2095631,,TRAFCLA1,0,1730259540,1730259540,11:39:00 PM,11:39:00 PM,0
2095631,,CLARTRA1,0,1730259565,1730259565,11:39:25 PM,11:39:25 PM,0
2095631,,CLARROY1,0,1730259620,1730259620,11:40:20 PM,11:40:20 PM,0
2095631,,CLARROY3,0,1730259648,1730259648,11:40:48 PM,11:40:48 PM,0
2095631,,CLARWAV1,0,1730259670,1730259670,11:41:10 PM,11:41:10 PM,0
2095631,,CLARCHU1,0,1730259704,1730259704,11:41:44 PM,11:41:44 PM,0
2095631,,ARGYMAL1,0,1730259780,1730259780,11:43:00 PM,11:43:00 PM,0
2095631,,ARGYMAL1,0,1730260500,1730260500,11:55:00 PM,11:55:00 PM,0
2095631,,CLARCHU2,0,1730260536,1730260536,11:55:36 PM,11:55:36 PM,0
2095631,,CLARWAV2,0,1730260572,1730260572,11:56:12 PM,11:56:12 PM,0
2095631,,CLARROY2,0,1730260591,1730260591,11:56:31 PM,11:56:31 PM,0
2095631,,CLARSUD2,0,1730260634,1730260634,11:57:14 PM,11:57:14 PM,0
2095631,,MARCTRAF,0,1730260692,1730260692,11:58:12 PM,11:58:12 PM,0
2095631,,MARCNOEL,0,1730260732,1730260732,11:58:52 PM,11:58:52 PM,0
2095631,,NOELBOW,0,1730260770,1730260770,11:59:30 PM,11:59:30 PM,0
2095631,,BOWBANC,0,1730260802,1730260802,12:00:02 AM,12:00:02 AM,0
2095631,,HUDSBAFF,0,1730260822,1730260822,12:00:22 AM,12:00:22 AM,0
2095631,,HUDSFROB,0,1730260840,1730260840,12:00:40 AM,12:00:40 AM,0
2095631,,HUDSJOLI,0,1730260882,1730260882,12:01:22 AM,12:01:22 AM,0
2095631,,HUDSTRAF,0,1730260905,1730260905,12:01:45 AM,12:01:45 AM,0
2095631,,TRAFHUD2,0,1730260980,1730260980,12:03:00 AM,12:03:00 AM,0
2095670,,TRAFHUD2,0,1730260980,1730260980,12:03:00 AM,12:03:00 AM,0
2095670,,TRAFHUD4,0,1730261006,1730261006,12:03:26 AM,12:03:26 AM,0
2095670,,TRAFBANC,0,1730261028,1730261028,12:03:48 AM,12:03:48 AM,0
2095670,,TRAFMARC,0,1730261078,1730261078,12:04:38 AM,12:04:38 AM,0
2095670,,TRAFCLA2,0,1730261099,1730261099,12:04:59 AM,12:04:59 AM,0
2095670,,TRAFCLA4,0,1730261115,1730261115,12:05:15 AM,12:05:15 AM,0
2095670,,TRAFATK2,0,1730261164,1730261164,12:06:04 AM,12:06:04 AM,0
2095670,,TRAFDAWN,0,1730261184,1730261184,12:06:24 AM,12:06:24 AM,0
2095670,,TRAFVAN2,0,1730261210,1730261210,12:06:50 AM,12:06:50 AM,0
2095670,,TRAFTHO2,0,1730261259,1730261259,12:07:39 AM,12:07:39 AM,0
2095670,,TRAFSTE2,0,1730261285,1730261285,12:08:05 AM,12:08:05 AM,0
2095670,,HALESTE1,0,1730261338,1730261338,12:08:58 AM,12:08:58 AM,0
2095670,,HALEBRY1,0,1730261366,1730261366,12:09:26 AM,12:09:26 AM,0
2095670,,HALEGRAY,0,1730261389,1730261389,12:09:49 AM,12:09:49 AM,0
2095670,,HALEEAST,0,1730261408,1730261408,12:10:08 AM,12:10:08 AM,0
2095670,,HALEDOU1,,,,,,
2095670,,HALEDUND,,,,,,
2095670,,DUNDHAL4,,,,,,
2095670,,DUNDHIG2,0,1730261520,1730261520,12:12:00 AM,12:12:00 AM,0
2095670,,DUNDASH4,0,1730261565,1730261565,12:12:45 AM,12:12:45 AM,0
2095670,,DUNDMCOR,,,,,,
2095670,,DUNDDORI,,,,,,
2095670,,DUNDEGE2,,,,,,
2095670,,DUNDQUE2,0,1730261681,1730261681,12:14:41 AM,12:14:41 AM,0
2095670,,DUNDONT2,0,1730261708,1730261708,12:15:08 AM,12:15:08 AM,0
2095670,,DUNDREC2,0,1730261733,1730261733,12:15:33 AM,12:15:33 AM,0
2095670,,DUNDENGL,0,1730261760,1730261760,12:16:00 AM,12:16:00 AM,0
2095670,,DUNDELIZ,0,1730261788,1730261788,12:16:28 AM,12:16:28 AM,0
2095670,,DUNDADE2,0,1730261820,1730261820,12:17:00 AM,12:17:00 AM,0
2095670,,DUNDWIL2,0,1730261837,1730261837,12:17:17 AM,12:17:17 AM,0
2095670,,DUNDMAI2,0,1730261862,1730261862,12:17:42 AM,12:17:42 AM,0
2095670,,DUNDCOL2,0,1730261887,1730261887,12:18:07 AM,12:18:07 AM,0
2095670,,DUNDWAT2,0,1730261912,1730261912,12:18:32 AM,12:18:32 AM,0
2095670,,DUNDWEL2,0,1730261940,1730261940,12:19:00 AM,12:19:00 AM,0
2095670,,QUEECLAR,0,1730261977,1730261977,12:19:37 AM,12:19:37 AM,0
2095670,,QUEERIC1,0,1730262000,1730262000,12:20:00 AM,12:20:00 AM,0
2095670,,QUEERIC1,0,1730262000,1730262000,12:20:00 AM,12:20:00 AM,0
2095670,,QUENRIDO,0,1730262044,1730262044,12:20:44 AM,12:20:44 AM,0
2095670,,RIVEWIL2,0,1730262100,1730262100,12:21:40 AM,12:21:40 AM,0
2095670,,RIVEWHA2,0,1730262121,1730262121,12:22:01 AM,12:22:01 AM,0
2095670,,WHARMPL1,0,1730262144,1730262144,12:22:24 AM,12:22:24 AM,0
2095670,,WHARMOIR,0,1730262165,1730262165,12:22:45 AM,12:22:45 AM,0
2095670,,WHAREMPR,0,1730262197,1730262197,12:23:17 AM,12:23:17 AM,0
2095670,,WHAROXF1,0,1730262240,1730262240,12:24:00 AM,12:24:00 AM,0
2095670,,WESTESSE,0,1730262270,1730262270,12:24:30 AM,12:24:30 AM,0
2095670,,WESTHOL1,0,1730262295,1730262295,12:24:55 AM,12:24:55 AM,0
2095670,,WESTPLA1,0,1730262322,1730262322,12:25:22 AM,12:25:22 AM,0
2095670,,WESTPHA1,0,1730262360,1730262360,12:26:00 AM,12:26:00 AM,0
2095670,,WESTPHA3,0,1730262401,1730262401,12:26:41 AM,12:26:41 AM,0
2095670,,ALUMHAL1,0,1730262484,1730262484,12:28:04 AM,12:28:04 AM,0
2095670,,MIDDPERT,0,1730262587,1730262587,12:29:47 AM,12:29:47 AM,0
2095670,,NATSCI,0,1730262660,1730262660,12:31:00 AM,12:31:00 AM,0
2095598,,NATSCI,0,1730263020,1730263020,12:37:00 AM,12:37:00 AM,0
2095598,,WESTELG2,0,1730263124,1730263124,12:38:44 AM,12:38:44 AM,0
2095598,,WESTLAM2,0,1730263177,1730263177,12:39:37 AM,12:39:37 AM,0
2095598,,WESTSAR2,0,1730263260,1730263260,12:41:00 AM,12:41:00 AM,0
2095598,,WESTSAR4,0,1730263285,1730263285,12:41:25 AM,12:41:25 AM,0
2095598,,WESTPLA2,0,1730263327,1730263327,12:42:07 AM,12:42:07 AM,0
2095598,,WESTHOL2,0,1730263357,1730263357,12:42:37 AM,12:42:37 AM,0
2095598,,WHARMCDO,0,1730263395,1730263395,12:43:15 AM,12:43:15 AM,0
2095598,,WHAROXF2,0,1730263440,1730263440,12:44:00 AM,12:44:00 AM,0
2095598,,WHARPAUL,0,1730263496,1730263496,12:44:56 AM,12:44:56 AM,0
2095598,,WHARLEXI,0,1730263541,1730263541,12:45:41 AM,12:45:41 AM,0
2095598,,WHARMPL2,0,1730263579,1730263579,12:46:19 AM,12:46:19 AM,0
2095598,,RIVEWHA1,0,1730263611,1730263611,12:46:51 AM,12:46:51 AM,0
2095598,,RIVEWIL1,0,1730263638,1730263638,12:47:18 AM,12:47:18 AM,0
2095598,,DUNDRIDO,0,1730263710,1730263710,12:48:30 AM,12:48:30 AM,0
2095598,,KINGTALB,0,1730263750,1730263750,12:49:10 AM,12:49:10 AM,0
2095598,,KINGRICH,0,1730263800,1730263800,12:50:00 AM,12:50:00 AM,0
2095598,,KINGRICH,0,1730263800,1730263800,12:50:00 AM,12:50:00 AM,0
2095598,,WELLDUN3,0,1730263920,1730263920,12:52:00 AM,12:52:00 AM,0
2095598,,DUNDWAT1,0,1730263920,1730263920,12:52:00 AM,12:52:00 AM,0
2095598,,DUNDCOL1,0,1730263943,1730263943,12:52:23 AM,12:52:23 AM,0
2095598,,DUNDMAI1,0,1730263979,1730263979,12:52:59 AM,12:52:59 AM,0
2095598,,DUNDWIL1,0,1730264012,1730264012,12:53:32 AM,12:53:32 AM,0
2095598,,DUNDADE1,0,1730264040,1730264040,12:54:00 AM,12:54:00 AM,0
2095598,,DUNDLYLE,0,1730264079,1730264079,12:54:39 AM,12:54:39 AM,0
2095598,,DUNDHEWI,0,1730264105,1730264105,12:55:05 AM,12:55:05 AM,0
2095598,,DUNDREC1,0,1730264132,1730264132,12:55:32 AM,12:55:32 AM,0
2095598,,DUNDONT1,0,1730264150,1730264150,12:55:50 AM,12:55:50 AM,0
2095598,,DUNDQUE1,0,1730264178,1730264178,12:56:18 AM,12:56:18 AM,0
2095598,,DUNDEGE1,,,,,,
2095598,,DUNDKELL,,,,,,
2095598,,DUNDELE1,,,,,,
2095598,,DUNDASH1,0,1730264291,1730264291,12:58:11 AM,12:58:11 AM,0
2095598,,DUNDHIG1,0,1730264340,1730264340,12:59:00 AM,12:59:00 AM,0
2095598,,DUNDFIR1,0,1730264445,1730264445,01:00:45 AM,01:00:45 AM,0
2095598,,DUNDSASK,0,1730264495,1730264495,01:01:35 AM,01:01:35 AM,0
2095598,,DUNDMANI,0,1730264540,1730264540,01:02:20 AM,01:02:20 AM,0
2095598,,DUNDBEA1,0,1730264601,1730264601,01:03:21 AM,01:03:21 AM,0
2095598,,DUNDCLK1,0,1730264642,1730264642,01:04:02 AM,01:04:02 AM,0
2095598,,ARGYMAL1,0,1730264700,1730264700,01:05:00 AM,01:05:00 AM,0
2095598,,ARGYMAL1,0,1730264700,1730264700,01:05:00 AM,01:05:00 AM,0
2095598,,DUNDEAS3,0,1730264788,1730264788,01:06:28 AM,01:06:28 AM,0
2095598,,DUNDWAV1,0,1730264826,1730264826,01:07:06 AM,01:07:06 AM,0
2095598,,DUNDFOR1,0,1730264853,1730264853,01:07:33 AM,01:07:33 AM,0
2095598,,DUNDSPE1,0,1730264870,1730264870,01:07:50 AM,01:07:50 AM,0
2095598,,DUNDCARL,0,1730264905,1730264905,01:08:25 AM,01:08:25 AM,0
2095598,,BONADUND,0,1730264940,1730264940,01:09:00 AM,01:09:00 AM,0
2110148,,COMMHAM2,0,1730229600,1730229600,03:20:00 PM,03:20:00 PM,0
2110148,,COMMSTEP,0,1730229663,1730229663,03:21:03 PM,03:21:03 PM,0
2110148,,GRIFCOMM,0,1730229710,1730229710,03:21:50 PM,03:21:50 PM,0
2110148,,GRIFHEMO,0,1730229756,1730229756,03:22:36 PM,03:22:36 PM,0
2110148,,GRIFNORM,0,1730229817,1730229817,03:23:37 PM,03:23:37 PM,0
2110148,,GRIFBBA2,0,1730229893,1730229893,03:24:53 PM,03:24:53 PM,0
2110148,,GRIFFAIR,0,1730229941,1730229941,03:25:41 PM,03:25:41 PM,0
2110148,,GRIFDEA2,0,1730230007,1730230007,03:26:47 PM,03:26:47 PM,0
2110148,,GRIFWIDD,0,1730230034,1730230034,03:27:14 PM,03:27:14 PM,0
2110148,,GRIFROBW,0,1730230094,1730230094,03:28:14 PM,03:28:14 PM,0
2110148,,GRIFBOLE,0,1730230156,1730230156,03:29:16 PM,03:29:16 PM,0
2110148,,BOLEGRIF,0,1730230188,1730230188,03:29:48 PM,03:29:48 PM,0
2110148,,BOLEWAYN,0,1730230248,1730230248,03:30:48 PM,03:30:48 PM,0
2110148,,BOLEBASE,0,1730230321,1730230321,03:32:01 PM,03:32:01 PM,0
2110148,,BOLEGLEN,0,1730230374,1730230374,03:32:54 PM,03:32:54 PM,0
2110148,,BOLECOM1,0,1730230401,1730230401,03:33:21 PM,03:33:21 PM,0
2110148,,COMMBOL1,0,1730230440,1730230440,03:34:00 PM,03:34:00 PM,0
2110148,,COMMBOL1,0,1730230680,1730230680,03:38:00 PM,03:38:00 PM,0
2110148,,COMMSPR1,0,1730230718,1730230718,03:38:38 PM,03:38:38 PM,0
2110148,,COMMNASH,0,1730230761,1730230761,03:39:21 PM,03:39:21 PM,0
2110148,,COMMNOR1,0,1730230791,1730230791,03:39:51 PM,03:39:51 PM,0
2110148,,SPRICOM1,0,1730230849,1730230849,03:40:49 PM,03:40:49 PM,0
2110148,,SPRIWES1,0,1730230880,1730230880,03:41:20 PM,03:41:20 PM,0
2110148,,SPRIWES3,0,1730230922,1730230922,03:42:02 PM,03:42:02 PM,0
2110148,,SPRIHIC1,0,1730230979,1730230979,03:42:59 PM,03:42:59 PM,0
2110148,,SPRIJAR1,0,1730231017,1730231017,03:43:37 PM,03:43:37 PM,0
2110148,,SPRIQUI1,0,1730231045,1730231045,03:44:05 PM,03:44:05 PM,0
2110148,,SPRIWON1,0,1730231100,1730231100,03:45:00 PM,03:45:00 PM,0
2110148,,BERKSPR2,0,1730231143,1730231143,03:45:43 PM,03:45:43 PM,0
2110148,,BERKBER2,0,1730231187,1730231187,03:46:27 PM,03:46:27 PM,0
2110148,,BERKGAR4,0,1730231220,1730231220,03:47:00 PM,03:47:00 PM,0
2110148,,GARDBER1,0,1730231244,1730231244,03:47:24 PM,03:47:24 PM,0
2110148,,GARDSOU3,0,1730231285,1730231285,03:48:05 PM,03:48:05 PM,0
2110148,,GARDRID1,0,1730231328,1730231328,03:48:48 PM,03:48:48 PM,0
2110148,,KERNRID1,0,1730231384,1730231384,03:49:44 PM,03:49:44 PM,0
2110148,,SPRIKER1,0,1730231416,1730231416,03:50:16 PM,03:50:16 PM,0
2110148,,SPRIGROW,0,1730231473,1730231473,03:51:13 PM,03:51:13 PM,0
2110148,,SPRIGRE1,0,1730231551,1730231551,03:52:31 PM,03:52:31 PM,0
2110148,,SPRISPRI,0,1730231607,1730231607,03:53:27 PM,03:53:27 PM,0
2110148,,HORTWHA3,0,1730231696,1730231696,03:54:56 PM,03:54:56 PM,0
2110148,,STANWHAR,0,1730231762,1730231762,03:56:02 PM,03:56:02 PM,0
2110148,,STANPERR,0,1730231788,1730231788,03:56:28 PM,03:56:28 PM,0
2110148,,STANWORT,0,1730231829,1730231829,03:57:09 PM,03:57:09 PM,0
2110148,,YORKTHA1,0,1730231860,1730231860,03:57:40 PM,03:57:40 PM,0
2110148,,RIDOYOR2,0,1730231898,1730231898,03:58:18 PM,03:58:18 PM,0
2110148,,KINGTALB,0,1730231940,1730231940,03:59:00 PM,03:59:00 PM,0
2110148,,KINGRICH,0,1730232000,1730232000,04:00:00 PM,04:00:00 PM,0
2110148,,KINGRICH,0,1730232000,1730232000,04:00:00 PM,04:00:00 PM,0
2110148,,KINGWEL2,0,1730232131,1730232131,04:02:11 PM,04:02:11 PM,0
2110148,,WELLYOR2,,,,,,
2110148,,HORTWELL,,,,,,
2110148,,HORTCOL2,,,,,,
2110148,,HORTMAIT,0,1730232466,1730232466,04:07:46 PM,04:07:46 PM,0
2110148,,HAMIWIL1,0,1730232552,1730232552,04:09:12 PM,04:09:12 PM,0
2110148,,HAMIADE1,0,1730232600,1730232600,04:10:00 PM,04:10:00 PM,0
2110148,,HAMIMAME,0,1730232665,1730232665,04:11:05 PM,04:11:05 PM,0
2110148,,HAMIREC1,0,1730232726,1730232726,04:12:06 PM,04:12:06 PM,0
2110148,,HAMISAC1,0,1730232802,1730232802,04:13:22 PM,04:13:22 PM,0
2110148,,HAMIEGE1,0,1730232846,1730232846,04:14:06 PM,04:14:06 PM,0
2110148,,HAMITENN,0,1730232925,1730232925,04:15:25 PM,04:15:25 PM,0
2110148,,HAMISJU1,0,1730232968,1730232968,04:16:08 PM,04:16:08 PM,0
2110148,,HAMIPILA,0,1730233027,1730233027,04:17:07 PM,04:17:07 PM,0
2110148,,HAMIGIL1,0,1730233095,1730233095,04:18:15 PM,04:18:15 PM,0
2110148,,HAMIHIG1,0,1730233140,1730233140,04:19:00 PM,04:19:00 PM,0
2110148,,HALEHAM2,0,1730233166,1730233166,04:19:26 PM,04:19:26 PM,0
2110148,,HALEMAG2,0,1730233222,1730233222,04:20:22 PM,04:20:22 PM,0
2110148,,TWEEFAI2,0,1730233246,1730233246,04:20:46 PM,04:20:46 PM,0
2110148,,TWEEMAN2,0,1730233284,1730233284,04:21:24 PM,04:21:24 PM,0
2110148,,TWEEBER2,0,1730233304,1730233304,04:21:44 PM,04:21:44 PM,0
2110148,,MANITWE2,0,1730233350,1730233350,04:22:30 PM,04:22:30 PM,0
2110148,,MONTTWE2,0,1730233391,1730233391,04:23:11 PM,04:23:11 PM,0
2110148,,MONTELD2,0,1730233432,1730233432,04:23:52 PM,04:23:52 PM,0
2110148,,GOREVAL2,0,1730233447,1730233447,04:24:07 PM,04:24:07 PM,0
2110148,,GOREBRA2,0,1730233493,1730233493,04:24:53 PM,04:24:53 PM,0
2110148,,GOREFIR2,0,1730233530,1730233530,04:25:30 PM,04:25:30 PM,0
2110148,,CLARGORE,0,1730233605,1730233605,04:26:45 PM,04:26:45 PM,0
2110148,,CLARFIS1,0,1730233626,1730233626,04:27:06 PM,04:27:06 PM,0
2110148,,CLARCHA3,0,1730233693,1730233693,04:28:13 PM,04:28:13 PM,0
2110148,,CLARCHA1,0,1730233740,1730233740,04:29:00 PM,04:29:00 PM,0
2110148,,CLARTRA1,0,1730233791,1730233791,04:29:51 PM,04:29:51 PM,0
2110148,,CLARROY1,0,1730233853,1730233853,04:30:53 PM,04:30:53 PM,0
2110148,,CLARROY3,0,1730233885,1730233885,04:31:25 PM,04:31:25 PM,0
2110148,,CLARWAV1,0,1730233910,1730233910,04:31:50 PM,04:31:50 PM,0
2110148,,CLARCHU1,0,1730233949,1730233949,04:32:29 PM,04:32:29 PM,0
2110148,,ARGYMAL1,0,1730234040,1730234040,04:34:00 PM,04:34:00 PM,0
2110037,,ARGYMAL1,0,1730234160,1730234160,04:36:00 PM,04:36:00 PM,0
2110037,,CLARCHU2,0,1730234211,1730234211,04:36:51 PM,04:36:51 PM,0
2110037,,CLARWAV2,0,1730234246,1730234246,04:37:26 PM,04:37:26 PM,0
2110037,,CLARROY2,0,1730234265,1730234265,04:37:45 PM,04:37:45 PM,0
2110037,,CLARSUD2,0,1730234307,1730234307,04:38:27 PM,04:38:27 PM,0
2110037,,CLARTRA2,0,1730234321,1730234321,04:38:41 PM,04:38:41 PM,0
2110037,,CLARTRA4,0,1730234352,1730234352,04:39:12 PM,04:39:12 PM,0
2110037,,CLARCHA2,0,1730234394,1730234394,04:39:54 PM,04:39:54 PM,0
2110037,,CLARFIS2,0,1730234460,1730234460,04:41:00 PM,04:41:00 PM,0
2110037,,CLARGOR2,0,1730234502,1730234502,04:41:42 PM,04:41:42 PM,0
2110037,,CLARBAY1,0,1730234537,1730234537,04:42:17 PM,04:42:17 PM,0
2110037,,CLARPEN1,0,1730234584,1730234584,04:43:04 PM,04:43:04 PM,0
2110037,,HAMIGOR1,0,1730234661,1730234661,04:44:21 PM,04:44:21 PM,0
2110037,,HAMICRI1,0,1730234702,1730234702,04:45:02 PM,04:45:02 PM,0
2110037,,HAMIRIV2,0,1730234760,1730234760,04:46:00 PM,04:46:00 PM,0
2110037,,HAMIBRA2,0,1730234817,1730234817,04:46:57 PM,04:46:57 PM,0
2110037,,HAMIOAKL,0,1730234850,1730234850,04:47:30 PM,04:47:30 PM,0
2110037,,HAMIVALL,0,1730234890,1730234890,04:48:10 PM,04:48:10 PM,0
2110037,,HAMIWAT2,0,1730234963,1730234963,04:49:23 PM,04:49:23 PM,0
2110037,,HAMIYMCA,0,1730235003,1730235003,04:50:03 PM,04:50:03 PM,0
2110037,,HAMIFAI1,0,1730235053,1730235053,04:50:53 PM,04:50:53 PM,0
2110037,,HAMIHALE,0,1730235084,1730235084,04:51:24 PM,04:51:24 PM,0
2110037,,HAMIHIG2,0,1730235120,1730235120,04:52:00 PM,04:52:00 PM,0
2110037,,HAMIGIL2,0,1730235142,1730235142,04:52:22 PM,04:52:22 PM,0
2110037,,HAMIEAST,0,1730235234,1730235234,04:53:54 PM,04:53:54 PM,0
2110037,,HAMISJU2,0,1730235313,1730235313,04:55:13 PM,04:55:13 PM,0
2110037,,HAMIELM,0,1730235375,1730235375,04:56:15 PM,04:56:15 PM,0
2110037,,HAMIEGE2,0,1730235466,1730235466,04:57:46 PM,04:57:46 PM,0
2110037,,HAMISAC2,0,1730235540,1730235540,04:59:00 PM,04:59:00 PM,0
2110037,,HAMIREC2,0,1730235603,1730235603,05:00:03 PM,05:00:03 PM,0
2110037,,HAMILTGR,0,1730235662,1730235662,05:01:02 PM,05:01:02 PM,0
2110037,,HAMIADE2,0,1730235720,1730235720,05:02:00 PM,05:02:00 PM,0
2110037,,HAMIWIL2,0,1730235775,1730235775,05:02:55 PM,05:02:55 PM,0
2110037,,HORTHAMI,0,1730235829,1730235829,05:03:49 PM,05:03:49 PM,0
2110037,,HORTCOL1,0,1730235893,1730235893,05:04:53 PM,05:04:53 PM,0
2110037,,HORTWAT2,,,,,,
2110037,,WELLHOR1,,,,,,
2110037,,WELLYOR1,,,,,,
2110037,,WELLDUN3,,,,,,
2110037,,WELLDUN3,,,,,,
2110037,,QUEECLAR,0,1730236263,1730236263,05:11:03 PM,05:11:03 PM,0
2110037,,RICHQUE2,0,1730236380,1730236380,05:13:00 PM,05:13:00 PM,0
2110073,,RICHQUE2,0,1730236380,1730236380,05:13:00 PM,05:13:00 PM,0
2110073,,KINGRICH,0,1730236440,1730236440,05:14:00 PM,05:14:00 PM,0
2110073,,KINGWEL2,0,1730236571,1730236571,05:16:11 PM,05:16:11 PM,0
2110073,,WELLYOR2,,,,,,
2110073,,HORTWELL,,,,,,
2110073,,HORTCOL2,,,,,,
2110073,,HORTMAIT,0,1730236906,1730236906,05:21:46 PM,05:21:46 PM,0
2110073,,HAMIWIL1,0,1730236992,1730236992,05:23:12 PM,05:23:12 PM,0
2110073,,HAMIADE1,0,1730237040,1730237040,05:24:00 PM,05:24:00 PM,0
2110073,,HAMIMAME,0,1730237105,1730237105,05:25:05 PM,05:25:05 PM,0
2110073,,HAMIREC1,0,1730237166,1730237166,05:26:06 PM,05:26:06 PM,0
2110073,,HAMISAC1,0,1730237242,1730237242,05:27:22 PM,05:27:22 PM,0
2110073,,HAMIEGE1,0,1730237286,1730237286,05:28:06 PM,05:28:06 PM,0
2110073,,HAMITENN,0,1730237365,1730237365,05:29:25 PM,05:29:25 PM,0
2110073,,HAMISJU1,0,1730237408,1730237408,05:30:08 PM,05:30:08 PM,0
2110073,,HAMIPILA,0,1730237467,1730237467,05:31:07 PM,05:31:07 PM,0
2110073,,HAMIGIL1,0,1730237535,1730237535,05:32:15 PM,05:32:15 PM,0
2110073,,HAMIHIG1,0,1730237580,1730237580,05:33:00 PM,05:33:00 PM,0
2110073,,HAMIHIG1,0,1730237580,1730237580,05:33:00 PM,05:33:00 PM,0
2110073,,HAMINORL,0,1730237594,1730237594,05:33:14 PM,05:33:14 PM,0
2110073,,HAMIMEA1,0,1730237630,1730237630,05:33:50 PM,05:33:50 PM,0
2110073,,HAMIMEA3,0,1730237644,1730237644,05:34:04 PM,05:34:04 PM,0
2110073,,HAMIWATM,0,1730237677,1730237677,05:34:37 PM,05:34:37 PM,0
2110073,,HAMIGORE,0,1730237718,1730237718,05:35:18 PM,05:35:18 PM,0
2110073,,HAMIBRA3,0,1730237752,1730237752,05:35:52 PM,05:35:52 PM,0
2110073,,HAMIBRA1,0,1730237779,1730237779,05:36:19 PM,05:36:19 PM,0
2110073,,HAMIRIRU,0,1730237814,1730237814,05:36:54 PM,05:36:54 PM,0
2110073,,HAMICRI2,0,1730237866,1730237866,05:37:46 PM,05:37:46 PM,0
2110073,,HAMICLA1,0,1730237912,1730237912,05:38:32 PM,05:38:32 PM,0
2110073,,CLARPEN2,0,1730237972,1730237972,05:39:32 PM,05:39:32 PM,0
2110073,,CLARBAY2,0,1730238010,1730238010,05:40:10 PM,05:40:10 PM,0
2110073,,CLARGORE,0,1730238055,1730238055,05:40:55 PM,05:40:55 PM,0
2110073,,CLARFIS1,0,1730238074,1730238074,05:41:14 PM,05:41:14 PM,0
2110073,,CLARCHA3,0,1730238135,1730238135,05:42:15 PM,05:42:15 PM,0
2110073,,CLARCHA1,0,1730238180,1730238180,05:43:00 PM,05:43:00 PM,0
2110073,,CLARTRA1,0,1730238231,1730238231,05:43:51 PM,05:43:51 PM,0
2110073,,CLARROY1,0,1730238293,1730238293,05:44:53 PM,05:44:53 PM,0
2110073,,CLARROY3,0,1730238325,1730238325,05:45:25 PM,05:45:25 PM,0
2110073,,CLARWAV1,0,1730238350,1730238350,05:45:50 PM,05:45:50 PM,0
2110073,,CLARCHU1,0,1730238389,1730238389,05:46:29 PM,05:46:29 PM,0
2110073,,ARGYMAL1,0,1730238480,1730238480,05:48:00 PM,05:48:00 PM,0
2110114,,ARGYMAL1,0,1730238600,1730238600,05:50:00 PM,05:50:00 PM,0
2110114,,CLARCHU2,0,1730238653,1730238653,05:50:53 PM,05:50:53 PM,0
2110114,,CLARWAV2,0,1730238690,1730238690,05:51:30 PM,05:51:30 PM,0
2110114,,CLARROY2,0,1730238709,1730238709,05:51:49 PM,05:51:49 PM,0
2110114,,CLARTRA2,0,1730238768,1730238768,05:52:48 PM,05:52:48 PM,0
2110114,,CLARTRA4,0,1730238801,1730238801,05:53:21 PM,05:53:21 PM,0
2110114,,CLARCHA2,0,1730238845,1730238845,05:54:05 PM,05:54:05 PM,0
2110114,,CLARFIS2,0,1730238914,1730238914,05:55:14 PM,05:55:14 PM,0
2110114,,CLARGOR2,0,1730238960,1730238960,05:56:00 PM,05:56:00 PM,0
2110114,,GOREFIRE,0,1730239025,1730239025,05:57:05 PM,05:57:05 PM,0
2110114,,GOREBRAE,0,1730239054,1730239054,05:57:34 PM,05:57:34 PM,0
2110114,,MONTGORE,0,1730239123,1730239123,05:58:43 PM,05:58:43 PM,0
2110114,,MONTFUND,0,1730239142,1730239142,05:59:02 PM,05:59:02 PM,0
2110114,,MONTTWEE,0,1730239162,1730239162,05:59:22 PM,05:59:22 PM,0
2110114,,MANITWEE,0,1730239212,1730239212,06:00:12 PM,06:00:12 PM,0
2110114,,TWEECOU2,0,1730239236,1730239236,06:00:36 PM,06:00:36 PM,0
2110114,,TWEECOU4,0,1730239262,1730239262,06:01:02 PM,06:01:02 PM,0
2110114,,TWEEELLE,0,1730239285,1730239285,06:01:25 PM,06:01:25 PM,0
2110114,,TWEEHALE,0,1730239322,1730239322,06:02:02 PM,06:02:02 PM,0
2110114,,HALEMAGE,0,1730239343,1730239343,06:02:23 PM,06:02:23 PM,0
2110114,,HALEELLS,0,1730239373,1730239373,06:02:53 PM,06:02:53 PM,0
2110114,,HAMIHALE,0,1730239409,1730239409,06:03:29 PM,06:03:29 PM,0
2110114,,HAMIHIG2,0,1730239440,1730239440,06:04:00 PM,06:04:00 PM,0
2110114,,HAMIGIL2,0,1730239459,1730239459,06:04:19 PM,06:04:19 PM,0
2110114,,HAMIEAST,0,1730239538,1730239538,06:05:38 PM,06:05:38 PM,0
2110114,,HAMISJU2,0,1730239606,1730239606,06:06:46 PM,06:06:46 PM,0
2110114,,HAMIELM,0,1730239659,1730239659,06:07:39 PM,06:07:39 PM,0
2110114,,HAMIEGE2,0,1730239737,1730239737,06:08:57 PM,06:08:57 PM,0
2110114,,HAMISAC2,0,1730239800,1730239800,06:10:00 PM,06:10:00 PM,0
2110114,,HAMIREC2,0,1730239842,1730239842,06:10:42 PM,06:10:42 PM,0
2110114,,HAMILTGR,0,1730239881,1730239881,06:11:21 PM,06:11:21 PM,0
2110114,,HAMIADE2,0,1730239920,1730239920,06:12:00 PM,06:12:00 PM,0
2110114,,HAMIWIL2,0,1730239959,1730239959,06:12:39 PM,06:12:39 PM,0
2110114,,HORTHAMI,0,1730239998,1730239998,06:13:18 PM,06:13:18 PM,0
2110114,,HORTCOL1,0,1730240044,1730240044,06:14:04 PM,06:14:04 PM,0
2110114,,HORTWAT2,,,,,,
2110114,,WELLHOR1,,,,,,
2110114,,WELLYOR1,,,,,,
2110114,,WELLDUN3,,,,,,
2110114,,QUEECLAR,0,1730240337,1730240337,06:18:57 PM,06:18:57 PM,0
2110114,,QUEERIC1,0,1730240400,1730240400,06:20:00 PM,06:20:00 PM,0
2110114,,QUEERIC1,0,1730240400,1730240400,06:20:00 PM,06:20:00 PM,0
2110114,,RIDOYORK,0,1730240541,1730240541,06:22:21 PM,06:22:21 PM,0
2110114,,YORKTHA2,0,1730240585,1730240585,06:23:05 PM,06:23:05 PM,0
2110114,,HORTWHA2,0,1730240726,1730240726,06:25:26 PM,06:25:26 PM,0
2110114,,HORTWHA4,0,1730240760,1730240760,06:26:00 PM,06:26:00 PM,0
2110114,,HORTSPRI,0,1730240808,1730240808,06:26:48 PM,06:26:48 PM,0
2110114,,SPRIGRE2,0,1730240836,1730240836,06:27:16 PM,06:27:16 PM,0
2110114,,SPRIFORH,0,1730240861,1730240861,06:27:41 PM,06:27:41 PM,0
2110114,,SPRICHEL,0,1730240896,1730240896,06:28:16 PM,06:28:16 PM,0
2110114,,KERNSPR1,0,1730240940,1730240940,06:29:00 PM,06:29:00 PM,0
2110114,,RIDGKER2,0,1730240972,1730240972,06:29:32 PM,06:29:32 PM,0
2110114,,GARDRID2,0,1730241003,1730241003,06:30:03 PM,06:30:03 PM,0
2110114,,GARDSOU2,0,1730241077,1730241077,06:31:17 PM,06:31:17 PM,0
2110114,,BERKGAR1,0,1730241134,1730241134,06:32:14 PM,06:32:14 PM,0
2110114,,BERKBER1,0,1730241188,1730241188,06:33:08 PM,06:33:08 PM,0
2110114,,BERKSPR1,0,1730241236,1730241236,06:33:56 PM,06:33:56 PM,0
2110114,,SPRIBER4,0,1730241256,1730241256,06:34:16 PM,06:34:16 PM,0
2110114,,SPRIWON2,0,1730241300,1730241300,06:35:00 PM,06:35:00 PM,0
2110114,,SPRIQUI2,0,1730241332,1730241332,06:35:32 PM,06:35:32 PM,0
2110114,,SPRIJAR2,0,1730241364,1730241364,06:36:04 PM,06:36:04 PM,0
2110114,,SPRIHIC2,0,1730241383,1730241383,06:36:23 PM,06:36:23 PM,0
2110114,,SPRIWES4,0,1730241465,1730241465,06:37:45 PM,06:37:45 PM,0
2110114,,SPRICOM2,0,1730241489,1730241489,06:38:09 PM,06:38:09 PM,0
2110114,,COMMSPR2,0,1730241515,1730241515,06:38:35 PM,06:38:35 PM,0
2110114,,COMMNOR2,0,1730241545,1730241545,06:39:05 PM,06:39:05 PM,0
2110114,,COMMLYN4,0,1730241579,1730241579,06:39:39 PM,06:39:39 PM,0
2110114,,COMMSPR4,0,1730241595,1730241595,06:39:55 PM,06:39:55 PM,0
2110114,,COMMBOL2,0,1730241621,1730241621,06:40:21 PM,06:40:21 PM,0
2110114,,COMMHAM2,0,1730241660,1730241660,06:41:00 PM,06:41:00 PM,0
2110156,,COMMHAM2,0,1730241660,1730241660,06:41:00 PM,06:41:00 PM,0
2110156,,COMMSTEP,0,1730241709,1730241709,06:41:49 PM,06:41:49 PM,0
2110156,,GRIFCOMM,0,1730241746,1730241746,06:42:26 PM,06:42:26 PM,0
2110156,,GRIFHEMO,0,1730241782,1730241782,06:43:02 PM,06:43:02 PM,0
2110156,,GRIFNORM,0,1730241830,1730241830,06:43:50 PM,06:43:50 PM,0
2110156,,GRIFBBA2,0,1730241890,1730241890,06:44:50 PM,06:44:50 PM,0
2110156,,GRIFFAIR,0,1730241927,1730241927,06:45:27 PM,06:45:27 PM,0
2110156,,GRIFDEA2,0,1730241979,1730241979,06:46:19 PM,06:46:19 PM,0
2110156,,GRIFWIDD,0,1730242000,1730242000,06:46:40 PM,06:46:40 PM,0
2110156,,GRIFROBW,0,1730242047,1730242047,06:47:27 PM,06:47:27 PM,0
2110156,,GRIFBOLE,0,1730242095,1730242095,06:48:15 PM,06:48:15 PM,0
2110156,,BOLEGRIF,0,1730242120,1730242120,06:48:40 PM,06:48:40 PM,0
2110156,,BOLEWAYN,0,1730242167,1730242167,06:49:27 PM,06:49:27 PM,0
2110156,,BOLEBASE,0,1730242224,1730242224,06:50:24 PM,06:50:24 PM,0
2110156,,BOLEGLEN,0,1730242265,1730242265,06:51:05 PM,06:51:05 PM,0
2110156,,BOLECOM1,0,1730242286,1730242286,06:51:26 PM,06:51:26 PM,0
2110156,,COMMBOL1,0,1730242320,1730242320,06:52:00 PM,06:52:00 PM,0
2110156,,COMMBOL1,0,1730242320,1730242320,06:52:00 PM,06:52:00 PM,0
2110156,,COMMSPR1,0,1730242352,1730242352,06:52:32 PM,06:52:32 PM,0
2110156,,COMMNASH,0,1730242388,1730242388,06:53:08 PM,06:53:08 PM,0
2110156,,COMMNOR1,0,1730242414,1730242414,06:53:34 PM,06:53:34 PM,0
2110156,,SPRICOM1,0,1730242464,1730242464,06:54:24 PM,06:54:24 PM,0
2110156,,SPRIWES1,0,1730242490,1730242490,06:54:50 PM,06:54:50 PM,0
2110156,,SPRIWES3,0,1730242526,1730242526,06:55:26 PM,06:55:26 PM,0
2110156,,SPRIHIC1,0,1730242574,1730242574,06:56:14 PM,06:56:14 PM,0
2110156,,SPRIJAR1,0,1730242606,1730242606,06:56:46 PM,06:56:46 PM,0
2110156,,SPRIQUI1,0,1730242630,1730242630,06:57:10 PM,06:57:10 PM,0
2110156,,SPRIWON1,0,1730242680,1730242680,06:58:00 PM,06:58:00 PM,0
2110156,,SPRIBER1,0,1730242707,1730242707,06:58:27 PM,06:58:27 PM,0
2110156,,SPRIBER3,0,1730242757,1730242757,06:59:17 PM,06:59:17 PM,0
2110156,,SPRIMAR1,0,1730242805,1730242805,07:00:05 PM,07:00:05 PM,0
2110156,,SPRIKER1,0,1730242862,1730242862,07:01:02 PM,07:01:02 PM,0
2110156,,SPRIGROW,0,1730242915,1730242915,07:01:55 PM,07:01:55 PM,0
2110156,,SPRIGRE1,0,1730242987,1730242987,07:03:07 PM,07:03:07 PM,0
2110156,,SPRISPRI,0,1730243039,1730243039,07:03:59 PM,07:03:59 PM,0
2110156,,HORTWHA3,0,1730243121,1730243121,07:05:21 PM,07:05:21 PM,0
2110156,,STANWHAR,0,1730243181,1730243181,07:06:21 PM,07:06:21 PM,0
2110156,,STANPERR,0,1730243205,1730243205,07:06:45 PM,07:06:45 PM,0
2110156,,STANWORT,0,1730243242,1730243242,07:07:22 PM,07:07:22 PM,0
2110156,,YORKTHA1,0,1730243271,1730243271,07:07:51 PM,07:07:51 PM,0
2110156,,RIDOYOR2,0,1730243306,1730243306,07:08:26 PM,07:08:26 PM,0
2110156,,KINGTALB,0,1730243345,1730243345,07:09:05 PM,07:09:05 PM,0
2110156,,KINGRICH,0,1730243400,1730243400,07:10:00 PM,07:10:00 PM,0
2110156,,KINGRICH,0,1730243400,1730243400,07:10:00 PM,07:10:00 PM,0
2110156,,KINGWEL2,0,1730243531,1730243531,07:12:11 PM,07:12:11 PM,0
2110156,,WELLYOR2,,,,,,
2110156,,HORTWELL,,,,,,
2110156,,HORTCOL2,,,,,,
2110156,,HORTMAIT,0,1730243784,1730243784,07:16:24 PM,07:16:24 PM,0
2110156,,HAMIWIL1,0,1730243845,1730243845,07:17:25 PM,07:17:25 PM,0
2110156,,HAMIADE1,0,1730243880,1730243880,07:18:00 PM,07:18:00 PM,0
2110156,,HAMIMAME,0,1730243937,1730243937,07:18:57 PM,07:18:57 PM,0
2110156,,HAMIREC1,0,1730243991,1730243991,07:19:51 PM,07:19:51 PM,0
2110156,,HAMISAC1,0,1730244059,1730244059,07:20:59 PM,07:20:59 PM,0
2110156,,HAMIEGE1,0,1730244098,1730244098,07:21:38 PM,07:21:38 PM,0
2110156,,HAMITENN,0,1730244168,1730244168,07:22:48 PM,07:22:48 PM,0
2110156,,HAMISJU1,0,1730244206,1730244206,07:23:26 PM,07:23:26 PM,0
2110156,,HAMIPILA,0,1730244259,1730244259,07:24:19 PM,07:24:19 PM,0
2110156,,HAMIGIL1,0,1730244320,1730244320,07:25:20 PM,07:25:20 PM,0
2110156,,HAMIHIG1,0,1730244360,1730244360,07:26:00 PM,07:26:00 PM,0
2110156,,HALEHAM2,0,1730244383,1730244383,07:26:23 PM,07:26:23 PM,0
2110156,,HALEMAG2,0,1730244433,1730244433,07:27:13 PM,07:27:13 PM,0
2110156,,TWEEFAI2,0,1730244455,1730244455,07:27:35 PM,07:27:35 PM,0
2110156,,TWEEMAN2,0,1730244489,1730244489,07:28:09 PM,07:28:09 PM,0
2110156,,TWEEBER2,0,1730244507,1730244507,07:28:27 PM,07:28:27 PM,0
2110156,,MANITWE2,0,1730244549,1730244549,07:29:09 PM,07:29:09 PM,0
2110156,,MONTTWE2,0,1730244586,1730244586,07:29:46 PM,07:29:46 PM,0
2110156,,MONTELD2,0,1730244623,1730244623,07:30:23 PM,07:30:23 PM,0
2110156,,GOREVAL2,0,1730244636,1730244636,07:30:36 PM,07:30:36 PM,0
2110156,,GOREBRA2,0,1730244677,1730244677,07:31:17 PM,07:31:17 PM,0
2110156,,GOREFIR2,0,1730244710,1730244710,07:31:50 PM,07:31:50 PM,0
2110156,,CLARGORE,0,1730244778,1730244778,07:32:58 PM,07:32:58 PM,0
2110156,,CLARFIS1,0,1730244797,1730244797,07:33:17 PM,07:33:17 PM,0
2110156,,CLARCHA3,0,1730244858,1730244858,07:34:18 PM,07:34:18 PM,0
2110156,,CLARCHA1,0,1730244900,1730244900,07:35:00 PM,07:35:00 PM,0
2110156,,CLARTRA1,0,1730244951,1730244951,07:35:51 PM,07:35:51 PM,0
2110156,,CLARROY1,0,1730245013,1730245013,07:36:53 PM,07:36:53 PM,0
2110156,,CLARROY3,0,1730245045,1730245045,07:37:25 PM,07:37:25 PM,0
2110156,,CLARWAV1,0,1730245070,1730245070,07:37:50 PM,07:37:50 PM,0
2110156,,CLARCHU1,0,1730245109,1730245109,07:38:29 PM,07:38:29 PM,0
2110156,,ARGYMAL1,0,1730245200,1730245200,07:40:00 PM,07:40:00 PM,0
2110044,,ARGYMAL1,0,1730245200,1730245200,07:40:00 PM,07:40:00 PM,0
2110044,,CLARCHU2,0,1730245245,1730245245,07:40:45 PM,07:40:45 PM,0
2110044,,CLARWAV2,0,1730245277,1730245277,07:41:17 PM,07:41:17 PM,0
2110044,,CLARROY2,0,1730245294,1730245294,07:41:34 PM,07:41:34 PM,0
2110044,,CLARSUD2,0,1730245332,1730245332,07:42:12 PM,07:42:12 PM,0
2110044,,CLARTRA2,0,1730245344,1730245344,07:42:24 PM,07:42:24 PM,0
2110044,,CLARTRA4,0,1730245372,1730245372,07:42:52 PM,07:42:52 PM,0
2110044,,CLARCHA2,0,1730245410,1730245410,07:43:30 PM,07:43:30 PM,0
2110044,,CLARFIS2,0,1730245470,1730245470,07:44:30 PM,07:44:30 PM,0
2110044,,CLARGOR2,0,1730245507,1730245507,07:45:07 PM,07:45:07 PM,0
2110044,,CLARBAY1,0,1730245538,1730245538,07:45:38 PM,07:45:38 PM,0
2110044,,CLARPEN1,0,1730245580,1730245580,07:46:20 PM,07:46:20 PM,0
2110044,,HAMIGOR1,0,1730245649,1730245649,07:47:29 PM,07:47:29 PM,0
2110044,,HAMICRI1,0,1730245686,1730245686,07:48:06 PM,07:48:06 PM,0
2110044,,HAMIRIV2,0,1730245740,1730245740,07:49:00 PM,07:49:00 PM,0
2110044,,HAMIBRA2,0,1730245788,1730245788,07:49:48 PM,07:49:48 PM,0
2110044,,HAMIOAKL,0,1730245815,1730245815,07:50:15 PM,07:50:15 PM,0
2110044,,HAMIVALL,0,1730245848,1730245848,07:50:48 PM,07:50:48 PM,0
2110044,,HAMIWAT2,0,1730245909,1730245909,07:51:49 PM,07:51:49 PM,0
2110044,,HAMIYMCA,0,1730245942,1730245942,07:52:22 PM,07:52:22 PM,0
2110044,,HAMIFAI1,0,1730245984,1730245984,07:53:04 PM,07:53:04 PM,0
2110044,,HAMIHALE,0,1730246010,1730246010,07:53:30 PM,07:53:30 PM,0
2110044,,HAMIHIG2,0,1730246040,1730246040,07:54:00 PM,07:54:00 PM,0
2110044,,HAMIGIL2,0,1730246059,1730246059,07:54:19 PM,07:54:19 PM,0
2110044,,HAMIEAST,0,1730246138,1730246138,07:55:38 PM,07:55:38 PM,0
2110044,,HAMISJU2,0,1730246206,1730246206,07:56:46 PM,07:56:46 PM,0
2110044,,HAMIELM,0,1730246259,1730246259,07:57:39 PM,07:57:39 PM,0
2110044,,HAMIEGE2,0,1730246337,1730246337,07:58:57 PM,07:58:57 PM,0
2110044,,HAMISAC2,0,1730246400,1730246400,08:00:00 PM,08:00:00 PM,0
2110044,,HAMIREC2,0,1730246442,1730246442,08:00:42 PM,08:00:42 PM,0
2110044,,HAMILTGR,0,1730246481,1730246481,08:01:21 PM,08:01:21 PM,0
2110044,,HAMIADE2,0,1730246520,1730246520,08:02:00 PM,08:02:00 PM,0
2110044,,HAMIWIL2,0,1730246559,1730246559,08:02:39 PM,08:02:39 PM,0
2110044,,HORTHAMI,0,1730246598,1730246598,08:03:18 PM,08:03:18 PM,0
2110044,,HORTCOL1,0,1730246644,1730246644,08:04:04 PM,08:04:04 PM,0
2110044,,HORTWAT2,,,,,,
2110044,,WELLHOR1,,,,,,
2110044,,WELLYOR1,,,,,,
2110044,,WELLDUN3,,,,,,
2110044,,WELLDUN3,,,,,,
2110044,,QUEECLAR,0,1730246912,1730246912,08:08:32 PM,08:08:32 PM,0
2110044,,RICHQUE2,0,1730247000,1730247000,08:10:00 PM,08:10:00 PM,0
2110082,,RICHQUE2,0,1730247000,1730247000,08:10:00 PM,08:10:00 PM,0
2110082,,KINGRICH,0,1730247060,1730247060,08:11:00 PM,08:11:00 PM,0
2110082,,KINGWEL2,0,1730247191,1730247191,08:13:11 PM,08:13:11 PM,0
2110082,,WELLYOR2,,,,,,
2110082,,HORTWELL,,,,,,
2110082,,HORTCOL2,,,,,,
2110082,,HORTMAIT,0,1730247444,1730247444,08:17:24 PM,08:17:24 PM,0
2110082,,HAMIWIL1,0,1730247505,1730247505,08:18:25 PM,08:18:25 PM,0
2110082,,HAMIADE1,0,1730247540,1730247540,08:19:00 PM,08:19:00 PM,0
2110082,,HAMIMAME,0,1730247597,1730247597,08:19:57 PM,08:19:57 PM,0
2110082,,HAMIREC1,0,1730247651,1730247651,08:20:51 PM,08:20:51 PM,0
2110082,,HAMISAC1,0,1730247719,1730247719,08:21:59 PM,08:21:59 PM,0
2110082,,HAMIEGE1,0,1730247758,1730247758,08:22:38 PM,08:22:38 PM,0
2110082,,HAMITENN,0,1730247828,1730247828,08:23:48 PM,08:23:48 PM,0
2110082,,HAMISJU1,0,1730247866,1730247866,08:24:26 PM,08:24:26 PM,0
2110082,,HAMIPILA,0,1730247919,1730247919,08:25:19 PM,08:25:19 PM,0
2110082,,HAMIGIL1,0,1730247980,1730247980,08:26:20 PM,08:26:20 PM,0
2110082,,HAMIHIG1,0,1730248020,1730248020,08:27:00 PM,08:27:00 PM,0
2110082,,HAMIHIG1,0,1730248020,1730248020,08:27:00 PM,08:27:00 PM,0
2110082,,HAMINORL,0,1730248033,1730248033,08:27:13 PM,08:27:13 PM,0
2110082,,HAMIMEA1,0,1730248066,1730248066,08:27:46 PM,08:27:46 PM,0
2110082,,HAMIMEA3,0,1730248079,1730248079,08:27:59 PM,08:27:59 PM,0
2110082,,HAMIWATM,0,1730248108,1730248108,08:28:28 PM,08:28:28 PM,0
2110082,,HAMIGORE,0,1730248145,1730248145,08:29:05 PM,08:29:05 PM,0
2110082,,HAMIBRA3,0,1730248175,1730248175,08:29:35 PM,08:29:35 PM,0
2110082,,HAMIBRA1,0,1730248199,1730248199,08:29:59 PM,08:29:59 PM,0
2110082,,HAMIRIRU,0,1730248230,1730248230,08:30:30 PM,08:30:30 PM,0
2110082,,HAMICRI2,0,1730248276,1730248276,08:31:16 PM,08:31:16 PM,0
2110082,,HAMICLA1,0,1730248318,1730248318,08:31:58 PM,08:31:58 PM,0
2110082,,CLARPEN2,0,1730248372,1730248372,08:32:52 PM,08:32:52 PM,0
2110082,,CLARBAY2,0,1730248406,1730248406,08:33:26 PM,08:33:26 PM,0
2110082,,CLARGORE,0,1730248447,1730248447,08:34:07 PM,08:34:07 PM,0
2110082,,CLARFIS1,0,1730248464,1730248464,08:34:24 PM,08:34:24 PM,0
2110082,,CLARCHA3,0,1730248519,1730248519,08:35:19 PM,08:35:19 PM,0
2110082,,CLARCHA1,0,1730248560,1730248560,08:36:00 PM,08:36:00 PM,0
2110082,,CLARTRA1,0,1730248611,1730248611,08:36:51 PM,08:36:51 PM,0
2110082,,CLARROY1,0,1730248673,1730248673,08:37:53 PM,08:37:53 PM,0
2110082,,CLARROY3,0,1730248705,1730248705,08:38:25 PM,08:38:25 PM,0
2110082,,CLARWAV1,0,1730248730,1730248730,08:38:50 PM,08:38:50 PM,0
2110082,,CLARCHU1,0,1730248769,1730248769,08:39:29 PM,08:39:29 PM,0
2110082,,ARGYMAL1,0,1730248860,1730248860,08:41:00 PM,08:41:00 PM,0
2110122,,ARGYMAL1,0,1730249400,1730249400,08:50:00 PM,08:50:00 PM,0
2110122,,CLARCHU2,0,1730249453,1730249453,08:50:53 PM,08:50:53 PM,0
2110122,,CLARWAV2,0,1730249490,1730249490,08:51:30 PM,08:51:30 PM,0
2110122,,CLARROY2,0,1730249509,1730249509,08:51:49 PM,08:51:49 PM,0
2110122,,CLARTRA2,0,1730249568,1730249568,08:52:48 PM,08:52:48 PM,0
2110122,,CLARTRA4,0,1730249601,1730249601,08:53:21 PM,08:53:21 PM,0
2110122,,CLARCHA2,0,1730249645,1730249645,08:54:05 PM,08:54:05 PM,0
2110122,,CLARFIS2,0,1730249714,1730249714,08:55:14 PM,08:55:14 PM,0
2110122,,CLARGOR2,0,1730249760,1730249760,08:56:00 PM,08:56:00 PM,0
2110122,,GOREFIRE,0,1730249825,1730249825,08:57:05 PM,08:57:05 PM,0
2110122,,GOREBRAE,0,1730249854,1730249854,08:57:34 PM,08:57:34 PM,0
2110122,,MONTGORE,0,1730249923,1730249923,08:58:43 PM,08:58:43 PM,0
2110122,,MONTFUND,0,1730249942,1730249942,08:59:02 PM,08:59:02 PM,0
2110122,,MONTTWEE,0,1730249962,1730249962,08:59:22 PM,08:59:22 PM,0
2110122,,MANITWEE,0,1730250012,1730250012,09:00:12 PM,09:00:12 PM,0
2110122,,TWEECOU2,0,1730250036,1730250036,09:00:36 PM,09:00:36 PM,0
2110122,,TWEECOU4,0,1730250062,1730250062,09:01:02 PM,09:01:02 PM,0
2110122,,TWEEELLE,0,1730250085,1730250085,09:01:25 PM,09:01:25 PM,0
2110122,,TWEEHALE,0,1730250122,1730250122,09:02:02 PM,09:02:02 PM,0
2110122,,HALEMAGE,0,1730250143,1730250143,09:02:23 PM,09:02:23 PM,0
2110122,,HALEELLS,0,1730250173,1730250173,09:02:53 PM,09:02:53 PM,0
2110122,,HAMIHALE,0,1730250209,1730250209,09:03:29 PM,09:03:29 PM,0
2110122,,HAMIHIG2,0,1730250240,1730250240,09:04:00 PM,09:04:00 PM,0
2110122,,HAMIGIL2,0,1730250259,1730250259,09:04:19 PM,09:04:19 PM,0
2110122,,HAMIEAST,0,1730250338,1730250338,09:05:38 PM,09:05:38 PM,0
2110122,,HAMISJU2,0,1730250406,1730250406,09:06:46 PM,09:06:46 PM,0
2110122,,HAMIELM,0,1730250459,1730250459,09:07:39 PM,09:07:39 PM,0
2110122,,HAMIEGE2,0,1730250537,1730250537,09:08:57 PM,09:08:57 PM,0
2110122,,HAMISAC2,0,1730250600,1730250600,09:10:00 PM,09:10:00 PM,0
2110122,,HAMIREC2,0,1730250642,1730250642,09:10:42 PM,09:10:42 PM,0
2110122,,HAMILTGR,0,1730250681,1730250681,09:11:21 PM,09:11:21 PM,0
2110122,,HAMIADE2,0,1730250720,1730250720,09:12:00 PM,09:12:00 PM,0
2110122,,HAMIWIL2,0,1730250759,1730250759,09:12:39 PM,09:12:39 PM,0
2110122,,HORTHAMI,0,1730250798,1730250798,09:13:18 PM,09:13:18 PM,0
2110122,,HORTCOL1,0,1730250844,1730250844,09:14:04 PM,09:14:04 PM,0
2110122,,HORTWAT2,,,,,,
2110122,,WELLHOR1,,,,,,
2110122,,WELLYOR1,,,,,,
2110122,,WELLDUN3,,,,,,
2110122,,QUEECLAR,0,1730251098,1730251098,09:18:18 PM,09:18:18 PM,0
2110122,,QUEERIC1,0,1730251140,1730251140,09:19:00 PM,09:19:00 PM,0
2110122,,QUEERIC1,0,1730251140,1730251140,09:19:00 PM,09:19:00 PM,0
2110122,,RIDOYORK,0,1730251257,1730251257,09:20:57 PM,09:20:57 PM,0
2110122,,YORKTHA2,0,1730251294,1730251294,09:21:34 PM,09:21:34 PM,0
2110122,,HORTWHA2,0,1730251412,1730251412,09:23:32 PM,09:23:32 PM,0
2110122,,HORTWHA4,0,1730251440,1730251440,09:24:00 PM,09:24:00 PM,0
2110122,,HORTSPRI,0,1730251487,1730251487,09:24:47 PM,09:24:47 PM,0
2110122,,SPRIGRE2,0,1730251515,1730251515,09:25:15 PM,09:25:15 PM,0
2110122,,SPRIFORH,0,1730251540,1730251540,09:25:40 PM,09:25:40 PM,0
2110122,,SPRICHEL,0,1730251574,1730251574,09:26:14 PM,09:26:14 PM,0
2110122,,SPRIKER2,0,1730251608,1730251608,09:26:48 PM,09:26:48 PM,0
2110122,,SPRIMAR2,0,1730251636,1730251636,09:27:16 PM,09:27:16 PM,0
2110122,,SPRITROW,0,1730251655,1730251655,09:27:35 PM,09:27:35 PM,0
2110122,,SPRIBER4,0,1730251715,1730251715,09:28:35 PM,09:28:35 PM,0
2110122,,SPRIWON2,0,1730251740,1730251740,09:29:00 PM,09:29:00 PM,0
2110122,,SPRIQUI2,0,1730251767,1730251767,09:29:27 PM,09:29:27 PM,0
2110122,,SPRIJAR2,0,1730251794,1730251794,09:29:54 PM,09:29:54 PM,0
2110122,,SPRIHIC2,0,1730251810,1730251810,09:30:10 PM,09:30:10 PM,0
2110122,,SPRIWES4,0,1730251880,1730251880,09:31:20 PM,09:31:20 PM,0
2110122,,SPRICOM2,0,1730251900,1730251900,09:31:40 PM,09:31:40 PM,0
2110122,,COMMSPR2,0,1730251922,1730251922,09:32:02 PM,09:32:02 PM,0
2110122,,COMMNOR2,0,1730251948,1730251948,09:32:28 PM,09:32:28 PM,0
2110122,,COMMLYN4,0,1730251976,1730251976,09:32:56 PM,09:32:56 PM,0
2110122,,COMMSPR4,0,1730251989,1730251989,09:33:09 PM,09:33:09 PM,0
2110122,,COMMBOL2,0,1730252011,1730252011,09:33:31 PM,09:33:31 PM,0
2110122,,COMMHAM2,0,1730252040,1730252040,09:34:00 PM,09:34:00 PM,0
2110162,,COMMHAM2,0,1730252040,1730252040,09:34:00 PM,09:34:00 PM,0
2110162,,COMMSTEP,0,1730252085,1730252085,09:34:45 PM,09:34:45 PM,0
2110162,,GRIFCOMM,0,1730252119,1730252119,09:35:19 PM,09:35:19 PM,0
2110162,,GRIFHEMO,0,1730252152,1730252152,09:35:52 PM,09:35:52 PM,0
2110162,,GRIFNORM,0,1730252195,1730252195,09:36:35 PM,09:36:35 PM,0
2110162,,GRIFBBA2,0,1730252249,1730252249,09:37:29 PM,09:37:29 PM,0
2110162,,GRIFFAIR,0,1730252283,1730252283,09:38:03 PM,09:38:03 PM,0
2110162,,GRIFDEA2,0,1730252330,1730252330,09:38:50 PM,09:38:50 PM,0
2110162,,GRIFWIDD,0,1730252349,1730252349,09:39:09 PM,09:39:09 PM,0
2110162,,GRIFROBW,0,1730252392,1730252392,09:39:52 PM,09:39:52 PM,0
2110162,,GRIFBOLE,0,1730252436,1730252436,09:40:36 PM,09:40:36 PM,0
2110162,,BOLEGRIF,0,1730252459,1730252459,09:40:59 PM,09:40:59 PM,0
2110162,,BOLEWAYN,0,1730252502,1730252502,09:41:42 PM,09:41:42 PM,0
2110162,,BOLEBASE,0,1730252554,1730252554,09:42:34 PM,09:42:34 PM,0
2110162,,BOLEGLEN,0,1730252591,1730252591,09:43:11 PM,09:43:11 PM,0
2110162,,BOLECOM1,0,1730252610,1730252610,09:43:30 PM,09:43:30 PM,0
2110162,,COMMBOL1,0,1730252640,1730252640,09:44:00 PM,09:44:00 PM,0
2110162,,COMMBOL1,0,1730253060,1730253060,09:51:00 PM,09:51:00 PM,0
2110162,,COMMSPR1,0,1730253092,1730253092,09:51:32 PM,09:51:32 PM,0
2110162,,COMMNASH,0,1730253128,1730253128,09:52:08 PM,09:52:08 PM,0
2110162,,COMMNOR1,0,1730253154,1730253154,09:52:34 PM,09:52:34 PM,0
2110162,,SPRICOM1,0,1730253204,1730253204,09:53:24 PM,09:53:24 PM,0
2110162,,SPRIWES1,0,1730253230,1730253230,09:53:50 PM,09:53:50 PM,0
2110162,,SPRIWES3,0,1730253266,1730253266,09:54:26 PM,09:54:26 PM,0
2110162,,SPRIHIC1,0,1730253314,1730253314,09:55:14 PM,09:55:14 PM,0
2110162,,SPRIJAR1,0,1730253346,1730253346,09:55:46 PM,09:55:46 PM,0
2110162,,SPRIQUI1,0,1730253370,1730253370,09:56:10 PM,09:56:10 PM,0
2110162,,SPRIWON1,0,1730253420,1730253420,09:57:00 PM,09:57:00 PM,0
2110162,,SPRIBER1,0,1730253443,1730253443,09:57:23 PM,09:57:23 PM,0
2110162,,SPRIBER3,0,1730253484,1730253484,09:58:04 PM,09:58:04 PM,0
2110162,,SPRIMAR1,0,1730253524,1730253524,09:58:44 PM,09:58:44 PM,0
2110162,,SPRIKER1,0,1730253572,1730253572,09:59:32 PM,09:59:32 PM,0
2110162,,SPRIGROW,0,1730253616,1730253616,10:00:16 PM,10:00:16 PM,0
2110162,,SPRIGRE1,0,1730253676,1730253676,10:01:16 PM,10:01:16 PM,0
2110162,,SPRISPRI,0,1730253719,1730253719,10:01:59 PM,10:01:59 PM,0
2110162,,HORTWHA3,0,1730253787,1730253787,10:03:07 PM,10:03:07 PM,0
2110162,,STANWHAR,0,1730253837,1730253837,10:03:57 PM,10:03:57 PM,0
2110162,,STANPERR,0,1730253857,1730253857,10:04:17 PM,10:04:17 PM,0
2110162,,STANWORT,0,1730253888,1730253888,10:04:48 PM,10:04:48 PM,0
2110162,,YORKTHA1,0,1730253912,1730253912,10:05:12 PM,10:05:12 PM,0
2110162,,RIDOYOR2,0,1730253941,1730253941,10:05:41 PM,10:05:41 PM,0
2110162,,KINGTALB,0,1730253973,1730253973,10:06:13 PM,10:06:13 PM,0
2110162,,KINGRICH,0,1730254020,1730254020,10:07:00 PM,10:07:00 PM,0
2110162,,KINGRICH,0,1730254020,1730254020,10:07:00 PM,10:07:00 PM,0
2110162,,KINGWEL2,0,1730254151,1730254151,10:09:11 PM,10:09:11 PM,0
2110162,,WELLYOR2,,,,,,
2110162,,HORTWELL,,,,,,
2110162,,HORTCOL2,,,,,,
2110162,,HORTMAIT,0,1730254363,1730254363,10:12:43 PM,10:12:43 PM,0
2110162,,HAMIWIL1,0,1730254412,1730254412,10:13:32 PM,10:13:32 PM,0
2110162,,HAMIADE1,0,1730254440,1730254440,10:14:00 PM,10:14:00 PM,0
2110162,,HAMIMAME,0,1730254490,1730254490,10:14:50 PM,10:14:50 PM,0
2110162,,HAMIREC1,0,1730254538,1730254538,10:15:38 PM,10:15:38 PM,0
2110162,,HAMISAC1,0,1730254597,1730254597,10:16:37 PM,10:16:37 PM,0
2110162,,HAMIEGE1,0,1730254631,1730254631,10:17:11 PM,10:17:11 PM,0
2110162,,HAMITENN,0,1730254692,1730254692,10:18:12 PM,10:18:12 PM,0
2110162,,HAMISJU1,0,1730254725,1730254725,10:18:45 PM,10:18:45 PM,0
2110162,,HAMIPILA,0,1730254771,1730254771,10:19:31 PM,10:19:31 PM,0
2110162,,HAMIGIL1,0,1730254824,1730254824,10:20:24 PM,10:20:24 PM,0
2110162,,HAMIHIG1,0,1730254860,1730254860,10:21:00 PM,10:21:00 PM,0
2110162,,HALEHAM2,0,1730254883,1730254883,10:21:23 PM,10:21:23 PM,0
2110162,,HALEMAG2,0,1730254933,1730254933,10:22:13 PM,10:22:13 PM,0
2110162,,TWEEFAI2,0,1730254955,1730254955,10:22:35 PM,10:22:35 PM,0
2110162,,TWEEMAN2,0,1730254989,1730254989,10:23:09 PM,10:23:09 PM,0
2110162,,TWEEBER2,0,1730255007,1730255007,10:23:27 PM,10:23:27 PM,0
2110162,,MANITWE2,0,1730255049,1730255049,10:24:09 PM,10:24:09 PM,0
2110162,,MONTTWE2,0,1730255086,1730255086,10:24:46 PM,10:24:46 PM,0
2110162,,MONTELD2,0,1730255123,1730255123,10:25:23 PM,10:25:23 PM,0
2110162,,GOREVAL2,0,1730255136,1730255136,10:25:36 PM,10:25:36 PM,0
2110162,,GOREBRA2,0,1730255177,1730255177,10:26:17 PM,10:26:17 PM,0
2110162,,GOREFIR2,0,1730255210,1730255210,10:26:50 PM,10:26:50 PM,0
2110162,,CLARGORE,0,1730255278,1730255278,10:27:58 PM,10:27:58 PM,0
2110162,,CLARFIS1,0,1730255297,1730255297,10:28:17 PM,10:28:17 PM,0
2110162,,CLARCHA3,0,1730255358,1730255358,10:29:18 PM,10:29:18 PM,0
2110162,,CLARCHA1,0,1730255400,1730255400,10:30:00 PM,10:30:00 PM,0
2110162,,CLARTRA1,0,1730255451,1730255451,10:30:51 PM,10:30:51 PM,0
2110162,,CLARROY1,0,1730255513,1730255513,10:31:53 PM,10:31:53 PM,0
2110162,,CLARROY3,0,1730255545,1730255545,10:32:25 PM,10:32:25 PM,0
2110162,,CLARWAV1,0,1730255570,1730255570,10:32:50 PM,10:32:50 PM,0
2110162,,CLARCHU1,0,1730255609,1730255609,10:33:29 PM,10:33:29 PM,0
2110162,,ARGYMAL1,0,1730255700,1730255700,10:35:00 PM,10:35:00 PM,0
2110050,,ARGYMAL1,0,1730256000,1730256000,10:40:00 PM,10:40:00 PM,0
2110050,,CLARCHU2,0,1730256040,1730256040,10:40:40 PM,10:40:40 PM,0
2110050,,CLARWAV2,0,1730256068,1730256068,10:41:08 PM,10:41:08 PM,0
2110050,,CLARROY2,0,1730256083,1730256083,10:41:23 PM,10:41:23 PM,0
2110050,,CLARSUD2,0,1730256117,1730256117,10:41:57 PM,10:41:57 PM,0
2110050,,CLARTRA2,0,1730256128,1730256128,10:42:08 PM,10:42:08 PM,0
2110050,,CLARTRA4,0,1730256153,1730256153,10:42:33 PM,10:42:33 PM,0
2110050,,CLARCHA2,0,1730256187,1730256187,10:43:07 PM,10:43:07 PM,0
2110050,,CLARFIS2,0,1730256240,1730256240,10:44:00 PM,10:44:00 PM,0
2110050,,CLARGOR2,0,1730256273,1730256273,10:44:33 PM,10:44:33 PM,0
2110050,,CLARBAY1,0,1730256301,1730256301,10:45:01 PM,10:45:01 PM,0
2110050,,CLARPEN1,0,1730256339,1730256339,10:45:39 PM,10:45:39 PM,0
2110050,,HAMIGOR1,0,1730256401,1730256401,10:46:41 PM,10:46:41 PM,0
2110050,,HAMICRI1,0,1730256434,1730256434,10:47:14 PM,10:47:14 PM,0
2110050,,HAMIRIV2,0,1730256480,1730256480,10:48:00 PM,10:48:00 PM,0
2110050,,HAMIBRA2,0,1730256518,1730256518,10:48:38 PM,10:48:38 PM,0
2110050,,HAMIOAKL,0,1730256540,1730256540,10:49:00 PM,10:49:00 PM,0
2110050,,HAMIVALL,0,1730256567,1730256567,10:49:27 PM,10:49:27 PM,0
2110050,,HAMIWAT2,0,1730256615,1730256615,10:50:15 PM,10:50:15 PM,0
2110050,,HAMIYMCA,0,1730256641,1730256641,10:50:41 PM,10:50:41 PM,0
2110050,,HAMIFAI1,0,1730256674,1730256674,10:51:14 PM,10:51:14 PM,0
2110050,,HAMIHALE,0,1730256694,1730256694,10:51:34 PM,10:51:34 PM,0
2110050,,HAMIHIG2,0,1730256720,1730256720,10:52:00 PM,10:52:00 PM,0
2110050,,HAMIGIL2,0,1730256733,1730256733,10:52:13 PM,10:52:13 PM,0
2110050,,HAMIEAST,0,1730256785,1730256785,10:53:05 PM,10:53:05 PM,0
2110050,,HAMISJU2,0,1730256830,1730256830,10:53:50 PM,10:53:50 PM,0
2110050,,HAMIELM,0,1730256865,1730256865,10:54:25 PM,10:54:25 PM,0
2110050,,HAMIEGE2,0,1730256917,1730256917,10:55:17 PM,10:55:17 PM,0
2110050,,HAMISAC2,0,1730256960,1730256960,10:56:00 PM,10:56:00 PM,0
2110050,,HAMIREC2,0,1730257023,1730257023,10:57:03 PM,10:57:03 PM,0
2110050,,HAMILTGR,0,1730257082,1730257082,10:58:02 PM,10:58:02 PM,0
2110050,,HAMIADE2,0,1730257140,1730257140,10:59:00 PM,10:59:00 PM,0
2110050,,HAMIWIL2,0,1730257171,1730257171,10:59:31 PM,10:59:31 PM,0
2110050,,HORTHAMI,0,1730257202,1730257202,11:00:02 PM,11:00:02 PM,0
2110050,,HORTCOL1,0,1730257239,1730257239,11:00:39 PM,11:00:39 PM,0
2110050,,HORTWAT2,,,,,,
2110050,,WELLHOR1,,,,,,
2110050,,WELLYOR1,,,,,,
2110050,,WELLDUN3,,,,,,
2110050,,WELLDUN3,,,,,,
2110050,,QUEECLAR,0,1730257472,1730257472,11:04:32 PM,11:04:32 PM,0
2110050,,RICHQUE2,0,1730257560,1730257560,11:06:00 PM,11:06:00 PM,0
2110088,,RICHQUE2,0,1730257560,1730257560,11:06:00 PM,11:06:00 PM,0
2110088,,KINGRICH,0,1730257620,1730257620,11:07:00 PM,11:07:00 PM,0
2110088,,KINGWEL2,0,1730257751,1730257751,11:09:11 PM,11:09:11 PM,0
2110088,,WELLYOR2,,,,,,
2110088,,HORTWELL,,,,,,
2110088,,HORTCOL2,,,,,,
2110088,,HORTMAIT,0,1730257963,1730257963,11:12:43 PM,11:12:43 PM,0
2110088,,HAMIWIL1,0,1730258012,1730258012,11:13:32 PM,11:13:32 PM,0
2110088,,HAMIADE1,0,1730258040,1730258040,11:14:00 PM,11:14:00 PM,0
2110088,,HAMIMAME,0,1730258090,1730258090,11:14:50 PM,11:14:50 PM,0
2110088,,HAMIREC1,0,1730258138,1730258138,11:15:38 PM,11:15:38 PM,0
2110088,,HAMISAC1,0,1730258197,1730258197,11:16:37 PM,11:16:37 PM,0
2110088,,HAMIEGE1,0,1730258231,1730258231,11:17:11 PM,11:17:11 PM,0
2110088,,HAMITENN,0,1730258292,1730258292,11:18:12 PM,11:18:12 PM,0
2110088,,HAMISJU1,0,1730258325,1730258325,11:18:45 PM,11:18:45 PM,0
2110088,,HAMIPILA,0,1730258371,1730258371,11:19:31 PM,11:19:31 PM,0
2110088,,HAMIGIL1,0,1730258424,1730258424,11:20:24 PM,11:20:24 PM,0
2110088,,HAMIHIG1,0,1730258460,1730258460,11:21:00 PM,11:21:00 PM,0
2110088,,HAMIHIG1,0,1730258460,1730258460,11:21:00 PM,11:21:00 PM,0
2110088,,HAMINORL,0,1730258473,1730258473,11:21:13 PM,11:21:13 PM,0
2110088,,HAMIMEA1,0,1730258506,1730258506,11:21:46 PM,11:21:46 PM,0
2110088,,HAMIMEA3,0,1730258519,1730258519,11:21:59 PM,11:21:59 PM,0
2110088,,HAMIWATM,0,1730258548,1730258548,11:22:28 PM,11:22:28 PM,0
2110088,,HAMIGORE,0,1730258585,1730258585,11:23:05 PM,11:23:05 PM,0
2110088,,HAMIBRA3,0,1730258615,1730258615,11:23:35 PM,11:23:35 PM,0
2110088,,HAMIBRA1,0,1730258639,1730258639,11:23:59 PM,11:23:59 PM,0
2110088,,HAMIRIRU,0,1730258670,1730258670,11:24:30 PM,11:24:30 PM,0
2110088,,HAMICRI2,0,1730258716,1730258716,11:25:16 PM,11:25:16 PM,0
2110088,,HAMICLA1,0,1730258758,1730258758,11:25:58 PM,11:25:58 PM,0
2110088,,CLARPEN2,0,1730258812,1730258812,11:26:52 PM,11:26:52 PM,0
2110088,,CLARBAY2,0,1730258846,1730258846,11:27:26 PM,11:27:26 PM,0
2110088,,CLARGORE,0,1730258887,1730258887,11:28:07 PM,11:28:07 PM,0
2110088,,CLARFIS1,0,1730258904,1730258904,11:28:24 PM,11:28:24 PM,0
2110088,,CLARCHA3,0,1730258959,1730258959,11:29:19 PM,11:29:19 PM,0
2110088,,CLARCHA1,0,1730259000,1730259000,11:30:00 PM,11:30:00 PM,0
2110088,,CLARTRA1,0,1730259051,1730259051,11:30:51 PM,11:30:51 PM,0
2110088,,CLARROY1,0,1730259113,1730259113,11:31:53 PM,11:31:53 PM,0
2110088,,CLARROY3,0,1730259145,1730259145,11:32:25 PM,11:32:25 PM,0
2110088,,CLARWAV1,0,1730259170,1730259170,11:32:50 PM,11:32:50 PM,0
2110088,,CLARCHU1,0,1730259209,1730259209,11:33:29 PM,11:33:29 PM,0
2110088,,ARGYMAL1,0,1730259300,1730259300,11:35:00 PM,11:35:00 PM,0
2110036,,ARGYMAL1,0,1730232360,1730232360,04:06:00 PM,04:06:00 PM,0
2110036,,CLARCHU2,0,1730232411,1730232411,04:06:51 PM,04:06:51 PM,0
2110036,,CLARWAV2,0,1730232446,1730232446,04:07:26 PM,04:07:26 PM,0
2110036,,CLARROY2,0,1730232465,1730232465,04:07:45 PM,04:07:45 PM,0
2110036,,CLARSUD2,0,1730232507,1730232507,04:08:27 PM,04:08:27 PM,0
2110036,,CLARTRA2,0,1730232521,1730232521,04:08:41 PM,04:08:41 PM,0
2110036,,CLARTRA4,0,1730232552,1730232552,04:09:12 PM,04:09:12 PM,0
2110036,,CLARCHA2,0,1730232594,1730232594,04:09:54 PM,04:09:54 PM,0
2110036,,CLARFIS2,0,1730232660,1730232660,04:11:00 PM,04:11:00 PM,0
2110036,,CLARGOR2,0,1730232702,1730232702,04:11:42 PM,04:11:42 PM,0
2110036,,CLARBAY1,0,1730232737,1730232737,04:12:17 PM,04:12:17 PM,0
2110036,,CLARPEN1,0,1730232784,1730232784,04:13:04 PM,04:13:04 PM,0
2110036,,HAMIGOR1,0,1730232861,1730232861,04:14:21 PM,04:14:21 PM,0
2110036,,HAMICRI1,0,1730232902,1730232902,04:15:02 PM,04:15:02 PM,0
2110036,,HAMIRIV2,0,1730232960,1730232960,04:16:00 PM,04:16:00 PM,0
2110036,,HAMIBRA2,0,1730233017,1730233017,04:16:57 PM,04:16:57 PM,0
2110036,,HAMIOAKL,0,1730233050,1730233050,04:17:30 PM,04:17:30 PM,0
2110036,,HAMIVALL,0,1730233090,1730233090,04:18:10 PM,04:18:10 PM,0
2110036,,HAMIWAT2,0,1730233163,1730233163,04:19:23 PM,04:19:23 PM,0
2110036,,HAMIYMCA,0,1730233203,1730233203,04:20:03 PM,04:20:03 PM,0
2110036,,HAMIFAI1,0,1730233253,1730233253,04:20:53 PM,04:20:53 PM,0
2110036,,HAMIHALE,0,1730233284,1730233284,04:21:24 PM,04:21:24 PM,0
2110036,,HAMIHIG2,0,1730233320,1730233320,04:22:00 PM,04:22:00 PM,0
2110036,,HAMIGIL2,0,1730233342,1730233342,04:22:22 PM,04:22:22 PM,0
2110036,,HAMIEAST,0,1730233434,1730233434,04:23:54 PM,04:23:54 PM,0
2110036,,HAMISJU2,0,1730233513,1730233513,04:25:13 PM,04:25:13 PM,0
2110036,,HAMIELM,0,1730233575,1730233575,04:26:15 PM,04:26:15 PM,0
2110036,,HAMIEGE2,0,1730233666,1730233666,04:27:46 PM,04:27:46 PM,0
2110036,,HAMISAC2,0,1730233740,1730233740,04:29:00 PM,04:29:00 PM,0
2110036,,HAMIREC2,0,1730233803,1730233803,04:30:03 PM,04:30:03 PM,0
2110036,,HAMILTGR,0,1730233862,1730233862,04:31:02 PM,04:31:02 PM,0
2110036,,HAMIADE2,0,1730233920,1730233920,04:32:00 PM,04:32:00 PM,0
2110036,,HAMIWIL2,0,1730233975,1730233975,04:32:55 PM,04:32:55 PM,0
2110036,,HORTHAMI,0,1730234029,1730234029,04:33:49 PM,04:33:49 PM,0
2110036,,HORTCOL1,0,1730234093,1730234093,04:34:53 PM,04:34:53 PM,0
2110036,,HORTWAT2,,,,,,
2110036,,WELLHOR1,,,,,,
2110036,,WELLYOR1,,,,,,
2110036,,WELLDUN3,,,,,,
2110036,,WELLDUN3,,,,,,
2110036,,QUEECLAR,0,1730234463,1730234463,04:41:03 PM,04:41:03 PM,0
2110036,,RICHQUE2,0,1730234580,1730234580,04:43:00 PM,04:43:00 PM,0
2110072,,RICHQUE2,0,1730234580,1730234580,04:43:00 PM,04:43:00 PM,0
2110072,,KINGRICH,0,1730234640,1730234640,04:44:00 PM,04:44:00 PM,0
2110072,,KINGWEL2,0,1730234771,1730234771,04:46:11 PM,04:46:11 PM,0
2110072,,WELLYOR2,,,,,,
2110072,,HORTWELL,,,,,,
2110072,,HORTCOL2,,,,,,
2110072,,HORTMAIT,0,1730235106,1730235106,04:51:46 PM,04:51:46 PM,0
2110072,,HAMIWIL1,0,1730235192,1730235192,04:53:12 PM,04:53:12 PM,0
2110072,,HAMIADE1,0,1730235240,1730235240,04:54:00 PM,04:54:00 PM,0
2110072,,HAMIMAME,0,1730235305,1730235305,04:55:05 PM,04:55:05 PM,0
2110072,,HAMIREC1,0,1730235366,1730235366,04:56:06 PM,04:56:06 PM,0
2110072,,HAMISAC1,0,1730235442,1730235442,04:57:22 PM,04:57:22 PM,0
2110072,,HAMIEGE1,0,1730235486,1730235486,04:58:06 PM,04:58:06 PM,0
2110072,,HAMITENN,0,1730235565,1730235565,04:59:25 PM,04:59:25 PM,0
2110072,,HAMISJU1,0,1730235608,1730235608,05:00:08 PM,05:00:08 PM,0
2110072,,HAMIPILA,0,1730235667,1730235667,05:01:07 PM,05:01:07 PM,0
2110072,,HAMIGIL1,0,1730235735,1730235735,05:02:15 PM,05:02:15 PM,0
2110072,,HAMIHIG1,0,1730235780,1730235780,05:03:00 PM,05:03:00 PM,0
2110072,,HAMIHIG1,0,1730235780,1730235780,05:03:00 PM,05:03:00 PM,0
2110072,,HAMINORL,0,1730235794,1730235794,05:03:14 PM,05:03:14 PM,0
2110072,,HAMIMEA1,0,1730235830,1730235830,05:03:50 PM,05:03:50 PM,0
2110072,,HAMIMEA3,0,1730235844,1730235844,05:04:04 PM,05:04:04 PM,0
2110072,,HAMIWATM,0,1730235877,1730235877,05:04:37 PM,05:04:37 PM,0
2110072,,HAMIGORE,0,1730235918,1730235918,05:05:18 PM,05:05:18 PM,0
2110072,,HAMIBRA3,0,1730235952,1730235952,05:05:52 PM,05:05:52 PM,0
2110072,,HAMIBRA1,0,1730235979,1730235979,05:06:19 PM,05:06:19 PM,0
2110072,,HAMIRIRU,0,1730236014,1730236014,05:06:54 PM,05:06:54 PM,0
2110072,,HAMICRI2,0,1730236066,1730236066,05:07:46 PM,05:07:46 PM,0
2110072,,HAMICLA1,0,1730236112,1730236112,05:08:32 PM,05:08:32 PM,0
2110072,,CLARPEN2,0,1730236172,1730236172,05:09:32 PM,05:09:32 PM,0
2110072,,CLARBAY2,0,1730236210,1730236210,05:10:10 PM,05:10:10 PM,0
2110072,,CLARGORE,0,1730236255,1730236255,05:10:55 PM,05:10:55 PM,0
2110072,,CLARFIS1,0,1730236274,1730236274,05:11:14 PM,05:11:14 PM,0
2110072,,CLARCHA3,0,1730236335,1730236335,05:12:15 PM,05:12:15 PM,0
2110072,,CLARCHA1,0,1730236380,1730236380,05:13:00 PM,05:13:00 PM,0
2110072,,CLARTRA1,0,1730236431,1730236431,05:13:51 PM,05:13:51 PM,0
2110072,,CLARROY1,0,1730236493,1730236493,05:14:53 PM,05:14:53 PM,0
2110072,,CLARROY3,0,1730236525,1730236525,05:15:25 PM,05:15:25 PM,0
2110072,,CLARWAV1,0,1730236550,1730236550,05:15:50 PM,05:15:50 PM,0
2110072,,CLARCHU1,0,1730236589,1730236589,05:16:29 PM,05:16:29 PM,0
2110072,,ARGYMAL1,0,1730236680,1730236680,05:18:00 PM,05:18:00 PM,0
2110113,,ARGYMAL1,0,1730237160,1730237160,05:26:00 PM,05:26:00 PM,0
2110113,,CLARCHU2,0,1730237213,1730237213,05:26:53 PM,05:26:53 PM,0
2110113,,CLARWAV2,0,1730237250,1730237250,05:27:30 PM,05:27:30 PM,0
2110113,,CLARROY2,0,1730237269,1730237269,05:27:49 PM,05:27:49 PM,0
2110113,,CLARTRA2,0,1730237328,1730237328,05:28:48 PM,05:28:48 PM,0
2110113,,CLARTRA4,0,1730237361,1730237361,05:29:21 PM,05:29:21 PM,0
2110113,,CLARCHA2,0,1730237405,1730237405,05:30:05 PM,05:30:05 PM,0
2110113,,CLARFIS2,0,1730237474,1730237474,05:31:14 PM,05:31:14 PM,0
2110113,,CLARGOR2,0,1730237520,1730237520,05:32:00 PM,05:32:00 PM,0
2110113,,GOREFIRE,0,1730237593,1730237593,05:33:13 PM,05:33:13 PM,0
2110113,,GOREBRAE,0,1730237626,1730237626,05:33:46 PM,05:33:46 PM,0
2110113,,MONTGORE,0,1730237704,1730237704,05:35:04 PM,05:35:04 PM,0
2110113,,MONTFUND,0,1730237725,1730237725,05:35:25 PM,05:35:25 PM,0
2110113,,MONTTWEE,0,1730237748,1730237748,05:35:48 PM,05:35:48 PM,0
2110113,,MANITWEE,0,1730237804,1730237804,05:36:44 PM,05:36:44 PM,0
2110113,,TWEECOU2,0,1730237831,1730237831,05:37:11 PM,05:37:11 PM,0
2110113,,TWEECOU4,0,1730237860,1730237860,05:37:40 PM,05:37:40 PM,0
2110113,,TWEEELLE,0,1730237886,1730237886,05:38:06 PM,05:38:06 PM,0
2110113,,TWEEHALE,0,1730237928,1730237928,05:38:48 PM,05:38:48 PM,0
2110113,,HALEMAGE,0,1730237952,1730237952,05:39:12 PM,05:39:12 PM,0
2110113,,HALEELLS,0,1730237986,1730237986,05:39:46 PM,05:39:46 PM,0
2110113,,HAMIHALE,0,1730238026,1730238026,05:40:26 PM,05:40:26 PM,0
2110113,,HAMIHIG2,0,1730238060,1730238060,05:41:00 PM,05:41:00 PM,0
2110113,,HAMIGIL2,0,1730238082,1730238082,05:41:22 PM,05:41:22 PM,0
2110113,,HAMIEAST,0,1730238174,1730238174,05:42:54 PM,05:42:54 PM,0
2110113,,HAMISJU2,0,1730238253,1730238253,05:44:13 PM,05:44:13 PM,0
2110113,,HAMIELM,0,1730238315,1730238315,05:45:15 PM,05:45:15 PM,0
2110113,,HAMIEGE2,0,1730238406,1730238406,05:46:46 PM,05:46:46 PM,0
2110113,,HAMISAC2,0,1730238480,1730238480,05:48:00 PM,05:48:00 PM,0
2110113,,HAMIREC2,0,1730238543,1730238543,05:49:03 PM,05:49:03 PM,0
2110113,,HAMILTGR,0,1730238602,1730238602,05:50:02 PM,05:50:02 PM,0
2110113,,HAMIADE2,0,1730238660,1730238660,05:51:00 PM,05:51:00 PM,0
2110113,,HAMIWIL2,0,1730238707,1730238707,05:51:47 PM,05:51:47 PM,0
2110113,,HORTHAMI,0,1730238754,1730238754,05:52:34 PM,05:52:34 PM,0
2110113,,HORTCOL1,0,1730238809,1730238809,05:53:29 PM,05:53:29 PM,0
2110113,,HORTWAT2,,,,,,
2110113,,WELLHOR1,,,,,,
2110113,,WELLYOR1,,,,,,
2110113,,WELLDUN3,,,,,,
2110113,,QUEECLAR,0,1730239137,1730239137,05:58:57 PM,05:58:57 PM,0
2110113,,QUEERIC1,0,1730239200,1730239200,06:00:00 PM,06:00:00 PM,0
2110113,,QUEERIC1,0,1730239200,1730239200,06:00:00 PM,06:00:00 PM,0
2110113,,RIDOYORK,0,1730239341,1730239341,06:02:21 PM,06:02:21 PM,0
2110113,,YORKTHA2,0,1730239385,1730239385,06:03:05 PM,06:03:05 PM,0
2110113,,HORTWHA2,0,1730239526,1730239526,06:05:26 PM,06:05:26 PM,0
2110113,,HORTWHA4,0,1730239560,1730239560,06:06:00 PM,06:06:00 PM,0
2110113,,HORTSPRI,0,1730239617,1730239617,06:06:57 PM,06:06:57 PM,0
2110113,,SPRIGRE2,0,1730239651,1730239651,06:07:31 PM,06:07:31 PM,0
2110113,,SPRIFORH,0,1730239681,1730239681,06:08:01 PM,06:08:01 PM,0
2110113,,SPRICHEL,0,1730239722,1730239722,06:08:42 PM,06:08:42 PM,0
2110113,,SPRIKER2,0,1730239763,1730239763,06:09:23 PM,06:09:23 PM,0
2110113,,SPRIMAR2,0,1730239797,1730239797,06:09:57 PM,06:09:57 PM,0
2110113,,SPRITROW,0,1730239819,1730239819,06:10:19 PM,06:10:19 PM,0
2110113,,SPRIBER4,0,1730239892,1730239892,06:11:32 PM,06:11:32 PM,0
2110113,,SPRIWON2,0,1730239920,1730239920,06:12:00 PM,06:12:00 PM,0
2110113,,SPRIQUI2,0,1730239953,1730239953,06:12:33 PM,06:12:33 PM,0
2110113,,SPRIJAR2,0,1730239986,1730239986,06:13:06 PM,06:13:06 PM,0
2110113,,SPRIHIC2,0,1730240006,1730240006,06:13:26 PM,06:13:26 PM,0
2110113,,SPRIWES4,0,1730240090,1730240090,06:14:50 PM,06:14:50 PM,0
2110113,,SPRICOM2,0,1730240114,1730240114,06:15:14 PM,06:15:14 PM,0
2110113,,COMMSPR2,0,1730240141,1730240141,06:15:41 PM,06:15:41 PM,0
2110113,,COMMNOR2,0,1730240172,1730240172,06:16:12 PM,06:16:12 PM,0
2110113,,COMMLYN4,0,1730240206,1730240206,06:16:46 PM,06:16:46 PM,0
2110113,,COMMSPR4,0,1730240222,1730240222,06:17:02 PM,06:17:02 PM,0
2110113,,COMMBOL2,0,1730240248,1730240248,06:17:28 PM,06:17:28 PM,0
2110113,,COMMHAM2,0,1730240280,1730240280,06:18:00 PM,06:18:00 PM,0
2110070,,RICHQUE2,0,1730230980,1730230980,03:43:00 PM,03:43:00 PM,0
2110070,,KINGRICH,0,1730231040,1730231040,03:44:00 PM,03:44:00 PM,0
2110070,,KINGWEL2,0,1730231171,1730231171,03:46:11 PM,03:46:11 PM,0
2110070,,WELLYOR2,,,,,,
2110070,,HORTWELL,,,,,,
2110070,,HORTCOL2,,,,,,
2110070,,HORTMAIT,0,1730231506,1730231506,03:51:46 PM,03:51:46 PM,0
2110070,,HAMIWIL1,0,1730231592,1730231592,03:53:12 PM,03:53:12 PM,0
2110070,,HAMIADE1,0,1730231640,1730231640,03:54:00 PM,03:54:00 PM,0
2110070,,HAMIMAME,0,1730231705,1730231705,03:55:05 PM,03:55:05 PM,0
2110070,,HAMIREC1,0,1730231766,1730231766,03:56:06 PM,03:56:06 PM,0
2110070,,HAMISAC1,0,1730231842,1730231842,03:57:22 PM,03:57:22 PM,0
2110070,,HAMIEGE1,0,1730231886,1730231886,03:58:06 PM,03:58:06 PM,0
2110070,,HAMITENN,0,1730231965,1730231965,03:59:25 PM,03:59:25 PM,0
2110070,,HAMISJU1,0,1730232008,1730232008,04:00:08 PM,04:00:08 PM,0
2110070,,HAMIPILA,0,1730232067,1730232067,04:01:07 PM,04:01:07 PM,0
2110070,,HAMIGIL1,0,1730232135,1730232135,04:02:15 PM,04:02:15 PM,0
2110070,,HAMIHIG1,0,1730232180,1730232180,04:03:00 PM,04:03:00 PM,0
2110070,,HAMIHIG1,0,1730232180,1730232180,04:03:00 PM,04:03:00 PM,0
2110070,,HAMINORL,0,1730232194,1730232194,04:03:14 PM,04:03:14 PM,0
2110070,,HAMIMEA1,0,1730232230,1730232230,04:03:50 PM,04:03:50 PM,0
2110070,,HAMIMEA3,0,1730232244,1730232244,04:04:04 PM,04:04:04 PM,0
2110070,,HAMIWATM,0,1730232277,1730232277,04:04:37 PM,04:04:37 PM,0
2110070,,HAMIGORE,0,1730232318,1730232318,04:05:18 PM,04:05:18 PM,0
2110070,,HAMIBRA3,0,1730232352,1730232352,04:05:52 PM,04:05:52 PM,0
2110070,,HAMIBRA1,0,1730232379,1730232379,04:06:19 PM,04:06:19 PM,0
2110070,,HAMIRIRU,0,1730232414,1730232414,04:06:54 PM,04:06:54 PM,0
2110070,,HAMICRI2,0,1730232466,1730232466,04:07:46 PM,04:07:46 PM,0
2110070,,HAMICLA1,0,1730232512,1730232512,04:08:32 PM,04:08:32 PM,0
2110070,,CLARPEN2,0,1730232572,1730232572,04:09:32 PM,04:09:32 PM,0
2110070,,CLARBAY2,0,1730232610,1730232610,04:10:10 PM,04:10:10 PM,0
2110070,,CLARGORE,0,1730232655,1730232655,04:10:55 PM,04:10:55 PM,0
2110070,,CLARFIS1,0,1730232674,1730232674,04:11:14 PM,04:11:14 PM,0
2110070,,CLARCHA3,0,1730232735,1730232735,04:12:15 PM,04:12:15 PM,0
2110070,,CLARCHA1,0,1730232780,1730232780,04:13:00 PM,04:13:00 PM,0
2110070,,CLARTRA1,0,1730232831,1730232831,04:13:51 PM,04:13:51 PM,0
2110070,,CLARROY1,0,1730232893,1730232893,04:14:53 PM,04:14:53 PM,0
2110070,,CLARROY3,0,1730232925,1730232925,04:15:25 PM,04:15:25 PM,0
2110070,,CLARWAV1,0,1730232950,1730232950,04:15:50 PM,04:15:50 PM,0
2110070,,CLARCHU1,0,1730232989,1730232989,04:16:29 PM,04:16:29 PM,0
2110070,,ARGYMAL1,0,1730233080,1730233080,04:18:00 PM,04:18:00 PM,0
2110112,,ARGYMAL1,0,1730233560,1730233560,04:26:00 PM,04:26:00 PM,0
2110112,,CLARCHU2,0,1730233613,1730233613,04:26:53 PM,04:26:53 PM,0
2110112,,CLARWAV2,0,1730233650,1730233650,04:27:30 PM,04:27:30 PM,0
2110112,,CLARROY2,0,1730233669,1730233669,04:27:49 PM,04:27:49 PM,0
2110112,,CLARTRA2,0,1730233728,1730233728,04:28:48 PM,04:28:48 PM,0
2110112,,CLARTRA4,0,1730233761,1730233761,04:29:21 PM,04:29:21 PM,0
2110112,,CLARCHA2,0,1730233805,1730233805,04:30:05 PM,04:30:05 PM,0
2110112,,CLARFIS2,0,1730233874,1730233874,04:31:14 PM,04:31:14 PM,0
2110112,,CLARGOR2,0,1730233920,1730233920,04:32:00 PM,04:32:00 PM,0
2110112,,GOREFIRE,0,1730233993,1730233993,04:33:13 PM,04:33:13 PM,0
2110112,,GOREBRAE,0,1730234026,1730234026,04:33:46 PM,04:33:46 PM,0
2110112,,MONTGORE,0,1730234104,1730234104,04:35:04 PM,04:35:04 PM,0
2110112,,MONTFUND,0,1730234125,1730234125,04:35:25 PM,04:35:25 PM,0
2110112,,MONTTWEE,0,1730234148,1730234148,04:35:48 PM,04:35:48 PM,0
2110112,,MANITWEE,0,1730234204,1730234204,04:36:44 PM,04:36:44 PM,0
2110112,,TWEECOU2,0,1730234231,1730234231,04:37:11 PM,04:37:11 PM,0
2110112,,TWEECOU4,0,1730234260,1730234260,04:37:40 PM,04:37:40 PM,0
2110112,,TWEEELLE,0,1730234286,1730234286,04:38:06 PM,04:38:06 PM,0
2110112,,TWEEHALE,0,1730234328,1730234328,04:38:48 PM,04:38:48 PM,0
2110112,,HALEMAGE,0,1730234352,1730234352,04:39:12 PM,04:39:12 PM,0
2110112,,HALEELLS,0,1730234386,1730234386,04:39:46 PM,04:39:46 PM,0
2110112,,HAMIHALE,0,1730234426,1730234426,04:40:26 PM,04:40:26 PM,0
2110112,,HAMIHIG2,0,1730234460,1730234460,04:41:00 PM,04:41:00 PM,0
2110112,,HAMIGIL2,0,1730234482,1730234482,04:41:22 PM,04:41:22 PM,0
2110112,,HAMIEAST,0,1730234574,1730234574,04:42:54 PM,04:42:54 PM,0
2110112,,HAMISJU2,0,1730234653,1730234653,04:44:13 PM,04:44:13 PM,0
2110112,,HAMIELM,0,1730234715,1730234715,04:45:15 PM,04:45:15 PM,0
2110112,,HAMIEGE2,0,1730234806,1730234806,04:46:46 PM,04:46:46 PM,0
2110112,,HAMISAC2,0,1730234880,1730234880,04:48:00 PM,04:48:00 PM,0
2110112,,HAMIREC2,0,1730234943,1730234943,04:49:03 PM,04:49:03 PM,0
2110112,,HAMILTGR,0,1730235002,1730235002,04:50:02 PM,04:50:02 PM,0
2110112,,HAMIADE2,0,1730235060,1730235060,04:51:00 PM,04:51:00 PM,0
2110112,,HAMIWIL2,0,1730235107,1730235107,04:51:47 PM,04:51:47 PM,0
2110112,,HORTHAMI,0,1730235154,1730235154,04:52:34 PM,04:52:34 PM,0
2110112,,HORTCOL1,0,1730235209,1730235209,04:53:29 PM,04:53:29 PM,0
2110112,,HORTWAT2,,,,,,
2110112,,WELLHOR1,,,,,,
2110112,,WELLYOR1,,,,,,
2110112,,WELLDUN3,,,,,,
2110112,,QUEECLAR,0,1730235537,1730235537,04:58:57 PM,04:58:57 PM,0
2110112,,QUEERIC1,0,1730235600,1730235600,05:00:00 PM,05:00:00 PM,0
2110112,,QUEERIC1,0,1730235600,1730235600,05:00:00 PM,05:00:00 PM,0
2110112,,RIDOYORK,0,1730235788,1730235788,05:03:08 PM,05:03:08 PM,0
2110112,,YORKTHA2,0,1730235847,1730235847,05:04:07 PM,05:04:07 PM,0
2110112,,HORTWHA2,0,1730236035,1730236035,05:07:15 PM,05:07:15 PM,0
2110112,,HORTWHA4,0,1730236080,1730236080,05:08:00 PM,05:08:00 PM,0
2110112,,HORTSPRI,0,1730236146,1730236146,05:09:06 PM,05:09:06 PM,0
2110112,,SPRIGRE2,0,1730236186,1730236186,05:09:46 PM,05:09:46 PM,0
2110112,,SPRIFORH,0,1730236221,1730236221,05:10:21 PM,05:10:21 PM,0
2110112,,SPRICHEL,0,1730236269,1730236269,05:11:09 PM,05:11:09 PM,0
2110112,,SPRIKER2,0,1730236317,1730236317,05:11:57 PM,05:11:57 PM,0
2110112,,SPRIMAR2,0,1730236356,1730236356,05:12:36 PM,05:12:36 PM,0
2110112,,SPRITROW,0,1730236382,1730236382,05:13:02 PM,05:13:02 PM,0
2110112,,SPRIBER4,0,1730236467,1730236467,05:14:27 PM,05:14:27 PM,0
2110112,,SPRIWON2,0,1730236500,1730236500,05:15:00 PM,05:15:00 PM,0
2110112,,SPRIQUI2,0,1730236539,1730236539,05:15:39 PM,05:15:39 PM,0
2110112,,SPRIJAR2,0,1730236577,1730236577,05:16:17 PM,05:16:17 PM,0
2110112,,SPRIHIC2,0,1730236600,1730236600,05:16:40 PM,05:16:40 PM,0
2110112,,SPRIWES4,0,1730236698,1730236698,05:18:18 PM,05:18:18 PM,0
2110112,,SPRICOM2,0,1730236726,1730236726,05:18:46 PM,05:18:46 PM,0
2110112,,COMMSPR2,0,1730236757,1730236757,05:19:17 PM,05:19:17 PM,0
2110112,,COMMNOR2,0,1730236793,1730236793,05:19:53 PM,05:19:53 PM,0
2110112,,COMMLYN4,0,1730236833,1730236833,05:20:33 PM,05:20:33 PM,0
2110112,,COMMSPR4,0,1730236852,1730236852,05:20:52 PM,05:20:52 PM,0
2110112,,COMMBOL2,0,1730236883,1730236883,05:21:23 PM,05:21:23 PM,0
2110112,,COMMHAM2,0,1730236920,1730236920,05:22:00 PM,05:22:00 PM,0
2110150,,COMMHAM2,0,1730236920,1730236920,05:22:00 PM,05:22:00 PM,0
2110150,,COMMSTEP,0,1730236983,1730236983,05:23:03 PM,05:23:03 PM,0
2110150,,GRIFCOMM,0,1730237030,1730237030,05:23:50 PM,05:23:50 PM,0
2110150,,GRIFHEMO,0,1730237076,1730237076,05:24:36 PM,05:24:36 PM,0
2110150,,GRIFNORM,0,1730237137,1730237137,05:25:37 PM,05:25:37 PM,0
2110150,,GRIFBBA2,0,1730237213,1730237213,05:26:53 PM,05:26:53 PM,0
2110150,,GRIFFAIR,0,1730237261,1730237261,05:27:41 PM,05:27:41 PM,0
2110150,,GRIFDEA2,0,1730237327,1730237327,05:28:47 PM,05:28:47 PM,0
2110150,,GRIFWIDD,0,1730237354,1730237354,05:29:14 PM,05:29:14 PM,0
2110150,,GRIFROBW,0,1730237414,1730237414,05:30:14 PM,05:30:14 PM,0
2110150,,GRIFBOLE,0,1730237476,1730237476,05:31:16 PM,05:31:16 PM,0
2110150,,BOLEGRIF,0,1730237508,1730237508,05:31:48 PM,05:31:48 PM,0
2110150,,BOLEWAYN,0,1730237568,1730237568,05:32:48 PM,05:32:48 PM,0
2110150,,BOLEBASE,0,1730237641,1730237641,05:34:01 PM,05:34:01 PM,0
2110150,,BOLEGLEN,0,1730237694,1730237694,05:34:54 PM,05:34:54 PM,0
2110150,,BOLECOM1,0,1730237721,1730237721,05:35:21 PM,05:35:21 PM,0
2110150,,COMMBOL1,0,1730237760,1730237760,05:36:00 PM,05:36:00 PM,0
2110150,,COMMBOL1,0,1730237940,1730237940,05:39:00 PM,05:39:00 PM,0
2110150,,COMMSPR1,0,1730237978,1730237978,05:39:38 PM,05:39:38 PM,0
2110150,,COMMNASH,0,1730238021,1730238021,05:40:21 PM,05:40:21 PM,0
2110150,,COMMNOR1,0,1730238051,1730238051,05:40:51 PM,05:40:51 PM,0
2110150,,SPRICOM1,0,1730238109,1730238109,05:41:49 PM,05:41:49 PM,0
2110150,,SPRIWES1,0,1730238140,1730238140,05:42:20 PM,05:42:20 PM,0
2110150,,SPRIWES3,0,1730238182,1730238182,05:43:02 PM,05:43:02 PM,0
2110150,,SPRIHIC1,0,1730238239,1730238239,05:43:59 PM,05:43:59 PM,0
2110150,,SPRIJAR1,0,1730238277,1730238277,05:44:37 PM,05:44:37 PM,0
2110150,,SPRIQUI1,0,1730238305,1730238305,05:45:05 PM,05:45:05 PM,0
2110150,,SPRIWON1,0,1730238360,1730238360,05:46:00 PM,05:46:00 PM,0
2110150,,BERKSPR2,0,1730238403,1730238403,05:46:43 PM,05:46:43 PM,0
2110150,,BERKBER2,0,1730238447,1730238447,05:47:27 PM,05:47:27 PM,0
2110150,,BERKGAR4,0,1730238480,1730238480,05:48:00 PM,05:48:00 PM,0
2110150,,GARDBER1,0,1730238506,1730238506,05:48:26 PM,05:48:26 PM,0
2110150,,GARDSOU3,0,1730238550,1730238550,05:49:10 PM,05:49:10 PM,0
2110150,,GARDRID1,0,1730238596,1730238596,05:49:56 PM,05:49:56 PM,0
2110150,,KERNRID1,0,1730238656,1730238656,05:50:56 PM,05:50:56 PM,0
2110150,,SPRIKER1,0,1730238690,1730238690,05:51:30 PM,05:51:30 PM,0
2110150,,SPRIGROW,0,1730238752,1730238752,05:52:32 PM,05:52:32 PM,0
2110150,,SPRIGRE1,0,1730238836,1730238836,05:53:56 PM,05:53:56 PM,0
2110150,,SPRISPRI,0,1730238897,1730238897,05:54:57 PM,05:54:57 PM,0
2110150,,HORTWHA3,0,1730238993,1730238993,05:56:33 PM,05:56:33 PM,0
2110150,,STANWHAR,0,1730239064,1730239064,05:57:44 PM,05:57:44 PM,0
2110150,,STANPERR,0,1730239092,1730239092,05:58:12 PM,05:58:12 PM,0
2110150,,STANWORT,0,1730239136,1730239136,05:58:56 PM,05:58:56 PM,0
2110150,,YORKTHA1,0,1730239170,1730239170,05:59:30 PM,05:59:30 PM,0
2110150,,RIDOYOR2,0,1730239211,1730239211,06:00:11 PM,06:00:11 PM,0
2110150,,KINGTALB,0,1730239257,1730239257,06:00:57 PM,06:00:57 PM,0
2110150,,KINGRICH,0,1730239320,1730239320,06:02:00 PM,06:02:00 PM,0
2110150,,KINGRICH,0,1730239320,1730239320,06:02:00 PM,06:02:00 PM,0
2110150,,KINGWEL2,0,1730239451,1730239451,06:04:11 PM,06:04:11 PM,0
2110150,,WELLYOR2,,,,,,
2110150,,HORTWELL,,,,,,
2110150,,HORTCOL2,,,,,,
2110150,,HORTMAIT,0,1730239704,1730239704,06:08:24 PM,06:08:24 PM,0
2110150,,HAMIWIL1,0,1730239765,1730239765,06:09:25 PM,06:09:25 PM,0
2110150,,HAMIADE1,0,1730239800,1730239800,06:10:00 PM,06:10:00 PM,0
2110150,,HAMIMAME,0,1730239857,1730239857,06:10:57 PM,06:10:57 PM,0
2110150,,HAMIREC1,0,1730239911,1730239911,06:11:51 PM,06:11:51 PM,0
2110150,,HAMISAC1,0,1730239979,1730239979,06:12:59 PM,06:12:59 PM,0
2110150,,HAMIEGE1,0,1730240018,1730240018,06:13:38 PM,06:13:38 PM,0
2110150,,HAMITENN,0,1730240088,1730240088,06:14:48 PM,06:14:48 PM,0
2110150,,HAMISJU1,0,1730240126,1730240126,06:15:26 PM,06:15:26 PM,0
2110150,,HAMIPILA,0,1730240179,1730240179,06:16:19 PM,06:16:19 PM,0
2110150,,HAMIGIL1,0,1730240240,1730240240,06:17:20 PM,06:17:20 PM,0
2110150,,HAMIHIG1,0,1730240280,1730240280,06:18:00 PM,06:18:00 PM,0
2110150,,HALEHAM2,0,1730240303,1730240303,06:18:23 PM,06:18:23 PM,0
2110150,,HALEMAG2,0,1730240353,1730240353,06:19:13 PM,06:19:13 PM,0
2110150,,TWEEFAI2,0,1730240375,1730240375,06:19:35 PM,06:19:35 PM,0
2110150,,TWEEMAN2,0,1730240409,1730240409,06:20:09 PM,06:20:09 PM,0
2110150,,TWEEBER2,0,1730240427,1730240427,06:20:27 PM,06:20:27 PM,0
2110150,,MANITWE2,0,1730240469,1730240469,06:21:09 PM,06:21:09 PM,0
2110150,,MONTTWE2,0,1730240506,1730240506,06:21:46 PM,06:21:46 PM,0
2110150,,MONTELD2,0,1730240543,1730240543,06:22:23 PM,06:22:23 PM,0
2110150,,GOREVAL2,0,1730240556,1730240556,06:22:36 PM,06:22:36 PM,0
2110150,,GOREBRA2,0,1730240597,1730240597,06:23:17 PM,06:23:17 PM,0
2110150,,GOREFIR2,0,1730240630,1730240630,06:23:50 PM,06:23:50 PM,0
2110150,,CLARGORE,0,1730240698,1730240698,06:24:58 PM,06:24:58 PM,0
2110150,,CLARFIS1,0,1730240717,1730240717,06:25:17 PM,06:25:17 PM,0
2110150,,CLARCHA3,0,1730240778,1730240778,06:26:18 PM,06:26:18 PM,0
2110150,,CLARCHA1,0,1730240820,1730240820,06:27:00 PM,06:27:00 PM,0
2110150,,CLARTRA1,0,1730240871,1730240871,06:27:51 PM,06:27:51 PM,0
2110150,,CLARROY1,0,1730240933,1730240933,06:28:53 PM,06:28:53 PM,0
2110150,,CLARROY3,0,1730240965,1730240965,06:29:25 PM,06:29:25 PM,0
2110150,,CLARWAV1,0,1730240990,1730240990,06:29:50 PM,06:29:50 PM,0
2110150,,CLARCHU1,0,1730241029,1730241029,06:30:29 PM,06:30:29 PM,0
2110150,,ARGYMAL1,0,1730241120,1730241120,06:32:00 PM,06:32:00 PM,0
2110042,,ARGYMAL1,0,1730241600,1730241600,06:40:00 PM,06:40:00 PM,0
2110042,,CLARCHU2,0,1730241645,1730241645,06:40:45 PM,06:40:45 PM,0
2110042,,CLARWAV2,0,1730241677,1730241677,06:41:17 PM,06:41:17 PM,0
2110042,,CLARROY2,0,1730241694,1730241694,06:41:34 PM,06:41:34 PM,0
2110042,,CLARSUD2,0,1730241732,1730241732,06:42:12 PM,06:42:12 PM,0
2110042,,CLARTRA2,0,1730241744,1730241744,06:42:24 PM,06:42:24 PM,0
2110042,,CLARTRA4,0,1730241772,1730241772,06:42:52 PM,06:42:52 PM,0
2110042,,CLARCHA2,0,1730241810,1730241810,06:43:30 PM,06:43:30 PM,0
2110042,,CLARFIS2,0,1730241870,1730241870,06:44:30 PM,06:44:30 PM,0
2110042,,CLARGOR2,0,1730241907,1730241907,06:45:07 PM,06:45:07 PM,0
2110042,,CLARBAY1,0,1730241938,1730241938,06:45:38 PM,06:45:38 PM,0
2110042,,CLARPEN1,0,1730241980,1730241980,06:46:20 PM,06:46:20 PM,0
2110042,,HAMIGOR1,0,1730242049,1730242049,06:47:29 PM,06:47:29 PM,0
2110042,,HAMICRI1,0,1730242086,1730242086,06:48:06 PM,06:48:06 PM,0
2110042,,HAMIRIV2,0,1730242140,1730242140,06:49:00 PM,06:49:00 PM,0
2110042,,HAMIBRA2,0,1730242188,1730242188,06:49:48 PM,06:49:48 PM,0
2110042,,HAMIOAKL,0,1730242215,1730242215,06:50:15 PM,06:50:15 PM,0
2110042,,HAMIVALL,0,1730242248,1730242248,06:50:48 PM,06:50:48 PM,0
2110042,,HAMIWAT2,0,1730242309,1730242309,06:51:49 PM,06:51:49 PM,0
2110042,,HAMIYMCA,0,1730242342,1730242342,06:52:22 PM,06:52:22 PM,0
2110042,,HAMIFAI1,0,1730242384,1730242384,06:53:04 PM,06:53:04 PM,0
2110042,,HAMIHALE,0,1730242410,1730242410,06:53:30 PM,06:53:30 PM,0
2110042,,HAMIHIG2,0,1730242440,1730242440,06:54:00 PM,06:54:00 PM,0
2110042,,HAMIGIL2,0,1730242459,1730242459,06:54:19 PM,06:54:19 PM,0
2110042,,HAMIEAST,0,1730242538,1730242538,06:55:38 PM,06:55:38 PM,0
2110042,,HAMISJU2,0,1730242606,1730242606,06:56:46 PM,06:56:46 PM,0
2110042,,HAMIELM,0,1730242659,1730242659,06:57:39 PM,06:57:39 PM,0
2110042,,HAMIEGE2,0,1730242737,1730242737,06:58:57 PM,06:58:57 PM,0
2110042,,HAMISAC2,0,1730242800,1730242800,07:00:00 PM,07:00:00 PM,0
2110042,,HAMIREC2,0,1730242842,1730242842,07:00:42 PM,07:00:42 PM,0
2110042,,HAMILTGR,0,1730242881,1730242881,07:01:21 PM,07:01:21 PM,0
2110042,,HAMIADE2,0,1730242920,1730242920,07:02:00 PM,07:02:00 PM,0
2110042,,HAMIWIL2,0,1730242959,1730242959,07:02:39 PM,07:02:39 PM,0
2110042,,HORTHAMI,0,1730242998,1730242998,07:03:18 PM,07:03:18 PM,0
2110042,,HORTCOL1,0,1730243044,1730243044,07:04:04 PM,07:04:04 PM,0
2110042,,HORTWAT2,,,,,,
2110042,,WELLHOR1,,,,,,
2110042,,WELLYOR1,,,,,,
2110042,,WELLDUN3,,,,,,
2110042,,WELLDUN3,,,,,,
2110042,,QUEECLAR,0,1730243312,1730243312,07:08:32 PM,07:08:32 PM,0
2110042,,RICHQUE2,0,1730243400,1730243400,07:10:00 PM,07:10:00 PM,0
2110080,,RICHQUE2,0,1730243400,1730243400,07:10:00 PM,07:10:00 PM,0
2110080,,KINGRICH,0,1730243460,1730243460,07:11:00 PM,07:11:00 PM,0
2110080,,KINGWEL2,0,1730243591,1730243591,07:13:11 PM,07:13:11 PM,0
2110080,,WELLYOR2,,,,,,
2110080,,HORTWELL,,,,,,
2110080,,HORTCOL2,,,,,,
2110080,,HORTMAIT,0,1730243844,1730243844,07:17:24 PM,07:17:24 PM,0
2110080,,HAMIWIL1,0,1730243905,1730243905,07:18:25 PM,07:18:25 PM,0
2110080,,HAMIADE1,0,1730243940,1730243940,07:19:00 PM,07:19:00 PM,0
2110080,,HAMIMAME,0,1730243997,1730243997,07:19:57 PM,07:19:57 PM,0
2110080,,HAMIREC1,0,1730244051,1730244051,07:20:51 PM,07:20:51 PM,0
2110080,,HAMISAC1,0,1730244119,1730244119,07:21:59 PM,07:21:59 PM,0
2110080,,HAMIEGE1,0,1730244158,1730244158,07:22:38 PM,07:22:38 PM,0
2110080,,HAMITENN,0,1730244228,1730244228,07:23:48 PM,07:23:48 PM,0
2110080,,HAMISJU1,0,1730244266,1730244266,07:24:26 PM,07:24:26 PM,0
2110080,,HAMIPILA,0,1730244319,1730244319,07:25:19 PM,07:25:19 PM,0
2110080,,HAMIGIL1,0,1730244380,1730244380,07:26:20 PM,07:26:20 PM,0
2110080,,HAMIHIG1,0,1730244420,1730244420,07:27:00 PM,07:27:00 PM,0
2110080,,HAMIHIG1,0,1730244420,1730244420,07:27:00 PM,07:27:00 PM,0
2110080,,HAMINORL,0,1730244433,1730244433,07:27:13 PM,07:27:13 PM,0
2110080,,HAMIMEA1,0,1730244466,1730244466,07:27:46 PM,07:27:46 PM,0
2110080,,HAMIMEA3,0,1730244479,1730244479,07:27:59 PM,07:27:59 PM,0
2110080,,HAMIWATM,0,1730244508,1730244508,07:28:28 PM,07:28:28 PM,0
2110080,,HAMIGORE,0,1730244545,1730244545,07:29:05 PM,07:29:05 PM,0
2110080,,HAMIBRA3,0,1730244575,1730244575,07:29:35 PM,07:29:35 PM,0
2110080,,HAMIBRA1,0,1730244599,1730244599,07:29:59 PM,07:29:59 PM,0
2110080,,HAMIRIRU,0,1730244630,1730244630,07:30:30 PM,07:30:30 PM,0
2110080,,HAMICRI2,0,1730244676,1730244676,07:31:16 PM,07:31:16 PM,0
2110080,,HAMICLA1,0,1730244718,1730244718,07:31:58 PM,07:31:58 PM,0
2110080,,CLARPEN2,0,1730244772,1730244772,07:32:52 PM,07:32:52 PM,0
2110080,,CLARBAY2,0,1730244806,1730244806,07:33:26 PM,07:33:26 PM,0
2110080,,CLARGORE,0,1730244847,1730244847,07:34:07 PM,07:34:07 PM,0
2110080,,CLARFIS1,0,1730244864,1730244864,07:34:24 PM,07:34:24 PM,0
2110080,,CLARCHA3,0,1730244919,1730244919,07:35:19 PM,07:35:19 PM,0
2110080,,CLARCHA1,0,1730244960,1730244960,07:36:00 PM,07:36:00 PM,0
2110080,,CLARTRA1,0,1730245011,1730245011,07:36:51 PM,07:36:51 PM,0
2110080,,CLARROY1,0,1730245073,1730245073,07:37:53 PM,07:37:53 PM,0
2110080,,CLARROY3,0,1730245105,1730245105,07:38:25 PM,07:38:25 PM,0
2110080,,CLARWAV1,0,1730245130,1730245130,07:38:50 PM,07:38:50 PM,0
2110080,,CLARCHU1,0,1730245169,1730245169,07:39:29 PM,07:39:29 PM,0
2110080,,ARGYMAL1,0,1730245260,1730245260,07:41:00 PM,07:41:00 PM,0
2110120,,ARGYMAL1,0,1730245800,1730245800,07:50:00 PM,07:50:00 PM,0
2110120,,CLARCHU2,0,1730245853,1730245853,07:50:53 PM,07:50:53 PM,0
2110120,,CLARWAV2,0,1730245890,1730245890,07:51:30 PM,07:51:30 PM,0
2110120,,CLARROY2,0,1730245909,1730245909,07:51:49 PM,07:51:49 PM,0
2110120,,CLARTRA2,0,1730245968,1730245968,07:52:48 PM,07:52:48 PM,0
2110120,,CLARTRA4,0,1730246001,1730246001,07:53:21 PM,07:53:21 PM,0
2110120,,CLARCHA2,0,1730246045,1730246045,07:54:05 PM,07:54:05 PM,0
2110120,,CLARFIS2,0,1730246114,1730246114,07:55:14 PM,07:55:14 PM,0
2110120,,CLARGOR2,0,1730246160,1730246160,07:56:00 PM,07:56:00 PM,0
2110120,,GOREFIRE,0,1730246225,1730246225,07:57:05 PM,07:57:05 PM,0
2110120,,GOREBRAE,0,1730246254,1730246254,07:57:34 PM,07:57:34 PM,0
2110120,,MONTGORE,0,1730246323,1730246323,07:58:43 PM,07:58:43 PM,0
2110120,,MONTFUND,0,1730246342,1730246342,07:59:02 PM,07:59:02 PM,0
2110120,,MONTTWEE,0,1730246362,1730246362,07:59:22 PM,07:59:22 PM,0
2110120,,MANITWEE,0,1730246412,1730246412,08:00:12 PM,08:00:12 PM,0
2110120,,TWEECOU2,0,1730246436,1730246436,08:00:36 PM,08:00:36 PM,0
2110120,,TWEECOU4,0,1730246462,1730246462,08:01:02 PM,08:01:02 PM,0
2110120,,TWEEELLE,0,1730246485,1730246485,08:01:25 PM,08:01:25 PM,0
2110120,,TWEEHALE,0,1730246522,1730246522,08:02:02 PM,08:02:02 PM,0
2110120,,HALEMAGE,0,1730246543,1730246543,08:02:23 PM,08:02:23 PM,0
2110120,,HALEELLS,0,1730246573,1730246573,08:02:53 PM,08:02:53 PM,0
2110120,,HAMIHALE,0,1730246609,1730246609,08:03:29 PM,08:03:29 PM,0
2110120,,HAMIHIG2,0,1730246640,1730246640,08:04:00 PM,08:04:00 PM,0
2110120,,HAMIGIL2,0,1730246659,1730246659,08:04:19 PM,08:04:19 PM,0
2110120,,HAMIEAST,0,1730246738,1730246738,08:05:38 PM,08:05:38 PM,0
2110120,,HAMISJU2,0,1730246806,1730246806,08:06:46 PM,08:06:46 PM,0
2110120,,HAMIELM,0,1730246859,1730246859,08:07:39 PM,08:07:39 PM,0
2110120,,HAMIEGE2,0,1730246937,1730246937,08:08:57 PM,08:08:57 PM,0
2110120,,HAMISAC2,0,1730247000,1730247000,08:10:00 PM,08:10:00 PM,0
2110120,,HAMIREC2,0,1730247042,1730247042,08:10:42 PM,08:10:42 PM,0
2110120,,HAMILTGR,0,1730247081,1730247081,08:11:21 PM,08:11:21 PM,0
2110120,,HAMIADE2,0,1730247120,1730247120,08:12:00 PM,08:12:00 PM,0
2110120,,HAMIWIL2,0,1730247159,1730247159,08:12:39 PM,08:12:39 PM,0
2110120,,HORTHAMI,0,1730247198,1730247198,08:13:18 PM,08:13:18 PM,0
2110120,,HORTCOL1,0,1730247244,1730247244,08:14:04 PM,08:14:04 PM,0
2110120,,HORTWAT2,,,,,,
2110120,,WELLHOR1,,,,,,
2110120,,WELLYOR1,,,,,,
2110120,,WELLDUN3,,,,,,
2110120,,QUEECLAR,0,1730247537,1730247537,08:18:57 PM,08:18:57 PM,0
2110120,,QUEERIC1,0,1730247600,1730247600,08:20:00 PM,08:20:00 PM,0
2110120,,QUEERIC1,0,1730247600,1730247600,08:20:00 PM,08:20:00 PM,0
2110120,,RIDOYORK,0,1730247741,1730247741,08:22:21 PM,08:22:21 PM,0
2110120,,YORKTHA2,0,1730247785,1730247785,08:23:05 PM,08:23:05 PM,0
2110120,,HORTWHA2,0,1730247926,1730247926,08:25:26 PM,08:25:26 PM,0
2110120,,HORTWHA4,0,1730247960,1730247960,08:26:00 PM,08:26:00 PM,0
2110120,,HORTSPRI,0,1730248017,1730248017,08:26:57 PM,08:26:57 PM,0
2110120,,SPRIGRE2,0,1730248051,1730248051,08:27:31 PM,08:27:31 PM,0
2110120,,SPRIFORH,0,1730248081,1730248081,08:28:01 PM,08:28:01 PM,0
2110120,,SPRICHEL,0,1730248122,1730248122,08:28:42 PM,08:28:42 PM,0
2110120,,SPRIKER2,0,1730248163,1730248163,08:29:23 PM,08:29:23 PM,0
2110120,,SPRIMAR2,0,1730248197,1730248197,08:29:57 PM,08:29:57 PM,0
2110120,,SPRITROW,0,1730248219,1730248219,08:30:19 PM,08:30:19 PM,0
2110120,,SPRIBER4,0,1730248292,1730248292,08:31:32 PM,08:31:32 PM,0
2110120,,SPRIWON2,0,1730248320,1730248320,08:32:00 PM,08:32:00 PM,0
2110120,,SPRIQUI2,0,1730248353,1730248353,08:32:33 PM,08:32:33 PM,0
2110120,,SPRIJAR2,0,1730248386,1730248386,08:33:06 PM,08:33:06 PM,0
2110120,,SPRIHIC2,0,1730248406,1730248406,08:33:26 PM,08:33:26 PM,0
2110120,,SPRIWES4,0,1730248490,1730248490,08:34:50 PM,08:34:50 PM,0
2110120,,SPRICOM2,0,1730248514,1730248514,08:35:14 PM,08:35:14 PM,0
2110120,,COMMSPR2,0,1730248541,1730248541,08:35:41 PM,08:35:41 PM,0
2110120,,COMMNOR2,0,1730248572,1730248572,08:36:12 PM,08:36:12 PM,0
2110120,,COMMLYN4,0,1730248606,1730248606,08:36:46 PM,08:36:46 PM,0
2110120,,COMMSPR4,0,1730248622,1730248622,08:37:02 PM,08:37:02 PM,0
2110120,,COMMBOL2,0,1730248648,1730248648,08:37:28 PM,08:37:28 PM,0
2110120,,COMMHAM2,0,1730248680,1730248680,08:38:00 PM,08:38:00 PM,0
2110160,,COMMHAM2,0,1730248680,1730248680,08:38:00 PM,08:38:00 PM,0
2110160,,COMMSTEP,0,1730248729,1730248729,08:38:49 PM,08:38:49 PM,0
2110160,,GRIFCOMM,0,1730248766,1730248766,08:39:26 PM,08:39:26 PM,0
2110160,,GRIFHEMO,0,1730248802,1730248802,08:40:02 PM,08:40:02 PM,0
2110160,,GRIFNORM,0,1730248850,1730248850,08:40:50 PM,08:40:50 PM,0
2110160,,GRIFBBA2,0,1730248910,1730248910,08:41:50 PM,08:41:50 PM,0
2110160,,GRIFFAIR,0,1730248947,1730248947,08:42:27 PM,08:42:27 PM,0
2110160,,GRIFDEA2,0,1730248999,1730248999,08:43:19 PM,08:43:19 PM,0
2110160,,GRIFWIDD,0,1730249020,1730249020,08:43:40 PM,08:43:40 PM,0
2110160,,GRIFROBW,0,1730249067,1730249067,08:44:27 PM,08:44:27 PM,0
2110160,,GRIFBOLE,0,1730249115,1730249115,08:45:15 PM,08:45:15 PM,0
2110160,,BOLEGRIF,0,1730249140,1730249140,08:45:40 PM,08:45:40 PM,0
2110160,,BOLEWAYN,0,1730249187,1730249187,08:46:27 PM,08:46:27 PM,0
2110160,,BOLEBASE,0,1730249244,1730249244,08:47:24 PM,08:47:24 PM,0
2110160,,BOLEGLEN,0,1730249285,1730249285,08:48:05 PM,08:48:05 PM,0
2110160,,BOLECOM1,0,1730249306,1730249306,08:48:26 PM,08:48:26 PM,0
2110160,,COMMBOL1,0,1730249340,1730249340,08:49:00 PM,08:49:00 PM,0
2110160,,COMMBOL1,0,1730249520,1730249520,08:52:00 PM,08:52:00 PM,0
2110160,,COMMSPR1,0,1730249552,1730249552,08:52:32 PM,08:52:32 PM,0
2110160,,COMMNASH,0,1730249588,1730249588,08:53:08 PM,08:53:08 PM,0
2110160,,COMMNOR1,0,1730249614,1730249614,08:53:34 PM,08:53:34 PM,0
2110160,,SPRICOM1,0,1730249664,1730249664,08:54:24 PM,08:54:24 PM,0
2110160,,SPRIWES1,0,1730249690,1730249690,08:54:50 PM,08:54:50 PM,0
2110160,,SPRIWES3,0,1730249726,1730249726,08:55:26 PM,08:55:26 PM,0
2110160,,SPRIHIC1,0,1730249774,1730249774,08:56:14 PM,08:56:14 PM,0
2110160,,SPRIJAR1,0,1730249806,1730249806,08:56:46 PM,08:56:46 PM,0
2110160,,SPRIQUI1,0,1730249830,1730249830,08:57:10 PM,08:57:10 PM,0
2110160,,SPRIWON1,0,1730249880,1730249880,08:58:00 PM,08:58:00 PM,0
2110160,,SPRIBER1,0,1730249903,1730249903,08:58:23 PM,08:58:23 PM,0
2110160,,SPRIBER3,0,1730249944,1730249944,08:59:04 PM,08:59:04 PM,0
2110160,,SPRIMAR1,0,1730249984,1730249984,08:59:44 PM,08:59:44 PM,0
2110160,,SPRIKER1,0,1730250032,1730250032,09:00:32 PM,09:00:32 PM,0
2110160,,SPRIGROW,0,1730250076,1730250076,09:01:16 PM,09:01:16 PM,0
2110160,,SPRIGRE1,0,1730250136,1730250136,09:02:16 PM,09:02:16 PM,0
2110160,,SPRISPRI,0,1730250179,1730250179,09:02:59 PM,09:02:59 PM,0
2110160,,HORTWHA3,0,1730250247,1730250247,09:04:07 PM,09:04:07 PM,0
2110160,,STANWHAR,0,1730250297,1730250297,09:04:57 PM,09:04:57 PM,0
2110160,,STANPERR,0,1730250317,1730250317,09:05:17 PM,09:05:17 PM,0
2110160,,STANWORT,0,1730250348,1730250348,09:05:48 PM,09:05:48 PM,0
2110160,,YORKTHA1,0,1730250372,1730250372,09:06:12 PM,09:06:12 PM,0
2110160,,RIDOYOR2,0,1730250401,1730250401,09:06:41 PM,09:06:41 PM,0
2110160,,KINGTALB,0,1730250433,1730250433,09:07:13 PM,09:07:13 PM,0
2110160,,KINGRICH,0,1730250480,1730250480,09:08:00 PM,09:08:00 PM,0
2110160,,KINGRICH,0,1730250480,1730250480,09:08:00 PM,09:08:00 PM,0
2110160,,KINGWEL2,0,1730250611,1730250611,09:10:11 PM,09:10:11 PM,0
2110160,,WELLYOR2,,,,,,
2110160,,HORTWELL,,,,,,
2110160,,HORTCOL2,,,,,,
2110160,,HORTMAIT,0,1730250823,1730250823,09:13:43 PM,09:13:43 PM,0
2110160,,HAMIWIL1,0,1730250872,1730250872,09:14:32 PM,09:14:32 PM,0
2110160,,HAMIADE1,0,1730250900,1730250900,09:15:00 PM,09:15:00 PM,0
2110160,,HAMIMAME,0,1730250950,1730250950,09:15:50 PM,09:15:50 PM,0
2110160,,HAMIREC1,0,1730250998,1730250998,09:16:38 PM,09:16:38 PM,0
2110160,,HAMISAC1,0,1730251057,1730251057,09:17:37 PM,09:17:37 PM,0
2110160,,HAMIEGE1,0,1730251091,1730251091,09:18:11 PM,09:18:11 PM,0
2110160,,HAMITENN,0,1730251152,1730251152,09:19:12 PM,09:19:12 PM,0
2110160,,HAMISJU1,0,1730251185,1730251185,09:19:45 PM,09:19:45 PM,0
2110160,,HAMIPILA,0,1730251231,1730251231,09:20:31 PM,09:20:31 PM,0
2110160,,HAMIGIL1,0,1730251284,1730251284,09:21:24 PM,09:21:24 PM,0
2110160,,HAMIHIG1,0,1730251320,1730251320,09:22:00 PM,09:22:00 PM,0
2110160,,HALEHAM2,0,1730251343,1730251343,09:22:23 PM,09:22:23 PM,0
2110160,,HALEMAG2,0,1730251393,1730251393,09:23:13 PM,09:23:13 PM,0
2110160,,TWEEFAI2,0,1730251415,1730251415,09:23:35 PM,09:23:35 PM,0
2110160,,TWEEMAN2,0,1730251449,1730251449,09:24:09 PM,09:24:09 PM,0
2110160,,TWEEBER2,0,1730251467,1730251467,09:24:27 PM,09:24:27 PM,0
2110160,,MANITWE2,0,1730251509,1730251509,09:25:09 PM,09:25:09 PM,0
2110160,,MONTTWE2,0,1730251546,1730251546,09:25:46 PM,09:25:46 PM,0
2110160,,MONTELD2,0,1730251583,1730251583,09:26:23 PM,09:26:23 PM,0
2110160,,GOREVAL2,0,1730251596,1730251596,09:26:36 PM,09:26:36 PM,0
2110160,,GOREBRA2,0,1730251637,1730251637,09:27:17 PM,09:27:17 PM,0
2110160,,GOREFIR2,0,1730251670,1730251670,09:27:50 PM,09:27:50 PM,0
2110160,,CLARGORE,0,1730251738,1730251738,09:28:58 PM,09:28:58 PM,0
2110160,,CLARFIS1,0,1730251757,1730251757,09:29:17 PM,09:29:17 PM,0
2110160,,CLARCHA3,0,1730251818,1730251818,09:30:18 PM,09:30:18 PM,0
2110160,,CLARCHA1,0,1730251860,1730251860,09:31:00 PM,09:31:00 PM,0
2110160,,CLARTRA1,0,1730251911,1730251911,09:31:51 PM,09:31:51 PM,0
2110160,,CLARROY1,0,1730251973,1730251973,09:32:53 PM,09:32:53 PM,0
2110160,,CLARROY3,0,1730252005,1730252005,09:33:25 PM,09:33:25 PM,0
2110160,,CLARWAV1,0,1730252030,1730252030,09:33:50 PM,09:33:50 PM,0
2110160,,CLARCHU1,0,1730252069,1730252069,09:34:29 PM,09:34:29 PM,0
2110160,,ARGYMAL1,0,1730252160,1730252160,09:36:00 PM,09:36:00 PM,0
2110048,,ARGYMAL1,0,1730252400,1730252400,09:40:00 PM,09:40:00 PM,0
2110048,,CLARCHU2,0,1730252440,1730252440,09:40:40 PM,09:40:40 PM,0
2110048,,CLARWAV2,0,1730252468,1730252468,09:41:08 PM,09:41:08 PM,0
2110048,,CLARROY2,0,1730252483,1730252483,09:41:23 PM,09:41:23 PM,0
2110048,,CLARSUD2,0,1730252517,1730252517,09:41:57 PM,09:41:57 PM,0
2110048,,CLARTRA2,0,1730252528,1730252528,09:42:08 PM,09:42:08 PM,0
2110048,,CLARTRA4,0,1730252553,1730252553,09:42:33 PM,09:42:33 PM,0
2110048,,CLARCHA2,0,1730252587,1730252587,09:43:07 PM,09:43:07 PM,0
2110048,,CLARFIS2,0,1730252640,1730252640,09:44:00 PM,09:44:00 PM,0
2110048,,CLARGOR2,0,1730252673,1730252673,09:44:33 PM,09:44:33 PM,0
2110048,,CLARBAY1,0,1730252701,1730252701,09:45:01 PM,09:45:01 PM,0
2110048,,CLARPEN1,0,1730252739,1730252739,09:45:39 PM,09:45:39 PM,0
2110048,,HAMIGOR1,0,1730252801,1730252801,09:46:41 PM,09:46:41 PM,0
2110048,,HAMICRI1,0,1730252834,1730252834,09:47:14 PM,09:47:14 PM,0
2110048,,HAMIRIV2,0,1730252880,1730252880,09:48:00 PM,09:48:00 PM,0
2110048,,HAMIBRA2,0,1730252918,1730252918,09:48:38 PM,09:48:38 PM,0
2110048,,HAMIOAKL,0,1730252940,1730252940,09:49:00 PM,09:49:00 PM,0
2110048,,HAMIVALL,0,1730252967,1730252967,09:49:27 PM,09:49:27 PM,0
2110048,,HAMIWAT2,0,1730253015,1730253015,09:50:15 PM,09:50:15 PM,0
2110048,,HAMIYMCA,0,1730253041,1730253041,09:50:41 PM,09:50:41 PM,0
2110048,,HAMIFAI1,0,1730253074,1730253074,09:51:14 PM,09:51:14 PM,0
2110048,,HAMIHALE,0,1730253094,1730253094,09:51:34 PM,09:51:34 PM,0
2110048,,HAMIHIG2,0,1730253120,1730253120,09:52:00 PM,09:52:00 PM,0
2110048,,HAMIGIL2,0,1730253133,1730253133,09:52:13 PM,09:52:13 PM,0
2110048,,HAMIEAST,0,1730253185,1730253185,09:53:05 PM,09:53:05 PM,0
2110048,,HAMISJU2,0,1730253230,1730253230,09:53:50 PM,09:53:50 PM,0
2110048,,HAMIELM,0,1730253265,1730253265,09:54:25 PM,09:54:25 PM,0
2110048,,HAMIEGE2,0,1730253317,1730253317,09:55:17 PM,09:55:17 PM,0
2110048,,HAMISAC2,0,1730253360,1730253360,09:56:00 PM,09:56:00 PM,0
2110048,,HAMIREC2,0,1730253423,1730253423,09:57:03 PM,09:57:03 PM,0
2110048,,HAMILTGR,0,1730253482,1730253482,09:58:02 PM,09:58:02 PM,0
2110048,,HAMIADE2,0,1730253540,1730253540,09:59:00 PM,09:59:00 PM,0
2110048,,HAMIWIL2,0,1730253571,1730253571,09:59:31 PM,09:59:31 PM,0
2110048,,HORTHAMI,0,1730253602,1730253602,10:00:02 PM,10:00:02 PM,0
2110048,,HORTCOL1,0,1730253639,1730253639,10:00:39 PM,10:00:39 PM,0
2110048,,HORTWAT2,,,,,,
2110048,,WELLHOR1,,,,,,
2110048,,WELLYOR1,,,,,,
2110048,,WELLDUN3,,,,,,
2110048,,WELLDUN3,,,,,,
2110048,,QUEECLAR,0,1730253872,1730253872,10:04:32 PM,10:04:32 PM,0
2110048,,RICHQUE2,0,1730253960,1730253960,10:06:00 PM,10:06:00 PM,0
2110086,,RICHQUE2,0,1730253960,1730253960,10:06:00 PM,10:06:00 PM,0
2110086,,KINGRICH,0,1730254020,1730254020,10:07:00 PM,10:07:00 PM,0
2110086,,KINGWEL2,0,1730254151,1730254151,10:09:11 PM,10:09:11 PM,0
2110086,,WELLYOR2,,,,,,
2110086,,HORTWELL,,,,,,
2110086,,HORTCOL2,,,,,,
2110086,,HORTMAIT,0,1730254363,1730254363,10:12:43 PM,10:12:43 PM,0
2110086,,HAMIWIL1,0,1730254412,1730254412,10:13:32 PM,10:13:32 PM,0
2110086,,HAMIADE1,0,1730254440,1730254440,10:14:00 PM,10:14:00 PM,0
2110086,,HAMIMAME,0,1730254490,1730254490,10:14:50 PM,10:14:50 PM,0
2110086,,HAMIREC1,0,1730254538,1730254538,10:15:38 PM,10:15:38 PM,0
2110086,,HAMISAC1,0,1730254597,1730254597,10:16:37 PM,10:16:37 PM,0
2110086,,HAMIEGE1,0,1730254631,1730254631,10:17:11 PM,10:17:11 PM,0
2110086,,HAMITENN,0,1730254692,1730254692,10:18:12 PM,10:18:12 PM,0
2110086,,HAMISJU1,0,1730254725,1730254725,10:18:45 PM,10:18:45 PM,0
2110086,,HAMIPILA,0,1730254771,1730254771,10:19:31 PM,10:19:31 PM,0
2110086,,HAMIGIL1,0,1730254824,1730254824,10:20:24 PM,10:20:24 PM,0
2110086,,HAMIHIG1,0,1730254860,1730254860,10:21:00 PM,10:21:00 PM,0
2110086,,HAMIHIG1,0,1730254860,1730254860,10:21:00 PM,10:21:00 PM,0
2110086,,HAMINORL,0,1730254873,1730254873,10:21:13 PM,10:21:13 PM,0
2110086,,HAMIMEA1,0,1730254906,1730254906,10:21:46 PM,10:21:46 PM,0
2110086,,HAMIMEA3,0,1730254919,1730254919,10:21:59 PM,10:21:59 PM,0
2110086,,HAMIWATM,0,1730254948,1730254948,10:22:28 PM,10:22:28 PM,0
2110086,,HAMIGORE,0,1730254985,1730254985,10:23:05 PM,10:23:05 PM,0
2110086,,HAMIBRA3,0,1730255015,1730255015,10:23:35 PM,10:23:35 PM,0
2110086,,HAMIBRA1,0,1730255039,1730255039,10:23:59 PM,10:23:59 PM,0
2110086,,HAMIRIRU,0,1730255070,1730255070,10:24:30 PM,10:24:30 PM,0
2110086,,HAMICRI2,0,1730255116,1730255116,10:25:16 PM,10:25:16 PM,0
2110086,,HAMICLA1,0,1730255158,1730255158,10:25:58 PM,10:25:58 PM,0
2110086,,CLARPEN2,0,1730255212,1730255212,10:26:52 PM,10:26:52 PM,0
2110086,,CLARBAY2,0,1730255246,1730255246,10:27:26 PM,10:27:26 PM,0
2110086,,CLARGORE,0,1730255287,1730255287,10:28:07 PM,10:28:07 PM,0
2110086,,CLARFIS1,0,1730255304,1730255304,10:28:24 PM,10:28:24 PM,0
2110086,,CLARCHA3,0,1730255359,1730255359,10:29:19 PM,10:29:19 PM,0
2110086,,CLARCHA1,0,1730255400,1730255400,10:30:00 PM,10:30:00 PM,0
2110086,,CLARTRA1,0,1730255451,1730255451,10:30:51 PM,10:30:51 PM,0
2110086,,CLARROY1,0,1730255513,1730255513,10:31:53 PM,10:31:53 PM,0
2110086,,CLARROY3,0,1730255545,1730255545,10:32:25 PM,10:32:25 PM,0
2110086,,CLARWAV1,0,1730255570,1730255570,10:32:50 PM,10:32:50 PM,0
2110086,,CLARCHU1,0,1730255609,1730255609,10:33:29 PM,10:33:29 PM,0
2110086,,ARGYMAL1,0,1730255700,1730255700,10:35:00 PM,10:35:00 PM,0
2110126,,ARGYMAL1,0,1730256180,1730256180,10:43:00 PM,10:43:00 PM,0
2110126,,CLARCHU2,0,1730256224,1730256224,10:43:44 PM,10:43:44 PM,0
2110126,,CLARWAV2,0,1730256254,1730256254,10:44:14 PM,10:44:14 PM,0
2110126,,CLARROY2,0,1730256270,1730256270,10:44:30 PM,10:44:30 PM,0
2110126,,CLARTRA2,0,1730256319,1730256319,10:45:19 PM,10:45:19 PM,0
2110126,,CLARTRA4,0,1730256346,1730256346,10:45:46 PM,10:45:46 PM,0
2110126,,CLARCHA2,0,1730256382,1730256382,10:46:22 PM,10:46:22 PM,0
2110126,,CLARFIS2,0,1730256439,1730256439,10:47:19 PM,10:47:19 PM,0
2110126,,CLARGOR2,0,1730256480,1730256480,10:48:00 PM,10:48:00 PM,0
2110126,,GOREFIRE,0,1730256545,1730256545,10:49:05 PM,10:49:05 PM,0
2110126,,GOREBRAE,0,1730256574,1730256574,10:49:34 PM,10:49:34 PM,0
2110126,,MONTGORE,0,1730256643,1730256643,10:50:43 PM,10:50:43 PM,0
2110126,,MONTFUND,0,1730256662,1730256662,10:51:02 PM,10:51:02 PM,0
2110126,,MONTTWEE,0,1730256682,1730256682,10:51:22 PM,10:51:22 PM,0
2110126,,MANITWEE,0,1730256732,1730256732,10:52:12 PM,10:52:12 PM,0
2110126,,TWEECOU2,0,1730256756,1730256756,10:52:36 PM,10:52:36 PM,0
2110126,,TWEECOU4,0,1730256782,1730256782,10:53:02 PM,10:53:02 PM,0
2110126,,TWEEELLE,0,1730256805,1730256805,10:53:25 PM,10:53:25 PM,0
2110126,,TWEEHALE,0,1730256842,1730256842,10:54:02 PM,10:54:02 PM,0
2110126,,HALEMAGE,0,1730256863,1730256863,10:54:23 PM,10:54:23 PM,0
2110126,,HALEELLS,0,1730256893,1730256893,10:54:53 PM,10:54:53 PM,0
2110126,,HAMIHALE,0,1730256929,1730256929,10:55:29 PM,10:55:29 PM,0
2110126,,HAMIHIG2,0,1730256960,1730256960,10:56:00 PM,10:56:00 PM,0
2110126,,HAMIGIL2,0,1730256976,1730256976,10:56:16 PM,10:56:16 PM,0
2110126,,HAMIEAST,0,1730257042,1730257042,10:57:22 PM,10:57:22 PM,0
2110126,,HAMISJU2,0,1730257099,1730257099,10:58:19 PM,10:58:19 PM,0
2110126,,HAMIELM,0,1730257143,1730257143,10:59:03 PM,10:59:03 PM,0
2110126,,HAMIEGE2,0,1730257208,1730257208,11:00:08 PM,11:00:08 PM,0
2110126,,HAMISAC2,0,1730257260,1730257260,11:01:00 PM,11:01:00 PM,0
2110126,,HAMIREC2,0,1730257302,1730257302,11:01:42 PM,11:01:42 PM,0
2110126,,HAMILTGR,0,1730257341,1730257341,11:02:21 PM,11:02:21 PM,0
2110126,,HAMIADE2,0,1730257380,1730257380,11:03:00 PM,11:03:00 PM,0
2110126,,HAMIWIL2,0,1730257411,1730257411,11:03:31 PM,11:03:31 PM,0
2110126,,HORTHAMI,0,1730257442,1730257442,11:04:02 PM,11:04:02 PM,0
2110126,,HORTCOL1,0,1730257479,1730257479,11:04:39 PM,11:04:39 PM,0
2110126,,HORTWAT2,,,,,,
2110126,,WELLHOR1,,,,,,
2110126,,WELLYOR1,,,,,,
2110126,,WELLDUN3,,,,,,
2110126,,QUEECLAR,0,1730257698,1730257698,11:08:18 PM,11:08:18 PM,0
2110126,,QUEERIC1,0,1730257740,1730257740,11:09:00 PM,11:09:00 PM,0
2110126,,QUEERIC1,0,1730257740,1730257740,11:09:00 PM,11:09:00 PM,0
2110126,,RIDOYORK,0,1730257857,1730257857,11:10:57 PM,11:10:57 PM,0
2110126,,YORKTHA2,0,1730257894,1730257894,11:11:34 PM,11:11:34 PM,0
2110126,,HORTWHA2,0,1730258012,1730258012,11:13:32 PM,11:13:32 PM,0
2110126,,HORTWHA4,0,1730258040,1730258040,11:14:00 PM,11:14:00 PM,0
2110126,,HORTSPRI,0,1730258087,1730258087,11:14:47 PM,11:14:47 PM,0
2110126,,SPRIGRE2,0,1730258115,1730258115,11:15:15 PM,11:15:15 PM,0
2110126,,SPRIFORH,0,1730258140,1730258140,11:15:40 PM,11:15:40 PM,0
2110126,,SPRICHEL,0,1730258174,1730258174,11:16:14 PM,11:16:14 PM,0
2110126,,SPRIKER2,0,1730258208,1730258208,11:16:48 PM,11:16:48 PM,0
2110126,,SPRIMAR2,0,1730258236,1730258236,11:17:16 PM,11:17:16 PM,0
2110126,,SPRITROW,0,1730258255,1730258255,11:17:35 PM,11:17:35 PM,0
2110126,,SPRIBER4,0,1730258315,1730258315,11:18:35 PM,11:18:35 PM,0
2110126,,SPRIWON2,0,1730258340,1730258340,11:19:00 PM,11:19:00 PM,0
2110126,,SPRIQUI2,0,1730258367,1730258367,11:19:27 PM,11:19:27 PM,0
2110126,,SPRIJAR2,0,1730258394,1730258394,11:19:54 PM,11:19:54 PM,0
2110126,,SPRIHIC2,0,1730258410,1730258410,11:20:10 PM,11:20:10 PM,0
2110126,,SPRIWES4,0,1730258480,1730258480,11:21:20 PM,11:21:20 PM,0
2110126,,SPRICOM2,0,1730258500,1730258500,11:21:40 PM,11:21:40 PM,0
2110126,,COMMSPR2,0,1730258522,1730258522,11:22:02 PM,11:22:02 PM,0
2110126,,COMMNOR2,0,1730258548,1730258548,11:22:28 PM,11:22:28 PM,0
2110126,,COMMLYN4,0,1730258576,1730258576,11:22:56 PM,11:22:56 PM,0
2110126,,COMMSPR4,0,1730258589,1730258589,11:23:09 PM,11:23:09 PM,0
2110126,,COMMBOL2,0,1730258611,1730258611,11:23:31 PM,11:23:31 PM,0
2110126,,COMMHAM2,0,1730258640,1730258640,11:24:00 PM,11:24:00 PM,0
2110165,,COMMHAM2,0,1730258640,1730258640,11:24:00 PM,11:24:00 PM,0
2110165,,COMMSTEP,0,1730258685,1730258685,11:24:45 PM,11:24:45 PM,0
2110165,,GRIFCOMM,0,1730258719,1730258719,11:25:19 PM,11:25:19 PM,0
2110165,,GRIFHEMO,0,1730258752,1730258752,11:25:52 PM,11:25:52 PM,0
2110165,,GRIFNORM,0,1730258795,1730258795,11:26:35 PM,11:26:35 PM,0
2110165,,GRIFBBA2,0,1730258849,1730258849,11:27:29 PM,11:27:29 PM,0
2110165,,GRIFFAIR,0,1730258883,1730258883,11:28:03 PM,11:28:03 PM,0
2110165,,GRIFDEA2,0,1730258930,1730258930,11:28:50 PM,11:28:50 PM,0
2110165,,GRIFWIDD,0,1730258949,1730258949,11:29:09 PM,11:29:09 PM,0
2110165,,GRIFROBW,0,1730258992,1730258992,11:29:52 PM,11:29:52 PM,0
2110165,,GRIFBOLE,0,1730259036,1730259036,11:30:36 PM,11:30:36 PM,0
2110165,,BOLEGRIF,0,1730259059,1730259059,11:30:59 PM,11:30:59 PM,0
2110165,,BOLEWAYN,0,1730259102,1730259102,11:31:42 PM,11:31:42 PM,0
2110165,,BOLEBASE,0,1730259154,1730259154,11:32:34 PM,11:32:34 PM,0
2110165,,BOLEGLEN,0,1730259191,1730259191,11:33:11 PM,11:33:11 PM,0
2110165,,BOLECOM1,0,1730259210,1730259210,11:33:30 PM,11:33:30 PM,0
2110165,,COMMBOL1,0,1730259240,1730259240,11:34:00 PM,11:34:00 PM,0
2110165,,COMMBOL1,0,1730259660,1730259660,11:41:00 PM,11:41:00 PM,0
2110165,,COMMSPR1,0,1730259692,1730259692,11:41:32 PM,11:41:32 PM,0
2110165,,COMMNASH,0,1730259728,1730259728,11:42:08 PM,11:42:08 PM,0
2110165,,COMMNOR1,0,1730259754,1730259754,11:42:34 PM,11:42:34 PM,0
2110165,,SPRICOM1,0,1730259804,1730259804,11:43:24 PM,11:43:24 PM,0
2110165,,SPRIWES1,0,1730259830,1730259830,11:43:50 PM,11:43:50 PM,0
2110165,,SPRIWES3,0,1730259866,1730259866,11:44:26 PM,11:44:26 PM,0
2110165,,SPRIHIC1,0,1730259914,1730259914,11:45:14 PM,11:45:14 PM,0
2110165,,SPRIJAR1,0,1730259946,1730259946,11:45:46 PM,11:45:46 PM,0
2110165,,SPRIQUI1,0,1730259970,1730259970,11:46:10 PM,11:46:10 PM,0
2110165,,SPRIWON1,0,1730260020,1730260020,11:47:00 PM,11:47:00 PM,0
2110165,,SPRIBER1,0,1730260043,1730260043,11:47:23 PM,11:47:23 PM,0
2110165,,SPRIBER3,0,1730260084,1730260084,11:48:04 PM,11:48:04 PM,0
2110165,,SPRIMAR1,0,1730260124,1730260124,11:48:44 PM,11:48:44 PM,0
2110165,,SPRIKER1,0,1730260172,1730260172,11:49:32 PM,11:49:32 PM,0
2110165,,SPRIGROW,0,1730260216,1730260216,11:50:16 PM,11:50:16 PM,0
2110165,,SPRIGRE1,0,1730260276,1730260276,11:51:16 PM,11:51:16 PM,0
2110165,,SPRISPRI,0,1730260319,1730260319,11:51:59 PM,11:51:59 PM,0
2110165,,HORTWHA3,0,1730260387,1730260387,11:53:07 PM,11:53:07 PM,0
2110165,,STANWHAR,0,1730260437,1730260437,11:53:57 PM,11:53:57 PM,0
2110165,,STANPERR,0,1730260457,1730260457,11:54:17 PM,11:54:17 PM,0
2110165,,STANWORT,0,1730260488,1730260488,11:54:48 PM,11:54:48 PM,0
2110165,,YORKTHA1,0,1730260512,1730260512,11:55:12 PM,11:55:12 PM,0
2110165,,RIDOYOR2,0,1730260541,1730260541,11:55:41 PM,11:55:41 PM,0
2110165,,KINGTALB,0,1730260573,1730260573,11:56:13 PM,11:56:13 PM,0
2110165,,KINGRICH,0,1730260620,1730260620,11:57:00 PM,11:57:00 PM,0
2110165,,KINGRICH,0,1730260800,1730260800,12:00:00 AM,12:00:00 AM,0
2110165,,KINGWEL2,0,1730260931,1730260931,12:02:11 AM,12:02:11 AM,0
2110165,,WELLYOR2,,,,,,
2110165,,HORTWELL,,,,,,
2110165,,HORTCOL2,,,,,,
2110165,,HORTMAIT,0,1730261143,1730261143,12:05:43 AM,12:05:43 AM,0
2110165,,HAMIWIL1,0,1730261192,1730261192,12:06:32 AM,12:06:32 AM,0
2110165,,HAMIADE1,0,1730261220,1730261220,12:07:00 AM,12:07:00 AM,0
2110165,,HAMIMAME,0,1730261270,1730261270,12:07:50 AM,12:07:50 AM,0
2110165,,HAMIREC1,0,1730261318,1730261318,12:08:38 AM,12:08:38 AM,0
2110165,,HAMISAC1,0,1730261377,1730261377,12:09:37 AM,12:09:37 AM,0
2110165,,HAMIEGE1,0,1730261411,1730261411,12:10:11 AM,12:10:11 AM,0
2110165,,HAMITENN,0,1730261472,1730261472,12:11:12 AM,12:11:12 AM,0
2110165,,HAMISJU1,0,1730261505,1730261505,12:11:45 AM,12:11:45 AM,0
2110165,,HAMIPILA,0,1730261551,1730261551,12:12:31 AM,12:12:31 AM,0
2110165,,HAMIGIL1,0,1730261604,1730261604,12:13:24 AM,12:13:24 AM,0
2110165,,HAMIHIG1,0,1730261640,1730261640,12:14:00 AM,12:14:00 AM,0
2110165,,HALEHAM2,0,1730261663,1730261663,12:14:23 AM,12:14:23 AM,0
2110165,,HALEMAG2,0,1730261713,1730261713,12:15:13 AM,12:15:13 AM,0
2110165,,TWEEFAI2,0,1730261735,1730261735,12:15:35 AM,12:15:35 AM,0
2110165,,TWEEMAN2,0,1730261769,1730261769,12:16:09 AM,12:16:09 AM,0
2110165,,TWEEBER2,0,1730261787,1730261787,12:16:27 AM,12:16:27 AM,0
2110165,,MANITWE2,0,1730261829,1730261829,12:17:09 AM,12:17:09 AM,0
2110165,,MONTTWE2,0,1730261866,1730261866,12:17:46 AM,12:17:46 AM,0
2110165,,MONTELD2,0,1730261903,1730261903,12:18:23 AM,12:18:23 AM,0
2110165,,GOREVAL2,0,1730261916,1730261916,12:18:36 AM,12:18:36 AM,0
2110165,,GOREBRA2,0,1730261957,1730261957,12:19:17 AM,12:19:17 AM,0
2110165,,GOREFIR2,0,1730261990,1730261990,12:19:50 AM,12:19:50 AM,0
2110165,,CLARGORE,0,1730262058,1730262058,12:20:58 AM,12:20:58 AM,0
2110165,,CLARFIS1,0,1730262077,1730262077,12:21:17 AM,12:21:17 AM,0
2110165,,CLARCHA3,0,1730262138,1730262138,12:22:18 AM,12:22:18 AM,0
2110165,,CLARCHA1,0,1730262180,1730262180,12:23:00 AM,12:23:00 AM,0
2110165,,CLARTRA1,0,1730262231,1730262231,12:23:51 AM,12:23:51 AM,0
2110165,,CLARROY1,0,1730262293,1730262293,12:24:53 AM,12:24:53 AM,0
2110165,,CLARROY3,0,1730262325,1730262325,12:25:25 AM,12:25:25 AM,0
2110165,,CLARWAV1,0,1730262350,1730262350,12:25:50 AM,12:25:50 AM,0
2110165,,CLARCHU1,0,1730262389,1730262389,12:26:29 AM,12:26:29 AM,0
2110165,,ARGYMAL1,0,1730262480,1730262480,12:28:00 AM,12:28:00 AM,0
2110101,,ARGYMAL1,0,1730231760,1730231760,03:56:00 PM,03:56:00 PM,0
2110101,,CLARCHU2,0,1730231813,1730231813,03:56:53 PM,03:56:53 PM,0
2110101,,CLARWAV2,0,1730231850,1730231850,03:57:30 PM,03:57:30 PM,0
2110101,,CLARROY2,0,1730231869,1730231869,03:57:49 PM,03:57:49 PM,0
2110101,,CLARTRA2,0,1730231928,1730231928,03:58:48 PM,03:58:48 PM,0
2110101,,CLARTRA4,0,1730231961,1730231961,03:59:21 PM,03:59:21 PM,0
2110101,,CLARCHA2,0,1730232005,1730232005,04:00:05 PM,04:00:05 PM,0
2110101,,CLARFIS2,0,1730232074,1730232074,04:01:14 PM,04:01:14 PM,0
2110101,,CLARGOR2,0,1730232120,1730232120,04:02:00 PM,04:02:00 PM,0
2110101,,GOREFIRE,0,1730232193,1730232193,04:03:13 PM,04:03:13 PM,0
2110101,,GOREBRAE,0,1730232226,1730232226,04:03:46 PM,04:03:46 PM,0
2110101,,MONTGORE,0,1730232304,1730232304,04:05:04 PM,04:05:04 PM,0
2110101,,MONTFUND,0,1730232325,1730232325,04:05:25 PM,04:05:25 PM,0
2110101,,MONTTWEE,0,1730232348,1730232348,04:05:48 PM,04:05:48 PM,0
2110101,,MANITWEE,0,1730232404,1730232404,04:06:44 PM,04:06:44 PM,0
2110101,,TWEECOU2,0,1730232431,1730232431,04:07:11 PM,04:07:11 PM,0
2110101,,TWEECOU4,0,1730232460,1730232460,04:07:40 PM,04:07:40 PM,0
2110101,,TWEEELLE,0,1730232486,1730232486,04:08:06 PM,04:08:06 PM,0
2110101,,TWEEHALE,0,1730232528,1730232528,04:08:48 PM,04:08:48 PM,0
2110101,,HALEMAGE,0,1730232552,1730232552,04:09:12 PM,04:09:12 PM,0
2110101,,HALEELLS,0,1730232586,1730232586,04:09:46 PM,04:09:46 PM,0
2110101,,HAMIHALE,0,1730232626,1730232626,04:10:26 PM,04:10:26 PM,0
2110101,,HAMIHIG2,0,1730232660,1730232660,04:11:00 PM,04:11:00 PM,0
2110101,,HAMIGIL2,0,1730232682,1730232682,04:11:22 PM,04:11:22 PM,0
2110101,,HAMIEAST,0,1730232774,1730232774,04:12:54 PM,04:12:54 PM,0
2110101,,HAMISJU2,0,1730232853,1730232853,04:14:13 PM,04:14:13 PM,0
2110101,,HAMIELM,0,1730232915,1730232915,04:15:15 PM,04:15:15 PM,0
2110101,,HAMIEGE2,0,1730233006,1730233006,04:16:46 PM,04:16:46 PM,0
2110101,,HAMISAC2,0,1730233080,1730233080,04:18:00 PM,04:18:00 PM,0
2110101,,HAMIREC2,0,1730233143,1730233143,04:19:03 PM,04:19:03 PM,0
2110101,,HAMILTGR,0,1730233202,1730233202,04:20:02 PM,04:20:02 PM,0
2110101,,HAMIADE2,0,1730233260,1730233260,04:21:00 PM,04:21:00 PM,0
2110101,,HAMIWIL2,0,1730233307,1730233307,04:21:47 PM,04:21:47 PM,0
2110101,,HORTHAMI,0,1730233354,1730233354,04:22:34 PM,04:22:34 PM,0
2110101,,HORTCOL1,0,1730233409,1730233409,04:23:29 PM,04:23:29 PM,0
2110101,,HORTWAT2,,,,,,
2110101,,WELLHOR1,,,,,,
2110101,,WELLYOR1,,,,,,
2110101,,WELLDUN3,,,,,,
2110101,,QUEECLAR,0,1730233737,1730233737,04:28:57 PM,04:28:57 PM,0
2110101,,QUEERIC1,0,1730233800,1730233800,04:30:00 PM,04:30:00 PM,0
2110101,,QUEERIC1,0,1730233800,1730233800,04:30:00 PM,04:30:00 PM,0
2110101,,RIDOYORK,0,1730233988,1730233988,04:33:08 PM,04:33:08 PM,0
2110101,,YORKTHA2,0,1730234047,1730234047,04:34:07 PM,04:34:07 PM,0
2110101,,HORTWHA2,0,1730234235,1730234235,04:37:15 PM,04:37:15 PM,0
2110101,,HORTWHA4,0,1730234280,1730234280,04:38:00 PM,04:38:00 PM,0
2110101,,HORTSPRI,0,1730234344,1730234344,04:39:04 PM,04:39:04 PM,0
2110101,,SPRIGRE2,0,1730234382,1730234382,04:39:42 PM,04:39:42 PM,0
2110101,,SPRIFORH,0,1730234416,1730234416,04:40:16 PM,04:40:16 PM,0
2110101,,SPRICHEL,0,1730234462,1730234462,04:41:02 PM,04:41:02 PM,0
2110101,,KERNSPR1,0,1730234520,1730234520,04:42:00 PM,04:42:00 PM,0
2110101,,RIDGKER2,0,1730234558,1730234558,04:42:38 PM,04:42:38 PM,0
2110101,,GARDRID2,0,1730234595,1730234595,04:43:15 PM,04:43:15 PM,0
2110101,,GARDSOU2,0,1730234681,1730234681,04:44:41 PM,04:44:41 PM,0
2110101,,BERKGAR1,0,1730234747,1730234747,04:45:47 PM,04:45:47 PM,0
2110101,,BERKBER1,0,1730234810,1730234810,04:46:50 PM,04:46:50 PM,0
2110101,,BERKSPR1,0,1730234866,1730234866,04:47:46 PM,04:47:46 PM,0
2110101,,SPRIBER4,0,1730234890,1730234890,04:48:10 PM,04:48:10 PM,0
2110101,,SPRIWON2,0,1730234940,1730234940,04:49:00 PM,04:49:00 PM,0
2110101,,SPRIQUI2,0,1730234978,1730234978,04:49:38 PM,04:49:38 PM,0
2110101,,SPRIJAR2,0,1730235016,1730235016,04:50:16 PM,04:50:16 PM,0
2110101,,SPRIHIC2,0,1730235039,1730235039,04:50:39 PM,04:50:39 PM,0
2110101,,SPRIWES4,0,1730235135,1730235135,04:52:15 PM,04:52:15 PM,0
2110101,,SPRICOM2,0,1730235163,1730235163,04:52:43 PM,04:52:43 PM,0
2110101,,COMMSPR2,0,1730235194,1730235194,04:53:14 PM,04:53:14 PM,0
2110101,,COMMNOR2,0,1730235229,1730235229,04:53:49 PM,04:53:49 PM,0
2110101,,COMMLYN4,0,1730235268,1730235268,04:54:28 PM,04:54:28 PM,0
2110101,,COMMSPR4,0,1730235286,1730235286,04:54:46 PM,04:54:46 PM,0
2110101,,COMMBOL2,0,1730235316,1730235316,04:55:16 PM,04:55:16 PM,0
2110101,,COMMHAM2,0,1730235360,1730235360,04:56:00 PM,04:56:00 PM,0
2110140,,COMMHAM2,0,1730235360,1730235360,04:56:00 PM,04:56:00 PM,0
2110140,,COMMSTEP,0,1730235423,1730235423,04:57:03 PM,04:57:03 PM,0
2110140,,GRIFCOMM,0,1730235470,1730235470,04:57:50 PM,04:57:50 PM,0
2110140,,GRIFHEMO,0,1730235516,1730235516,04:58:36 PM,04:58:36 PM,0
2110140,,GRIFNORM,0,1730235577,1730235577,04:59:37 PM,04:59:37 PM,0
2110140,,GRIFBBA2,0,1730235653,1730235653,05:00:53 PM,05:00:53 PM,0
2110140,,GRIFFAIR,0,1730235701,1730235701,05:01:41 PM,05:01:41 PM,0
2110140,,GRIFDEA2,0,1730235767,1730235767,05:02:47 PM,05:02:47 PM,0
2110140,,GRIFWIDD,0,1730235794,1730235794,05:03:14 PM,05:03:14 PM,0
2110140,,GRIFROBW,0,1730235854,1730235854,05:04:14 PM,05:04:14 PM,0
2110140,,GRIFBOLE,0,1730235916,1730235916,05:05:16 PM,05:05:16 PM,0
2110140,,BOLEGRIF,0,1730235948,1730235948,05:05:48 PM,05:05:48 PM,0
2110140,,BOLEWAYN,0,1730236008,1730236008,05:06:48 PM,05:06:48 PM,0
2110140,,BOLEBASE,0,1730236081,1730236081,05:08:01 PM,05:08:01 PM,0
2110140,,BOLEGLEN,0,1730236134,1730236134,05:08:54 PM,05:08:54 PM,0
2110140,,BOLECOM1,0,1730236161,1730236161,05:09:21 PM,05:09:21 PM,0
2110140,,COMMBOL1,0,1730236200,1730236200,05:10:00 PM,05:10:00 PM,0
2110140,,COMMBOL1,0,1730236320,1730236320,05:12:00 PM,05:12:00 PM,0
2110140,,COMMSPR1,0,1730236358,1730236358,05:12:38 PM,05:12:38 PM,0
2110140,,COMMNASH,0,1730236401,1730236401,05:13:21 PM,05:13:21 PM,0
2110140,,COMMNOR1,0,1730236431,1730236431,05:13:51 PM,05:13:51 PM,0
2110140,,SPRICOM1,0,1730236489,1730236489,05:14:49 PM,05:14:49 PM,0
2110140,,SPRIWES1,0,1730236520,1730236520,05:15:20 PM,05:15:20 PM,0
2110140,,SPRIWES3,0,1730236562,1730236562,05:16:02 PM,05:16:02 PM,0
2110140,,SPRIHIC1,0,1730236619,1730236619,05:16:59 PM,05:16:59 PM,0
2110140,,SPRIJAR1,0,1730236657,1730236657,05:17:37 PM,05:17:37 PM,0
2110140,,SPRIQUI1,0,1730236685,1730236685,05:18:05 PM,05:18:05 PM,0
2110140,,SPRIWON1,0,1730236740,1730236740,05:19:00 PM,05:19:00 PM,0
2110140,,SPRIBER1,0,1730236770,1730236770,05:19:30 PM,05:19:30 PM,0
2110140,,SPRIBER3,0,1730236824,1730236824,05:20:24 PM,05:20:24 PM,0
2110140,,SPRIMAR1,0,1730236876,1730236876,05:21:16 PM,05:21:16 PM,0
2110140,,SPRIKER1,0,1730236938,1730236938,05:22:18 PM,05:22:18 PM,0
2110140,,SPRIGROW,0,1730236995,1730236995,05:23:15 PM,05:23:15 PM,0
2110140,,SPRIGRE1,0,1730237073,1730237073,05:24:33 PM,05:24:33 PM,0
2110140,,SPRISPRI,0,1730237129,1730237129,05:25:29 PM,05:25:29 PM,0
2110140,,HORTWHA3,0,1730237218,1730237218,05:26:58 PM,05:26:58 PM,0
2110140,,STANWHAR,0,1730237283,1730237283,05:28:03 PM,05:28:03 PM,0
2110140,,STANPERR,0,1730237309,1730237309,05:28:29 PM,05:28:29 PM,0
2110140,,STANWORT,0,1730237349,1730237349,05:29:09 PM,05:29:09 PM,0
2110140,,YORKTHA1,0,1730237380,1730237380,05:29:40 PM,05:29:40 PM,0
2110140,,RIDOYOR2,0,1730237418,1730237418,05:30:18 PM,05:30:18 PM,0
2110140,,KINGTALB,0,1730237460,1730237460,05:31:00 PM,05:31:00 PM,0
2110140,,KINGRICH,0,1730237520,1730237520,05:32:00 PM,05:32:00 PM,0
2110140,,KINGRICH,0,1730237520,1730237520,05:32:00 PM,05:32:00 PM,0
2110140,,KINGWEL2,0,1730237651,1730237651,05:34:11 PM,05:34:11 PM,0
2110140,,WELLYOR2,,,,,,
2110140,,HORTWELL,,,,,,
2110140,,HORTCOL2,,,,,,
2110140,,HORTMAIT,0,1730237986,1730237986,05:39:46 PM,05:39:46 PM,0
2110140,,HAMIWIL1,0,1730238072,1730238072,05:41:12 PM,05:41:12 PM,0
2110140,,HAMIADE1,0,1730238120,1730238120,05:42:00 PM,05:42:00 PM,0
2110140,,HAMIMAME,0,1730238185,1730238185,05:43:05 PM,05:43:05 PM,0
2110140,,HAMIREC1,0,1730238246,1730238246,05:44:06 PM,05:44:06 PM,0
2110140,,HAMISAC1,0,1730238322,1730238322,05:45:22 PM,05:45:22 PM,0
2110140,,HAMIEGE1,0,1730238366,1730238366,05:46:06 PM,05:46:06 PM,0
2110140,,HAMITENN,0,1730238445,1730238445,05:47:25 PM,05:47:25 PM,0
2110140,,HAMISJU1,0,1730238488,1730238488,05:48:08 PM,05:48:08 PM,0
2110140,,HAMIPILA,0,1730238547,1730238547,05:49:07 PM,05:49:07 PM,0
2110140,,HAMIGIL1,0,1730238615,1730238615,05:50:15 PM,05:50:15 PM,0
2110140,,HAMIHIG1,0,1730238660,1730238660,05:51:00 PM,05:51:00 PM,0
2110140,,HALEHAM2,0,1730238686,1730238686,05:51:26 PM,05:51:26 PM,0
2110140,,HALEMAG2,0,1730238742,1730238742,05:52:22 PM,05:52:22 PM,0
2110140,,TWEEFAI2,0,1730238766,1730238766,05:52:46 PM,05:52:46 PM,0
2110140,,TWEEMAN2,0,1730238804,1730238804,05:53:24 PM,05:53:24 PM,0
2110140,,TWEEBER2,0,1730238824,1730238824,05:53:44 PM,05:53:44 PM,0
2110140,,MANITWE2,0,1730238870,1730238870,05:54:30 PM,05:54:30 PM,0
2110140,,MONTTWE2,0,1730238911,1730238911,05:55:11 PM,05:55:11 PM,0
2110140,,MONTELD2,0,1730238952,1730238952,05:55:52 PM,05:55:52 PM,0
2110140,,GOREVAL2,0,1730238967,1730238967,05:56:07 PM,05:56:07 PM,0
2110140,,GOREBRA2,0,1730239013,1730239013,05:56:53 PM,05:56:53 PM,0
2110140,,GOREFIR2,0,1730239050,1730239050,05:57:30 PM,05:57:30 PM,0
2110140,,CLARGORE,0,1730239125,1730239125,05:58:45 PM,05:58:45 PM,0
2110140,,CLARFIS1,0,1730239146,1730239146,05:59:06 PM,05:59:06 PM,0
2110140,,CLARCHA3,0,1730239213,1730239213,06:00:13 PM,06:00:13 PM,0
2110140,,CLARCHA1,0,1730239260,1730239260,06:01:00 PM,06:01:00 PM,0
2110140,,CLARTRA1,0,1730239311,1730239311,06:01:51 PM,06:01:51 PM,0
2110140,,CLARROY1,0,1730239373,1730239373,06:02:53 PM,06:02:53 PM,0
2110140,,CLARROY3,0,1730239405,1730239405,06:03:25 PM,06:03:25 PM,0
2110140,,CLARWAV1,0,1730239430,1730239430,06:03:50 PM,06:03:50 PM,0
2110140,,CLARCHU1,0,1730239469,1730239469,06:04:29 PM,06:04:29 PM,0
2110140,,ARGYMAL1,0,1730239560,1730239560,06:06:00 PM,06:06:00 PM,0
2110041,,ARGYMAL1,0,1730239800,1730239800,06:10:00 PM,06:10:00 PM,0
2110041,,CLARCHU2,0,1730239845,1730239845,06:10:45 PM,06:10:45 PM,0
2110041,,CLARWAV2,0,1730239877,1730239877,06:11:17 PM,06:11:17 PM,0
2110041,,CLARROY2,0,1730239894,1730239894,06:11:34 PM,06:11:34 PM,0
2110041,,CLARSUD2,0,1730239932,1730239932,06:12:12 PM,06:12:12 PM,0
2110041,,CLARTRA2,0,1730239944,1730239944,06:12:24 PM,06:12:24 PM,0
2110041,,CLARTRA4,0,1730239972,1730239972,06:12:52 PM,06:12:52 PM,0
2110041,,CLARCHA2,0,1730240010,1730240010,06:13:30 PM,06:13:30 PM,0
2110041,,CLARFIS2,0,1730240070,1730240070,06:14:30 PM,06:14:30 PM,0
2110041,,CLARGOR2,0,1730240107,1730240107,06:15:07 PM,06:15:07 PM,0
2110041,,CLARBAY1,0,1730240138,1730240138,06:15:38 PM,06:15:38 PM,0
2110041,,CLARPEN1,0,1730240180,1730240180,06:16:20 PM,06:16:20 PM,0
2110041,,HAMIGOR1,0,1730240249,1730240249,06:17:29 PM,06:17:29 PM,0
2110041,,HAMICRI1,0,1730240286,1730240286,06:18:06 PM,06:18:06 PM,0
2110041,,HAMIRIV2,0,1730240340,1730240340,06:19:00 PM,06:19:00 PM,0
2110041,,HAMIBRA2,0,1730240388,1730240388,06:19:48 PM,06:19:48 PM,0
2110041,,HAMIOAKL,0,1730240415,1730240415,06:20:15 PM,06:20:15 PM,0
2110041,,HAMIVALL,0,1730240448,1730240448,06:20:48 PM,06:20:48 PM,0
2110041,,HAMIWAT2,0,1730240509,1730240509,06:21:49 PM,06:21:49 PM,0
2110041,,HAMIYMCA,0,1730240542,1730240542,06:22:22 PM,06:22:22 PM,0
2110041,,HAMIFAI1,0,1730240584,1730240584,06:23:04 PM,06:23:04 PM,0
2110041,,HAMIHALE,0,1730240610,1730240610,06:23:30 PM,06:23:30 PM,0
2110041,,HAMIHIG2,0,1730240640,1730240640,06:24:00 PM,06:24:00 PM,0
2110041,,HAMIGIL2,0,1730240659,1730240659,06:24:19 PM,06:24:19 PM,0
2110041,,HAMIEAST,0,1730240738,1730240738,06:25:38 PM,06:25:38 PM,0
2110041,,HAMISJU2,0,1730240806,1730240806,06:26:46 PM,06:26:46 PM,0
2110041,,HAMIELM,0,1730240859,1730240859,06:27:39 PM,06:27:39 PM,0
2110041,,HAMIEGE2,0,1730240937,1730240937,06:28:57 PM,06:28:57 PM,0
2110041,,HAMISAC2,0,1730241000,1730241000,06:30:00 PM,06:30:00 PM,0
2110041,,HAMIREC2,0,1730241042,1730241042,06:30:42 PM,06:30:42 PM,0
2110041,,HAMILTGR,0,1730241081,1730241081,06:31:21 PM,06:31:21 PM,0
2110041,,HAMIADE2,0,1730241120,1730241120,06:32:00 PM,06:32:00 PM,0
2110041,,HAMIWIL2,0,1730241159,1730241159,06:32:39 PM,06:32:39 PM,0
2110041,,HORTHAMI,0,1730241198,1730241198,06:33:18 PM,06:33:18 PM,0
2110041,,HORTCOL1,0,1730241244,1730241244,06:34:04 PM,06:34:04 PM,0
2110041,,HORTWAT2,,,,,,
2110041,,WELLHOR1,,,,,,
2110041,,WELLYOR1,,,,,,
2110041,,WELLDUN3,,,,,,
2110041,,WELLDUN3,,,,,,
2110041,,QUEECLAR,0,1730241512,1730241512,06:38:32 PM,06:38:32 PM,0
2110041,,RICHQUE2,0,1730241600,1730241600,06:40:00 PM,06:40:00 PM,0
2110079,,RICHQUE2,0,1730241600,1730241600,06:40:00 PM,06:40:00 PM,0
2110079,,KINGRICH,0,1730241660,1730241660,06:41:00 PM,06:41:00 PM,0
2110079,,KINGWEL2,0,1730241791,1730241791,06:43:11 PM,06:43:11 PM,0
2110079,,WELLYOR2,,,,,,
2110079,,HORTWELL,,,,,,
2110079,,HORTCOL2,,,,,,
2110079,,HORTMAIT,0,1730242044,1730242044,06:47:24 PM,06:47:24 PM,0
2110079,,HAMIWIL1,0,1730242105,1730242105,06:48:25 PM,06:48:25 PM,0
2110079,,HAMIADE1,0,1730242140,1730242140,06:49:00 PM,06:49:00 PM,0
2110079,,HAMIMAME,0,1730242197,1730242197,06:49:57 PM,06:49:57 PM,0
2110079,,HAMIREC1,0,1730242251,1730242251,06:50:51 PM,06:50:51 PM,0
2110079,,HAMISAC1,0,1730242319,1730242319,06:51:59 PM,06:51:59 PM,0
2110079,,HAMIEGE1,0,1730242358,1730242358,06:52:38 PM,06:52:38 PM,0
2110079,,HAMITENN,0,1730242428,1730242428,06:53:48 PM,06:53:48 PM,0
2110079,,HAMISJU1,0,1730242466,1730242466,06:54:26 PM,06:54:26 PM,0
2110079,,HAMIPILA,0,1730242519,1730242519,06:55:19 PM,06:55:19 PM,0
2110079,,HAMIGIL1,0,1730242580,1730242580,06:56:20 PM,06:56:20 PM,0
2110079,,HAMIHIG1,0,1730242620,1730242620,06:57:00 PM,06:57:00 PM,0
2110079,,HAMIHIG1,0,1730242620,1730242620,06:57:00 PM,06:57:00 PM,0
2110079,,HAMINORL,0,1730242633,1730242633,06:57:13 PM,06:57:13 PM,0
2110079,,HAMIMEA1,0,1730242666,1730242666,06:57:46 PM,06:57:46 PM,0
2110079,,HAMIMEA3,0,1730242679,1730242679,06:57:59 PM,06:57:59 PM,0
2110079,,HAMIWATM,0,1730242708,1730242708,06:58:28 PM,06:58:28 PM,0
2110079,,HAMIGORE,0,1730242745,1730242745,06:59:05 PM,06:59:05 PM,0
2110079,,HAMIBRA3,0,1730242775,1730242775,06:59:35 PM,06:59:35 PM,0
2110079,,HAMIBRA1,0,1730242799,1730242799,06:59:59 PM,06:59:59 PM,0
2110079,,HAMIRIRU,0,1730242830,1730242830,07:00:30 PM,07:00:30 PM,0
2110079,,HAMICRI2,0,1730242876,1730242876,07:01:16 PM,07:01:16 PM,0
2110079,,HAMICLA1,0,1730242918,1730242918,07:01:58 PM,07:01:58 PM,0
2110079,,CLARPEN2,0,1730242972,1730242972,07:02:52 PM,07:02:52 PM,0
2110079,,CLARBAY2,0,1730243006,1730243006,07:03:26 PM,07:03:26 PM,0
2110079,,CLARGORE,0,1730243047,1730243047,07:04:07 PM,07:04:07 PM,0
2110079,,CLARFIS1,0,1730243064,1730243064,07:04:24 PM,07:04:24 PM,0
2110079,,CLARCHA3,0,1730243119,1730243119,07:05:19 PM,07:05:19 PM,0
2110079,,CLARCHA1,0,1730243160,1730243160,07:06:00 PM,07:06:00 PM,0
2110079,,CLARTRA1,0,1730243211,1730243211,07:06:51 PM,07:06:51 PM,0
2110079,,CLARROY1,0,1730243273,1730243273,07:07:53 PM,07:07:53 PM,0
2110079,,CLARROY3,0,1730243305,1730243305,07:08:25 PM,07:08:25 PM,0
2110079,,CLARWAV1,0,1730243330,1730243330,07:08:50 PM,07:08:50 PM,0
2110079,,CLARCHU1,0,1730243369,1730243369,07:09:29 PM,07:09:29 PM,0
2110079,,ARGYMAL1,0,1730243460,1730243460,07:11:00 PM,07:11:00 PM,0
2110119,,ARGYMAL1,0,1730244000,1730244000,07:20:00 PM,07:20:00 PM,0
2110119,,CLARCHU2,0,1730244053,1730244053,07:20:53 PM,07:20:53 PM,0
2110119,,CLARWAV2,0,1730244090,1730244090,07:21:30 PM,07:21:30 PM,0
2110119,,CLARROY2,0,1730244109,1730244109,07:21:49 PM,07:21:49 PM,0
2110119,,CLARTRA2,0,1730244168,1730244168,07:22:48 PM,07:22:48 PM,0
2110119,,CLARTRA4,0,1730244201,1730244201,07:23:21 PM,07:23:21 PM,0
2110119,,CLARCHA2,0,1730244245,1730244245,07:24:05 PM,07:24:05 PM,0
2110119,,CLARFIS2,0,1730244314,1730244314,07:25:14 PM,07:25:14 PM,0
2110119,,CLARGOR2,0,1730244360,1730244360,07:26:00 PM,07:26:00 PM,0
2110119,,GOREFIRE,0,1730244425,1730244425,07:27:05 PM,07:27:05 PM,0
2110119,,GOREBRAE,0,1730244454,1730244454,07:27:34 PM,07:27:34 PM,0
2110119,,MONTGORE,0,1730244523,1730244523,07:28:43 PM,07:28:43 PM,0
2110119,,MONTFUND,0,1730244542,1730244542,07:29:02 PM,07:29:02 PM,0
2110119,,MONTTWEE,0,1730244562,1730244562,07:29:22 PM,07:29:22 PM,0
2110119,,MANITWEE,0,1730244612,1730244612,07:30:12 PM,07:30:12 PM,0
2110119,,TWEECOU2,0,1730244636,1730244636,07:30:36 PM,07:30:36 PM,0
2110119,,TWEECOU4,0,1730244662,1730244662,07:31:02 PM,07:31:02 PM,0
2110119,,TWEEELLE,0,1730244685,1730244685,07:31:25 PM,07:31:25 PM,0
2110119,,TWEEHALE,0,1730244722,1730244722,07:32:02 PM,07:32:02 PM,0
2110119,,HALEMAGE,0,1730244743,1730244743,07:32:23 PM,07:32:23 PM,0
2110119,,HALEELLS,0,1730244773,1730244773,07:32:53 PM,07:32:53 PM,0
2110119,,HAMIHALE,0,1730244809,1730244809,07:33:29 PM,07:33:29 PM,0
2110119,,HAMIHIG2,0,1730244840,1730244840,07:34:00 PM,07:34:00 PM,0
2110119,,HAMIGIL2,0,1730244859,1730244859,07:34:19 PM,07:34:19 PM,0
2110119,,HAMIEAST,0,1730244938,1730244938,07:35:38 PM,07:35:38 PM,0
2110119,,HAMISJU2,0,1730245006,1730245006,07:36:46 PM,07:36:46 PM,0
2110119,,HAMIELM,0,1730245059,1730245059,07:37:39 PM,07:37:39 PM,0
2110119,,HAMIEGE2,0,1730245137,1730245137,07:38:57 PM,07:38:57 PM,0
2110119,,HAMISAC2,0,1730245200,1730245200,07:40:00 PM,07:40:00 PM,0
2110119,,HAMIREC2,0,1730245242,1730245242,07:40:42 PM,07:40:42 PM,0
2110119,,HAMILTGR,0,1730245281,1730245281,07:41:21 PM,07:41:21 PM,0
2110119,,HAMIADE2,0,1730245320,1730245320,07:42:00 PM,07:42:00 PM,0
2110119,,HAMIWIL2,0,1730245359,1730245359,07:42:39 PM,07:42:39 PM,0
2110119,,HORTHAMI,0,1730245398,1730245398,07:43:18 PM,07:43:18 PM,0
2110119,,HORTCOL1,0,1730245444,1730245444,07:44:04 PM,07:44:04 PM,0
2110119,,HORTWAT2,,,,,,
2110119,,WELLHOR1,,,,,,
2110119,,WELLYOR1,,,,,,
2110119,,WELLDUN3,,,,,,
2110119,,QUEECLAR,0,1730245737,1730245737,07:48:57 PM,07:48:57 PM,0
2110119,,QUEERIC1,0,1730245800,1730245800,07:50:00 PM,07:50:00 PM,0
2110119,,QUEERIC1,0,1730245800,1730245800,07:50:00 PM,07:50:00 PM,0
2110119,,RIDOYORK,0,1730245941,1730245941,07:52:21 PM,07:52:21 PM,0
2110119,,YORKTHA2,0,1730245985,1730245985,07:53:05 PM,07:53:05 PM,0
2110119,,HORTWHA2,0,1730246126,1730246126,07:55:26 PM,07:55:26 PM,0
2110119,,HORTWHA4,0,1730246160,1730246160,07:56:00 PM,07:56:00 PM,0
2110119,,HORTSPRI,0,1730246217,1730246217,07:56:57 PM,07:56:57 PM,0
2110119,,SPRIGRE2,0,1730246251,1730246251,07:57:31 PM,07:57:31 PM,0
2110119,,SPRIFORH,0,1730246281,1730246281,07:58:01 PM,07:58:01 PM,0
2110119,,SPRICHEL,0,1730246322,1730246322,07:58:42 PM,07:58:42 PM,0
2110119,,SPRIKER2,0,1730246363,1730246363,07:59:23 PM,07:59:23 PM,0
2110119,,SPRIMAR2,0,1730246397,1730246397,07:59:57 PM,07:59:57 PM,0
2110119,,SPRITROW,0,1730246419,1730246419,08:00:19 PM,08:00:19 PM,0
2110119,,SPRIBER4,0,1730246492,1730246492,08:01:32 PM,08:01:32 PM,0
2110119,,SPRIWON2,0,1730246520,1730246520,08:02:00 PM,08:02:00 PM,0
2110119,,SPRIQUI2,0,1730246553,1730246553,08:02:33 PM,08:02:33 PM,0
2110119,,SPRIJAR2,0,1730246586,1730246586,08:03:06 PM,08:03:06 PM,0
2110119,,SPRIHIC2,0,1730246606,1730246606,08:03:26 PM,08:03:26 PM,0
2110119,,SPRIWES4,0,1730246690,1730246690,08:04:50 PM,08:04:50 PM,0
2110119,,SPRICOM2,0,1730246714,1730246714,08:05:14 PM,08:05:14 PM,0
2110119,,COMMSPR2,0,1730246741,1730246741,08:05:41 PM,08:05:41 PM,0
2110119,,COMMNOR2,0,1730246772,1730246772,08:06:12 PM,08:06:12 PM,0
2110119,,COMMLYN4,0,1730246806,1730246806,08:06:46 PM,08:06:46 PM,0
2110119,,COMMSPR4,0,1730246822,1730246822,08:07:02 PM,08:07:02 PM,0
2110119,,COMMBOL2,0,1730246848,1730246848,08:07:28 PM,08:07:28 PM,0
2110119,,COMMHAM2,0,1730246880,1730246880,08:08:00 PM,08:08:00 PM,0
2110159,,COMMHAM2,0,1730246880,1730246880,08:08:00 PM,08:08:00 PM,0
2110159,,COMMSTEP,0,1730246929,1730246929,08:08:49 PM,08:08:49 PM,0
2110159,,GRIFCOMM,0,1730246966,1730246966,08:09:26 PM,08:09:26 PM,0
2110159,,GRIFHEMO,0,1730247002,1730247002,08:10:02 PM,08:10:02 PM,0
2110159,,GRIFNORM,0,1730247050,1730247050,08:10:50 PM,08:10:50 PM,0
2110159,,GRIFBBA2,0,1730247110,1730247110,08:11:50 PM,08:11:50 PM,0
2110159,,GRIFFAIR,0,1730247147,1730247147,08:12:27 PM,08:12:27 PM,0
2110159,,GRIFDEA2,0,1730247199,1730247199,08:13:19 PM,08:13:19 PM,0
2110159,,GRIFWIDD,0,1730247220,1730247220,08:13:40 PM,08:13:40 PM,0
2110159,,GRIFROBW,0,1730247267,1730247267,08:14:27 PM,08:14:27 PM,0
2110159,,GRIFBOLE,0,1730247315,1730247315,08:15:15 PM,08:15:15 PM,0
2110159,,BOLEGRIF,0,1730247340,1730247340,08:15:40 PM,08:15:40 PM,0
2110159,,BOLEWAYN,0,1730247387,1730247387,08:16:27 PM,08:16:27 PM,0
2110159,,BOLEBASE,0,1730247444,1730247444,08:17:24 PM,08:17:24 PM,0
2110159,,BOLEGLEN,0,1730247485,1730247485,08:18:05 PM,08:18:05 PM,0
2110159,,BOLECOM1,0,1730247506,1730247506,08:18:26 PM,08:18:26 PM,0
2110159,,COMMBOL1,0,1730247540,1730247540,08:19:00 PM,08:19:00 PM,0
2110159,,COMMBOL1,0,1730247720,1730247720,08:22:00 PM,08:22:00 PM,0
2110159,,COMMSPR1,0,1730247752,1730247752,08:22:32 PM,08:22:32 PM,0
2110159,,COMMNASH,0,1730247788,1730247788,08:23:08 PM,08:23:08 PM,0
2110159,,COMMNOR1,0,1730247814,1730247814,08:23:34 PM,08:23:34 PM,0
2110159,,SPRICOM1,0,1730247864,1730247864,08:24:24 PM,08:24:24 PM,0
2110159,,SPRIWES1,0,1730247890,1730247890,08:24:50 PM,08:24:50 PM,0
2110159,,SPRIWES3,0,1730247926,1730247926,08:25:26 PM,08:25:26 PM,0
2110159,,SPRIHIC1,0,1730247974,1730247974,08:26:14 PM,08:26:14 PM,0
2110159,,SPRIJAR1,0,1730248006,1730248006,08:26:46 PM,08:26:46 PM,0
2110159,,SPRIQUI1,0,1730248030,1730248030,08:27:10 PM,08:27:10 PM,0
2110159,,SPRIWON1,0,1730248080,1730248080,08:28:00 PM,08:28:00 PM,0
2110159,,SPRIBER1,0,1730248107,1730248107,08:28:27 PM,08:28:27 PM,0
2110159,,SPRIBER3,0,1730248157,1730248157,08:29:17 PM,08:29:17 PM,0
2110159,,SPRIMAR1,0,1730248205,1730248205,08:30:05 PM,08:30:05 PM,0
2110159,,SPRIKER1,0,1730248262,1730248262,08:31:02 PM,08:31:02 PM,0
2110159,,SPRIGROW,0,1730248315,1730248315,08:31:55 PM,08:31:55 PM,0
2110159,,SPRIGRE1,0,1730248387,1730248387,08:33:07 PM,08:33:07 PM,0
2110159,,SPRISPRI,0,1730248439,1730248439,08:33:59 PM,08:33:59 PM,0
2110159,,HORTWHA3,0,1730248521,1730248521,08:35:21 PM,08:35:21 PM,0
2110159,,STANWHAR,0,1730248581,1730248581,08:36:21 PM,08:36:21 PM,0
2110159,,STANPERR,0,1730248605,1730248605,08:36:45 PM,08:36:45 PM,0
2110159,,STANWORT,0,1730248642,1730248642,08:37:22 PM,08:37:22 PM,0
2110159,,YORKTHA1,0,1730248671,1730248671,08:37:51 PM,08:37:51 PM,0
2110159,,RIDOYOR2,0,1730248706,1730248706,08:38:26 PM,08:38:26 PM,0
2110159,,KINGTALB,0,1730248745,1730248745,08:39:05 PM,08:39:05 PM,0
2110159,,KINGRICH,0,1730248800,1730248800,08:40:00 PM,08:40:00 PM,0
2110159,,KINGRICH,0,1730248800,1730248800,08:40:00 PM,08:40:00 PM,0
2110159,,KINGWEL2,0,1730248931,1730248931,08:42:11 PM,08:42:11 PM,0
2110159,,WELLYOR2,,,,,,
2110159,,HORTWELL,,,,,,
2110159,,HORTCOL2,,,,,,
2110159,,HORTMAIT,0,1730249184,1730249184,08:46:24 PM,08:46:24 PM,0
2110159,,HAMIWIL1,0,1730249245,1730249245,08:47:25 PM,08:47:25 PM,0
2110159,,HAMIADE1,0,1730249280,1730249280,08:48:00 PM,08:48:00 PM,0
2110159,,HAMIMAME,0,1730249337,1730249337,08:48:57 PM,08:48:57 PM,0
2110159,,HAMIREC1,0,1730249391,1730249391,08:49:51 PM,08:49:51 PM,0
2110159,,HAMISAC1,0,1730249459,1730249459,08:50:59 PM,08:50:59 PM,0
2110159,,HAMIEGE1,0,1730249498,1730249498,08:51:38 PM,08:51:38 PM,0
2110159,,HAMITENN,0,1730249568,1730249568,08:52:48 PM,08:52:48 PM,0
2110159,,HAMISJU1,0,1730249606,1730249606,08:53:26 PM,08:53:26 PM,0
2110159,,HAMIPILA,0,1730249659,1730249659,08:54:19 PM,08:54:19 PM,0
2110159,,HAMIGIL1,0,1730249720,1730249720,08:55:20 PM,08:55:20 PM,0
2110159,,HAMIHIG1,0,1730249760,1730249760,08:56:00 PM,08:56:00 PM,0
2110159,,HALEHAM2,0,1730249783,1730249783,08:56:23 PM,08:56:23 PM,0
2110159,,HALEMAG2,0,1730249833,1730249833,08:57:13 PM,08:57:13 PM,0
2110159,,TWEEFAI2,0,1730249855,1730249855,08:57:35 PM,08:57:35 PM,0
2110159,,TWEEMAN2,0,1730249889,1730249889,08:58:09 PM,08:58:09 PM,0
2110159,,TWEEBER2,0,1730249907,1730249907,08:58:27 PM,08:58:27 PM,0
2110159,,MANITWE2,0,1730249949,1730249949,08:59:09 PM,08:59:09 PM,0
2110159,,MONTTWE2,0,1730249986,1730249986,08:59:46 PM,08:59:46 PM,0
2110159,,MONTELD2,0,1730250023,1730250023,09:00:23 PM,09:00:23 PM,0
2110159,,GOREVAL2,0,1730250036,1730250036,09:00:36 PM,09:00:36 PM,0
2110159,,GOREBRA2,0,1730250077,1730250077,09:01:17 PM,09:01:17 PM,0
2110159,,GOREFIR2,0,1730250110,1730250110,09:01:50 PM,09:01:50 PM,0
2110159,,CLARGORE,0,1730250178,1730250178,09:02:58 PM,09:02:58 PM,0
2110159,,CLARFIS1,0,1730250197,1730250197,09:03:17 PM,09:03:17 PM,0
2110159,,CLARCHA3,0,1730250258,1730250258,09:04:18 PM,09:04:18 PM,0
2110159,,CLARCHA1,0,1730250300,1730250300,09:05:00 PM,09:05:00 PM,0
2110159,,CLARTRA1,0,1730250351,1730250351,09:05:51 PM,09:05:51 PM,0
2110159,,CLARROY1,0,1730250413,1730250413,09:06:53 PM,09:06:53 PM,0
2110159,,CLARROY3,0,1730250445,1730250445,09:07:25 PM,09:07:25 PM,0
2110159,,CLARWAV1,0,1730250470,1730250470,09:07:50 PM,09:07:50 PM,0
2110159,,CLARCHU1,0,1730250509,1730250509,09:08:29 PM,09:08:29 PM,0
2110159,,ARGYMAL1,0,1730250600,1730250600,09:10:00 PM,09:10:00 PM,0
2110047,,ARGYMAL1,0,1730250600,1730250600,09:10:00 PM,09:10:00 PM,0
2110047,,CLARCHU2,0,1730250640,1730250640,09:10:40 PM,09:10:40 PM,0
2110047,,CLARWAV2,0,1730250668,1730250668,09:11:08 PM,09:11:08 PM,0
2110047,,CLARROY2,0,1730250683,1730250683,09:11:23 PM,09:11:23 PM,0
2110047,,CLARSUD2,0,1730250717,1730250717,09:11:57 PM,09:11:57 PM,0
2110047,,CLARTRA2,0,1730250728,1730250728,09:12:08 PM,09:12:08 PM,0
2110047,,CLARTRA4,0,1730250753,1730250753,09:12:33 PM,09:12:33 PM,0
2110047,,CLARCHA2,0,1730250787,1730250787,09:13:07 PM,09:13:07 PM,0
2110047,,CLARFIS2,0,1730250840,1730250840,09:14:00 PM,09:14:00 PM,0
2110047,,CLARGOR2,0,1730250873,1730250873,09:14:33 PM,09:14:33 PM,0
2110047,,CLARBAY1,0,1730250901,1730250901,09:15:01 PM,09:15:01 PM,0
2110047,,CLARPEN1,0,1730250939,1730250939,09:15:39 PM,09:15:39 PM,0
2110047,,HAMIGOR1,0,1730251001,1730251001,09:16:41 PM,09:16:41 PM,0
2110047,,HAMICRI1,0,1730251034,1730251034,09:17:14 PM,09:17:14 PM,0
2110047,,HAMIRIV2,0,1730251080,1730251080,09:18:00 PM,09:18:00 PM,0
2110047,,HAMIBRA2,0,1730251118,1730251118,09:18:38 PM,09:18:38 PM,0
2110047,,HAMIOAKL,0,1730251140,1730251140,09:19:00 PM,09:19:00 PM,0
2110047,,HAMIVALL,0,1730251167,1730251167,09:19:27 PM,09:19:27 PM,0
2110047,,HAMIWAT2,0,1730251215,1730251215,09:20:15 PM,09:20:15 PM,0
2110047,,HAMIYMCA,0,1730251241,1730251241,09:20:41 PM,09:20:41 PM,0
2110047,,HAMIFAI1,0,1730251274,1730251274,09:21:14 PM,09:21:14 PM,0
2110047,,HAMIHALE,0,1730251294,1730251294,09:21:34 PM,09:21:34 PM,0
2110047,,HAMIHIG2,0,1730251320,1730251320,09:22:00 PM,09:22:00 PM,0
2110047,,HAMIGIL2,0,1730251333,1730251333,09:22:13 PM,09:22:13 PM,0
2110047,,HAMIEAST,0,1730251385,1730251385,09:23:05 PM,09:23:05 PM,0
2110047,,HAMISJU2,0,1730251430,1730251430,09:23:50 PM,09:23:50 PM,0
2110047,,HAMIELM,0,1730251465,1730251465,09:24:25 PM,09:24:25 PM,0
2110047,,HAMIEGE2,0,1730251517,1730251517,09:25:17 PM,09:25:17 PM,0
2110047,,HAMISAC2,0,1730251560,1730251560,09:26:00 PM,09:26:00 PM,0
2110047,,HAMIREC2,0,1730251623,1730251623,09:27:03 PM,09:27:03 PM,0
2110047,,HAMILTGR,0,1730251682,1730251682,09:28:02 PM,09:28:02 PM,0
2110047,,HAMIADE2,0,1730251740,1730251740,09:29:00 PM,09:29:00 PM,0
2110047,,HAMIWIL2,0,1730251771,1730251771,09:29:31 PM,09:29:31 PM,0
2110047,,HORTHAMI,0,1730251802,1730251802,09:30:02 PM,09:30:02 PM,0
2110047,,HORTCOL1,0,1730251839,1730251839,09:30:39 PM,09:30:39 PM,0
2110047,,HORTWAT2,,,,,,
2110047,,WELLHOR1,,,,,,
2110047,,WELLYOR1,,,,,,
2110047,,WELLDUN3,,,,,,
2110047,,WELLDUN3,,,,,,
2110047,,QUEECLAR,0,1730252072,1730252072,09:34:32 PM,09:34:32 PM,0
2110047,,RICHQUE2,0,1730252160,1730252160,09:36:00 PM,09:36:00 PM,0
2110085,,RICHQUE2,0,1730252160,1730252160,09:36:00 PM,09:36:00 PM,0
2110085,,KINGRICH,0,1730252220,1730252220,09:37:00 PM,09:37:00 PM,0
2110085,,KINGWEL2,0,1730252351,1730252351,09:39:11 PM,09:39:11 PM,0
2110085,,WELLYOR2,,,,,,
2110085,,HORTWELL,,,,,,
2110085,,HORTCOL2,,,,,,
2110085,,HORTMAIT,0,1730252563,1730252563,09:42:43 PM,09:42:43 PM,0
2110085,,HAMIWIL1,0,1730252612,1730252612,09:43:32 PM,09:43:32 PM,0
2110085,,HAMIADE1,0,1730252640,1730252640,09:44:00 PM,09:44:00 PM,0
2110085,,HAMIMAME,0,1730252690,1730252690,09:44:50 PM,09:44:50 PM,0
2110085,,HAMIREC1,0,1730252738,1730252738,09:45:38 PM,09:45:38 PM,0
2110085,,HAMISAC1,0,1730252797,1730252797,09:46:37 PM,09:46:37 PM,0
2110085,,HAMIEGE1,0,1730252831,1730252831,09:47:11 PM,09:47:11 PM,0
2110085,,HAMITENN,0,1730252892,1730252892,09:48:12 PM,09:48:12 PM,0
2110085,,HAMISJU1,0,1730252925,1730252925,09:48:45 PM,09:48:45 PM,0
2110085,,HAMIPILA,0,1730252971,1730252971,09:49:31 PM,09:49:31 PM,0
2110085,,HAMIGIL1,0,1730253024,1730253024,09:50:24 PM,09:50:24 PM,0
2110085,,HAMIHIG1,0,1730253060,1730253060,09:51:00 PM,09:51:00 PM,0
2110085,,HAMIHIG1,0,1730253060,1730253060,09:51:00 PM,09:51:00 PM,0
2110085,,HAMINORL,0,1730253073,1730253073,09:51:13 PM,09:51:13 PM,0
2110085,,HAMIMEA1,0,1730253106,1730253106,09:51:46 PM,09:51:46 PM,0
2110085,,HAMIMEA3,0,1730253119,1730253119,09:51:59 PM,09:51:59 PM,0
2110085,,HAMIWATM,0,1730253148,1730253148,09:52:28 PM,09:52:28 PM,0
2110085,,HAMIGORE,0,1730253185,1730253185,09:53:05 PM,09:53:05 PM,0
2110085,,HAMIBRA3,0,1730253215,1730253215,09:53:35 PM,09:53:35 PM,0
2110085,,HAMIBRA1,0,1730253239,1730253239,09:53:59 PM,09:53:59 PM,0
2110085,,HAMIRIRU,0,1730253270,1730253270,09:54:30 PM,09:54:30 PM,0
2110085,,HAMICRI2,0,1730253316,1730253316,09:55:16 PM,09:55:16 PM,0
2110085,,HAMICLA1,0,1730253358,1730253358,09:55:58 PM,09:55:58 PM,0
2110085,,CLARPEN2,0,1730253412,1730253412,09:56:52 PM,09:56:52 PM,0
2110085,,CLARBAY2,0,1730253446,1730253446,09:57:26 PM,09:57:26 PM,0
2110085,,CLARGORE,0,1730253487,1730253487,09:58:07 PM,09:58:07 PM,0
2110085,,CLARFIS1,0,1730253504,1730253504,09:58:24 PM,09:58:24 PM,0
2110085,,CLARCHA3,0,1730253559,1730253559,09:59:19 PM,09:59:19 PM,0
2110085,,CLARCHA1,0,1730253600,1730253600,10:00:00 PM,10:00:00 PM,0
2110085,,CLARTRA1,0,1730253651,1730253651,10:00:51 PM,10:00:51 PM,0
2110085,,CLARROY1,0,1730253713,1730253713,10:01:53 PM,10:01:53 PM,0
2110085,,CLARROY3,0,1730253745,1730253745,10:02:25 PM,10:02:25 PM,0
2110085,,CLARWAV1,0,1730253770,1730253770,10:02:50 PM,10:02:50 PM,0
2110085,,CLARCHU1,0,1730253809,1730253809,10:03:29 PM,10:03:29 PM,0
2110085,,ARGYMAL1,0,1730253900,1730253900,10:05:00 PM,10:05:00 PM,0
2110125,,ARGYMAL1,0,1730254500,1730254500,10:15:00 PM,10:15:00 PM,0
2110125,,CLARCHU2,0,1730254544,1730254544,10:15:44 PM,10:15:44 PM,0
2110125,,CLARWAV2,0,1730254574,1730254574,10:16:14 PM,10:16:14 PM,0
2110125,,CLARROY2,0,1730254590,1730254590,10:16:30 PM,10:16:30 PM,0
2110125,,CLARTRA2,0,1730254639,1730254639,10:17:19 PM,10:17:19 PM,0
2110125,,CLARTRA4,0,1730254666,1730254666,10:17:46 PM,10:17:46 PM,0
2110125,,CLARCHA2,0,1730254702,1730254702,10:18:22 PM,10:18:22 PM,0
2110125,,CLARFIS2,0,1730254759,1730254759,10:19:19 PM,10:19:19 PM,0
2110125,,CLARGOR2,0,1730254800,1730254800,10:20:00 PM,10:20:00 PM,0
2110125,,GOREFIRE,0,1730254865,1730254865,10:21:05 PM,10:21:05 PM,0
2110125,,GOREBRAE,0,1730254894,1730254894,10:21:34 PM,10:21:34 PM,0
2110125,,MONTGORE,0,1730254963,1730254963,10:22:43 PM,10:22:43 PM,0
2110125,,MONTFUND,0,1730254982,1730254982,10:23:02 PM,10:23:02 PM,0
2110125,,MONTTWEE,0,1730255002,1730255002,10:23:22 PM,10:23:22 PM,0
2110125,,MANITWEE,0,1730255052,1730255052,10:24:12 PM,10:24:12 PM,0
2110125,,TWEECOU2,0,1730255076,1730255076,10:24:36 PM,10:24:36 PM,0
2110125,,TWEECOU4,0,1730255102,1730255102,10:25:02 PM,10:25:02 PM,0
2110125,,TWEEELLE,0,1730255125,1730255125,10:25:25 PM,10:25:25 PM,0
2110125,,TWEEHALE,0,1730255162,1730255162,10:26:02 PM,10:26:02 PM,0
2110125,,HALEMAGE,0,1730255183,1730255183,10:26:23 PM,10:26:23 PM,0
2110125,,HALEELLS,0,1730255213,1730255213,10:26:53 PM,10:26:53 PM,0
2110125,,HAMIHALE,0,1730255249,1730255249,10:27:29 PM,10:27:29 PM,0
2110125,,HAMIHIG2,0,1730255280,1730255280,10:28:00 PM,10:28:00 PM,0
2110125,,HAMIGIL2,0,1730255296,1730255296,10:28:16 PM,10:28:16 PM,0
2110125,,HAMIEAST,0,1730255362,1730255362,10:29:22 PM,10:29:22 PM,0
2110125,,HAMISJU2,0,1730255419,1730255419,10:30:19 PM,10:30:19 PM,0
2110125,,HAMIELM,0,1730255463,1730255463,10:31:03 PM,10:31:03 PM,0
2110125,,HAMIEGE2,0,1730255528,1730255528,10:32:08 PM,10:32:08 PM,0
2110125,,HAMISAC2,0,1730255580,1730255580,10:33:00 PM,10:33:00 PM,0
2110125,,HAMIREC2,0,1730255622,1730255622,10:33:42 PM,10:33:42 PM,0
2110125,,HAMILTGR,0,1730255661,1730255661,10:34:21 PM,10:34:21 PM,0
2110125,,HAMIADE2,0,1730255700,1730255700,10:35:00 PM,10:35:00 PM,0
2110125,,HAMIWIL2,0,1730255731,1730255731,10:35:31 PM,10:35:31 PM,0
2110125,,HORTHAMI,0,1730255762,1730255762,10:36:02 PM,10:36:02 PM,0
2110125,,HORTCOL1,0,1730255799,1730255799,10:36:39 PM,10:36:39 PM,0
2110125,,HORTWAT2,,,,,,
2110125,,WELLHOR1,,,,,,
2110125,,WELLYOR1,,,,,,
2110125,,WELLDUN3,,,,,,
2110125,,QUEECLAR,0,1730256018,1730256018,10:40:18 PM,10:40:18 PM,0
2110125,,QUEERIC1,0,1730256060,1730256060,10:41:00 PM,10:41:00 PM,0
2110125,,QUEERIC1,0,1730256060,1730256060,10:41:00 PM,10:41:00 PM,0
2110125,,RIDOYORK,0,1730256177,1730256177,10:42:57 PM,10:42:57 PM,0
2110125,,YORKTHA2,0,1730256214,1730256214,10:43:34 PM,10:43:34 PM,0
2110125,,HORTWHA2,0,1730256332,1730256332,10:45:32 PM,10:45:32 PM,0
2110125,,HORTWHA4,0,1730256360,1730256360,10:46:00 PM,10:46:00 PM,0
2110125,,HORTSPRI,0,1730256407,1730256407,10:46:47 PM,10:46:47 PM,0
2110125,,SPRIGRE2,0,1730256435,1730256435,10:47:15 PM,10:47:15 PM,0
2110125,,SPRIFORH,0,1730256460,1730256460,10:47:40 PM,10:47:40 PM,0
2110125,,SPRICHEL,0,1730256494,1730256494,10:48:14 PM,10:48:14 PM,0
2110125,,SPRIKER2,0,1730256528,1730256528,10:48:48 PM,10:48:48 PM,0
2110125,,SPRIMAR2,0,1730256556,1730256556,10:49:16 PM,10:49:16 PM,0
2110125,,SPRITROW,0,1730256575,1730256575,10:49:35 PM,10:49:35 PM,0
2110125,,SPRIBER4,0,1730256635,1730256635,10:50:35 PM,10:50:35 PM,0
2110125,,SPRIWON2,0,1730256660,1730256660,10:51:00 PM,10:51:00 PM,0
2110125,,SPRIQUI2,0,1730256687,1730256687,10:51:27 PM,10:51:27 PM,0
2110125,,SPRIJAR2,0,1730256714,1730256714,10:51:54 PM,10:51:54 PM,0
2110125,,SPRIHIC2,0,1730256730,1730256730,10:52:10 PM,10:52:10 PM,0
2110125,,SPRIWES4,0,1730256800,1730256800,10:53:20 PM,10:53:20 PM,0
2110125,,SPRICOM2,0,1730256820,1730256820,10:53:40 PM,10:53:40 PM,0
2110125,,COMMSPR2,0,1730256842,1730256842,10:54:02 PM,10:54:02 PM,0
2110125,,COMMNOR2,0,1730256868,1730256868,10:54:28 PM,10:54:28 PM,0
2110125,,COMMLYN4,0,1730256896,1730256896,10:54:56 PM,10:54:56 PM,0
2110125,,COMMSPR4,0,1730256909,1730256909,10:55:09 PM,10:55:09 PM,0
2110125,,COMMBOL2,0,1730256931,1730256931,10:55:31 PM,10:55:31 PM,0
2110125,,COMMHAM2,0,1730256960,1730256960,10:56:00 PM,10:56:00 PM,0
2110035,,ARGYMAL1,0,1730230560,1730230560,03:36:00 PM,03:36:00 PM,0
2110035,,CLARCHU2,0,1730230611,1730230611,03:36:51 PM,03:36:51 PM,0
2110035,,CLARWAV2,0,1730230646,1730230646,03:37:26 PM,03:37:26 PM,0
2110035,,CLARROY2,0,1730230665,1730230665,03:37:45 PM,03:37:45 PM,0
2110035,,CLARSUD2,0,1730230707,1730230707,03:38:27 PM,03:38:27 PM,0
2110035,,CLARTRA2,0,1730230721,1730230721,03:38:41 PM,03:38:41 PM,0
2110035,,CLARTRA4,0,1730230752,1730230752,03:39:12 PM,03:39:12 PM,0
2110035,,CLARCHA2,0,1730230794,1730230794,03:39:54 PM,03:39:54 PM,0
2110035,,CLARFIS2,0,1730230860,1730230860,03:41:00 PM,03:41:00 PM,0
2110035,,CLARGOR2,0,1730230902,1730230902,03:41:42 PM,03:41:42 PM,0
2110035,,CLARBAY1,0,1730230937,1730230937,03:42:17 PM,03:42:17 PM,0
2110035,,CLARPEN1,0,1730230984,1730230984,03:43:04 PM,03:43:04 PM,0
2110035,,HAMIGOR1,0,1730231061,1730231061,03:44:21 PM,03:44:21 PM,0
2110035,,HAMICRI1,0,1730231102,1730231102,03:45:02 PM,03:45:02 PM,0
2110035,,HAMIRIV2,0,1730231160,1730231160,03:46:00 PM,03:46:00 PM,0
2110035,,HAMIBRA2,0,1730231217,1730231217,03:46:57 PM,03:46:57 PM,0
2110035,,HAMIOAKL,0,1730231250,1730231250,03:47:30 PM,03:47:30 PM,0
2110035,,HAMIVALL,0,1730231290,1730231290,03:48:10 PM,03:48:10 PM,0
2110035,,HAMIWAT2,0,1730231363,1730231363,03:49:23 PM,03:49:23 PM,0
2110035,,HAMIYMCA,0,1730231403,1730231403,03:50:03 PM,03:50:03 PM,0
2110035,,HAMIFAI1,0,1730231453,1730231453,03:50:53 PM,03:50:53 PM,0
2110035,,HAMIHALE,0,1730231484,1730231484,03:51:24 PM,03:51:24 PM,0
2110035,,HAMIHIG2,0,1730231520,1730231520,03:52:00 PM,03:52:00 PM,0
2110035,,HAMIGIL2,0,1730231542,1730231542,03:52:22 PM,03:52:22 PM,0
2110035,,HAMIEAST,0,1730231634,1730231634,03:53:54 PM,03:53:54 PM,0
2110035,,HAMISJU2,0,1730231713,1730231713,03:55:13 PM,03:55:13 PM,0
2110035,,HAMIELM,0,1730231775,1730231775,03:56:15 PM,03:56:15 PM,0
2110035,,HAMIEGE2,0,1730231866,1730231866,03:57:46 PM,03:57:46 PM,0
2110035,,HAMISAC2,0,1730231940,1730231940,03:59:00 PM,03:59:00 PM,0
2110035,,HAMIREC2,0,1730232003,1730232003,04:00:03 PM,04:00:03 PM,0
2110035,,HAMILTGR,0,1730232062,1730232062,04:01:02 PM,04:01:02 PM,0
2110035,,HAMIADE2,0,1730232120,1730232120,04:02:00 PM,04:02:00 PM,0
2110035,,HAMIWIL2,0,1730232175,1730232175,04:02:55 PM,04:02:55 PM,0
2110035,,HORTHAMI,0,1730232229,1730232229,04:03:49 PM,04:03:49 PM,0
2110035,,HORTCOL1,0,1730232293,1730232293,04:04:53 PM,04:04:53 PM,0
2110035,,HORTWAT2,,,,,,
2110035,,WELLHOR1,,,,,,
2110035,,WELLYOR1,,,,,,
2110035,,WELLDUN3,,,,,,
2110035,,WELLDUN3,,,,,,
2110035,,QUEECLAR,0,1730232663,1730232663,04:11:03 PM,04:11:03 PM,0
2110035,,RICHQUE2,0,1730232780,1730232780,04:13:00 PM,04:13:00 PM,0
2110071,,RICHQUE2,0,1730232780,1730232780,04:13:00 PM,04:13:00 PM,0
2110071,,KINGRICH,0,1730232840,1730232840,04:14:00 PM,04:14:00 PM,0
2110071,,KINGWEL2,0,1730232971,1730232971,04:16:11 PM,04:16:11 PM,0
2110071,,WELLYOR2,,,,,,
2110071,,HORTWELL,,,,,,
2110071,,HORTCOL2,,,,,,
2110071,,HORTMAIT,0,1730233306,1730233306,04:21:46 PM,04:21:46 PM,0
2110071,,HAMIWIL1,0,1730233392,1730233392,04:23:12 PM,04:23:12 PM,0
2110071,,HAMIADE1,0,1730233440,1730233440,04:24:00 PM,04:24:00 PM,0
2110071,,HAMIMAME,0,1730233505,1730233505,04:25:05 PM,04:25:05 PM,0
2110071,,HAMIREC1,0,1730233566,1730233566,04:26:06 PM,04:26:06 PM,0
2110071,,HAMISAC1,0,1730233642,1730233642,04:27:22 PM,04:27:22 PM,0
2110071,,HAMIEGE1,0,1730233686,1730233686,04:28:06 PM,04:28:06 PM,0
2110071,,HAMITENN,0,1730233765,1730233765,04:29:25 PM,04:29:25 PM,0
2110071,,HAMISJU1,0,1730233808,1730233808,04:30:08 PM,04:30:08 PM,0
2110071,,HAMIPILA,0,1730233867,1730233867,04:31:07 PM,04:31:07 PM,0
2110071,,HAMIGIL1,0,1730233935,1730233935,04:32:15 PM,04:32:15 PM,0
2110071,,HAMIHIG1,0,1730233980,1730233980,04:33:00 PM,04:33:00 PM,0
2110071,,HAMIHIG1,0,1730233980,1730233980,04:33:00 PM,04:33:00 PM,0
2110071,,HAMINORL,0,1730233994,1730233994,04:33:14 PM,04:33:14 PM,0
2110071,,HAMIMEA1,0,1730234030,1730234030,04:33:50 PM,04:33:50 PM,0
2110071,,HAMIMEA3,0,1730234044,1730234044,04:34:04 PM,04:34:04 PM,0
2110071,,HAMIWATM,0,1730234077,1730234077,04:34:37 PM,04:34:37 PM,0
2110071,,HAMIGORE,0,1730234118,1730234118,04:35:18 PM,04:35:18 PM,0
2110071,,HAMIBRA3,0,1730234152,1730234152,04:35:52 PM,04:35:52 PM,0
2110071,,HAMIBRA1,0,1730234179,1730234179,04:36:19 PM,04:36:19 PM,0
2110071,,HAMIRIRU,0,1730234214,1730234214,04:36:54 PM,04:36:54 PM,0
2110071,,HAMICRI2,0,1730234266,1730234266,04:37:46 PM,04:37:46 PM,0
2110071,,HAMICLA1,0,1730234312,1730234312,04:38:32 PM,04:38:32 PM,0
2110071,,CLARPEN2,0,1730234372,1730234372,04:39:32 PM,04:39:32 PM,0
2110071,,CLARBAY2,0,1730234410,1730234410,04:40:10 PM,04:40:10 PM,0
2110071,,CLARGORE,0,1730234455,1730234455,04:40:55 PM,04:40:55 PM,0
2110071,,CLARFIS1,0,1730234474,1730234474,04:41:14 PM,04:41:14 PM,0
2110071,,CLARCHA3,0,1730234535,1730234535,04:42:15 PM,04:42:15 PM,0
2110071,,CLARCHA1,0,1730234580,1730234580,04:43:00 PM,04:43:00 PM,0
2110071,,CLARTRA1,0,1730234631,1730234631,04:43:51 PM,04:43:51 PM,0
2110071,,CLARROY1,0,1730234693,1730234693,04:44:53 PM,04:44:53 PM,0
2110071,,CLARROY3,0,1730234725,1730234725,04:45:25 PM,04:45:25 PM,0
2110071,,CLARWAV1,0,1730234750,1730234750,04:45:50 PM,04:45:50 PM,0
2110071,,CLARCHU1,0,1730234789,1730234789,04:46:29 PM,04:46:29 PM,0
2110071,,ARGYMAL1,0,1730234880,1730234880,04:48:00 PM,04:48:00 PM,0
2110102,,ARGYMAL1,0,1730235360,1730235360,04:56:00 PM,04:56:00 PM,0
2110102,,CLARCHU2,0,1730235413,1730235413,04:56:53 PM,04:56:53 PM,0
2110102,,CLARWAV2,0,1730235450,1730235450,04:57:30 PM,04:57:30 PM,0
2110102,,CLARROY2,0,1730235469,1730235469,04:57:49 PM,04:57:49 PM,0
2110102,,CLARTRA2,0,1730235528,1730235528,04:58:48 PM,04:58:48 PM,0
2110102,,CLARTRA4,0,1730235561,1730235561,04:59:21 PM,04:59:21 PM,0
2110102,,CLARCHA2,0,1730235605,1730235605,05:00:05 PM,05:00:05 PM,0
2110102,,CLARFIS2,0,1730235674,1730235674,05:01:14 PM,05:01:14 PM,0
2110102,,CLARGOR2,0,1730235720,1730235720,05:02:00 PM,05:02:00 PM,0
2110102,,GOREFIRE,0,1730235793,1730235793,05:03:13 PM,05:03:13 PM,0
2110102,,GOREBRAE,0,1730235826,1730235826,05:03:46 PM,05:03:46 PM,0
2110102,,MONTGORE,0,1730235904,1730235904,05:05:04 PM,05:05:04 PM,0
2110102,,MONTFUND,0,1730235925,1730235925,05:05:25 PM,05:05:25 PM,0
2110102,,MONTTWEE,0,1730235948,1730235948,05:05:48 PM,05:05:48 PM,0
2110102,,MANITWEE,0,1730236004,1730236004,05:06:44 PM,05:06:44 PM,0
2110102,,TWEECOU2,0,1730236031,1730236031,05:07:11 PM,05:07:11 PM,0
2110102,,TWEECOU4,0,1730236060,1730236060,05:07:40 PM,05:07:40 PM,0
2110102,,TWEEELLE,0,1730236086,1730236086,05:08:06 PM,05:08:06 PM,0
2110102,,TWEEHALE,0,1730236128,1730236128,05:08:48 PM,05:08:48 PM,0
2110102,,HALEMAGE,0,1730236152,1730236152,05:09:12 PM,05:09:12 PM,0
2110102,,HALEELLS,0,1730236186,1730236186,05:09:46 PM,05:09:46 PM,0
2110102,,HAMIHALE,0,1730236226,1730236226,05:10:26 PM,05:10:26 PM,0
2110102,,HAMIHIG2,0,1730236260,1730236260,05:11:00 PM,05:11:00 PM,0
2110102,,HAMIGIL2,0,1730236282,1730236282,05:11:22 PM,05:11:22 PM,0
2110102,,HAMIEAST,0,1730236374,1730236374,05:12:54 PM,05:12:54 PM,0
2110102,,HAMISJU2,0,1730236453,1730236453,05:14:13 PM,05:14:13 PM,0
2110102,,HAMIELM,0,1730236515,1730236515,05:15:15 PM,05:15:15 PM,0
2110102,,HAMIEGE2,0,1730236606,1730236606,05:16:46 PM,05:16:46 PM,0
2110102,,HAMISAC2,0,1730236680,1730236680,05:18:00 PM,05:18:00 PM,0
2110102,,HAMIREC2,0,1730236743,1730236743,05:19:03 PM,05:19:03 PM,0
2110102,,HAMILTGR,0,1730236802,1730236802,05:20:02 PM,05:20:02 PM,0
2110102,,HAMIADE2,0,1730236860,1730236860,05:21:00 PM,05:21:00 PM,0
2110102,,HAMIWIL2,0,1730236907,1730236907,05:21:47 PM,05:21:47 PM,0
2110102,,HORTHAMI,0,1730236954,1730236954,05:22:34 PM,05:22:34 PM,0
2110102,,HORTCOL1,0,1730237009,1730237009,05:23:29 PM,05:23:29 PM,0
2110102,,HORTWAT2,,,,,,
2110102,,WELLHOR1,,,,,,
2110102,,WELLYOR1,,,,,,
2110102,,WELLDUN3,,,,,,
2110102,,QUEECLAR,0,1730237337,1730237337,05:28:57 PM,05:28:57 PM,0
2110102,,QUEERIC1,0,1730237400,1730237400,05:30:00 PM,05:30:00 PM,0
2110102,,QUEERIC1,0,1730237400,1730237400,05:30:00 PM,05:30:00 PM,0
2110102,,RIDOYORK,0,1730237588,1730237588,05:33:08 PM,05:33:08 PM,0
2110102,,YORKTHA2,0,1730237647,1730237647,05:34:07 PM,05:34:07 PM,0
2110102,,HORTWHA2,0,1730237835,1730237835,05:37:15 PM,05:37:15 PM,0
2110102,,HORTWHA4,0,1730237880,1730237880,05:38:00 PM,05:38:00 PM,0
2110102,,HORTSPRI,0,1730237944,1730237944,05:39:04 PM,05:39:04 PM,0
2110102,,SPRIGRE2,0,1730237982,1730237982,05:39:42 PM,05:39:42 PM,0
2110102,,SPRIFORH,0,1730238016,1730238016,05:40:16 PM,05:40:16 PM,0
2110102,,SPRICHEL,0,1730238062,1730238062,05:41:02 PM,05:41:02 PM,0
2110102,,KERNSPR1,0,1730238120,1730238120,05:42:00 PM,05:42:00 PM,0
2110102,,RIDGKER2,0,1730238158,1730238158,05:42:38 PM,05:42:38 PM,0
2110102,,GARDRID2,0,1730238195,1730238195,05:43:15 PM,05:43:15 PM,0
2110102,,GARDSOU2,0,1730238281,1730238281,05:44:41 PM,05:44:41 PM,0
2110102,,BERKGAR1,0,1730238347,1730238347,05:45:47 PM,05:45:47 PM,0
2110102,,BERKBER1,0,1730238410,1730238410,05:46:50 PM,05:46:50 PM,0
2110102,,BERKSPR1,0,1730238466,1730238466,05:47:46 PM,05:47:46 PM,0
2110102,,SPRIBER4,0,1730238490,1730238490,05:48:10 PM,05:48:10 PM,0
2110102,,SPRIWON2,0,1730238540,1730238540,05:49:00 PM,05:49:00 PM,0
2110102,,SPRIQUI2,0,1730238578,1730238578,05:49:38 PM,05:49:38 PM,0
2110102,,SPRIJAR2,0,1730238616,1730238616,05:50:16 PM,05:50:16 PM,0
2110102,,SPRIHIC2,0,1730238639,1730238639,05:50:39 PM,05:50:39 PM,0
2110102,,SPRIWES4,0,1730238735,1730238735,05:52:15 PM,05:52:15 PM,0
2110102,,SPRICOM2,0,1730238763,1730238763,05:52:43 PM,05:52:43 PM,0
2110102,,COMMSPR2,0,1730238794,1730238794,05:53:14 PM,05:53:14 PM,0
2110102,,COMMNOR2,0,1730238829,1730238829,05:53:49 PM,05:53:49 PM,0
2110102,,COMMLYN4,0,1730238868,1730238868,05:54:28 PM,05:54:28 PM,0
2110102,,COMMSPR4,0,1730238886,1730238886,05:54:46 PM,05:54:46 PM,0
2110102,,COMMBOL2,0,1730238916,1730238916,05:55:16 PM,05:55:16 PM,0
2110102,,COMMHAM2,0,1730238960,1730238960,05:56:00 PM,05:56:00 PM,0
2110151,,COMMHAM2,0,1730238960,1730238960,05:56:00 PM,05:56:00 PM,0
2110151,,COMMSTEP,0,1730239009,1730239009,05:56:49 PM,05:56:49 PM,0
2110151,,GRIFCOMM,0,1730239046,1730239046,05:57:26 PM,05:57:26 PM,0
2110151,,GRIFHEMO,0,1730239082,1730239082,05:58:02 PM,05:58:02 PM,0
2110151,,GRIFNORM,0,1730239130,1730239130,05:58:50 PM,05:58:50 PM,0
2110151,,GRIFBBA2,0,1730239190,1730239190,05:59:50 PM,05:59:50 PM,0
2110151,,GRIFFAIR,0,1730239227,1730239227,06:00:27 PM,06:00:27 PM,0
2110151,,GRIFDEA2,0,1730239279,1730239279,06:01:19 PM,06:01:19 PM,0
2110151,,GRIFWIDD,0,1730239300,1730239300,06:01:40 PM,06:01:40 PM,0
2110151,,GRIFROBW,0,1730239347,1730239347,06:02:27 PM,06:02:27 PM,0
2110151,,GRIFBOLE,0,1730239395,1730239395,06:03:15 PM,06:03:15 PM,0
2110151,,BOLEGRIF,0,1730239420,1730239420,06:03:40 PM,06:03:40 PM,0
2110151,,BOLEWAYN,0,1730239467,1730239467,06:04:27 PM,06:04:27 PM,0
2110151,,BOLEBASE,0,1730239524,1730239524,06:05:24 PM,06:05:24 PM,0
2110151,,BOLEGLEN,0,1730239565,1730239565,06:06:05 PM,06:06:05 PM,0
2110151,,BOLECOM1,0,1730239586,1730239586,06:06:26 PM,06:06:26 PM,0
2110151,,COMMBOL1,0,1730239620,1730239620,06:07:00 PM,06:07:00 PM,0
2110151,,COMMBOL1,0,1730240040,1730240040,06:14:00 PM,06:14:00 PM,0
2110151,,COMMSPR1,0,1730240072,1730240072,06:14:32 PM,06:14:32 PM,0
2110151,,COMMNASH,0,1730240108,1730240108,06:15:08 PM,06:15:08 PM,0
2110151,,COMMNOR1,0,1730240134,1730240134,06:15:34 PM,06:15:34 PM,0
2110151,,SPRICOM1,0,1730240184,1730240184,06:16:24 PM,06:16:24 PM,0
2110151,,SPRIWES1,0,1730240210,1730240210,06:16:50 PM,06:16:50 PM,0
2110151,,SPRIWES3,0,1730240246,1730240246,06:17:26 PM,06:17:26 PM,0
2110151,,SPRIHIC1,0,1730240294,1730240294,06:18:14 PM,06:18:14 PM,0
2110151,,SPRIJAR1,0,1730240326,1730240326,06:18:46 PM,06:18:46 PM,0
2110151,,SPRIQUI1,0,1730240350,1730240350,06:19:10 PM,06:19:10 PM,0
2110151,,SPRIWON1,0,1730240400,1730240400,06:20:00 PM,06:20:00 PM,0
2110151,,SPRIBER1,0,1730240427,1730240427,06:20:27 PM,06:20:27 PM,0
2110151,,SPRIBER3,0,1730240477,1730240477,06:21:17 PM,06:21:17 PM,0
2110151,,SPRIMAR1,0,1730240525,1730240525,06:22:05 PM,06:22:05 PM,0
2110151,,SPRIKER1,0,1730240582,1730240582,06:23:02 PM,06:23:02 PM,0
2110151,,SPRIGROW,0,1730240635,1730240635,06:23:55 PM,06:23:55 PM,0
2110151,,SPRIGRE1,0,1730240707,1730240707,06:25:07 PM,06:25:07 PM,0
2110151,,SPRISPRI,0,1730240759,1730240759,06:25:59 PM,06:25:59 PM,0
2110151,,HORTWHA3,0,1730240841,1730240841,06:27:21 PM,06:27:21 PM,0
2110151,,STANWHAR,0,1730240901,1730240901,06:28:21 PM,06:28:21 PM,0
2110151,,STANPERR,0,1730240925,1730240925,06:28:45 PM,06:28:45 PM,0
2110151,,STANWORT,0,1730240962,1730240962,06:29:22 PM,06:29:22 PM,0
2110151,,YORKTHA1,0,1730240991,1730240991,06:29:51 PM,06:29:51 PM,0
2110151,,RIDOYOR2,0,1730241026,1730241026,06:30:26 PM,06:30:26 PM,0
2110151,,KINGTALB,0,1730241065,1730241065,06:31:05 PM,06:31:05 PM,0
2110151,,KINGRICH,0,1730241120,1730241120,06:32:00 PM,06:32:00 PM,0
2110151,,KINGRICH,0,1730241120,1730241120,06:32:00 PM,06:32:00 PM,0
2110151,,KINGWEL2,0,1730241251,1730241251,06:34:11 PM,06:34:11 PM,0
2110151,,WELLYOR2,,,,,,
2110151,,HORTWELL,,,,,,
2110151,,HORTCOL2,,,,,,
2110151,,HORTMAIT,0,1730241504,1730241504,06:38:24 PM,06:38:24 PM,0
2110151,,HAMIWIL1,0,1730241565,1730241565,06:39:25 PM,06:39:25 PM,0
2110151,,HAMIADE1,0,1730241600,1730241600,06:40:00 PM,06:40:00 PM,0
2110151,,HAMIMAME,0,1730241657,1730241657,06:40:57 PM,06:40:57 PM,0
2110151,,HAMIREC1,0,1730241711,1730241711,06:41:51 PM,06:41:51 PM,0
2110151,,HAMISAC1,0,1730241779,1730241779,06:42:59 PM,06:42:59 PM,0
2110151,,HAMIEGE1,0,1730241818,1730241818,06:43:38 PM,06:43:38 PM,0
2110151,,HAMITENN,0,1730241888,1730241888,06:44:48 PM,06:44:48 PM,0
2110151,,HAMISJU1,0,1730241926,1730241926,06:45:26 PM,06:45:26 PM,0
2110151,,HAMIPILA,0,1730241979,1730241979,06:46:19 PM,06:46:19 PM,0
2110151,,HAMIGIL1,0,1730242040,1730242040,06:47:20 PM,06:47:20 PM,0
2110151,,HAMIHIG1,0,1730242080,1730242080,06:48:00 PM,06:48:00 PM,0
2110151,,HALEHAM2,0,1730242103,1730242103,06:48:23 PM,06:48:23 PM,0
2110151,,HALEMAG2,0,1730242153,1730242153,06:49:13 PM,06:49:13 PM,0
2110151,,TWEEFAI2,0,1730242175,1730242175,06:49:35 PM,06:49:35 PM,0
2110151,,TWEEMAN2,0,1730242209,1730242209,06:50:09 PM,06:50:09 PM,0
2110151,,TWEEBER2,0,1730242227,1730242227,06:50:27 PM,06:50:27 PM,0
2110151,,MANITWE2,0,1730242269,1730242269,06:51:09 PM,06:51:09 PM,0
2110151,,MONTTWE2,0,1730242306,1730242306,06:51:46 PM,06:51:46 PM,0
2110151,,MONTELD2,0,1730242343,1730242343,06:52:23 PM,06:52:23 PM,0
2110151,,GOREVAL2,0,1730242356,1730242356,06:52:36 PM,06:52:36 PM,0
2110151,,GOREBRA2,0,1730242397,1730242397,06:53:17 PM,06:53:17 PM,0
2110151,,GOREFIR2,0,1730242430,1730242430,06:53:50 PM,06:53:50 PM,0
2110151,,CLARGORE,0,1730242498,1730242498,06:54:58 PM,06:54:58 PM,0
2110151,,CLARFIS1,0,1730242517,1730242517,06:55:17 PM,06:55:17 PM,0
2110151,,CLARCHA3,0,1730242578,1730242578,06:56:18 PM,06:56:18 PM,0
2110151,,CLARCHA1,0,1730242620,1730242620,06:57:00 PM,06:57:00 PM,0
2110151,,CLARTRA1,0,1730242671,1730242671,06:57:51 PM,06:57:51 PM,0
2110151,,CLARROY1,0,1730242733,1730242733,06:58:53 PM,06:58:53 PM,0
2110151,,CLARROY3,0,1730242765,1730242765,06:59:25 PM,06:59:25 PM,0
2110151,,CLARWAV1,0,1730242790,1730242790,06:59:50 PM,06:59:50 PM,0
2110151,,CLARCHU1,0,1730242829,1730242829,07:00:29 PM,07:00:29 PM,0
2110151,,ARGYMAL1,0,1730242920,1730242920,07:02:00 PM,07:02:00 PM,0
2110043,,ARGYMAL1,0,1730243400,1730243400,07:10:00 PM,07:10:00 PM,0
2110043,,CLARCHU2,0,1730243445,1730243445,07:10:45 PM,07:10:45 PM,0
2110043,,CLARWAV2,0,1730243477,1730243477,07:11:17 PM,07:11:17 PM,0
2110043,,CLARROY2,0,1730243494,1730243494,07:11:34 PM,07:11:34 PM,0
2110043,,CLARSUD2,0,1730243532,1730243532,07:12:12 PM,07:12:12 PM,0
2110043,,CLARTRA2,0,1730243544,1730243544,07:12:24 PM,07:12:24 PM,0
2110043,,CLARTRA4,0,1730243572,1730243572,07:12:52 PM,07:12:52 PM,0
2110043,,CLARCHA2,0,1730243610,1730243610,07:13:30 PM,07:13:30 PM,0
2110043,,CLARFIS2,0,1730243670,1730243670,07:14:30 PM,07:14:30 PM,0
2110043,,CLARGOR2,0,1730243707,1730243707,07:15:07 PM,07:15:07 PM,0
2110043,,CLARBAY1,0,1730243738,1730243738,07:15:38 PM,07:15:38 PM,0
2110043,,CLARPEN1,0,1730243780,1730243780,07:16:20 PM,07:16:20 PM,0
2110043,,HAMIGOR1,0,1730243849,1730243849,07:17:29 PM,07:17:29 PM,0
2110043,,HAMICRI1,0,1730243886,1730243886,07:18:06 PM,07:18:06 PM,0
2110043,,HAMIRIV2,0,1730243940,1730243940,07:19:00 PM,07:19:00 PM,0
2110043,,HAMIBRA2,0,1730243988,1730243988,07:19:48 PM,07:19:48 PM,0
2110043,,HAMIOAKL,0,1730244015,1730244015,07:20:15 PM,07:20:15 PM,0
2110043,,HAMIVALL,0,1730244048,1730244048,07:20:48 PM,07:20:48 PM,0
2110043,,HAMIWAT2,0,1730244109,1730244109,07:21:49 PM,07:21:49 PM,0
2110043,,HAMIYMCA,0,1730244142,1730244142,07:22:22 PM,07:22:22 PM,0
2110043,,HAMIFAI1,0,1730244184,1730244184,07:23:04 PM,07:23:04 PM,0
2110043,,HAMIHALE,0,1730244210,1730244210,07:23:30 PM,07:23:30 PM,0
2110043,,HAMIHIG2,0,1730244240,1730244240,07:24:00 PM,07:24:00 PM,0
2110043,,HAMIGIL2,0,1730244259,1730244259,07:24:19 PM,07:24:19 PM,0
2110043,,HAMIEAST,0,1730244338,1730244338,07:25:38 PM,07:25:38 PM,0
2110043,,HAMISJU2,0,1730244406,1730244406,07:26:46 PM,07:26:46 PM,0
2110043,,HAMIELM,0,1730244459,1730244459,07:27:39 PM,07:27:39 PM,0
2110043,,HAMIEGE2,0,1730244537,1730244537,07:28:57 PM,07:28:57 PM,0
2110043,,HAMISAC2,0,1730244600,1730244600,07:30:00 PM,07:30:00 PM,0
2110043,,HAMIREC2,0,1730244642,1730244642,07:30:42 PM,07:30:42 PM,0
2110043,,HAMILTGR,0,1730244681,1730244681,07:31:21 PM,07:31:21 PM,0
2110043,,HAMIADE2,0,1730244720,1730244720,07:32:00 PM,07:32:00 PM,0
2110043,,HAMIWIL2,0,1730244759,1730244759,07:32:39 PM,07:32:39 PM,0
2110043,,HORTHAMI,0,1730244798,1730244798,07:33:18 PM,07:33:18 PM,0
2110043,,HORTCOL1,0,1730244844,1730244844,07:34:04 PM,07:34:04 PM,0
2110043,,HORTWAT2,,,,,,
2110043,,WELLHOR1,,,,,,
2110043,,WELLYOR1,,,,,,
2110043,,WELLDUN3,,,,,,
2110043,,WELLDUN3,,,,,,
2110043,,QUEECLAR,0,1730245112,1730245112,07:38:32 PM,07:38:32 PM,0
2110043,,RICHQUE2,0,1730245200,1730245200,07:40:00 PM,07:40:00 PM,0
2110081,,RICHQUE2,0,1730245200,1730245200,07:40:00 PM,07:40:00 PM,0
2110081,,KINGRICH,0,1730245260,1730245260,07:41:00 PM,07:41:00 PM,0
2110081,,KINGWEL2,0,1730245391,1730245391,07:43:11 PM,07:43:11 PM,0
2110081,,WELLYOR2,,,,,,
2110081,,HORTWELL,,,,,,
2110081,,HORTCOL2,,,,,,
2110081,,HORTMAIT,0,1730245644,1730245644,07:47:24 PM,07:47:24 PM,0
2110081,,HAMIWIL1,0,1730245705,1730245705,07:48:25 PM,07:48:25 PM,0
2110081,,HAMIADE1,0,1730245740,1730245740,07:49:00 PM,07:49:00 PM,0
2110081,,HAMIMAME,0,1730245797,1730245797,07:49:57 PM,07:49:57 PM,0
2110081,,HAMIREC1,0,1730245851,1730245851,07:50:51 PM,07:50:51 PM,0
2110081,,HAMISAC1,0,1730245919,1730245919,07:51:59 PM,07:51:59 PM,0
2110081,,HAMIEGE1,0,1730245958,1730245958,07:52:38 PM,07:52:38 PM,0
2110081,,HAMITENN,0,1730246028,1730246028,07:53:48 PM,07:53:48 PM,0
2110081,,HAMISJU1,0,1730246066,1730246066,07:54:26 PM,07:54:26 PM,0
2110081,,HAMIPILA,0,1730246119,1730246119,07:55:19 PM,07:55:19 PM,0
2110081,,HAMIGIL1,0,1730246180,1730246180,07:56:20 PM,07:56:20 PM,0
2110081,,HAMIHIG1,0,1730246220,1730246220,07:57:00 PM,07:57:00 PM,0
2110081,,HAMIHIG1,0,1730246220,1730246220,07:57:00 PM,07:57:00 PM,0
2110081,,HAMINORL,0,1730246233,1730246233,07:57:13 PM,07:57:13 PM,0
2110081,,HAMIMEA1,0,1730246266,1730246266,07:57:46 PM,07:57:46 PM,0
2110081,,HAMIMEA3,0,1730246279,1730246279,07:57:59 PM,07:57:59 PM,0
2110081,,HAMIWATM,0,1730246308,1730246308,07:58:28 PM,07:58:28 PM,0
2110081,,HAMIGORE,0,1730246345,1730246345,07:59:05 PM,07:59:05 PM,0
2110081,,HAMIBRA3,0,1730246375,1730246375,07:59:35 PM,07:59:35 PM,0
2110081,,HAMIBRA1,0,1730246399,1730246399,07:59:59 PM,07:59:59 PM,0
2110081,,HAMIRIRU,0,1730246430,1730246430,08:00:30 PM,08:00:30 PM,0
2110081,,HAMICRI2,0,1730246476,1730246476,08:01:16 PM,08:01:16 PM,0
2110081,,HAMICLA1,0,1730246518,1730246518,08:01:58 PM,08:01:58 PM,0
2110081,,CLARPEN2,0,1730246572,1730246572,08:02:52 PM,08:02:52 PM,0
2110081,,CLARBAY2,0,1730246606,1730246606,08:03:26 PM,08:03:26 PM,0
2110081,,CLARGORE,0,1730246647,1730246647,08:04:07 PM,08:04:07 PM,0
2110081,,CLARFIS1,0,1730246664,1730246664,08:04:24 PM,08:04:24 PM,0
2110081,,CLARCHA3,0,1730246719,1730246719,08:05:19 PM,08:05:19 PM,0
2110081,,CLARCHA1,0,1730246760,1730246760,08:06:00 PM,08:06:00 PM,0
2110081,,CLARTRA1,0,1730246811,1730246811,08:06:51 PM,08:06:51 PM,0
2110081,,CLARROY1,0,1730246873,1730246873,08:07:53 PM,08:07:53 PM,0
2110081,,CLARROY3,0,1730246905,1730246905,08:08:25 PM,08:08:25 PM,0
2110081,,CLARWAV1,0,1730246930,1730246930,08:08:50 PM,08:08:50 PM,0
2110081,,CLARCHU1,0,1730246969,1730246969,08:09:29 PM,08:09:29 PM,0
2110081,,ARGYMAL1,0,1730247060,1730247060,08:11:00 PM,08:11:00 PM,0
2110121,,ARGYMAL1,0,1730247600,1730247600,08:20:00 PM,08:20:00 PM,0
2110121,,CLARCHU2,0,1730247653,1730247653,08:20:53 PM,08:20:53 PM,0
2110121,,CLARWAV2,0,1730247690,1730247690,08:21:30 PM,08:21:30 PM,0
2110121,,CLARROY2,0,1730247709,1730247709,08:21:49 PM,08:21:49 PM,0
2110121,,CLARTRA2,0,1730247768,1730247768,08:22:48 PM,08:22:48 PM,0
2110121,,CLARTRA4,0,1730247801,1730247801,08:23:21 PM,08:23:21 PM,0
2110121,,CLARCHA2,0,1730247845,1730247845,08:24:05 PM,08:24:05 PM,0
2110121,,CLARFIS2,0,1730247914,1730247914,08:25:14 PM,08:25:14 PM,0
2110121,,CLARGOR2,0,1730247960,1730247960,08:26:00 PM,08:26:00 PM,0
2110121,,GOREFIRE,0,1730248025,1730248025,08:27:05 PM,08:27:05 PM,0
2110121,,GOREBRAE,0,1730248054,1730248054,08:27:34 PM,08:27:34 PM,0
2110121,,MONTGORE,0,1730248123,1730248123,08:28:43 PM,08:28:43 PM,0
2110121,,MONTFUND,0,1730248142,1730248142,08:29:02 PM,08:29:02 PM,0
2110121,,MONTTWEE,0,1730248162,1730248162,08:29:22 PM,08:29:22 PM,0
2110121,,MANITWEE,0,1730248212,1730248212,08:30:12 PM,08:30:12 PM,0
2110121,,TWEECOU2,0,1730248236,1730248236,08:30:36 PM,08:30:36 PM,0
2110121,,TWEECOU4,0,1730248262,1730248262,08:31:02 PM,08:31:02 PM,0
2110121,,TWEEELLE,0,1730248285,1730248285,08:31:25 PM,08:31:25 PM,0
2110121,,TWEEHALE,0,1730248322,1730248322,08:32:02 PM,08:32:02 PM,0
2110121,,HALEMAGE,0,1730248343,1730248343,08:32:23 PM,08:32:23 PM,0
2110121,,HALEELLS,0,1730248373,1730248373,08:32:53 PM,08:32:53 PM,0
2110121,,HAMIHALE,0,1730248409,1730248409,08:33:29 PM,08:33:29 PM,0
2110121,,HAMIHIG2,0,1730248440,1730248440,08:34:00 PM,08:34:00 PM,0
2110121,,HAMIGIL2,0,1730248459,1730248459,08:34:19 PM,08:34:19 PM,0
2110121,,HAMIEAST,0,1730248538,1730248538,08:35:38 PM,08:35:38 PM,0
2110121,,HAMISJU2,0,1730248606,1730248606,08:36:46 PM,08:36:46 PM,0
2110121,,HAMIELM,0,1730248659,1730248659,08:37:39 PM,08:37:39 PM,0
2110121,,HAMIEGE2,0,1730248737,1730248737,08:38:57 PM,08:38:57 PM,0
2110121,,HAMISAC2,0,1730248800,1730248800,08:40:00 PM,08:40:00 PM,0
2110121,,HAMIREC2,0,1730248842,1730248842,08:40:42 PM,08:40:42 PM,0
2110121,,HAMILTGR,0,1730248881,1730248881,08:41:21 PM,08:41:21 PM,0
2110121,,HAMIADE2,0,1730248920,1730248920,08:42:00 PM,08:42:00 PM,0
2110121,,HAMIWIL2,0,1730248959,1730248959,08:42:39 PM,08:42:39 PM,0
2110121,,HORTHAMI,0,1730248998,1730248998,08:43:18 PM,08:43:18 PM,0
2110121,,HORTCOL1,0,1730249044,1730249044,08:44:04 PM,08:44:04 PM,0
2110121,,HORTWAT2,,,,,,
2110121,,WELLHOR1,,,,,,
2110121,,WELLYOR1,,,,,,
2110121,,WELLDUN3,,,,,,
2110121,,QUEECLAR,0,1730249298,1730249298,08:48:18 PM,08:48:18 PM,0
2110121,,QUEERIC1,0,1730249340,1730249340,08:49:00 PM,08:49:00 PM,0
2110121,,QUEERIC1,0,1730249340,1730249340,08:49:00 PM,08:49:00 PM,0
2110121,,RIDOYORK,0,1730249457,1730249457,08:50:57 PM,08:50:57 PM,0
2110121,,YORKTHA2,0,1730249494,1730249494,08:51:34 PM,08:51:34 PM,0
2110121,,HORTWHA2,0,1730249612,1730249612,08:53:32 PM,08:53:32 PM,0
2110121,,HORTWHA4,0,1730249640,1730249640,08:54:00 PM,08:54:00 PM,0
2110121,,HORTSPRI,0,1730249687,1730249687,08:54:47 PM,08:54:47 PM,0
2110121,,SPRIGRE2,0,1730249715,1730249715,08:55:15 PM,08:55:15 PM,0
2110121,,SPRIFORH,0,1730249740,1730249740,08:55:40 PM,08:55:40 PM,0
2110121,,SPRICHEL,0,1730249774,1730249774,08:56:14 PM,08:56:14 PM,0
2110121,,SPRIKER2,0,1730249808,1730249808,08:56:48 PM,08:56:48 PM,0
2110121,,SPRIMAR2,0,1730249836,1730249836,08:57:16 PM,08:57:16 PM,0
2110121,,SPRITROW,0,1730249855,1730249855,08:57:35 PM,08:57:35 PM,0
2110121,,SPRIBER4,0,1730249915,1730249915,08:58:35 PM,08:58:35 PM,0
2110121,,SPRIWON2,0,1730249940,1730249940,08:59:00 PM,08:59:00 PM,0
2110121,,SPRIQUI2,0,1730249967,1730249967,08:59:27 PM,08:59:27 PM,0
2110121,,SPRIJAR2,0,1730249994,1730249994,08:59:54 PM,08:59:54 PM,0
2110121,,SPRIHIC2,0,1730250010,1730250010,09:00:10 PM,09:00:10 PM,0
2110121,,SPRIWES4,0,1730250080,1730250080,09:01:20 PM,09:01:20 PM,0
2110121,,SPRICOM2,0,1730250100,1730250100,09:01:40 PM,09:01:40 PM,0
2110121,,COMMSPR2,0,1730250122,1730250122,09:02:02 PM,09:02:02 PM,0
2110121,,COMMNOR2,0,1730250148,1730250148,09:02:28 PM,09:02:28 PM,0
2110121,,COMMLYN4,0,1730250176,1730250176,09:02:56 PM,09:02:56 PM,0
2110121,,COMMSPR4,0,1730250189,1730250189,09:03:09 PM,09:03:09 PM,0
2110121,,COMMBOL2,0,1730250211,1730250211,09:03:31 PM,09:03:31 PM,0
2110121,,COMMHAM2,0,1730250240,1730250240,09:04:00 PM,09:04:00 PM,0
2110161,,COMMHAM2,0,1730250240,1730250240,09:04:00 PM,09:04:00 PM,0
2110161,,COMMSTEP,0,1730250285,1730250285,09:04:45 PM,09:04:45 PM,0
2110161,,GRIFCOMM,0,1730250319,1730250319,09:05:19 PM,09:05:19 PM,0
2110161,,GRIFHEMO,0,1730250352,1730250352,09:05:52 PM,09:05:52 PM,0
2110161,,GRIFNORM,0,1730250395,1730250395,09:06:35 PM,09:06:35 PM,0
2110161,,GRIFBBA2,0,1730250449,1730250449,09:07:29 PM,09:07:29 PM,0
2110161,,GRIFFAIR,0,1730250483,1730250483,09:08:03 PM,09:08:03 PM,0
2110161,,GRIFDEA2,0,1730250530,1730250530,09:08:50 PM,09:08:50 PM,0
2110161,,GRIFWIDD,0,1730250549,1730250549,09:09:09 PM,09:09:09 PM,0
2110161,,GRIFROBW,0,1730250592,1730250592,09:09:52 PM,09:09:52 PM,0
2110161,,GRIFBOLE,0,1730250636,1730250636,09:10:36 PM,09:10:36 PM,0
2110161,,BOLEGRIF,0,1730250659,1730250659,09:10:59 PM,09:10:59 PM,0
2110161,,BOLEWAYN,0,1730250702,1730250702,09:11:42 PM,09:11:42 PM,0
2110161,,BOLEBASE,0,1730250754,1730250754,09:12:34 PM,09:12:34 PM,0
2110161,,BOLEGLEN,0,1730250791,1730250791,09:13:11 PM,09:13:11 PM,0
2110161,,BOLECOM1,0,1730250810,1730250810,09:13:30 PM,09:13:30 PM,0
2110161,,COMMBOL1,0,1730250840,1730250840,09:14:00 PM,09:14:00 PM,0
2110161,,COMMBOL1,0,1730251260,1730251260,09:21:00 PM,09:21:00 PM,0
2110161,,COMMSPR1,0,1730251292,1730251292,09:21:32 PM,09:21:32 PM,0
2110161,,COMMNASH,0,1730251328,1730251328,09:22:08 PM,09:22:08 PM,0
2110161,,COMMNOR1,0,1730251354,1730251354,09:22:34 PM,09:22:34 PM,0
2110161,,SPRICOM1,0,1730251404,1730251404,09:23:24 PM,09:23:24 PM,0
2110161,,SPRIWES1,0,1730251430,1730251430,09:23:50 PM,09:23:50 PM,0
2110161,,SPRIWES3,0,1730251466,1730251466,09:24:26 PM,09:24:26 PM,0
2110161,,SPRIHIC1,0,1730251514,1730251514,09:25:14 PM,09:25:14 PM,0
2110161,,SPRIJAR1,0,1730251546,1730251546,09:25:46 PM,09:25:46 PM,0
2110161,,SPRIQUI1,0,1730251570,1730251570,09:26:10 PM,09:26:10 PM,0
2110161,,SPRIWON1,0,1730251620,1730251620,09:27:00 PM,09:27:00 PM,0
2110161,,SPRIBER1,0,1730251643,1730251643,09:27:23 PM,09:27:23 PM,0
2110161,,SPRIBER3,0,1730251684,1730251684,09:28:04 PM,09:28:04 PM,0
2110161,,SPRIMAR1,0,1730251724,1730251724,09:28:44 PM,09:28:44 PM,0
2110161,,SPRIKER1,0,1730251772,1730251772,09:29:32 PM,09:29:32 PM,0
2110161,,SPRIGROW,0,1730251816,1730251816,09:30:16 PM,09:30:16 PM,0
2110161,,SPRIGRE1,0,1730251876,1730251876,09:31:16 PM,09:31:16 PM,0
2110161,,SPRISPRI,0,1730251919,1730251919,09:31:59 PM,09:31:59 PM,0
2110161,,HORTWHA3,0,1730251987,1730251987,09:33:07 PM,09:33:07 PM,0
2110161,,STANWHAR,0,1730252037,1730252037,09:33:57 PM,09:33:57 PM,0
2110161,,STANPERR,0,1730252057,1730252057,09:34:17 PM,09:34:17 PM,0
2110161,,STANWORT,0,1730252088,1730252088,09:34:48 PM,09:34:48 PM,0
2110161,,YORKTHA1,0,1730252112,1730252112,09:35:12 PM,09:35:12 PM,0
2110161,,RIDOYOR2,0,1730252141,1730252141,09:35:41 PM,09:35:41 PM,0
2110161,,KINGTALB,0,1730252173,1730252173,09:36:13 PM,09:36:13 PM,0
2110161,,KINGRICH,0,1730252220,1730252220,09:37:00 PM,09:37:00 PM,0
2110161,,KINGRICH,0,1730252220,1730252220,09:37:00 PM,09:37:00 PM,0
2110161,,KINGWEL2,0,1730252351,1730252351,09:39:11 PM,09:39:11 PM,0
2110161,,WELLYOR2,,,,,,
2110161,,HORTWELL,,,,,,
2110161,,HORTCOL2,,,,,,
2110161,,HORTMAIT,0,1730252563,1730252563,09:42:43 PM,09:42:43 PM,0
2110161,,HAMIWIL1,0,1730252612,1730252612,09:43:32 PM,09:43:32 PM,0
2110161,,HAMIADE1,0,1730252640,1730252640,09:44:00 PM,09:44:00 PM,0
2110161,,HAMIMAME,0,1730252690,1730252690,09:44:50 PM,09:44:50 PM,0
2110161,,HAMIREC1,0,1730252738,1730252738,09:45:38 PM,09:45:38 PM,0
2110161,,HAMISAC1,0,1730252797,1730252797,09:46:37 PM,09:46:37 PM,0
2110161,,HAMIEGE1,0,1730252831,1730252831,09:47:11 PM,09:47:11 PM,0
2110161,,HAMITENN,0,1730252892,1730252892,09:48:12 PM,09:48:12 PM,0
2110161,,HAMISJU1,0,1730252925,1730252925,09:48:45 PM,09:48:45 PM,0
2110161,,HAMIPILA,0,1730252971,1730252971,09:49:31 PM,09:49:31 PM,0
2110161,,HAMIGIL1,0,1730253024,1730253024,09:50:24 PM,09:50:24 PM,0
2110161,,HAMIHIG1,0,1730253060,1730253060,09:51:00 PM,09:51:00 PM,0
2110161,,HALEHAM2,0,1730253083,1730253083,09:51:23 PM,09:51:23 PM,0
2110161,,HALEMAG2,0,1730253133,1730253133,09:52:13 PM,09:52:13 PM,0
2110161,,TWEEFAI2,0,1730253155,1730253155,09:52:35 PM,09:52:35 PM,0
2110161,,TWEEMAN2,0,1730253189,1730253189,09:53:09 PM,09:53:09 PM,0
2110161,,TWEEBER2,0,1730253207,1730253207,09:53:27 PM,09:53:27 PM,0
2110161,,MANITWE2,0,1730253249,1730253249,09:54:09 PM,09:54:09 PM,0
2110161,,MONTTWE2,0,1730253286,1730253286,09:54:46 PM,09:54:46 PM,0
2110161,,MONTELD2,0,1730253323,1730253323,09:55:23 PM,09:55:23 PM,0
2110161,,GOREVAL2,0,1730253336,1730253336,09:55:36 PM,09:55:36 PM,0
2110161,,GOREBRA2,0,1730253377,1730253377,09:56:17 PM,09:56:17 PM,0
2110161,,GOREFIR2,0,1730253410,1730253410,09:56:50 PM,09:56:50 PM,0
2110161,,CLARGORE,0,1730253478,1730253478,09:57:58 PM,09:57:58 PM,0
2110161,,CLARFIS1,0,1730253497,1730253497,09:58:17 PM,09:58:17 PM,0
2110161,,CLARCHA3,0,1730253558,1730253558,09:59:18 PM,09:59:18 PM,0
2110161,,CLARCHA1,0,1730253600,1730253600,10:00:00 PM,10:00:00 PM,0
2110161,,CLARTRA1,0,1730253651,1730253651,10:00:51 PM,10:00:51 PM,0
2110161,,CLARROY1,0,1730253713,1730253713,10:01:53 PM,10:01:53 PM,0
2110161,,CLARROY3,0,1730253745,1730253745,10:02:25 PM,10:02:25 PM,0
2110161,,CLARWAV1,0,1730253770,1730253770,10:02:50 PM,10:02:50 PM,0
2110161,,CLARCHU1,0,1730253809,1730253809,10:03:29 PM,10:03:29 PM,0
2110161,,ARGYMAL1,0,1730253900,1730253900,10:05:00 PM,10:05:00 PM,0
2110049,,ARGYMAL1,0,1730254200,1730254200,10:10:00 PM,10:10:00 PM,0
2110049,,CLARCHU2,0,1730254240,1730254240,10:10:40 PM,10:10:40 PM,0
2110049,,CLARWAV2,0,1730254268,1730254268,10:11:08 PM,10:11:08 PM,0
2110049,,CLARROY2,0,1730254283,1730254283,10:11:23 PM,10:11:23 PM,0
2110049,,CLARSUD2,0,1730254317,1730254317,10:11:57 PM,10:11:57 PM,0
2110049,,CLARTRA2,0,1730254328,1730254328,10:12:08 PM,10:12:08 PM,0
2110049,,CLARTRA4,0,1730254353,1730254353,10:12:33 PM,10:12:33 PM,0
2110049,,CLARCHA2,0,1730254387,1730254387,10:13:07 PM,10:13:07 PM,0
2110049,,CLARFIS2,0,1730254440,1730254440,10:14:00 PM,10:14:00 PM,0
2110049,,CLARGOR2,0,1730254473,1730254473,10:14:33 PM,10:14:33 PM,0
2110049,,CLARBAY1,0,1730254501,1730254501,10:15:01 PM,10:15:01 PM,0
2110049,,CLARPEN1,0,1730254539,1730254539,10:15:39 PM,10:15:39 PM,0
2110049,,HAMIGOR1,0,1730254601,1730254601,10:16:41 PM,10:16:41 PM,0
2110049,,HAMICRI1,0,1730254634,1730254634,10:17:14 PM,10:17:14 PM,0
2110049,,HAMIRIV2,0,1730254680,1730254680,10:18:00 PM,10:18:00 PM,0
2110049,,HAMIBRA2,0,1730254718,1730254718,10:18:38 PM,10:18:38 PM,0
2110049,,HAMIOAKL,0,1730254740,1730254740,10:19:00 PM,10:19:00 PM,0
2110049,,HAMIVALL,0,1730254767,1730254767,10:19:27 PM,10:19:27 PM,0
2110049,,HAMIWAT2,0,1730254815,1730254815,10:20:15 PM,10:20:15 PM,0
2110049,,HAMIYMCA,0,1730254841,1730254841,10:20:41 PM,10:20:41 PM,0
2110049,,HAMIFAI1,0,1730254874,1730254874,10:21:14 PM,10:21:14 PM,0
2110049,,HAMIHALE,0,1730254894,1730254894,10:21:34 PM,10:21:34 PM,0
2110049,,HAMIHIG2,0,1730254920,1730254920,10:22:00 PM,10:22:00 PM,0
2110049,,HAMIGIL2,0,1730254933,1730254933,10:22:13 PM,10:22:13 PM,0
2110049,,HAMIEAST,0,1730254985,1730254985,10:23:05 PM,10:23:05 PM,0
2110049,,HAMISJU2,0,1730255030,1730255030,10:23:50 PM,10:23:50 PM,0
2110049,,HAMIELM,0,1730255065,1730255065,10:24:25 PM,10:24:25 PM,0
2110049,,HAMIEGE2,0,1730255117,1730255117,10:25:17 PM,10:25:17 PM,0
2110049,,HAMISAC2,0,1730255160,1730255160,10:26:00 PM,10:26:00 PM,0
2110049,,HAMIREC2,0,1730255223,1730255223,10:27:03 PM,10:27:03 PM,0
2110049,,HAMILTGR,0,1730255282,1730255282,10:28:02 PM,10:28:02 PM,0
2110049,,HAMIADE2,0,1730255340,1730255340,10:29:00 PM,10:29:00 PM,0
2110049,,HAMIWIL2,0,1730255371,1730255371,10:29:31 PM,10:29:31 PM,0
2110049,,HORTHAMI,0,1730255402,1730255402,10:30:02 PM,10:30:02 PM,0
2110049,,HORTCOL1,0,1730255439,1730255439,10:30:39 PM,10:30:39 PM,0
2110049,,HORTWAT2,,,,,,
2110049,,WELLHOR1,,,,,,
2110049,,WELLYOR1,,,,,,
2110049,,WELLDUN3,,,,,,
2110049,,WELLDUN3,,,,,,
2110049,,QUEECLAR,0,1730255672,1730255672,10:34:32 PM,10:34:32 PM,0
2110049,,RICHQUE2,0,1730255760,1730255760,10:36:00 PM,10:36:00 PM,0
2110087,,RICHQUE2,0,1730255760,1730255760,10:36:00 PM,10:36:00 PM,0
2110087,,KINGRICH,0,1730255820,1730255820,10:37:00 PM,10:37:00 PM,0
2110087,,KINGWEL2,0,1730255951,1730255951,10:39:11 PM,10:39:11 PM,0
2110087,,WELLYOR2,,,,,,
2110087,,HORTWELL,,,,,,
2110087,,HORTCOL2,,,,,,
2110087,,HORTMAIT,0,1730256163,1730256163,10:42:43 PM,10:42:43 PM,0
2110087,,HAMIWIL1,0,1730256212,1730256212,10:43:32 PM,10:43:32 PM,0
2110087,,HAMIADE1,0,1730256240,1730256240,10:44:00 PM,10:44:00 PM,0
2110087,,HAMIMAME,0,1730256290,1730256290,10:44:50 PM,10:44:50 PM,0
2110087,,HAMIREC1,0,1730256338,1730256338,10:45:38 PM,10:45:38 PM,0
2110087,,HAMISAC1,0,1730256397,1730256397,10:46:37 PM,10:46:37 PM,0
2110087,,HAMIEGE1,0,1730256431,1730256431,10:47:11 PM,10:47:11 PM,0
2110087,,HAMITENN,0,1730256492,1730256492,10:48:12 PM,10:48:12 PM,0
2110087,,HAMISJU1,0,1730256525,1730256525,10:48:45 PM,10:48:45 PM,0
2110087,,HAMIPILA,0,1730256571,1730256571,10:49:31 PM,10:49:31 PM,0
2110087,,HAMIGIL1,0,1730256624,1730256624,10:50:24 PM,10:50:24 PM,0
2110087,,HAMIHIG1,0,1730256660,1730256660,10:51:00 PM,10:51:00 PM,0
2110087,,HAMIHIG1,0,1730256660,1730256660,10:51:00 PM,10:51:00 PM,0
2110087,,HAMINORL,0,1730256673,1730256673,10:51:13 PM,10:51:13 PM,0
2110087,,HAMIMEA1,0,1730256706,1730256706,10:51:46 PM,10:51:46 PM,0
2110087,,HAMIMEA3,0,1730256719,1730256719,10:51:59 PM,10:51:59 PM,0
2110087,,HAMIWATM,0,1730256748,1730256748,10:52:28 PM,10:52:28 PM,0
2110087,,HAMIGORE,0,1730256785,1730256785,10:53:05 PM,10:53:05 PM,0
2110087,,HAMIBRA3,0,1730256815,1730256815,10:53:35 PM,10:53:35 PM,0
2110087,,HAMIBRA1,0,1730256839,1730256839,10:53:59 PM,10:53:59 PM,0
2110087,,HAMIRIRU,0,1730256870,1730256870,10:54:30 PM,10:54:30 PM,0
2110087,,HAMICRI2,0,1730256916,1730256916,10:55:16 PM,10:55:16 PM,0
2110087,,HAMICLA1,0,1730256958,1730256958,10:55:58 PM,10:55:58 PM,0
2110087,,CLARPEN2,0,1730257012,1730257012,10:56:52 PM,10:56:52 PM,0
2110087,,CLARBAY2,0,1730257046,1730257046,10:57:26 PM,10:57:26 PM,0
2110087,,CLARGORE,0,1730257087,1730257087,10:58:07 PM,10:58:07 PM,0
2110087,,CLARFIS1,0,1730257104,1730257104,10:58:24 PM,10:58:24 PM,0
2110087,,CLARCHA3,0,1730257159,1730257159,10:59:19 PM,10:59:19 PM,0
2110087,,CLARCHA1,0,1730257200,1730257200,11:00:00 PM,11:00:00 PM,0
2110087,,CLARTRA1,0,1730257251,1730257251,11:00:51 PM,11:00:51 PM,0
2110087,,CLARROY1,0,1730257313,1730257313,11:01:53 PM,11:01:53 PM,0
2110087,,CLARROY3,0,1730257345,1730257345,11:02:25 PM,11:02:25 PM,0
2110087,,CLARWAV1,0,1730257370,1730257370,11:02:50 PM,11:02:50 PM,0
2110087,,CLARCHU1,0,1730257409,1730257409,11:03:29 PM,11:03:29 PM,0
2110087,,ARGYMAL1,0,1730257500,1730257500,11:05:00 PM,11:05:00 PM,0
2110139,,COMMHAM2,0,1730231640,1730231640,03:54:00 PM,03:54:00 PM,0
2110139,,COMMSTEP,0,1730231703,1730231703,03:55:03 PM,03:55:03 PM,0
2110139,,GRIFCOMM,0,1730231750,1730231750,03:55:50 PM,03:55:50 PM,0
2110139,,GRIFHEMO,0,1730231796,1730231796,03:56:36 PM,03:56:36 PM,0
2110139,,GRIFNORM,0,1730231857,1730231857,03:57:37 PM,03:57:37 PM,0
2110139,,GRIFBBA2,0,1730231933,1730231933,03:58:53 PM,03:58:53 PM,0
2110139,,GRIFFAIR,0,1730231981,1730231981,03:59:41 PM,03:59:41 PM,0
2110139,,GRIFDEA2,0,1730232047,1730232047,04:00:47 PM,04:00:47 PM,0
2110139,,GRIFWIDD,0,1730232074,1730232074,04:01:14 PM,04:01:14 PM,0
2110139,,GRIFROBW,0,1730232134,1730232134,04:02:14 PM,04:02:14 PM,0
2110139,,GRIFBOLE,0,1730232196,1730232196,04:03:16 PM,04:03:16 PM,0
2110139,,BOLEGRIF,0,1730232228,1730232228,04:03:48 PM,04:03:48 PM,0
2110139,,BOLEWAYN,0,1730232288,1730232288,04:04:48 PM,04:04:48 PM,0
2110139,,BOLEBASE,0,1730232361,1730232361,04:06:01 PM,04:06:01 PM,0
2110139,,BOLEGLEN,0,1730232414,1730232414,04:06:54 PM,04:06:54 PM,0
2110139,,BOLECOM1,0,1730232441,1730232441,04:07:21 PM,04:07:21 PM,0
2110139,,COMMBOL1,0,1730232480,1730232480,04:08:00 PM,04:08:00 PM,0
2110139,,COMMBOL1,0,1730232600,1730232600,04:10:00 PM,04:10:00 PM,0
2110139,,COMMSPR1,0,1730232638,1730232638,04:10:38 PM,04:10:38 PM,0
2110139,,COMMNASH,0,1730232681,1730232681,04:11:21 PM,04:11:21 PM,0
2110139,,COMMNOR1,0,1730232711,1730232711,04:11:51 PM,04:11:51 PM,0
2110139,,SPRICOM1,0,1730232769,1730232769,04:12:49 PM,04:12:49 PM,0
2110139,,SPRIWES1,0,1730232800,1730232800,04:13:20 PM,04:13:20 PM,0
2110139,,SPRIWES3,0,1730232842,1730232842,04:14:02 PM,04:14:02 PM,0
2110139,,SPRIHIC1,0,1730232899,1730232899,04:14:59 PM,04:14:59 PM,0
2110139,,SPRIJAR1,0,1730232937,1730232937,04:15:37 PM,04:15:37 PM,0
2110139,,SPRIQUI1,0,1730232965,1730232965,04:16:05 PM,04:16:05 PM,0
2110139,,SPRIWON1,0,1730233020,1730233020,04:17:00 PM,04:17:00 PM,0
2110139,,SPRIBER1,0,1730233050,1730233050,04:17:30 PM,04:17:30 PM,0
2110139,,SPRIBER3,0,1730233104,1730233104,04:18:24 PM,04:18:24 PM,0
2110139,,SPRIMAR1,0,1730233156,1730233156,04:19:16 PM,04:19:16 PM,0
2110139,,SPRIKER1,0,1730233218,1730233218,04:20:18 PM,04:20:18 PM,0
2110139,,SPRIGROW,0,1730233275,1730233275,04:21:15 PM,04:21:15 PM,0
2110139,,SPRIGRE1,0,1730233353,1730233353,04:22:33 PM,04:22:33 PM,0
2110139,,SPRISPRI,0,1730233409,1730233409,04:23:29 PM,04:23:29 PM,0
2110139,,HORTWHA3,0,1730233498,1730233498,04:24:58 PM,04:24:58 PM,0
2110139,,STANWHAR,0,1730233563,1730233563,04:26:03 PM,04:26:03 PM,0
2110139,,STANPERR,0,1730233589,1730233589,04:26:29 PM,04:26:29 PM,0
2110139,,STANWORT,0,1730233629,1730233629,04:27:09 PM,04:27:09 PM,0
2110139,,YORKTHA1,0,1730233660,1730233660,04:27:40 PM,04:27:40 PM,0
2110139,,RIDOYOR2,0,1730233698,1730233698,04:28:18 PM,04:28:18 PM,0
2110139,,KINGTALB,0,1730233740,1730233740,04:29:00 PM,04:29:00 PM,0
2110139,,KINGRICH,0,1730233800,1730233800,04:30:00 PM,04:30:00 PM,0
2110139,,KINGRICH,0,1730233800,1730233800,04:30:00 PM,04:30:00 PM,0
2110139,,KINGWEL2,0,1730233931,1730233931,04:32:11 PM,04:32:11 PM,0
2110139,,WELLYOR2,,,,,,
2110139,,HORTWELL,,,,,,
2110139,,HORTCOL2,,,,,,
2110139,,HORTMAIT,0,1730234266,1730234266,04:37:46 PM,04:37:46 PM,0
2110139,,HAMIWIL1,0,1730234352,1730234352,04:39:12 PM,04:39:12 PM,0
2110139,,HAMIADE1,0,1730234400,1730234400,04:40:00 PM,04:40:00 PM,0
2110139,,HAMIMAME,0,1730234465,1730234465,04:41:05 PM,04:41:05 PM,0
2110139,,HAMIREC1,0,1730234526,1730234526,04:42:06 PM,04:42:06 PM,0
2110139,,HAMISAC1,0,1730234602,1730234602,04:43:22 PM,04:43:22 PM,0
2110139,,HAMIEGE1,0,1730234646,1730234646,04:44:06 PM,04:44:06 PM,0
2110139,,HAMITENN,0,1730234725,1730234725,04:45:25 PM,04:45:25 PM,0
2110139,,HAMISJU1,0,1730234768,1730234768,04:46:08 PM,04:46:08 PM,0
2110139,,HAMIPILA,0,1730234827,1730234827,04:47:07 PM,04:47:07 PM,0
2110139,,HAMIGIL1,0,1730234895,1730234895,04:48:15 PM,04:48:15 PM,0
2110139,,HAMIHIG1,0,1730234940,1730234940,04:49:00 PM,04:49:00 PM,0
2110139,,HALEHAM2,0,1730234966,1730234966,04:49:26 PM,04:49:26 PM,0
2110139,,HALEMAG2,0,1730235022,1730235022,04:50:22 PM,04:50:22 PM,0
2110139,,TWEEFAI2,0,1730235046,1730235046,04:50:46 PM,04:50:46 PM,0
2110139,,TWEEMAN2,0,1730235084,1730235084,04:51:24 PM,04:51:24 PM,0
2110139,,TWEEBER2,0,1730235104,1730235104,04:51:44 PM,04:51:44 PM,0
2110139,,MANITWE2,0,1730235150,1730235150,04:52:30 PM,04:52:30 PM,0
2110139,,MONTTWE2,0,1730235191,1730235191,04:53:11 PM,04:53:11 PM,0
2110139,,MONTELD2,0,1730235232,1730235232,04:53:52 PM,04:53:52 PM,0
2110139,,GOREVAL2,0,1730235247,1730235247,04:54:07 PM,04:54:07 PM,0
2110139,,GOREBRA2,0,1730235293,1730235293,04:54:53 PM,04:54:53 PM,0
2110139,,GOREFIR2,0,1730235330,1730235330,04:55:30 PM,04:55:30 PM,0
2110139,,CLARGORE,0,1730235405,1730235405,04:56:45 PM,04:56:45 PM,0
2110139,,CLARFIS1,0,1730235426,1730235426,04:57:06 PM,04:57:06 PM,0
2110139,,CLARCHA3,0,1730235493,1730235493,04:58:13 PM,04:58:13 PM,0
2110139,,CLARCHA1,0,1730235540,1730235540,04:59:00 PM,04:59:00 PM,0
2110139,,CLARTRA1,0,1730235591,1730235591,04:59:51 PM,04:59:51 PM,0
2110139,,CLARROY1,0,1730235653,1730235653,05:00:53 PM,05:00:53 PM,0
2110139,,CLARROY3,0,1730235685,1730235685,05:01:25 PM,05:01:25 PM,0
2110139,,CLARWAV1,0,1730235710,1730235710,05:01:50 PM,05:01:50 PM,0
2110139,,CLARCHU1,0,1730235749,1730235749,05:02:29 PM,05:02:29 PM,0
2110139,,ARGYMAL1,0,1730235840,1730235840,05:04:00 PM,05:04:00 PM,0
2110038,,ARGYMAL1,0,1730235960,1730235960,05:06:00 PM,05:06:00 PM,0
2110038,,CLARCHU2,0,1730236011,1730236011,05:06:51 PM,05:06:51 PM,0
2110038,,CLARWAV2,0,1730236046,1730236046,05:07:26 PM,05:07:26 PM,0
2110038,,CLARROY2,0,1730236065,1730236065,05:07:45 PM,05:07:45 PM,0
2110038,,CLARSUD2,0,1730236107,1730236107,05:08:27 PM,05:08:27 PM,0
2110038,,CLARTRA2,0,1730236121,1730236121,05:08:41 PM,05:08:41 PM,0
2110038,,CLARTRA4,0,1730236152,1730236152,05:09:12 PM,05:09:12 PM,0
2110038,,CLARCHA2,0,1730236194,1730236194,05:09:54 PM,05:09:54 PM,0
2110038,,CLARFIS2,0,1730236260,1730236260,05:11:00 PM,05:11:00 PM,0
2110038,,CLARGOR2,0,1730236302,1730236302,05:11:42 PM,05:11:42 PM,0
2110038,,CLARBAY1,0,1730236337,1730236337,05:12:17 PM,05:12:17 PM,0
2110038,,CLARPEN1,0,1730236384,1730236384,05:13:04 PM,05:13:04 PM,0
2110038,,HAMIGOR1,0,1730236461,1730236461,05:14:21 PM,05:14:21 PM,0
2110038,,HAMICRI1,0,1730236502,1730236502,05:15:02 PM,05:15:02 PM,0
2110038,,HAMIRIV2,0,1730236560,1730236560,05:16:00 PM,05:16:00 PM,0
2110038,,HAMIBRA2,0,1730236617,1730236617,05:16:57 PM,05:16:57 PM,0
2110038,,HAMIOAKL,0,1730236650,1730236650,05:17:30 PM,05:17:30 PM,0
2110038,,HAMIVALL,0,1730236690,1730236690,05:18:10 PM,05:18:10 PM,0
2110038,,HAMIWAT2,0,1730236763,1730236763,05:19:23 PM,05:19:23 PM,0
2110038,,HAMIYMCA,0,1730236803,1730236803,05:20:03 PM,05:20:03 PM,0
2110038,,HAMIFAI1,0,1730236853,1730236853,05:20:53 PM,05:20:53 PM,0
2110038,,HAMIHALE,0,1730236884,1730236884,05:21:24 PM,05:21:24 PM,0
2110038,,HAMIHIG2,0,1730236920,1730236920,05:22:00 PM,05:22:00 PM,0
2110038,,HAMIGIL2,0,1730236942,1730236942,05:22:22 PM,05:22:22 PM,0
2110038,,HAMIEAST,0,1730237034,1730237034,05:23:54 PM,05:23:54 PM,0
2110038,,HAMISJU2,0,1730237113,1730237113,05:25:13 PM,05:25:13 PM,0
2110038,,HAMIELM,0,1730237175,1730237175,05:26:15 PM,05:26:15 PM,0
2110038,,HAMIEGE2,0,1730237266,1730237266,05:27:46 PM,05:27:46 PM,0
2110038,,HAMISAC2,0,1730237340,1730237340,05:29:00 PM,05:29:00 PM,0
2110038,,HAMIREC2,0,1730237403,1730237403,05:30:03 PM,05:30:03 PM,0
2110038,,HAMILTGR,0,1730237462,1730237462,05:31:02 PM,05:31:02 PM,0
2110038,,HAMIADE2,0,1730237520,1730237520,05:32:00 PM,05:32:00 PM,0
2110038,,HAMIWIL2,0,1730237575,1730237575,05:32:55 PM,05:32:55 PM,0
2110038,,HORTHAMI,0,1730237629,1730237629,05:33:49 PM,05:33:49 PM,0
2110038,,HORTCOL1,0,1730237693,1730237693,05:34:53 PM,05:34:53 PM,0
2110038,,HORTWAT2,,,,,,
2110038,,WELLHOR1,,,,,,
2110038,,WELLYOR1,,,,,,
2110038,,WELLDUN3,,,,,,
2110038,,WELLDUN3,,,,,,
2110038,,QUEECLAR,0,1730238063,1730238063,05:41:03 PM,05:41:03 PM,0
2110038,,RICHQUE2,0,1730238180,1730238180,05:43:00 PM,05:43:00 PM,0
2110074,,RICHQUE2,0,1730238180,1730238180,05:43:00 PM,05:43:00 PM,0
2110074,,KINGRICH,0,1730238240,1730238240,05:44:00 PM,05:44:00 PM,0
2110074,,KINGWEL2,0,1730238371,1730238371,05:46:11 PM,05:46:11 PM,0
2110074,,WELLYOR2,,,,,,
2110074,,HORTWELL,,,,,,
2110074,,HORTCOL2,,,,,,
2110074,,HORTMAIT,0,1730238706,1730238706,05:51:46 PM,05:51:46 PM,0
2110074,,HAMIWIL1,0,1730238792,1730238792,05:53:12 PM,05:53:12 PM,0
2110074,,HAMIADE1,0,1730238840,1730238840,05:54:00 PM,05:54:00 PM,0
2110074,,HAMIMAME,0,1730238905,1730238905,05:55:05 PM,05:55:05 PM,0
2110074,,HAMIREC1,0,1730238966,1730238966,05:56:06 PM,05:56:06 PM,0
2110074,,HAMISAC1,0,1730239042,1730239042,05:57:22 PM,05:57:22 PM,0
2110074,,HAMIEGE1,0,1730239086,1730239086,05:58:06 PM,05:58:06 PM,0
2110074,,HAMITENN,0,1730239165,1730239165,05:59:25 PM,05:59:25 PM,0
2110074,,HAMISJU1,0,1730239208,1730239208,06:00:08 PM,06:00:08 PM,0
2110074,,HAMIPILA,0,1730239267,1730239267,06:01:07 PM,06:01:07 PM,0
2110074,,HAMIGIL1,0,1730239335,1730239335,06:02:15 PM,06:02:15 PM,0
2110074,,HAMIHIG1,0,1730239380,1730239380,06:03:00 PM,06:03:00 PM,0
2110074,,HAMIHIG1,0,1730239380,1730239380,06:03:00 PM,06:03:00 PM,0
2110074,,HAMINORL,0,1730239393,1730239393,06:03:13 PM,06:03:13 PM,0
2110074,,HAMIMEA1,0,1730239426,1730239426,06:03:46 PM,06:03:46 PM,0
2110074,,HAMIMEA3,0,1730239439,1730239439,06:03:59 PM,06:03:59 PM,0
2110074,,HAMIWATM,0,1730239468,1730239468,06:04:28 PM,06:04:28 PM,0
2110074,,HAMIGORE,0,1730239505,1730239505,06:05:05 PM,06:05:05 PM,0
2110074,,HAMIBRA3,0,1730239535,1730239535,06:05:35 PM,06:05:35 PM,0
2110074,,HAMIBRA1,0,1730239559,1730239559,06:05:59 PM,06:05:59 PM,0
2110074,,HAMIRIRU,0,1730239590,1730239590,06:06:30 PM,06:06:30 PM,0
2110074,,HAMICRI2,0,1730239636,1730239636,06:07:16 PM,06:07:16 PM,0
2110074,,HAMICLA1,0,1730239678,1730239678,06:07:58 PM,06:07:58 PM,0
2110074,,CLARPEN2,0,1730239732,1730239732,06:08:52 PM,06:08:52 PM,0
2110074,,CLARBAY2,0,1730239766,1730239766,06:09:26 PM,06:09:26 PM,0
2110074,,CLARGORE,0,1730239807,1730239807,06:10:07 PM,06:10:07 PM,0
2110074,,CLARFIS1,0,1730239824,1730239824,06:10:24 PM,06:10:24 PM,0
2110074,,CLARCHA3,0,1730239879,1730239879,06:11:19 PM,06:11:19 PM,0
2110074,,CLARCHA1,0,1730239920,1730239920,06:12:00 PM,06:12:00 PM,0
2110074,,CLARTRA1,0,1730239971,1730239971,06:12:51 PM,06:12:51 PM,0
2110074,,CLARROY1,0,1730240033,1730240033,06:13:53 PM,06:13:53 PM,0
2110074,,CLARROY3,0,1730240065,1730240065,06:14:25 PM,06:14:25 PM,0
2110074,,CLARWAV1,0,1730240090,1730240090,06:14:50 PM,06:14:50 PM,0
2110074,,CLARCHU1,0,1730240129,1730240129,06:15:29 PM,06:15:29 PM,0
2110074,,ARGYMAL1,0,1730240220,1730240220,06:17:00 PM,06:17:00 PM,0
2110117,,ARGYMAL1,0,1730240400,1730240400,06:20:00 PM,06:20:00 PM,0
2110117,,CLARCHU2,0,1730240453,1730240453,06:20:53 PM,06:20:53 PM,0
2110117,,CLARWAV2,0,1730240490,1730240490,06:21:30 PM,06:21:30 PM,0
2110117,,CLARROY2,0,1730240509,1730240509,06:21:49 PM,06:21:49 PM,0
2110117,,CLARTRA2,0,1730240568,1730240568,06:22:48 PM,06:22:48 PM,0
2110117,,CLARTRA4,0,1730240601,1730240601,06:23:21 PM,06:23:21 PM,0
2110117,,CLARCHA2,0,1730240645,1730240645,06:24:05 PM,06:24:05 PM,0
2110117,,CLARFIS2,0,1730240714,1730240714,06:25:14 PM,06:25:14 PM,0
2110117,,CLARGOR2,0,1730240760,1730240760,06:26:00 PM,06:26:00 PM,0
2110117,,GOREFIRE,0,1730240825,1730240825,06:27:05 PM,06:27:05 PM,0
2110117,,GOREBRAE,0,1730240854,1730240854,06:27:34 PM,06:27:34 PM,0
2110117,,MONTGORE,0,1730240923,1730240923,06:28:43 PM,06:28:43 PM,0
2110117,,MONTFUND,0,1730240942,1730240942,06:29:02 PM,06:29:02 PM,0
2110117,,MONTTWEE,0,1730240962,1730240962,06:29:22 PM,06:29:22 PM,0
2110117,,MANITWEE,0,1730241012,1730241012,06:30:12 PM,06:30:12 PM,0
2110117,,TWEECOU2,0,1730241036,1730241036,06:30:36 PM,06:30:36 PM,0
2110117,,TWEECOU4,0,1730241062,1730241062,06:31:02 PM,06:31:02 PM,0
2110117,,TWEEELLE,0,1730241085,1730241085,06:31:25 PM,06:31:25 PM,0
2110117,,TWEEHALE,0,1730241122,1730241122,06:32:02 PM,06:32:02 PM,0
2110117,,HALEMAGE,0,1730241143,1730241143,06:32:23 PM,06:32:23 PM,0
2110117,,HALEELLS,0,1730241173,1730241173,06:32:53 PM,06:32:53 PM,0
2110117,,HAMIHALE,0,1730241209,1730241209,06:33:29 PM,06:33:29 PM,0
2110117,,HAMIHIG2,0,1730241240,1730241240,06:34:00 PM,06:34:00 PM,0
2110117,,HAMIGIL2,0,1730241259,1730241259,06:34:19 PM,06:34:19 PM,0
2110117,,HAMIEAST,0,1730241338,1730241338,06:35:38 PM,06:35:38 PM,0
2110117,,HAMISJU2,0,1730241406,1730241406,06:36:46 PM,06:36:46 PM,0
2110117,,HAMIELM,0,1730241459,1730241459,06:37:39 PM,06:37:39 PM,0
2110117,,HAMIEGE2,0,1730241537,1730241537,06:38:57 PM,06:38:57 PM,0
2110117,,HAMISAC2,0,1730241600,1730241600,06:40:00 PM,06:40:00 PM,0
2110117,,HAMIREC2,0,1730241642,1730241642,06:40:42 PM,06:40:42 PM,0
2110117,,HAMILTGR,0,1730241681,1730241681,06:41:21 PM,06:41:21 PM,0
2110117,,HAMIADE2,0,1730241720,1730241720,06:42:00 PM,06:42:00 PM,0
2110117,,HAMIWIL2,0,1730241759,1730241759,06:42:39 PM,06:42:39 PM,0
2110117,,HORTHAMI,0,1730241798,1730241798,06:43:18 PM,06:43:18 PM,0
2110117,,HORTCOL1,0,1730241844,1730241844,06:44:04 PM,06:44:04 PM,0
2110117,,HORTWAT2,,,,,,
2110117,,WELLHOR1,,,,,,
2110117,,WELLYOR1,,,,,,
2110117,,WELLDUN3,,,,,,
2110117,,QUEECLAR,0,1730242137,1730242137,06:48:57 PM,06:48:57 PM,0
2110117,,QUEERIC1,0,1730242200,1730242200,06:50:00 PM,06:50:00 PM,0
2110117,,QUEERIC1,0,1730242200,1730242200,06:50:00 PM,06:50:00 PM,0
2110117,,RIDOYORK,0,1730242341,1730242341,06:52:21 PM,06:52:21 PM,0
2110117,,YORKTHA2,0,1730242385,1730242385,06:53:05 PM,06:53:05 PM,0
2110117,,HORTWHA2,0,1730242526,1730242526,06:55:26 PM,06:55:26 PM,0
2110117,,HORTWHA4,0,1730242560,1730242560,06:56:00 PM,06:56:00 PM,0
2110117,,HORTSPRI,0,1730242617,1730242617,06:56:57 PM,06:56:57 PM,0
2110117,,SPRIGRE2,0,1730242651,1730242651,06:57:31 PM,06:57:31 PM,0
2110117,,SPRIFORH,0,1730242681,1730242681,06:58:01 PM,06:58:01 PM,0
2110117,,SPRICHEL,0,1730242722,1730242722,06:58:42 PM,06:58:42 PM,0
2110117,,SPRIKER2,0,1730242763,1730242763,06:59:23 PM,06:59:23 PM,0
2110117,,SPRIMAR2,0,1730242797,1730242797,06:59:57 PM,06:59:57 PM,0
2110117,,SPRITROW,0,1730242819,1730242819,07:00:19 PM,07:00:19 PM,0
2110117,,SPRIBER4,0,1730242892,1730242892,07:01:32 PM,07:01:32 PM,0
2110117,,SPRIWON2,0,1730242920,1730242920,07:02:00 PM,07:02:00 PM,0
2110117,,SPRIQUI2,0,1730242953,1730242953,07:02:33 PM,07:02:33 PM,0
2110117,,SPRIJAR2,0,1730242986,1730242986,07:03:06 PM,07:03:06 PM,0
2110117,,SPRIHIC2,0,1730243006,1730243006,07:03:26 PM,07:03:26 PM,0
2110117,,SPRIWES4,0,1730243090,1730243090,07:04:50 PM,07:04:50 PM,0
2110117,,SPRICOM2,0,1730243114,1730243114,07:05:14 PM,07:05:14 PM,0
2110117,,COMMSPR2,0,1730243141,1730243141,07:05:41 PM,07:05:41 PM,0
2110117,,COMMNOR2,0,1730243172,1730243172,07:06:12 PM,07:06:12 PM,0
2110117,,COMMLYN4,0,1730243206,1730243206,07:06:46 PM,07:06:46 PM,0
2110117,,COMMSPR4,0,1730243222,1730243222,07:07:02 PM,07:07:02 PM,0
2110117,,COMMBOL2,0,1730243248,1730243248,07:07:28 PM,07:07:28 PM,0
2110117,,COMMHAM2,0,1730243280,1730243280,07:08:00 PM,07:08:00 PM,0
2110157,,COMMHAM2,0,1730243280,1730243280,07:08:00 PM,07:08:00 PM,0
2110157,,COMMSTEP,0,1730243329,1730243329,07:08:49 PM,07:08:49 PM,0
2110157,,GRIFCOMM,0,1730243366,1730243366,07:09:26 PM,07:09:26 PM,0
2110157,,GRIFHEMO,0,1730243402,1730243402,07:10:02 PM,07:10:02 PM,0
2110157,,GRIFNORM,0,1730243450,1730243450,07:10:50 PM,07:10:50 PM,0
2110157,,GRIFBBA2,0,1730243510,1730243510,07:11:50 PM,07:11:50 PM,0
2110157,,GRIFFAIR,0,1730243547,1730243547,07:12:27 PM,07:12:27 PM,0
2110157,,GRIFDEA2,0,1730243599,1730243599,07:13:19 PM,07:13:19 PM,0
2110157,,GRIFWIDD,0,1730243620,1730243620,07:13:40 PM,07:13:40 PM,0
2110157,,GRIFROBW,0,1730243667,1730243667,07:14:27 PM,07:14:27 PM,0
2110157,,GRIFBOLE,0,1730243715,1730243715,07:15:15 PM,07:15:15 PM,0
2110157,,BOLEGRIF,0,1730243740,1730243740,07:15:40 PM,07:15:40 PM,0
2110157,,BOLEWAYN,0,1730243787,1730243787,07:16:27 PM,07:16:27 PM,0
2110157,,BOLEBASE,0,1730243844,1730243844,07:17:24 PM,07:17:24 PM,0
2110157,,BOLEGLEN,0,1730243885,1730243885,07:18:05 PM,07:18:05 PM,0
2110157,,BOLECOM1,0,1730243906,1730243906,07:18:26 PM,07:18:26 PM,0
2110157,,COMMBOL1,0,1730243940,1730243940,07:19:00 PM,07:19:00 PM,0
2110157,,COMMBOL1,0,1730244120,1730244120,07:22:00 PM,07:22:00 PM,0
2110157,,COMMSPR1,0,1730244152,1730244152,07:22:32 PM,07:22:32 PM,0
2110157,,COMMNASH,0,1730244188,1730244188,07:23:08 PM,07:23:08 PM,0
2110157,,COMMNOR1,0,1730244214,1730244214,07:23:34 PM,07:23:34 PM,0
2110157,,SPRICOM1,0,1730244264,1730244264,07:24:24 PM,07:24:24 PM,0
2110157,,SPRIWES1,0,1730244290,1730244290,07:24:50 PM,07:24:50 PM,0
2110157,,SPRIWES3,0,1730244326,1730244326,07:25:26 PM,07:25:26 PM,0
2110157,,SPRIHIC1,0,1730244374,1730244374,07:26:14 PM,07:26:14 PM,0
2110157,,SPRIJAR1,0,1730244406,1730244406,07:26:46 PM,07:26:46 PM,0
2110157,,SPRIQUI1,0,1730244430,1730244430,07:27:10 PM,07:27:10 PM,0
2110157,,SPRIWON1,0,1730244480,1730244480,07:28:00 PM,07:28:00 PM,0
2110157,,SPRIBER1,0,1730244507,1730244507,07:28:27 PM,07:28:27 PM,0
2110157,,SPRIBER3,0,1730244557,1730244557,07:29:17 PM,07:29:17 PM,0
2110157,,SPRIMAR1,0,1730244605,1730244605,07:30:05 PM,07:30:05 PM,0
2110157,,SPRIKER1,0,1730244662,1730244662,07:31:02 PM,07:31:02 PM,0
2110157,,SPRIGROW,0,1730244715,1730244715,07:31:55 PM,07:31:55 PM,0
2110157,,SPRIGRE1,0,1730244787,1730244787,07:33:07 PM,07:33:07 PM,0
2110157,,SPRISPRI,0,1730244839,1730244839,07:33:59 PM,07:33:59 PM,0
2110157,,HORTWHA3,0,1730244921,1730244921,07:35:21 PM,07:35:21 PM,0
2110157,,STANWHAR,0,1730244981,1730244981,07:36:21 PM,07:36:21 PM,0
2110157,,STANPERR,0,1730245005,1730245005,07:36:45 PM,07:36:45 PM,0
2110157,,STANWORT,0,1730245042,1730245042,07:37:22 PM,07:37:22 PM,0
2110157,,YORKTHA1,0,1730245071,1730245071,07:37:51 PM,07:37:51 PM,0
2110157,,RIDOYOR2,0,1730245106,1730245106,07:38:26 PM,07:38:26 PM,0
2110157,,KINGTALB,0,1730245145,1730245145,07:39:05 PM,07:39:05 PM,0
2110157,,KINGRICH,0,1730245200,1730245200,07:40:00 PM,07:40:00 PM,0
2110157,,KINGRICH,0,1730245200,1730245200,07:40:00 PM,07:40:00 PM,0
2110157,,KINGWEL2,0,1730245331,1730245331,07:42:11 PM,07:42:11 PM,0
2110157,,WELLYOR2,,,,,,
2110157,,HORTWELL,,,,,,
2110157,,HORTCOL2,,,,,,
2110157,,HORTMAIT,0,1730245584,1730245584,07:46:24 PM,07:46:24 PM,0
2110157,,HAMIWIL1,0,1730245645,1730245645,07:47:25 PM,07:47:25 PM,0
2110157,,HAMIADE1,0,1730245680,1730245680,07:48:00 PM,07:48:00 PM,0
2110157,,HAMIMAME,0,1730245737,1730245737,07:48:57 PM,07:48:57 PM,0
2110157,,HAMIREC1,0,1730245791,1730245791,07:49:51 PM,07:49:51 PM,0
2110157,,HAMISAC1,0,1730245859,1730245859,07:50:59 PM,07:50:59 PM,0
2110157,,HAMIEGE1,0,1730245898,1730245898,07:51:38 PM,07:51:38 PM,0
2110157,,HAMITENN,0,1730245968,1730245968,07:52:48 PM,07:52:48 PM,0
2110157,,HAMISJU1,0,1730246006,1730246006,07:53:26 PM,07:53:26 PM,0
2110157,,HAMIPILA,0,1730246059,1730246059,07:54:19 PM,07:54:19 PM,0
2110157,,HAMIGIL1,0,1730246120,1730246120,07:55:20 PM,07:55:20 PM,0
2110157,,HAMIHIG1,0,1730246160,1730246160,07:56:00 PM,07:56:00 PM,0
2110157,,HALEHAM2,0,1730246183,1730246183,07:56:23 PM,07:56:23 PM,0
2110157,,HALEMAG2,0,1730246233,1730246233,07:57:13 PM,07:57:13 PM,0
2110157,,TWEEFAI2,0,1730246255,1730246255,07:57:35 PM,07:57:35 PM,0
2110157,,TWEEMAN2,0,1730246289,1730246289,07:58:09 PM,07:58:09 PM,0
2110157,,TWEEBER2,0,1730246307,1730246307,07:58:27 PM,07:58:27 PM,0
2110157,,MANITWE2,0,1730246349,1730246349,07:59:09 PM,07:59:09 PM,0
2110157,,MONTTWE2,0,1730246386,1730246386,07:59:46 PM,07:59:46 PM,0
2110157,,MONTELD2,0,1730246423,1730246423,08:00:23 PM,08:00:23 PM,0
2110157,,GOREVAL2,0,1730246436,1730246436,08:00:36 PM,08:00:36 PM,0
2110157,,GOREBRA2,0,1730246477,1730246477,08:01:17 PM,08:01:17 PM,0
2110157,,GOREFIR2,0,1730246510,1730246510,08:01:50 PM,08:01:50 PM,0
2110157,,CLARGORE,0,1730246578,1730246578,08:02:58 PM,08:02:58 PM,0
2110157,,CLARFIS1,0,1730246597,1730246597,08:03:17 PM,08:03:17 PM,0
2110157,,CLARCHA3,0,1730246658,1730246658,08:04:18 PM,08:04:18 PM,0
2110157,,CLARCHA1,0,1730246700,1730246700,08:05:00 PM,08:05:00 PM,0
2110157,,CLARTRA1,0,1730246751,1730246751,08:05:51 PM,08:05:51 PM,0
2110157,,CLARROY1,0,1730246813,1730246813,08:06:53 PM,08:06:53 PM,0
2110157,,CLARROY3,0,1730246845,1730246845,08:07:25 PM,08:07:25 PM,0
2110157,,CLARWAV1,0,1730246870,1730246870,08:07:50 PM,08:07:50 PM,0
2110157,,CLARCHU1,0,1730246909,1730246909,08:08:29 PM,08:08:29 PM,0
2110157,,ARGYMAL1,0,1730247000,1730247000,08:10:00 PM,08:10:00 PM,0
2110045,,ARGYMAL1,0,1730247000,1730247000,08:10:00 PM,08:10:00 PM,0
2110045,,CLARCHU2,0,1730247045,1730247045,08:10:45 PM,08:10:45 PM,0
2110045,,CLARWAV2,0,1730247077,1730247077,08:11:17 PM,08:11:17 PM,0
2110045,,CLARROY2,0,1730247094,1730247094,08:11:34 PM,08:11:34 PM,0
2110045,,CLARSUD2,0,1730247132,1730247132,08:12:12 PM,08:12:12 PM,0
2110045,,CLARTRA2,0,1730247144,1730247144,08:12:24 PM,08:12:24 PM,0
2110045,,CLARTRA4,0,1730247172,1730247172,08:12:52 PM,08:12:52 PM,0
2110045,,CLARCHA2,0,1730247210,1730247210,08:13:30 PM,08:13:30 PM,0
2110045,,CLARFIS2,0,1730247270,1730247270,08:14:30 PM,08:14:30 PM,0
2110045,,CLARGOR2,0,1730247307,1730247307,08:15:07 PM,08:15:07 PM,0
2110045,,CLARBAY1,0,1730247338,1730247338,08:15:38 PM,08:15:38 PM,0
2110045,,CLARPEN1,0,1730247380,1730247380,08:16:20 PM,08:16:20 PM,0
2110045,,HAMIGOR1,0,1730247449,1730247449,08:17:29 PM,08:17:29 PM,0
2110045,,HAMICRI1,0,1730247486,1730247486,08:18:06 PM,08:18:06 PM,0
2110045,,HAMIRIV2,0,1730247540,1730247540,08:19:00 PM,08:19:00 PM,0
2110045,,HAMIBRA2,0,1730247588,1730247588,08:19:48 PM,08:19:48 PM,0
2110045,,HAMIOAKL,0,1730247615,1730247615,08:20:15 PM,08:20:15 PM,0
2110045,,HAMIVALL,0,1730247648,1730247648,08:20:48 PM,08:20:48 PM,0
2110045,,HAMIWAT2,0,1730247709,1730247709,08:21:49 PM,08:21:49 PM,0
2110045,,HAMIYMCA,0,1730247742,1730247742,08:22:22 PM,08:22:22 PM,0
2110045,,HAMIFAI1,0,1730247784,1730247784,08:23:04 PM,08:23:04 PM,0
2110045,,HAMIHALE,0,1730247810,1730247810,08:23:30 PM,08:23:30 PM,0
2110045,,HAMIHIG2,0,1730247840,1730247840,08:24:00 PM,08:24:00 PM,0
2110045,,HAMIGIL2,0,1730247859,1730247859,08:24:19 PM,08:24:19 PM,0
2110045,,HAMIEAST,0,1730247938,1730247938,08:25:38 PM,08:25:38 PM,0
2110045,,HAMISJU2,0,1730248006,1730248006,08:26:46 PM,08:26:46 PM,0
2110045,,HAMIELM,0,1730248059,1730248059,08:27:39 PM,08:27:39 PM,0
2110045,,HAMIEGE2,0,1730248137,1730248137,08:28:57 PM,08:28:57 PM,0
2110045,,HAMISAC2,0,1730248200,1730248200,08:30:00 PM,08:30:00 PM,0
2110045,,HAMIREC2,0,1730248242,1730248242,08:30:42 PM,08:30:42 PM,0
2110045,,HAMILTGR,0,1730248281,1730248281,08:31:21 PM,08:31:21 PM,0
2110045,,HAMIADE2,0,1730248320,1730248320,08:32:00 PM,08:32:00 PM,0
2110045,,HAMIWIL2,0,1730248359,1730248359,08:32:39 PM,08:32:39 PM,0
2110045,,HORTHAMI,0,1730248398,1730248398,08:33:18 PM,08:33:18 PM,0
2110045,,HORTCOL1,0,1730248444,1730248444,08:34:04 PM,08:34:04 PM,0
2110045,,HORTWAT2,,,,,,
2110045,,WELLHOR1,,,,,,
2110045,,WELLYOR1,,,,,,
2110045,,WELLDUN3,,,,,,
2110045,,WELLDUN3,,,,,,
2110045,,QUEECLAR,0,1730248712,1730248712,08:38:32 PM,08:38:32 PM,0
2110045,,RICHQUE2,0,1730248800,1730248800,08:40:00 PM,08:40:00 PM,0
2110083,,RICHQUE2,0,1730248800,1730248800,08:40:00 PM,08:40:00 PM,0
2110083,,KINGRICH,0,1730248860,1730248860,08:41:00 PM,08:41:00 PM,0
2110083,,KINGWEL2,0,1730248991,1730248991,08:43:11 PM,08:43:11 PM,0
2110083,,WELLYOR2,,,,,,
2110083,,HORTWELL,,,,,,
2110083,,HORTCOL2,,,,,,
2110083,,HORTMAIT,0,1730249244,1730249244,08:47:24 PM,08:47:24 PM,0
2110083,,HAMIWIL1,0,1730249305,1730249305,08:48:25 PM,08:48:25 PM,0
2110083,,HAMIADE1,0,1730249340,1730249340,08:49:00 PM,08:49:00 PM,0
2110083,,HAMIMAME,0,1730249397,1730249397,08:49:57 PM,08:49:57 PM,0
2110083,,HAMIREC1,0,1730249451,1730249451,08:50:51 PM,08:50:51 PM,0
2110083,,HAMISAC1,0,1730249519,1730249519,08:51:59 PM,08:51:59 PM,0
2110083,,HAMIEGE1,0,1730249558,1730249558,08:52:38 PM,08:52:38 PM,0
2110083,,HAMITENN,0,1730249628,1730249628,08:53:48 PM,08:53:48 PM,0
2110083,,HAMISJU1,0,1730249666,1730249666,08:54:26 PM,08:54:26 PM,0
2110083,,HAMIPILA,0,1730249719,1730249719,08:55:19 PM,08:55:19 PM,0
2110083,,HAMIGIL1,0,1730249780,1730249780,08:56:20 PM,08:56:20 PM,0
2110083,,HAMIHIG1,0,1730249820,1730249820,08:57:00 PM,08:57:00 PM,0
2110083,,HAMIHIG1,0,1730249820,1730249820,08:57:00 PM,08:57:00 PM,0
2110083,,HAMINORL,0,1730249833,1730249833,08:57:13 PM,08:57:13 PM,0
2110083,,HAMIMEA1,0,1730249866,1730249866,08:57:46 PM,08:57:46 PM,0
2110083,,HAMIMEA3,0,1730249879,1730249879,08:57:59 PM,08:57:59 PM,0
2110083,,HAMIWATM,0,1730249908,1730249908,08:58:28 PM,08:58:28 PM,0
2110083,,HAMIGORE,0,1730249945,1730249945,08:59:05 PM,08:59:05 PM,0
2110083,,HAMIBRA3,0,1730249975,1730249975,08:59:35 PM,08:59:35 PM,0
2110083,,HAMIBRA1,0,1730249999,1730249999,08:59:59 PM,08:59:59 PM,0
2110083,,HAMIRIRU,0,1730250030,1730250030,09:00:30 PM,09:00:30 PM,0
2110083,,HAMICRI2,0,1730250076,1730250076,09:01:16 PM,09:01:16 PM,0
2110083,,HAMICLA1,0,1730250118,1730250118,09:01:58 PM,09:01:58 PM,0
2110083,,CLARPEN2,0,1730250172,1730250172,09:02:52 PM,09:02:52 PM,0
2110083,,CLARBAY2,0,1730250206,1730250206,09:03:26 PM,09:03:26 PM,0
2110083,,CLARGORE,0,1730250247,1730250247,09:04:07 PM,09:04:07 PM,0
2110083,,CLARFIS1,0,1730250264,1730250264,09:04:24 PM,09:04:24 PM,0
2110083,,CLARCHA3,0,1730250319,1730250319,09:05:19 PM,09:05:19 PM,0
2110083,,CLARCHA1,0,1730250360,1730250360,09:06:00 PM,09:06:00 PM,0
2110083,,CLARTRA1,0,1730250411,1730250411,09:06:51 PM,09:06:51 PM,0
2110083,,CLARROY1,0,1730250473,1730250473,09:07:53 PM,09:07:53 PM,0
2110083,,CLARROY3,0,1730250505,1730250505,09:08:25 PM,09:08:25 PM,0
2110083,,CLARWAV1,0,1730250530,1730250530,09:08:50 PM,09:08:50 PM,0
2110083,,CLARCHU1,0,1730250569,1730250569,09:09:29 PM,09:09:29 PM,0
2110083,,ARGYMAL1,0,1730250660,1730250660,09:11:00 PM,09:11:00 PM,0
2110123,,ARGYMAL1,0,1730251200,1730251200,09:20:00 PM,09:20:00 PM,0
2110123,,CLARCHU2,0,1730251244,1730251244,09:20:44 PM,09:20:44 PM,0
2110123,,CLARWAV2,0,1730251274,1730251274,09:21:14 PM,09:21:14 PM,0
2110123,,CLARROY2,0,1730251290,1730251290,09:21:30 PM,09:21:30 PM,0
2110123,,CLARTRA2,0,1730251339,1730251339,09:22:19 PM,09:22:19 PM,0
2110123,,CLARTRA4,0,1730251366,1730251366,09:22:46 PM,09:22:46 PM,0
2110123,,CLARCHA2,0,1730251402,1730251402,09:23:22 PM,09:23:22 PM,0
2110123,,CLARFIS2,0,1730251459,1730251459,09:24:19 PM,09:24:19 PM,0
2110123,,CLARGOR2,0,1730251500,1730251500,09:25:00 PM,09:25:00 PM,0
2110123,,GOREFIRE,0,1730251565,1730251565,09:26:05 PM,09:26:05 PM,0
2110123,,GOREBRAE,0,1730251594,1730251594,09:26:34 PM,09:26:34 PM,0
2110123,,MONTGORE,0,1730251663,1730251663,09:27:43 PM,09:27:43 PM,0
2110123,,MONTFUND,0,1730251682,1730251682,09:28:02 PM,09:28:02 PM,0
2110123,,MONTTWEE,0,1730251702,1730251702,09:28:22 PM,09:28:22 PM,0
2110123,,MANITWEE,0,1730251752,1730251752,09:29:12 PM,09:29:12 PM,0
2110123,,TWEECOU2,0,1730251776,1730251776,09:29:36 PM,09:29:36 PM,0
2110123,,TWEECOU4,0,1730251802,1730251802,09:30:02 PM,09:30:02 PM,0
2110123,,TWEEELLE,0,1730251825,1730251825,09:30:25 PM,09:30:25 PM,0
2110123,,TWEEHALE,0,1730251862,1730251862,09:31:02 PM,09:31:02 PM,0
2110123,,HALEMAGE,0,1730251883,1730251883,09:31:23 PM,09:31:23 PM,0
2110123,,HALEELLS,0,1730251913,1730251913,09:31:53 PM,09:31:53 PM,0
2110123,,HAMIHALE,0,1730251949,1730251949,09:32:29 PM,09:32:29 PM,0
2110123,,HAMIHIG2,0,1730251980,1730251980,09:33:00 PM,09:33:00 PM,0
2110123,,HAMIGIL2,0,1730251996,1730251996,09:33:16 PM,09:33:16 PM,0
2110123,,HAMIEAST,0,1730252062,1730252062,09:34:22 PM,09:34:22 PM,0
2110123,,HAMISJU2,0,1730252119,1730252119,09:35:19 PM,09:35:19 PM,0
2110123,,HAMIELM,0,1730252163,1730252163,09:36:03 PM,09:36:03 PM,0
2110123,,HAMIEGE2,0,1730252228,1730252228,09:37:08 PM,09:37:08 PM,0
2110123,,HAMISAC2,0,1730252280,1730252280,09:38:00 PM,09:38:00 PM,0
2110123,,HAMIREC2,0,1730252322,1730252322,09:38:42 PM,09:38:42 PM,0
2110123,,HAMILTGR,0,1730252361,1730252361,09:39:21 PM,09:39:21 PM,0
2110123,,HAMIADE2,0,1730252400,1730252400,09:40:00 PM,09:40:00 PM,0
2110123,,HAMIWIL2,0,1730252431,1730252431,09:40:31 PM,09:40:31 PM,0
2110123,,HORTHAMI,0,1730252462,1730252462,09:41:02 PM,09:41:02 PM,0
2110123,,HORTCOL1,0,1730252499,1730252499,09:41:39 PM,09:41:39 PM,0
2110123,,HORTWAT2,,,,,,
2110123,,WELLHOR1,,,,,,
2110123,,WELLYOR1,,,,,,
2110123,,WELLDUN3,,,,,,
2110123,,QUEECLAR,0,1730252718,1730252718,09:45:18 PM,09:45:18 PM,0
2110123,,QUEERIC1,0,1730252760,1730252760,09:46:00 PM,09:46:00 PM,0
2110123,,QUEERIC1,0,1730252760,1730252760,09:46:00 PM,09:46:00 PM,0
2110123,,RIDOYORK,0,1730252877,1730252877,09:47:57 PM,09:47:57 PM,0
2110123,,YORKTHA2,0,1730252914,1730252914,09:48:34 PM,09:48:34 PM,0
2110123,,HORTWHA2,0,1730253032,1730253032,09:50:32 PM,09:50:32 PM,0
2110123,,HORTWHA4,0,1730253060,1730253060,09:51:00 PM,09:51:00 PM,0
2110123,,HORTSPRI,0,1730253107,1730253107,09:51:47 PM,09:51:47 PM,0
2110123,,SPRIGRE2,0,1730253135,1730253135,09:52:15 PM,09:52:15 PM,0
2110123,,SPRIFORH,0,1730253160,1730253160,09:52:40 PM,09:52:40 PM,0
2110123,,SPRICHEL,0,1730253194,1730253194,09:53:14 PM,09:53:14 PM,0
2110123,,SPRIKER2,0,1730253228,1730253228,09:53:48 PM,09:53:48 PM,0
2110123,,SPRIMAR2,0,1730253256,1730253256,09:54:16 PM,09:54:16 PM,0
2110123,,SPRITROW,0,1730253275,1730253275,09:54:35 PM,09:54:35 PM,0
2110123,,SPRIBER4,0,1730253335,1730253335,09:55:35 PM,09:55:35 PM,0
2110123,,SPRIWON2,0,1730253360,1730253360,09:56:00 PM,09:56:00 PM,0
2110123,,SPRIQUI2,0,1730253387,1730253387,09:56:27 PM,09:56:27 PM,0
2110123,,SPRIJAR2,0,1730253414,1730253414,09:56:54 PM,09:56:54 PM,0
2110123,,SPRIHIC2,0,1730253430,1730253430,09:57:10 PM,09:57:10 PM,0
2110123,,SPRIWES4,0,1730253500,1730253500,09:58:20 PM,09:58:20 PM,0
2110123,,SPRICOM2,0,1730253520,1730253520,09:58:40 PM,09:58:40 PM,0
2110123,,COMMSPR2,0,1730253542,1730253542,09:59:02 PM,09:59:02 PM,0
2110123,,COMMNOR2,0,1730253568,1730253568,09:59:28 PM,09:59:28 PM,0
2110123,,COMMLYN4,0,1730253596,1730253596,09:59:56 PM,09:59:56 PM,0
2110123,,COMMSPR4,0,1730253609,1730253609,10:00:09 PM,10:00:09 PM,0
2110123,,COMMBOL2,0,1730253631,1730253631,10:00:31 PM,10:00:31 PM,0
2110123,,COMMHAM2,0,1730253660,1730253660,10:01:00 PM,10:01:00 PM,0
2110163,,COMMHAM2,0,1730253660,1730253660,10:01:00 PM,10:01:00 PM,0
2110163,,COMMSTEP,0,1730253705,1730253705,10:01:45 PM,10:01:45 PM,0
2110163,,GRIFCOMM,0,1730253739,1730253739,10:02:19 PM,10:02:19 PM,0
2110163,,GRIFHEMO,0,1730253772,1730253772,10:02:52 PM,10:02:52 PM,0
2110163,,GRIFNORM,0,1730253815,1730253815,10:03:35 PM,10:03:35 PM,0
2110163,,GRIFBBA2,0,1730253869,1730253869,10:04:29 PM,10:04:29 PM,0
2110163,,GRIFFAIR,0,1730253903,1730253903,10:05:03 PM,10:05:03 PM,0
2110163,,GRIFDEA2,0,1730253950,1730253950,10:05:50 PM,10:05:50 PM,0
2110163,,GRIFWIDD,0,1730253969,1730253969,10:06:09 PM,10:06:09 PM,0
2110163,,GRIFROBW,0,1730254012,1730254012,10:06:52 PM,10:06:52 PM,0
2110163,,GRIFBOLE,0,1730254056,1730254056,10:07:36 PM,10:07:36 PM,0
2110163,,BOLEGRIF,0,1730254079,1730254079,10:07:59 PM,10:07:59 PM,0
2110163,,BOLEWAYN,0,1730254122,1730254122,10:08:42 PM,10:08:42 PM,0
2110163,,BOLEBASE,0,1730254174,1730254174,10:09:34 PM,10:09:34 PM,0
2110163,,BOLEGLEN,0,1730254211,1730254211,10:10:11 PM,10:10:11 PM,0
2110163,,BOLECOM1,0,1730254230,1730254230,10:10:30 PM,10:10:30 PM,0
2110163,,COMMBOL1,0,1730254260,1730254260,10:11:00 PM,10:11:00 PM,0
2110163,,COMMBOL1,0,1730254500,1730254500,10:15:00 PM,10:15:00 PM,0
2110163,,COMMSPR1,0,1730254532,1730254532,10:15:32 PM,10:15:32 PM,0
2110163,,COMMNASH,0,1730254568,1730254568,10:16:08 PM,10:16:08 PM,0
2110163,,COMMNOR1,0,1730254594,1730254594,10:16:34 PM,10:16:34 PM,0
2110163,,SPRICOM1,0,1730254644,1730254644,10:17:24 PM,10:17:24 PM,0
2110163,,SPRIWES1,0,1730254670,1730254670,10:17:50 PM,10:17:50 PM,0
2110163,,SPRIWES3,0,1730254706,1730254706,10:18:26 PM,10:18:26 PM,0
2110163,,SPRIHIC1,0,1730254754,1730254754,10:19:14 PM,10:19:14 PM,0
2110163,,SPRIJAR1,0,1730254786,1730254786,10:19:46 PM,10:19:46 PM,0
2110163,,SPRIQUI1,0,1730254810,1730254810,10:20:10 PM,10:20:10 PM,0
2110163,,SPRIWON1,0,1730254860,1730254860,10:21:00 PM,10:21:00 PM,0
2110163,,SPRIBER1,0,1730254883,1730254883,10:21:23 PM,10:21:23 PM,0
2110163,,SPRIBER3,0,1730254924,1730254924,10:22:04 PM,10:22:04 PM,0
2110163,,SPRIMAR1,0,1730254964,1730254964,10:22:44 PM,10:22:44 PM,0
2110163,,SPRIKER1,0,1730255012,1730255012,10:23:32 PM,10:23:32 PM,0
2110163,,SPRIGROW,0,1730255056,1730255056,10:24:16 PM,10:24:16 PM,0
2110163,,SPRIGRE1,0,1730255116,1730255116,10:25:16 PM,10:25:16 PM,0
2110163,,SPRISPRI,0,1730255159,1730255159,10:25:59 PM,10:25:59 PM,0
2110163,,HORTWHA3,0,1730255227,1730255227,10:27:07 PM,10:27:07 PM,0
2110163,,STANWHAR,0,1730255277,1730255277,10:27:57 PM,10:27:57 PM,0
2110163,,STANPERR,0,1730255297,1730255297,10:28:17 PM,10:28:17 PM,0
2110163,,STANWORT,0,1730255328,1730255328,10:28:48 PM,10:28:48 PM,0
2110163,,YORKTHA1,0,1730255352,1730255352,10:29:12 PM,10:29:12 PM,0
2110163,,RIDOYOR2,0,1730255381,1730255381,10:29:41 PM,10:29:41 PM,0
2110163,,KINGTALB,0,1730255413,1730255413,10:30:13 PM,10:30:13 PM,0
2110163,,KINGRICH,0,1730255460,1730255460,10:31:00 PM,10:31:00 PM,0
2110163,,KINGRICH,0,1730255460,1730255460,10:31:00 PM,10:31:00 PM,0
2110163,,KINGWEL2,0,1730255591,1730255591,10:33:11 PM,10:33:11 PM,0
2110163,,WELLYOR2,,,,,,
2110163,,HORTWELL,,,,,,
2110163,,HORTCOL2,,,,,,
2110163,,HORTMAIT,0,1730255803,1730255803,10:36:43 PM,10:36:43 PM,0
2110163,,HAMIWIL1,0,1730255852,1730255852,10:37:32 PM,10:37:32 PM,0
2110163,,HAMIADE1,0,1730255880,1730255880,10:38:00 PM,10:38:00 PM,0
2110163,,HAMIMAME,0,1730255930,1730255930,10:38:50 PM,10:38:50 PM,0
2110163,,HAMIREC1,0,1730255978,1730255978,10:39:38 PM,10:39:38 PM,0
2110163,,HAMISAC1,0,1730256037,1730256037,10:40:37 PM,10:40:37 PM,0
2110163,,HAMIEGE1,0,1730256071,1730256071,10:41:11 PM,10:41:11 PM,0
2110163,,HAMITENN,0,1730256132,1730256132,10:42:12 PM,10:42:12 PM,0
2110163,,HAMISJU1,0,1730256165,1730256165,10:42:45 PM,10:42:45 PM,0
2110163,,HAMIPILA,0,1730256211,1730256211,10:43:31 PM,10:43:31 PM,0
2110163,,HAMIGIL1,0,1730256264,1730256264,10:44:24 PM,10:44:24 PM,0
2110163,,HAMIHIG1,0,1730256300,1730256300,10:45:00 PM,10:45:00 PM,0
2110163,,HALEHAM2,0,1730256323,1730256323,10:45:23 PM,10:45:23 PM,0
2110163,,HALEMAG2,0,1730256373,1730256373,10:46:13 PM,10:46:13 PM,0
2110163,,TWEEFAI2,0,1730256395,1730256395,10:46:35 PM,10:46:35 PM,0
2110163,,TWEEMAN2,0,1730256429,1730256429,10:47:09 PM,10:47:09 PM,0
2110163,,TWEEBER2,0,1730256447,1730256447,10:47:27 PM,10:47:27 PM,0
2110163,,MANITWE2,0,1730256489,1730256489,10:48:09 PM,10:48:09 PM,0
2110163,,MONTTWE2,0,1730256526,1730256526,10:48:46 PM,10:48:46 PM,0
2110163,,MONTELD2,0,1730256563,1730256563,10:49:23 PM,10:49:23 PM,0
2110163,,GOREVAL2,0,1730256576,1730256576,10:49:36 PM,10:49:36 PM,0
2110163,,GOREBRA2,0,1730256617,1730256617,10:50:17 PM,10:50:17 PM,0
2110163,,GOREFIR2,0,1730256650,1730256650,10:50:50 PM,10:50:50 PM,0
2110163,,CLARGORE,0,1730256718,1730256718,10:51:58 PM,10:51:58 PM,0
2110163,,CLARFIS1,0,1730256737,1730256737,10:52:17 PM,10:52:17 PM,0
2110163,,CLARCHA3,0,1730256798,1730256798,10:53:18 PM,10:53:18 PM,0
2110163,,CLARCHA1,0,1730256840,1730256840,10:54:00 PM,10:54:00 PM,0
2110163,,CLARTRA1,0,1730256891,1730256891,10:54:51 PM,10:54:51 PM,0
2110163,,CLARROY1,0,1730256953,1730256953,10:55:53 PM,10:55:53 PM,0
2110163,,CLARROY3,0,1730256985,1730256985,10:56:25 PM,10:56:25 PM,0
2110163,,CLARWAV1,0,1730257010,1730257010,10:56:50 PM,10:56:50 PM,0
2110163,,CLARCHU1,0,1730257049,1730257049,10:57:29 PM,10:57:29 PM,0
2110163,,ARGYMAL1,0,1730257140,1730257140,10:59:00 PM,10:59:00 PM,0
2110040,,ARGYMAL1,0,1730257140,1730257140,10:59:00 PM,10:59:00 PM,0
2110040,,CLARCHU2,0,1730257180,1730257180,10:59:40 PM,10:59:40 PM,0
2110040,,CLARWAV2,0,1730257208,1730257208,11:00:08 PM,11:00:08 PM,0
2110040,,CLARROY2,0,1730257223,1730257223,11:00:23 PM,11:00:23 PM,0
2110040,,CLARSUD2,0,1730257257,1730257257,11:00:57 PM,11:00:57 PM,0
2110040,,CLARTRA2,0,1730257268,1730257268,11:01:08 PM,11:01:08 PM,0
2110040,,CLARTRA4,0,1730257293,1730257293,11:01:33 PM,11:01:33 PM,0
2110040,,CLARCHA2,0,1730257327,1730257327,11:02:07 PM,11:02:07 PM,0
2110040,,CLARFIS2,0,1730257380,1730257380,11:03:00 PM,11:03:00 PM,0
2110040,,CLARGOR2,0,1730257413,1730257413,11:03:33 PM,11:03:33 PM,0
2110040,,CLARBAY1,0,1730257441,1730257441,11:04:01 PM,11:04:01 PM,0
2110040,,CLARPEN1,0,1730257479,1730257479,11:04:39 PM,11:04:39 PM,0
2110040,,HAMIGOR1,0,1730257541,1730257541,11:05:41 PM,11:05:41 PM,0
2110040,,HAMICRI1,0,1730257574,1730257574,11:06:14 PM,11:06:14 PM,0
2110040,,HAMIRIV2,0,1730257620,1730257620,11:07:00 PM,11:07:00 PM,0
2110040,,HAMIBRA2,0,1730257658,1730257658,11:07:38 PM,11:07:38 PM,0
2110040,,HAMIOAKL,0,1730257680,1730257680,11:08:00 PM,11:08:00 PM,0
2110040,,HAMIVALL,0,1730257707,1730257707,11:08:27 PM,11:08:27 PM,0
2110040,,HAMIWAT2,0,1730257755,1730257755,11:09:15 PM,11:09:15 PM,0
2110040,,HAMIYMCA,0,1730257781,1730257781,11:09:41 PM,11:09:41 PM,0
2110040,,HAMIFAI1,0,1730257814,1730257814,11:10:14 PM,11:10:14 PM,0
2110040,,HAMIHALE,0,1730257834,1730257834,11:10:34 PM,11:10:34 PM,0
2110040,,HAMIHIG2,0,1730257860,1730257860,11:11:00 PM,11:11:00 PM,0
2110040,,HAMIGIL2,0,1730257873,1730257873,11:11:13 PM,11:11:13 PM,0
2110040,,HAMIEAST,0,1730257925,1730257925,11:12:05 PM,11:12:05 PM,0
2110040,,HAMISJU2,0,1730257970,1730257970,11:12:50 PM,11:12:50 PM,0
2110040,,HAMIELM,0,1730258005,1730258005,11:13:25 PM,11:13:25 PM,0
2110040,,HAMIEGE2,0,1730258057,1730258057,11:14:17 PM,11:14:17 PM,0
2110040,,HAMISAC2,0,1730258100,1730258100,11:15:00 PM,11:15:00 PM,0
2110040,,HAMIREC2,0,1730258163,1730258163,11:16:03 PM,11:16:03 PM,0
2110040,,HAMILTGR,0,1730258222,1730258222,11:17:02 PM,11:17:02 PM,0
2110040,,HAMIADE2,0,1730258280,1730258280,11:18:00 PM,11:18:00 PM,0
2110040,,HAMIWIL2,0,1730258311,1730258311,11:18:31 PM,11:18:31 PM,0
2110040,,HORTHAMI,0,1730258342,1730258342,11:19:02 PM,11:19:02 PM,0
2110040,,HORTCOL1,0,1730258379,1730258379,11:19:39 PM,11:19:39 PM,0
2110040,,HORTWAT2,,,,,,
2110040,,WELLHOR1,,,,,,
2110040,,WELLYOR1,,,,,,
2110040,,WELLDUN3,,,,,,
2110040,,WELLDUN3,,,,,,
2110040,,QUEECLAR,0,1730258612,1730258612,11:23:32 PM,11:23:32 PM,0
2110040,,RICHQUE2,0,1730258700,1730258700,11:25:00 PM,11:25:00 PM,0
2110076,,RICHQUE2,0,1730258700,1730258700,11:25:00 PM,11:25:00 PM,0
2110076,,KINGRICH,0,1730258760,1730258760,11:26:00 PM,11:26:00 PM,0
2110076,,KINGWEL2,0,1730258891,1730258891,11:28:11 PM,11:28:11 PM,0
2110076,,WELLYOR2,,,,,,
2110076,,HORTWELL,,,,,,
2110076,,HORTCOL2,,,,,,
2110076,,HORTMAIT,0,1730259103,1730259103,11:31:43 PM,11:31:43 PM,0
2110076,,HAMIWIL1,0,1730259152,1730259152,11:32:32 PM,11:32:32 PM,0
2110076,,HAMIADE1,0,1730259180,1730259180,11:33:00 PM,11:33:00 PM,0
2110076,,HAMIMAME,0,1730259230,1730259230,11:33:50 PM,11:33:50 PM,0
2110076,,HAMIREC1,0,1730259278,1730259278,11:34:38 PM,11:34:38 PM,0
2110076,,HAMISAC1,0,1730259337,1730259337,11:35:37 PM,11:35:37 PM,0
2110076,,HAMIEGE1,0,1730259371,1730259371,11:36:11 PM,11:36:11 PM,0
2110076,,HAMITENN,0,1730259432,1730259432,11:37:12 PM,11:37:12 PM,0
2110076,,HAMISJU1,0,1730259465,1730259465,11:37:45 PM,11:37:45 PM,0
2110076,,HAMIPILA,0,1730259511,1730259511,11:38:31 PM,11:38:31 PM,0
2110076,,HAMIGIL1,0,1730259564,1730259564,11:39:24 PM,11:39:24 PM,0
2110076,,HAMIHIG1,0,1730259600,1730259600,11:40:00 PM,11:40:00 PM,0
2110076,,HAMIHIG1,0,1730259600,1730259600,11:40:00 PM,11:40:00 PM,0
2110076,,HAMINORL,0,1730259613,1730259613,11:40:13 PM,11:40:13 PM,0
2110076,,HAMIMEA1,0,1730259646,1730259646,11:40:46 PM,11:40:46 PM,0
2110076,,HAMIMEA3,0,1730259659,1730259659,11:40:59 PM,11:40:59 PM,0
2110076,,HAMIWATM,0,1730259688,1730259688,11:41:28 PM,11:41:28 PM,0
2110076,,HAMIGORE,0,1730259725,1730259725,11:42:05 PM,11:42:05 PM,0
2110076,,HAMIBRA3,0,1730259755,1730259755,11:42:35 PM,11:42:35 PM,0
2110076,,HAMIBRA1,0,1730259779,1730259779,11:42:59 PM,11:42:59 PM,0
2110076,,HAMIRIRU,0,1730259810,1730259810,11:43:30 PM,11:43:30 PM,0
2110076,,HAMICRI2,0,1730259856,1730259856,11:44:16 PM,11:44:16 PM,0
2110076,,HAMICLA1,0,1730259898,1730259898,11:44:58 PM,11:44:58 PM,0
2110076,,CLARPEN2,0,1730259952,1730259952,11:45:52 PM,11:45:52 PM,0
2110076,,CLARBAY2,0,1730259986,1730259986,11:46:26 PM,11:46:26 PM,0
2110076,,CLARGORE,0,1730260027,1730260027,11:47:07 PM,11:47:07 PM,0
2110076,,CLARFIS1,0,1730260044,1730260044,11:47:24 PM,11:47:24 PM,0
2110076,,CLARCHA3,0,1730260099,1730260099,11:48:19 PM,11:48:19 PM,0
2110076,,CLARCHA1,0,1730260140,1730260140,11:49:00 PM,11:49:00 PM,0
2110076,,CLARTRA1,0,1730260191,1730260191,11:49:51 PM,11:49:51 PM,0
2110076,,CLARROY1,0,1730260253,1730260253,11:50:53 PM,11:50:53 PM,0
2110076,,CLARROY3,0,1730260285,1730260285,11:51:25 PM,11:51:25 PM,0
2110076,,CLARWAV1,0,1730260310,1730260310,11:51:50 PM,11:51:50 PM,0
2110076,,CLARCHU1,0,1730260349,1730260349,11:52:29 PM,11:52:29 PM,0
2110076,,ARGYMAL1,0,1730260440,1730260440,11:54:00 PM,11:54:00 PM,0
2110111,,ARGYMAL1,0,1730229960,1730229960,03:26:00 PM,03:26:00 PM,0
2110111,,CLARCHU2,0,1730230013,1730230013,03:26:53 PM,03:26:53 PM,0
2110111,,CLARWAV2,0,1730230050,1730230050,03:27:30 PM,03:27:30 PM,0
2110111,,CLARROY2,0,1730230069,1730230069,03:27:49 PM,03:27:49 PM,0
2110111,,CLARTRA2,0,1730230128,1730230128,03:28:48 PM,03:28:48 PM,0
2110111,,CLARTRA4,0,1730230161,1730230161,03:29:21 PM,03:29:21 PM,0
2110111,,CLARCHA2,0,1730230205,1730230205,03:30:05 PM,03:30:05 PM,0
2110111,,CLARFIS2,0,1730230274,1730230274,03:31:14 PM,03:31:14 PM,0
2110111,,CLARGOR2,0,1730230320,1730230320,03:32:00 PM,03:32:00 PM,0
2110111,,GOREFIRE,0,1730230393,1730230393,03:33:13 PM,03:33:13 PM,0
2110111,,GOREBRAE,0,1730230426,1730230426,03:33:46 PM,03:33:46 PM,0
2110111,,MONTGORE,0,1730230504,1730230504,03:35:04 PM,03:35:04 PM,0
2110111,,MONTFUND,0,1730230525,1730230525,03:35:25 PM,03:35:25 PM,0
2110111,,MONTTWEE,0,1730230548,1730230548,03:35:48 PM,03:35:48 PM,0
2110111,,MANITWEE,0,1730230604,1730230604,03:36:44 PM,03:36:44 PM,0
2110111,,TWEECOU2,0,1730230631,1730230631,03:37:11 PM,03:37:11 PM,0
2110111,,TWEECOU4,0,1730230660,1730230660,03:37:40 PM,03:37:40 PM,0
2110111,,TWEEELLE,0,1730230686,1730230686,03:38:06 PM,03:38:06 PM,0
2110111,,TWEEHALE,0,1730230728,1730230728,03:38:48 PM,03:38:48 PM,0
2110111,,HALEMAGE,0,1730230752,1730230752,03:39:12 PM,03:39:12 PM,0
2110111,,HALEELLS,0,1730230786,1730230786,03:39:46 PM,03:39:46 PM,0
2110111,,HAMIHALE,0,1730230826,1730230826,03:40:26 PM,03:40:26 PM,0
2110111,,HAMIHIG2,0,1730230860,1730230860,03:41:00 PM,03:41:00 PM,0
2110111,,HAMIGIL2,0,1730230882,1730230882,03:41:22 PM,03:41:22 PM,0
2110111,,HAMIEAST,0,1730230974,1730230974,03:42:54 PM,03:42:54 PM,0
2110111,,HAMISJU2,0,1730231053,1730231053,03:44:13 PM,03:44:13 PM,0
2110111,,HAMIELM,0,1730231115,1730231115,03:45:15 PM,03:45:15 PM,0
2110111,,HAMIEGE2,0,1730231206,1730231206,03:46:46 PM,03:46:46 PM,0
2110111,,HAMISAC2,0,1730231280,1730231280,03:48:00 PM,03:48:00 PM,0
2110111,,HAMIREC2,0,1730231343,1730231343,03:49:03 PM,03:49:03 PM,0
2110111,,HAMILTGR,0,1730231402,1730231402,03:50:02 PM,03:50:02 PM,0
2110111,,HAMIADE2,0,1730231460,1730231460,03:51:00 PM,03:51:00 PM,0
2110111,,HAMIWIL2,0,1730231507,1730231507,03:51:47 PM,03:51:47 PM,0
2110111,,HORTHAMI,0,1730231554,1730231554,03:52:34 PM,03:52:34 PM,0
2110111,,HORTCOL1,0,1730231609,1730231609,03:53:29 PM,03:53:29 PM,0
2110111,,HORTWAT2,,,,,,
2110111,,WELLHOR1,,,,,,
2110111,,WELLYOR1,,,,,,
2110111,,WELLDUN3,,,,,,
2110111,,QUEECLAR,0,1730231937,1730231937,03:58:57 PM,03:58:57 PM,0
2110111,,QUEERIC1,0,1730232000,1730232000,04:00:00 PM,04:00:00 PM,0
2110111,,QUEERIC1,0,1730232000,1730232000,04:00:00 PM,04:00:00 PM,0
2110111,,RIDOYORK,0,1730232188,1730232188,04:03:08 PM,04:03:08 PM,0
2110111,,YORKTHA2,0,1730232247,1730232247,04:04:07 PM,04:04:07 PM,0
2110111,,HORTWHA2,0,1730232435,1730232435,04:07:15 PM,04:07:15 PM,0
2110111,,HORTWHA4,0,1730232480,1730232480,04:08:00 PM,04:08:00 PM,0
2110111,,HORTSPRI,0,1730232546,1730232546,04:09:06 PM,04:09:06 PM,0
2110111,,SPRIGRE2,0,1730232586,1730232586,04:09:46 PM,04:09:46 PM,0
2110111,,SPRIFORH,0,1730232621,1730232621,04:10:21 PM,04:10:21 PM,0
2110111,,SPRICHEL,0,1730232669,1730232669,04:11:09 PM,04:11:09 PM,0
2110111,,SPRIKER2,0,1730232717,1730232717,04:11:57 PM,04:11:57 PM,0
2110111,,SPRIMAR2,0,1730232756,1730232756,04:12:36 PM,04:12:36 PM,0
2110111,,SPRITROW,0,1730232782,1730232782,04:13:02 PM,04:13:02 PM,0
2110111,,SPRIBER4,0,1730232867,1730232867,04:14:27 PM,04:14:27 PM,0
2110111,,SPRIWON2,0,1730232900,1730232900,04:15:00 PM,04:15:00 PM,0
2110111,,SPRIQUI2,0,1730232939,1730232939,04:15:39 PM,04:15:39 PM,0
2110111,,SPRIJAR2,0,1730232977,1730232977,04:16:17 PM,04:16:17 PM,0
2110111,,SPRIHIC2,0,1730233000,1730233000,04:16:40 PM,04:16:40 PM,0
2110111,,SPRIWES4,0,1730233098,1730233098,04:18:18 PM,04:18:18 PM,0
2110111,,SPRICOM2,0,1730233126,1730233126,04:18:46 PM,04:18:46 PM,0
2110111,,COMMSPR2,0,1730233157,1730233157,04:19:17 PM,04:19:17 PM,0
2110111,,COMMNOR2,0,1730233193,1730233193,04:19:53 PM,04:19:53 PM,0
2110111,,COMMLYN4,0,1730233233,1730233233,04:20:33 PM,04:20:33 PM,0
2110111,,COMMSPR4,0,1730233252,1730233252,04:20:52 PM,04:20:52 PM,0
2110111,,COMMBOL2,0,1730233283,1730233283,04:21:23 PM,04:21:23 PM,0
2110111,,COMMHAM2,0,1730233320,1730233320,04:22:00 PM,04:22:00 PM,0
2110149,,COMMHAM2,0,1730233320,1730233320,04:22:00 PM,04:22:00 PM,0
2110149,,COMMSTEP,0,1730233383,1730233383,04:23:03 PM,04:23:03 PM,0
2110149,,GRIFCOMM,0,1730233430,1730233430,04:23:50 PM,04:23:50 PM,0
2110149,,GRIFHEMO,0,1730233476,1730233476,04:24:36 PM,04:24:36 PM,0
2110149,,GRIFNORM,0,1730233537,1730233537,04:25:37 PM,04:25:37 PM,0
2110149,,GRIFBBA2,0,1730233613,1730233613,04:26:53 PM,04:26:53 PM,0
2110149,,GRIFFAIR,0,1730233661,1730233661,04:27:41 PM,04:27:41 PM,0
2110149,,GRIFDEA2,0,1730233727,1730233727,04:28:47 PM,04:28:47 PM,0
2110149,,GRIFWIDD,0,1730233754,1730233754,04:29:14 PM,04:29:14 PM,0
2110149,,GRIFROBW,0,1730233814,1730233814,04:30:14 PM,04:30:14 PM,0
2110149,,GRIFBOLE,0,1730233876,1730233876,04:31:16 PM,04:31:16 PM,0
2110149,,BOLEGRIF,0,1730233908,1730233908,04:31:48 PM,04:31:48 PM,0
2110149,,BOLEWAYN,0,1730233968,1730233968,04:32:48 PM,04:32:48 PM,0
2110149,,BOLEBASE,0,1730234041,1730234041,04:34:01 PM,04:34:01 PM,0
2110149,,BOLEGLEN,0,1730234094,1730234094,04:34:54 PM,04:34:54 PM,0
2110149,,BOLECOM1,0,1730234121,1730234121,04:35:21 PM,04:35:21 PM,0
2110149,,COMMBOL1,0,1730234160,1730234160,04:36:00 PM,04:36:00 PM,0
2110149,,COMMBOL1,0,1730234280,1730234280,04:38:00 PM,04:38:00 PM,0
2110149,,COMMSPR1,0,1730234318,1730234318,04:38:38 PM,04:38:38 PM,0
2110149,,COMMNASH,0,1730234361,1730234361,04:39:21 PM,04:39:21 PM,0
2110149,,COMMNOR1,0,1730234391,1730234391,04:39:51 PM,04:39:51 PM,0
2110149,,SPRICOM1,0,1730234449,1730234449,04:40:49 PM,04:40:49 PM,0
2110149,,SPRIWES1,0,1730234480,1730234480,04:41:20 PM,04:41:20 PM,0
2110149,,SPRIWES3,0,1730234522,1730234522,04:42:02 PM,04:42:02 PM,0
2110149,,SPRIHIC1,0,1730234579,1730234579,04:42:59 PM,04:42:59 PM,0
2110149,,SPRIJAR1,0,1730234617,1730234617,04:43:37 PM,04:43:37 PM,0
2110149,,SPRIQUI1,0,1730234645,1730234645,04:44:05 PM,04:44:05 PM,0
2110149,,SPRIWON1,0,1730234700,1730234700,04:45:00 PM,04:45:00 PM,0
2110149,,BERKSPR2,0,1730234743,1730234743,04:45:43 PM,04:45:43 PM,0
2110149,,BERKBER2,0,1730234787,1730234787,04:46:27 PM,04:46:27 PM,0
2110149,,BERKGAR4,0,1730234820,1730234820,04:47:00 PM,04:47:00 PM,0
2110149,,GARDBER1,0,1730234844,1730234844,04:47:24 PM,04:47:24 PM,0
2110149,,GARDSOU3,0,1730234885,1730234885,04:48:05 PM,04:48:05 PM,0
2110149,,GARDRID1,0,1730234928,1730234928,04:48:48 PM,04:48:48 PM,0
2110149,,KERNRID1,0,1730234984,1730234984,04:49:44 PM,04:49:44 PM,0
2110149,,SPRIKER1,0,1730235016,1730235016,04:50:16 PM,04:50:16 PM,0
2110149,,SPRIGROW,0,1730235073,1730235073,04:51:13 PM,04:51:13 PM,0
2110149,,SPRIGRE1,0,1730235151,1730235151,04:52:31 PM,04:52:31 PM,0
2110149,,SPRISPRI,0,1730235207,1730235207,04:53:27 PM,04:53:27 PM,0
2110149,,HORTWHA3,0,1730235296,1730235296,04:54:56 PM,04:54:56 PM,0
2110149,,STANWHAR,0,1730235362,1730235362,04:56:02 PM,04:56:02 PM,0
2110149,,STANPERR,0,1730235388,1730235388,04:56:28 PM,04:56:28 PM,0
2110149,,STANWORT,0,1730235429,1730235429,04:57:09 PM,04:57:09 PM,0
2110149,,YORKTHA1,0,1730235460,1730235460,04:57:40 PM,04:57:40 PM,0
2110149,,RIDOYOR2,0,1730235498,1730235498,04:58:18 PM,04:58:18 PM,0
2110149,,KINGTALB,0,1730235540,1730235540,04:59:00 PM,04:59:00 PM,0
2110149,,KINGRICH,0,1730235600,1730235600,05:00:00 PM,05:00:00 PM,0
2110149,,KINGRICH,0,1730235600,1730235600,05:00:00 PM,05:00:00 PM,0
2110149,,KINGWEL2,0,1730235731,1730235731,05:02:11 PM,05:02:11 PM,0
2110149,,WELLYOR2,,,,,,
2110149,,HORTWELL,,,,,,
2110149,,HORTCOL2,,,,,,
2110149,,HORTMAIT,0,1730236066,1730236066,05:07:46 PM,05:07:46 PM,0
2110149,,HAMIWIL1,0,1730236152,1730236152,05:09:12 PM,05:09:12 PM,0
2110149,,HAMIADE1,0,1730236200,1730236200,05:10:00 PM,05:10:00 PM,0
2110149,,HAMIMAME,0,1730236265,1730236265,05:11:05 PM,05:11:05 PM,0
2110149,,HAMIREC1,0,1730236326,1730236326,05:12:06 PM,05:12:06 PM,0
2110149,,HAMISAC1,0,1730236402,1730236402,05:13:22 PM,05:13:22 PM,0
2110149,,HAMIEGE1,0,1730236446,1730236446,05:14:06 PM,05:14:06 PM,0
2110149,,HAMITENN,0,1730236525,1730236525,05:15:25 PM,05:15:25 PM,0
2110149,,HAMISJU1,0,1730236568,1730236568,05:16:08 PM,05:16:08 PM,0
2110149,,HAMIPILA,0,1730236627,1730236627,05:17:07 PM,05:17:07 PM,0
2110149,,HAMIGIL1,0,1730236695,1730236695,05:18:15 PM,05:18:15 PM,0
2110149,,HAMIHIG1,0,1730236740,1730236740,05:19:00 PM,05:19:00 PM,0
2110149,,HALEHAM2,0,1730236766,1730236766,05:19:26 PM,05:19:26 PM,0
2110149,,HALEMAG2,0,1730236822,1730236822,05:20:22 PM,05:20:22 PM,0
2110149,,TWEEFAI2,0,1730236846,1730236846,05:20:46 PM,05:20:46 PM,0
2110149,,TWEEMAN2,0,1730236884,1730236884,05:21:24 PM,05:21:24 PM,0
2110149,,TWEEBER2,0,1730236904,1730236904,05:21:44 PM,05:21:44 PM,0
2110149,,MANITWE2,0,1730236950,1730236950,05:22:30 PM,05:22:30 PM,0
2110149,,MONTTWE2,0,1730236991,1730236991,05:23:11 PM,05:23:11 PM,0
2110149,,MONTELD2,0,1730237032,1730237032,05:23:52 PM,05:23:52 PM,0
2110149,,GOREVAL2,0,1730237047,1730237047,05:24:07 PM,05:24:07 PM,0
2110149,,GOREBRA2,0,1730237093,1730237093,05:24:53 PM,05:24:53 PM,0
2110149,,GOREFIR2,0,1730237130,1730237130,05:25:30 PM,05:25:30 PM,0
2110149,,CLARGORE,0,1730237205,1730237205,05:26:45 PM,05:26:45 PM,0
2110149,,CLARFIS1,0,1730237226,1730237226,05:27:06 PM,05:27:06 PM,0
2110149,,CLARCHA3,0,1730237293,1730237293,05:28:13 PM,05:28:13 PM,0
2110149,,CLARCHA1,0,1730237340,1730237340,05:29:00 PM,05:29:00 PM,0
2110149,,CLARTRA1,0,1730237391,1730237391,05:29:51 PM,05:29:51 PM,0
2110149,,CLARROY1,0,1730237453,1730237453,05:30:53 PM,05:30:53 PM,0
2110149,,CLARROY3,0,1730237485,1730237485,05:31:25 PM,05:31:25 PM,0
2110149,,CLARWAV1,0,1730237510,1730237510,05:31:50 PM,05:31:50 PM,0
2110149,,CLARCHU1,0,1730237549,1730237549,05:32:29 PM,05:32:29 PM,0
2110149,,ARGYMAL1,0,1730237640,1730237640,05:34:00 PM,05:34:00 PM,0
2110039,,ARGYMAL1,0,1730238000,1730238000,05:40:00 PM,05:40:00 PM,0
2110039,,CLARCHU2,0,1730238051,1730238051,05:40:51 PM,05:40:51 PM,0
2110039,,CLARWAV2,0,1730238086,1730238086,05:41:26 PM,05:41:26 PM,0
2110039,,CLARROY2,0,1730238105,1730238105,05:41:45 PM,05:41:45 PM,0
2110039,,CLARSUD2,0,1730238147,1730238147,05:42:27 PM,05:42:27 PM,0
2110039,,CLARTRA2,0,1730238161,1730238161,05:42:41 PM,05:42:41 PM,0
2110039,,CLARTRA4,0,1730238192,1730238192,05:43:12 PM,05:43:12 PM,0
2110039,,CLARCHA2,0,1730238234,1730238234,05:43:54 PM,05:43:54 PM,0
2110039,,CLARFIS2,0,1730238300,1730238300,05:45:00 PM,05:45:00 PM,0
2110039,,CLARGOR2,0,1730238342,1730238342,05:45:42 PM,05:45:42 PM,0
2110039,,CLARBAY1,0,1730238377,1730238377,05:46:17 PM,05:46:17 PM,0
2110039,,CLARPEN1,0,1730238424,1730238424,05:47:04 PM,05:47:04 PM,0
2110039,,HAMIGOR1,0,1730238501,1730238501,05:48:21 PM,05:48:21 PM,0
2110039,,HAMICRI1,0,1730238542,1730238542,05:49:02 PM,05:49:02 PM,0
2110039,,HAMIRIV2,0,1730238600,1730238600,05:50:00 PM,05:50:00 PM,0
2110039,,HAMIBRA2,0,1730238657,1730238657,05:50:57 PM,05:50:57 PM,0
2110039,,HAMIOAKL,0,1730238690,1730238690,05:51:30 PM,05:51:30 PM,0
2110039,,HAMIVALL,0,1730238730,1730238730,05:52:10 PM,05:52:10 PM,0
2110039,,HAMIWAT2,0,1730238803,1730238803,05:53:23 PM,05:53:23 PM,0
2110039,,HAMIYMCA,0,1730238843,1730238843,05:54:03 PM,05:54:03 PM,0
2110039,,HAMIFAI1,0,1730238893,1730238893,05:54:53 PM,05:54:53 PM,0
2110039,,HAMIHALE,0,1730238924,1730238924,05:55:24 PM,05:55:24 PM,0
2110039,,HAMIHIG2,0,1730238960,1730238960,05:56:00 PM,05:56:00 PM,0
2110039,,HAMIGIL2,0,1730238979,1730238979,05:56:19 PM,05:56:19 PM,0
2110039,,HAMIEAST,0,1730239058,1730239058,05:57:38 PM,05:57:38 PM,0
2110039,,HAMISJU2,0,1730239126,1730239126,05:58:46 PM,05:58:46 PM,0
2110039,,HAMIELM,0,1730239179,1730239179,05:59:39 PM,05:59:39 PM,0
2110039,,HAMIEGE2,0,1730239257,1730239257,06:00:57 PM,06:00:57 PM,0
2110039,,HAMISAC2,0,1730239320,1730239320,06:02:00 PM,06:02:00 PM,0
2110039,,HAMIREC2,0,1730239362,1730239362,06:02:42 PM,06:02:42 PM,0
2110039,,HAMILTGR,0,1730239401,1730239401,06:03:21 PM,06:03:21 PM,0
2110039,,HAMIADE2,0,1730239440,1730239440,06:04:00 PM,06:04:00 PM,0
2110039,,HAMIWIL2,0,1730239479,1730239479,06:04:39 PM,06:04:39 PM,0
2110039,,HORTHAMI,0,1730239518,1730239518,06:05:18 PM,06:05:18 PM,0
2110039,,HORTCOL1,0,1730239564,1730239564,06:06:04 PM,06:06:04 PM,0
2110039,,HORTWAT2,,,,,,
2110039,,WELLHOR1,,,,,,
2110039,,WELLYOR1,,,,,,
2110039,,WELLDUN3,,,,,,
2110039,,WELLDUN3,,,,,,
2110039,,QUEECLAR,0,1730239832,1730239832,06:10:32 PM,06:10:32 PM,0
2110039,,RICHQUE2,0,1730239920,1730239920,06:12:00 PM,06:12:00 PM,0
2110075,,RICHQUE2,0,1730239920,1730239920,06:12:00 PM,06:12:00 PM,0
2110075,,KINGRICH,0,1730239980,1730239980,06:13:00 PM,06:13:00 PM,0
2110075,,KINGWEL2,0,1730240111,1730240111,06:15:11 PM,06:15:11 PM,0
2110075,,WELLYOR2,,,,,,
2110075,,HORTWELL,,,,,,
2110075,,HORTCOL2,,,,,,
2110075,,HORTMAIT,0,1730240364,1730240364,06:19:24 PM,06:19:24 PM,0
2110075,,HAMIWIL1,0,1730240425,1730240425,06:20:25 PM,06:20:25 PM,0
2110075,,HAMIADE1,0,1730240460,1730240460,06:21:00 PM,06:21:00 PM,0
2110075,,HAMIMAME,0,1730240517,1730240517,06:21:57 PM,06:21:57 PM,0
2110075,,HAMIREC1,0,1730240571,1730240571,06:22:51 PM,06:22:51 PM,0
2110075,,HAMISAC1,0,1730240639,1730240639,06:23:59 PM,06:23:59 PM,0
2110075,,HAMIEGE1,0,1730240678,1730240678,06:24:38 PM,06:24:38 PM,0
2110075,,HAMITENN,0,1730240748,1730240748,06:25:48 PM,06:25:48 PM,0
2110075,,HAMISJU1,0,1730240786,1730240786,06:26:26 PM,06:26:26 PM,0
2110075,,HAMIPILA,0,1730240839,1730240839,06:27:19 PM,06:27:19 PM,0
2110075,,HAMIGIL1,0,1730240900,1730240900,06:28:20 PM,06:28:20 PM,0
2110075,,HAMIHIG1,0,1730240940,1730240940,06:29:00 PM,06:29:00 PM,0
2110075,,HAMIHIG1,0,1730240940,1730240940,06:29:00 PM,06:29:00 PM,0
2110075,,HAMINORL,0,1730240953,1730240953,06:29:13 PM,06:29:13 PM,0
2110075,,HAMIMEA1,0,1730240986,1730240986,06:29:46 PM,06:29:46 PM,0
2110075,,HAMIMEA3,0,1730240999,1730240999,06:29:59 PM,06:29:59 PM,0
2110075,,HAMIWATM,0,1730241028,1730241028,06:30:28 PM,06:30:28 PM,0
2110075,,HAMIGORE,0,1730241065,1730241065,06:31:05 PM,06:31:05 PM,0
2110075,,HAMIBRA3,0,1730241095,1730241095,06:31:35 PM,06:31:35 PM,0
2110075,,HAMIBRA1,0,1730241119,1730241119,06:31:59 PM,06:31:59 PM,0
2110075,,HAMIRIRU,0,1730241150,1730241150,06:32:30 PM,06:32:30 PM,0
2110075,,HAMICRI2,0,1730241196,1730241196,06:33:16 PM,06:33:16 PM,0
2110075,,HAMICLA1,0,1730241238,1730241238,06:33:58 PM,06:33:58 PM,0
2110075,,CLARPEN2,0,1730241292,1730241292,06:34:52 PM,06:34:52 PM,0
2110075,,CLARBAY2,0,1730241326,1730241326,06:35:26 PM,06:35:26 PM,0
2110075,,CLARGORE,0,1730241367,1730241367,06:36:07 PM,06:36:07 PM,0
2110075,,CLARFIS1,0,1730241384,1730241384,06:36:24 PM,06:36:24 PM,0
2110075,,CLARCHA3,0,1730241439,1730241439,06:37:19 PM,06:37:19 PM,0
2110075,,CLARCHA1,0,1730241480,1730241480,06:38:00 PM,06:38:00 PM,0
2110075,,CLARTRA1,0,1730241531,1730241531,06:38:51 PM,06:38:51 PM,0
2110075,,CLARROY1,0,1730241593,1730241593,06:39:53 PM,06:39:53 PM,0
2110075,,CLARROY3,0,1730241625,1730241625,06:40:25 PM,06:40:25 PM,0
2110075,,CLARWAV1,0,1730241650,1730241650,06:40:50 PM,06:40:50 PM,0
2110075,,CLARCHU1,0,1730241689,1730241689,06:41:29 PM,06:41:29 PM,0
2110075,,ARGYMAL1,0,1730241780,1730241780,06:43:00 PM,06:43:00 PM,0
2110118,,ARGYMAL1,0,1730242200,1730242200,06:50:00 PM,06:50:00 PM,0
2110118,,CLARCHU2,0,1730242253,1730242253,06:50:53 PM,06:50:53 PM,0
2110118,,CLARWAV2,0,1730242290,1730242290,06:51:30 PM,06:51:30 PM,0
2110118,,CLARROY2,0,1730242309,1730242309,06:51:49 PM,06:51:49 PM,0
2110118,,CLARTRA2,0,1730242368,1730242368,06:52:48 PM,06:52:48 PM,0
2110118,,CLARTRA4,0,1730242401,1730242401,06:53:21 PM,06:53:21 PM,0
2110118,,CLARCHA2,0,1730242445,1730242445,06:54:05 PM,06:54:05 PM,0
2110118,,CLARFIS2,0,1730242514,1730242514,06:55:14 PM,06:55:14 PM,0
2110118,,CLARGOR2,0,1730242560,1730242560,06:56:00 PM,06:56:00 PM,0
2110118,,GOREFIRE,0,1730242625,1730242625,06:57:05 PM,06:57:05 PM,0
2110118,,GOREBRAE,0,1730242654,1730242654,06:57:34 PM,06:57:34 PM,0
2110118,,MONTGORE,0,1730242723,1730242723,06:58:43 PM,06:58:43 PM,0
2110118,,MONTFUND,0,1730242742,1730242742,06:59:02 PM,06:59:02 PM,0
2110118,,MONTTWEE,0,1730242762,1730242762,06:59:22 PM,06:59:22 PM,0
2110118,,MANITWEE,0,1730242812,1730242812,07:00:12 PM,07:00:12 PM,0
2110118,,TWEECOU2,0,1730242836,1730242836,07:00:36 PM,07:00:36 PM,0
2110118,,TWEECOU4,0,1730242862,1730242862,07:01:02 PM,07:01:02 PM,0
2110118,,TWEEELLE,0,1730242885,1730242885,07:01:25 PM,07:01:25 PM,0
2110118,,TWEEHALE,0,1730242922,1730242922,07:02:02 PM,07:02:02 PM,0
2110118,,HALEMAGE,0,1730242943,1730242943,07:02:23 PM,07:02:23 PM,0
2110118,,HALEELLS,0,1730242973,1730242973,07:02:53 PM,07:02:53 PM,0
2110118,,HAMIHALE,0,1730243009,1730243009,07:03:29 PM,07:03:29 PM,0
2110118,,HAMIHIG2,0,1730243040,1730243040,07:04:00 PM,07:04:00 PM,0
2110118,,HAMIGIL2,0,1730243059,1730243059,07:04:19 PM,07:04:19 PM,0
2110118,,HAMIEAST,0,1730243138,1730243138,07:05:38 PM,07:05:38 PM,0
2110118,,HAMISJU2,0,1730243206,1730243206,07:06:46 PM,07:06:46 PM,0
2110118,,HAMIELM,0,1730243259,1730243259,07:07:39 PM,07:07:39 PM,0
2110118,,HAMIEGE2,0,1730243337,1730243337,07:08:57 PM,07:08:57 PM,0
2110118,,HAMISAC2,0,1730243400,1730243400,07:10:00 PM,07:10:00 PM,0
2110118,,HAMIREC2,0,1730243442,1730243442,07:10:42 PM,07:10:42 PM,0
2110118,,HAMILTGR,0,1730243481,1730243481,07:11:21 PM,07:11:21 PM,0
2110118,,HAMIADE2,0,1730243520,1730243520,07:12:00 PM,07:12:00 PM,0
2110118,,HAMIWIL2,0,1730243559,1730243559,07:12:39 PM,07:12:39 PM,0
2110118,,HORTHAMI,0,1730243598,1730243598,07:13:18 PM,07:13:18 PM,0
2110118,,HORTCOL1,0,1730243644,1730243644,07:14:04 PM,07:14:04 PM,0
2110118,,HORTWAT2,,,,,,
2110118,,WELLHOR1,,,,,,
2110118,,WELLYOR1,,,,,,
2110118,,WELLDUN3,,,,,,
2110118,,QUEECLAR,0,1730243937,1730243937,07:18:57 PM,07:18:57 PM,0
2110118,,QUEERIC1,0,1730244000,1730244000,07:20:00 PM,07:20:00 PM,0
2110118,,QUEERIC1,0,1730244000,1730244000,07:20:00 PM,07:20:00 PM,0
2110118,,RIDOYORK,0,1730244141,1730244141,07:22:21 PM,07:22:21 PM,0
2110118,,YORKTHA2,0,1730244185,1730244185,07:23:05 PM,07:23:05 PM,0
2110118,,HORTWHA2,0,1730244326,1730244326,07:25:26 PM,07:25:26 PM,0
2110118,,HORTWHA4,0,1730244360,1730244360,07:26:00 PM,07:26:00 PM,0
2110118,,HORTSPRI,0,1730244417,1730244417,07:26:57 PM,07:26:57 PM,0
2110118,,SPRIGRE2,0,1730244451,1730244451,07:27:31 PM,07:27:31 PM,0
2110118,,SPRIFORH,0,1730244481,1730244481,07:28:01 PM,07:28:01 PM,0
2110118,,SPRICHEL,0,1730244522,1730244522,07:28:42 PM,07:28:42 PM,0
2110118,,SPRIKER2,0,1730244563,1730244563,07:29:23 PM,07:29:23 PM,0
2110118,,SPRIMAR2,0,1730244597,1730244597,07:29:57 PM,07:29:57 PM,0
2110118,,SPRITROW,0,1730244619,1730244619,07:30:19 PM,07:30:19 PM,0
2110118,,SPRIBER4,0,1730244692,1730244692,07:31:32 PM,07:31:32 PM,0
2110118,,SPRIWON2,0,1730244720,1730244720,07:32:00 PM,07:32:00 PM,0
2110118,,SPRIQUI2,0,1730244753,1730244753,07:32:33 PM,07:32:33 PM,0
2110118,,SPRIJAR2,0,1730244786,1730244786,07:33:06 PM,07:33:06 PM,0
2110118,,SPRIHIC2,0,1730244806,1730244806,07:33:26 PM,07:33:26 PM,0
2110118,,SPRIWES4,0,1730244890,1730244890,07:34:50 PM,07:34:50 PM,0
2110118,,SPRICOM2,0,1730244914,1730244914,07:35:14 PM,07:35:14 PM,0
2110118,,COMMSPR2,0,1730244941,1730244941,07:35:41 PM,07:35:41 PM,0
2110118,,COMMNOR2,0,1730244972,1730244972,07:36:12 PM,07:36:12 PM,0
2110118,,COMMLYN4,0,1730245006,1730245006,07:36:46 PM,07:36:46 PM,0
2110118,,COMMSPR4,0,1730245022,1730245022,07:37:02 PM,07:37:02 PM,0
2110118,,COMMBOL2,0,1730245048,1730245048,07:37:28 PM,07:37:28 PM,0
2110118,,COMMHAM2,0,1730245080,1730245080,07:38:00 PM,07:38:00 PM,0
2110158,,COMMHAM2,0,1730245080,1730245080,07:38:00 PM,07:38:00 PM,0
2110158,,COMMSTEP,0,1730245129,1730245129,07:38:49 PM,07:38:49 PM,0
2110158,,GRIFCOMM,0,1730245166,1730245166,07:39:26 PM,07:39:26 PM,0
2110158,,GRIFHEMO,0,1730245202,1730245202,07:40:02 PM,07:40:02 PM,0
2110158,,GRIFNORM,0,1730245250,1730245250,07:40:50 PM,07:40:50 PM,0
2110158,,GRIFBBA2,0,1730245310,1730245310,07:41:50 PM,07:41:50 PM,0
2110158,,GRIFFAIR,0,1730245347,1730245347,07:42:27 PM,07:42:27 PM,0
2110158,,GRIFDEA2,0,1730245399,1730245399,07:43:19 PM,07:43:19 PM,0
2110158,,GRIFWIDD,0,1730245420,1730245420,07:43:40 PM,07:43:40 PM,0
2110158,,GRIFROBW,0,1730245467,1730245467,07:44:27 PM,07:44:27 PM,0
2110158,,GRIFBOLE,0,1730245515,1730245515,07:45:15 PM,07:45:15 PM,0
2110158,,BOLEGRIF,0,1730245540,1730245540,07:45:40 PM,07:45:40 PM,0
2110158,,BOLEWAYN,0,1730245587,1730245587,07:46:27 PM,07:46:27 PM,0
2110158,,BOLEBASE,0,1730245644,1730245644,07:47:24 PM,07:47:24 PM,0
2110158,,BOLEGLEN,0,1730245685,1730245685,07:48:05 PM,07:48:05 PM,0
2110158,,BOLECOM1,0,1730245706,1730245706,07:48:26 PM,07:48:26 PM,0
2110158,,COMMBOL1,0,1730245740,1730245740,07:49:00 PM,07:49:00 PM,0
2110158,,COMMBOL1,0,1730245920,1730245920,07:52:00 PM,07:52:00 PM,0
2110158,,COMMSPR1,0,1730245952,1730245952,07:52:32 PM,07:52:32 PM,0
2110158,,COMMNASH,0,1730245988,1730245988,07:53:08 PM,07:53:08 PM,0
2110158,,COMMNOR1,0,1730246014,1730246014,07:53:34 PM,07:53:34 PM,0
2110158,,SPRICOM1,0,1730246064,1730246064,07:54:24 PM,07:54:24 PM,0
2110158,,SPRIWES1,0,1730246090,1730246090,07:54:50 PM,07:54:50 PM,0
2110158,,SPRIWES3,0,1730246126,1730246126,07:55:26 PM,07:55:26 PM,0
2110158,,SPRIHIC1,0,1730246174,1730246174,07:56:14 PM,07:56:14 PM,0
2110158,,SPRIJAR1,0,1730246206,1730246206,07:56:46 PM,07:56:46 PM,0
2110158,,SPRIQUI1,0,1730246230,1730246230,07:57:10 PM,07:57:10 PM,0
2110158,,SPRIWON1,0,1730246280,1730246280,07:58:00 PM,07:58:00 PM,0
2110158,,SPRIBER1,0,1730246307,1730246307,07:58:27 PM,07:58:27 PM,0
2110158,,SPRIBER3,0,1730246357,1730246357,07:59:17 PM,07:59:17 PM,0
2110158,,SPRIMAR1,0,1730246405,1730246405,08:00:05 PM,08:00:05 PM,0
2110158,,SPRIKER1,0,1730246462,1730246462,08:01:02 PM,08:01:02 PM,0
2110158,,SPRIGROW,0,1730246515,1730246515,08:01:55 PM,08:01:55 PM,0
2110158,,SPRIGRE1,0,1730246587,1730246587,08:03:07 PM,08:03:07 PM,0
2110158,,SPRISPRI,0,1730246639,1730246639,08:03:59 PM,08:03:59 PM,0
2110158,,HORTWHA3,0,1730246721,1730246721,08:05:21 PM,08:05:21 PM,0
2110158,,STANWHAR,0,1730246781,1730246781,08:06:21 PM,08:06:21 PM,0
2110158,,STANPERR,0,1730246805,1730246805,08:06:45 PM,08:06:45 PM,0
2110158,,STANWORT,0,1730246842,1730246842,08:07:22 PM,08:07:22 PM,0
2110158,,YORKTHA1,0,1730246871,1730246871,08:07:51 PM,08:07:51 PM,0
2110158,,RIDOYOR2,0,1730246906,1730246906,08:08:26 PM,08:08:26 PM,0
2110158,,KINGTALB,0,1730246945,1730246945,08:09:05 PM,08:09:05 PM,0
2110158,,KINGRICH,0,1730247000,1730247000,08:10:00 PM,08:10:00 PM,0
2110158,,KINGRICH,0,1730247000,1730247000,08:10:00 PM,08:10:00 PM,0
2110158,,KINGWEL2,0,1730247131,1730247131,08:12:11 PM,08:12:11 PM,0
2110158,,WELLYOR2,,,,,,
2110158,,HORTWELL,,,,,,
2110158,,HORTCOL2,,,,,,
2110158,,HORTMAIT,0,1730247384,1730247384,08:16:24 PM,08:16:24 PM,0
2110158,,HAMIWIL1,0,1730247445,1730247445,08:17:25 PM,08:17:25 PM,0
2110158,,HAMIADE1,0,1730247480,1730247480,08:18:00 PM,08:18:00 PM,0
2110158,,HAMIMAME,0,1730247537,1730247537,08:18:57 PM,08:18:57 PM,0
2110158,,HAMIREC1,0,1730247591,1730247591,08:19:51 PM,08:19:51 PM,0
2110158,,HAMISAC1,0,1730247659,1730247659,08:20:59 PM,08:20:59 PM,0
2110158,,HAMIEGE1,0,1730247698,1730247698,08:21:38 PM,08:21:38 PM,0
2110158,,HAMITENN,0,1730247768,1730247768,08:22:48 PM,08:22:48 PM,0
2110158,,HAMISJU1,0,1730247806,1730247806,08:23:26 PM,08:23:26 PM,0
2110158,,HAMIPILA,0,1730247859,1730247859,08:24:19 PM,08:24:19 PM,0
2110158,,HAMIGIL1,0,1730247920,1730247920,08:25:20 PM,08:25:20 PM,0
2110158,,HAMIHIG1,0,1730247960,1730247960,08:26:00 PM,08:26:00 PM,0
2110158,,HALEHAM2,0,1730247983,1730247983,08:26:23 PM,08:26:23 PM,0
2110158,,HALEMAG2,0,1730248033,1730248033,08:27:13 PM,08:27:13 PM,0
2110158,,TWEEFAI2,0,1730248055,1730248055,08:27:35 PM,08:27:35 PM,0
2110158,,TWEEMAN2,0,1730248089,1730248089,08:28:09 PM,08:28:09 PM,0
2110158,,TWEEBER2,0,1730248107,1730248107,08:28:27 PM,08:28:27 PM,0
2110158,,MANITWE2,0,1730248149,1730248149,08:29:09 PM,08:29:09 PM,0
2110158,,MONTTWE2,0,1730248186,1730248186,08:29:46 PM,08:29:46 PM,0
2110158,,MONTELD2,0,1730248223,1730248223,08:30:23 PM,08:30:23 PM,0
2110158,,GOREVAL2,0,1730248236,1730248236,08:30:36 PM,08:30:36 PM,0
2110158,,GOREBRA2,0,1730248277,1730248277,08:31:17 PM,08:31:17 PM,0
2110158,,GOREFIR2,0,1730248310,1730248310,08:31:50 PM,08:31:50 PM,0
2110158,,CLARGORE,0,1730248378,1730248378,08:32:58 PM,08:32:58 PM,0
2110158,,CLARFIS1,0,1730248397,1730248397,08:33:17 PM,08:33:17 PM,0
2110158,,CLARCHA3,0,1730248458,1730248458,08:34:18 PM,08:34:18 PM,0
2110158,,CLARCHA1,0,1730248500,1730248500,08:35:00 PM,08:35:00 PM,0
2110158,,CLARTRA1,0,1730248551,1730248551,08:35:51 PM,08:35:51 PM,0
2110158,,CLARROY1,0,1730248613,1730248613,08:36:53 PM,08:36:53 PM,0
2110158,,CLARROY3,0,1730248645,1730248645,08:37:25 PM,08:37:25 PM,0
2110158,,CLARWAV1,0,1730248670,1730248670,08:37:50 PM,08:37:50 PM,0
2110158,,CLARCHU1,0,1730248709,1730248709,08:38:29 PM,08:38:29 PM,0
2110158,,ARGYMAL1,0,1730248800,1730248800,08:40:00 PM,08:40:00 PM,0
2110046,,ARGYMAL1,0,1730248800,1730248800,08:40:00 PM,08:40:00 PM,0
2110046,,CLARCHU2,0,1730248845,1730248845,08:40:45 PM,08:40:45 PM,0
2110046,,CLARWAV2,0,1730248877,1730248877,08:41:17 PM,08:41:17 PM,0
2110046,,CLARROY2,0,1730248894,1730248894,08:41:34 PM,08:41:34 PM,0
2110046,,CLARSUD2,0,1730248932,1730248932,08:42:12 PM,08:42:12 PM,0
2110046,,CLARTRA2,0,1730248944,1730248944,08:42:24 PM,08:42:24 PM,0
2110046,,CLARTRA4,0,1730248972,1730248972,08:42:52 PM,08:42:52 PM,0
2110046,,CLARCHA2,0,1730249010,1730249010,08:43:30 PM,08:43:30 PM,0
2110046,,CLARFIS2,0,1730249070,1730249070,08:44:30 PM,08:44:30 PM,0
2110046,,CLARGOR2,0,1730249107,1730249107,08:45:07 PM,08:45:07 PM,0
2110046,,CLARBAY1,0,1730249138,1730249138,08:45:38 PM,08:45:38 PM,0
2110046,,CLARPEN1,0,1730249180,1730249180,08:46:20 PM,08:46:20 PM,0
2110046,,HAMIGOR1,0,1730249249,1730249249,08:47:29 PM,08:47:29 PM,0
2110046,,HAMICRI1,0,1730249286,1730249286,08:48:06 PM,08:48:06 PM,0
2110046,,HAMIRIV2,0,1730249340,1730249340,08:49:00 PM,08:49:00 PM,0
2110046,,HAMIBRA2,0,1730249388,1730249388,08:49:48 PM,08:49:48 PM,0
2110046,,HAMIOAKL,0,1730249415,1730249415,08:50:15 PM,08:50:15 PM,0
2110046,,HAMIVALL,0,1730249448,1730249448,08:50:48 PM,08:50:48 PM,0
2110046,,HAMIWAT2,0,1730249509,1730249509,08:51:49 PM,08:51:49 PM,0
2110046,,HAMIYMCA,0,1730249542,1730249542,08:52:22 PM,08:52:22 PM,0
2110046,,HAMIFAI1,0,1730249584,1730249584,08:53:04 PM,08:53:04 PM,0
2110046,,HAMIHALE,0,1730249610,1730249610,08:53:30 PM,08:53:30 PM,0
2110046,,HAMIHIG2,0,1730249640,1730249640,08:54:00 PM,08:54:00 PM,0
2110046,,HAMIGIL2,0,1730249659,1730249659,08:54:19 PM,08:54:19 PM,0
2110046,,HAMIEAST,0,1730249738,1730249738,08:55:38 PM,08:55:38 PM,0
2110046,,HAMISJU2,0,1730249806,1730249806,08:56:46 PM,08:56:46 PM,0
2110046,,HAMIELM,0,1730249859,1730249859,08:57:39 PM,08:57:39 PM,0
2110046,,HAMIEGE2,0,1730249937,1730249937,08:58:57 PM,08:58:57 PM,0
2110046,,HAMISAC2,0,1730250000,1730250000,09:00:00 PM,09:00:00 PM,0
2110046,,HAMIREC2,0,1730250042,1730250042,09:00:42 PM,09:00:42 PM,0
2110046,,HAMILTGR,0,1730250081,1730250081,09:01:21 PM,09:01:21 PM,0
2110046,,HAMIADE2,0,1730250120,1730250120,09:02:00 PM,09:02:00 PM,0
2110046,,HAMIWIL2,0,1730250159,1730250159,09:02:39 PM,09:02:39 PM,0
2110046,,HORTHAMI,0,1730250198,1730250198,09:03:18 PM,09:03:18 PM,0
2110046,,HORTCOL1,0,1730250244,1730250244,09:04:04 PM,09:04:04 PM,0
2110046,,HORTWAT2,,,,,,
2110046,,WELLHOR1,,,,,,
2110046,,WELLYOR1,,,,,,
2110046,,WELLDUN3,,,,,,
2110046,,WELLDUN3,,,,,,
2110046,,QUEECLAR,0,1730250512,1730250512,09:08:32 PM,09:08:32 PM,0
2110046,,RICHQUE2,0,1730250600,1730250600,09:10:00 PM,09:10:00 PM,0
2110084,,RICHQUE2,0,1730250600,1730250600,09:10:00 PM,09:10:00 PM,0
2110084,,KINGRICH,0,1730250660,1730250660,09:11:00 PM,09:11:00 PM,0
2110084,,KINGWEL2,0,1730250791,1730250791,09:13:11 PM,09:13:11 PM,0
2110084,,WELLYOR2,,,,,,
2110084,,HORTWELL,,,,,,
2110084,,HORTCOL2,,,,,,
2110084,,HORTMAIT,0,1730251003,1730251003,09:16:43 PM,09:16:43 PM,0
2110084,,HAMIWIL1,0,1730251052,1730251052,09:17:32 PM,09:17:32 PM,0
2110084,,HAMIADE1,0,1730251080,1730251080,09:18:00 PM,09:18:00 PM,0
2110084,,HAMIMAME,0,1730251130,1730251130,09:18:50 PM,09:18:50 PM,0
2110084,,HAMIREC1,0,1730251178,1730251178,09:19:38 PM,09:19:38 PM,0
2110084,,HAMISAC1,0,1730251237,1730251237,09:20:37 PM,09:20:37 PM,0
2110084,,HAMIEGE1,0,1730251271,1730251271,09:21:11 PM,09:21:11 PM,0
2110084,,HAMITENN,0,1730251332,1730251332,09:22:12 PM,09:22:12 PM,0
2110084,,HAMISJU1,0,1730251365,1730251365,09:22:45 PM,09:22:45 PM,0
2110084,,HAMIPILA,0,1730251411,1730251411,09:23:31 PM,09:23:31 PM,0
2110084,,HAMIGIL1,0,1730251464,1730251464,09:24:24 PM,09:24:24 PM,0
2110084,,HAMIHIG1,0,1730251500,1730251500,09:25:00 PM,09:25:00 PM,0
2110084,,HAMIHIG1,0,1730251500,1730251500,09:25:00 PM,09:25:00 PM,0
2110084,,HAMINORL,0,1730251513,1730251513,09:25:13 PM,09:25:13 PM,0
2110084,,HAMIMEA1,0,1730251546,1730251546,09:25:46 PM,09:25:46 PM,0
2110084,,HAMIMEA3,0,1730251559,1730251559,09:25:59 PM,09:25:59 PM,0
2110084,,HAMIWATM,0,1730251588,1730251588,09:26:28 PM,09:26:28 PM,0
2110084,,HAMIGORE,0,1730251625,1730251625,09:27:05 PM,09:27:05 PM,0
2110084,,HAMIBRA3,0,1730251655,1730251655,09:27:35 PM,09:27:35 PM,0
2110084,,HAMIBRA1,0,1730251679,1730251679,09:27:59 PM,09:27:59 PM,0
2110084,,HAMIRIRU,0,1730251710,1730251710,09:28:30 PM,09:28:30 PM,0
2110084,,HAMICRI2,0,1730251756,1730251756,09:29:16 PM,09:29:16 PM,0
2110084,,HAMICLA1,0,1730251798,1730251798,09:29:58 PM,09:29:58 PM,0
2110084,,CLARPEN2,0,1730251852,1730251852,09:30:52 PM,09:30:52 PM,0
2110084,,CLARBAY2,0,1730251886,1730251886,09:31:26 PM,09:31:26 PM,0
2110084,,CLARGORE,0,1730251927,1730251927,09:32:07 PM,09:32:07 PM,0
2110084,,CLARFIS1,0,1730251944,1730251944,09:32:24 PM,09:32:24 PM,0
2110084,,CLARCHA3,0,1730251999,1730251999,09:33:19 PM,09:33:19 PM,0
2110084,,CLARCHA1,0,1730252040,1730252040,09:34:00 PM,09:34:00 PM,0
2110084,,CLARTRA1,0,1730252091,1730252091,09:34:51 PM,09:34:51 PM,0
2110084,,CLARROY1,0,1730252153,1730252153,09:35:53 PM,09:35:53 PM,0
2110084,,CLARROY3,0,1730252185,1730252185,09:36:25 PM,09:36:25 PM,0
2110084,,CLARWAV1,0,1730252210,1730252210,09:36:50 PM,09:36:50 PM,0
2110084,,CLARCHU1,0,1730252249,1730252249,09:37:29 PM,09:37:29 PM,0
2110084,,ARGYMAL1,0,1730252340,1730252340,09:39:00 PM,09:39:00 PM,0
2110124,,ARGYMAL1,0,1730253000,1730253000,09:50:00 PM,09:50:00 PM,0
2110124,,CLARCHU2,0,1730253044,1730253044,09:50:44 PM,09:50:44 PM,0
2110124,,CLARWAV2,0,1730253074,1730253074,09:51:14 PM,09:51:14 PM,0
2110124,,CLARROY2,0,1730253090,1730253090,09:51:30 PM,09:51:30 PM,0
2110124,,CLARTRA2,0,1730253139,1730253139,09:52:19 PM,09:52:19 PM,0
2110124,,CLARTRA4,0,1730253166,1730253166,09:52:46 PM,09:52:46 PM,0
2110124,,CLARCHA2,0,1730253202,1730253202,09:53:22 PM,09:53:22 PM,0
2110124,,CLARFIS2,0,1730253259,1730253259,09:54:19 PM,09:54:19 PM,0
2110124,,CLARGOR2,0,1730253300,1730253300,09:55:00 PM,09:55:00 PM,0
2110124,,GOREFIRE,0,1730253365,1730253365,09:56:05 PM,09:56:05 PM,0
2110124,,GOREBRAE,0,1730253394,1730253394,09:56:34 PM,09:56:34 PM,0
2110124,,MONTGORE,0,1730253463,1730253463,09:57:43 PM,09:57:43 PM,0
2110124,,MONTFUND,0,1730253482,1730253482,09:58:02 PM,09:58:02 PM,0
2110124,,MONTTWEE,0,1730253502,1730253502,09:58:22 PM,09:58:22 PM,0
2110124,,MANITWEE,0,1730253552,1730253552,09:59:12 PM,09:59:12 PM,0
2110124,,TWEECOU2,0,1730253576,1730253576,09:59:36 PM,09:59:36 PM,0
2110124,,TWEECOU4,0,1730253602,1730253602,10:00:02 PM,10:00:02 PM,0
2110124,,TWEEELLE,0,1730253625,1730253625,10:00:25 PM,10:00:25 PM,0
2110124,,TWEEHALE,0,1730253662,1730253662,10:01:02 PM,10:01:02 PM,0
2110124,,HALEMAGE,0,1730253683,1730253683,10:01:23 PM,10:01:23 PM,0
2110124,,HALEELLS,0,1730253713,1730253713,10:01:53 PM,10:01:53 PM,0
2110124,,HAMIHALE,0,1730253749,1730253749,10:02:29 PM,10:02:29 PM,0
2110124,,HAMIHIG2,0,1730253780,1730253780,10:03:00 PM,10:03:00 PM,0
2110124,,HAMIGIL2,0,1730253796,1730253796,10:03:16 PM,10:03:16 PM,0
2110124,,HAMIEAST,0,1730253862,1730253862,10:04:22 PM,10:04:22 PM,0
2110124,,HAMISJU2,0,1730253919,1730253919,10:05:19 PM,10:05:19 PM,0
2110124,,HAMIELM,0,1730253963,1730253963,10:06:03 PM,10:06:03 PM,0
2110124,,HAMIEGE2,0,1730254028,1730254028,10:07:08 PM,10:07:08 PM,0
2110124,,HAMISAC2,0,1730254080,1730254080,10:08:00 PM,10:08:00 PM,0
2110124,,HAMIREC2,0,1730254122,1730254122,10:08:42 PM,10:08:42 PM,0
2110124,,HAMILTGR,0,1730254161,1730254161,10:09:21 PM,10:09:21 PM,0
2110124,,HAMIADE2,0,1730254200,1730254200,10:10:00 PM,10:10:00 PM,0
2110124,,HAMIWIL2,0,1730254231,1730254231,10:10:31 PM,10:10:31 PM,0
2110124,,HORTHAMI,0,1730254262,1730254262,10:11:02 PM,10:11:02 PM,0
2110124,,HORTCOL1,0,1730254299,1730254299,10:11:39 PM,10:11:39 PM,0
2110124,,HORTWAT2,,,,,,
2110124,,WELLHOR1,,,,,,
2110124,,WELLYOR1,,,,,,
2110124,,WELLDUN3,,,,,,
2110124,,QUEECLAR,0,1730254518,1730254518,10:15:18 PM,10:15:18 PM,0
2110124,,QUEERIC1,0,1730254560,1730254560,10:16:00 PM,10:16:00 PM,0
2110124,,QUEERIC1,0,1730254560,1730254560,10:16:00 PM,10:16:00 PM,0
2110124,,RIDOYORK,0,1730254677,1730254677,10:17:57 PM,10:17:57 PM,0
2110124,,YORKTHA2,0,1730254714,1730254714,10:18:34 PM,10:18:34 PM,0
2110124,,HORTWHA2,0,1730254832,1730254832,10:20:32 PM,10:20:32 PM,0
2110124,,HORTWHA4,0,1730254860,1730254860,10:21:00 PM,10:21:00 PM,0
2110124,,HORTSPRI,0,1730254907,1730254907,10:21:47 PM,10:21:47 PM,0
2110124,,SPRIGRE2,0,1730254935,1730254935,10:22:15 PM,10:22:15 PM,0
2110124,,SPRIFORH,0,1730254960,1730254960,10:22:40 PM,10:22:40 PM,0
2110124,,SPRICHEL,0,1730254994,1730254994,10:23:14 PM,10:23:14 PM,0
2110124,,SPRIKER2,0,1730255028,1730255028,10:23:48 PM,10:23:48 PM,0
2110124,,SPRIMAR2,0,1730255056,1730255056,10:24:16 PM,10:24:16 PM,0
2110124,,SPRITROW,0,1730255075,1730255075,10:24:35 PM,10:24:35 PM,0
2110124,,SPRIBER4,0,1730255135,1730255135,10:25:35 PM,10:25:35 PM,0
2110124,,SPRIWON2,0,1730255160,1730255160,10:26:00 PM,10:26:00 PM,0
2110124,,SPRIQUI2,0,1730255187,1730255187,10:26:27 PM,10:26:27 PM,0
2110124,,SPRIJAR2,0,1730255214,1730255214,10:26:54 PM,10:26:54 PM,0
2110124,,SPRIHIC2,0,1730255230,1730255230,10:27:10 PM,10:27:10 PM,0
2110124,,SPRIWES4,0,1730255300,1730255300,10:28:20 PM,10:28:20 PM,0
2110124,,SPRICOM2,0,1730255320,1730255320,10:28:40 PM,10:28:40 PM,0
2110124,,COMMSPR2,0,1730255342,1730255342,10:29:02 PM,10:29:02 PM,0
2110124,,COMMNOR2,0,1730255368,1730255368,10:29:28 PM,10:29:28 PM,0
2110124,,COMMLYN4,0,1730255396,1730255396,10:29:56 PM,10:29:56 PM,0
2110124,,COMMSPR4,0,1730255409,1730255409,10:30:09 PM,10:30:09 PM,0
2110124,,COMMBOL2,0,1730255431,1730255431,10:30:31 PM,10:30:31 PM,0
2110124,,COMMHAM2,0,1730255460,1730255460,10:31:00 PM,10:31:00 PM,0
2110164,,COMMHAM2,0,1730255460,1730255460,10:31:00 PM,10:31:00 PM,0
2110164,,COMMSTEP,0,1730255505,1730255505,10:31:45 PM,10:31:45 PM,0
2110164,,GRIFCOMM,0,1730255539,1730255539,10:32:19 PM,10:32:19 PM,0
2110164,,GRIFHEMO,0,1730255572,1730255572,10:32:52 PM,10:32:52 PM,0
2110164,,GRIFNORM,0,1730255615,1730255615,10:33:35 PM,10:33:35 PM,0
2110164,,GRIFBBA2,0,1730255669,1730255669,10:34:29 PM,10:34:29 PM,0
2110164,,GRIFFAIR,0,1730255703,1730255703,10:35:03 PM,10:35:03 PM,0
2110164,,GRIFDEA2,0,1730255750,1730255750,10:35:50 PM,10:35:50 PM,0
2110164,,GRIFWIDD,0,1730255769,1730255769,10:36:09 PM,10:36:09 PM,0
2110164,,GRIFROBW,0,1730255812,1730255812,10:36:52 PM,10:36:52 PM,0
2110164,,GRIFBOLE,0,1730255856,1730255856,10:37:36 PM,10:37:36 PM,0
2110164,,BOLEGRIF,0,1730255879,1730255879,10:37:59 PM,10:37:59 PM,0
2110164,,BOLEWAYN,0,1730255922,1730255922,10:38:42 PM,10:38:42 PM,0
2110164,,BOLEBASE,0,1730255974,1730255974,10:39:34 PM,10:39:34 PM,0
2110164,,BOLEGLEN,0,1730256011,1730256011,10:40:11 PM,10:40:11 PM,0
2110164,,BOLECOM1,0,1730256030,1730256030,10:40:30 PM,10:40:30 PM,0
2110164,,COMMBOL1,0,1730256060,1730256060,10:41:00 PM,10:41:00 PM,0
2110164,,COMMBOL1,0,1730256360,1730256360,10:46:00 PM,10:46:00 PM,0
2110164,,COMMSPR1,0,1730256392,1730256392,10:46:32 PM,10:46:32 PM,0
2110164,,COMMNASH,0,1730256428,1730256428,10:47:08 PM,10:47:08 PM,0
2110164,,COMMNOR1,0,1730256454,1730256454,10:47:34 PM,10:47:34 PM,0
2110164,,SPRICOM1,0,1730256504,1730256504,10:48:24 PM,10:48:24 PM,0
2110164,,SPRIWES1,0,1730256530,1730256530,10:48:50 PM,10:48:50 PM,0
2110164,,SPRIWES3,0,1730256566,1730256566,10:49:26 PM,10:49:26 PM,0
2110164,,SPRIHIC1,0,1730256614,1730256614,10:50:14 PM,10:50:14 PM,0
2110164,,SPRIJAR1,0,1730256646,1730256646,10:50:46 PM,10:50:46 PM,0
2110164,,SPRIQUI1,0,1730256670,1730256670,10:51:10 PM,10:51:10 PM,0
2110164,,SPRIWON1,0,1730256720,1730256720,10:52:00 PM,10:52:00 PM,0
2110164,,SPRIBER1,0,1730256743,1730256743,10:52:23 PM,10:52:23 PM,0
2110164,,SPRIBER3,0,1730256784,1730256784,10:53:04 PM,10:53:04 PM,0
2110164,,SPRIMAR1,0,1730256824,1730256824,10:53:44 PM,10:53:44 PM,0
2110164,,SPRIKER1,0,1730256872,1730256872,10:54:32 PM,10:54:32 PM,0
2110164,,SPRIGROW,0,1730256916,1730256916,10:55:16 PM,10:55:16 PM,0
2110164,,SPRIGRE1,0,1730256976,1730256976,10:56:16 PM,10:56:16 PM,0
2110164,,SPRISPRI,0,1730257019,1730257019,10:56:59 PM,10:56:59 PM,0
2110164,,HORTWHA3,0,1730257087,1730257087,10:58:07 PM,10:58:07 PM,0
2110164,,STANWHAR,0,1730257137,1730257137,10:58:57 PM,10:58:57 PM,0
2110164,,STANPERR,0,1730257157,1730257157,10:59:17 PM,10:59:17 PM,0
2110164,,STANWORT,0,1730257188,1730257188,10:59:48 PM,10:59:48 PM,0
2110164,,YORKTHA1,0,1730257212,1730257212,11:00:12 PM,11:00:12 PM,0
2110164,,RIDOYOR2,0,1730257241,1730257241,11:00:41 PM,11:00:41 PM,0
2110164,,KINGTALB,0,1730257273,1730257273,11:01:13 PM,11:01:13 PM,0
2110164,,KINGRICH,0,1730257320,1730257320,11:02:00 PM,11:02:00 PM,0
2110164,,KINGRICH,0,1730257320,1730257320,11:02:00 PM,11:02:00 PM,0
2110164,,KINGWEL2,0,1730257451,1730257451,11:04:11 PM,11:04:11 PM,0
2110164,,WELLYOR2,,,,,,
2110164,,HORTWELL,,,,,,
2110164,,HORTCOL2,,,,,,
2110164,,HORTMAIT,0,1730257663,1730257663,11:07:43 PM,11:07:43 PM,0
2110164,,HAMIWIL1,0,1730257712,1730257712,11:08:32 PM,11:08:32 PM,0
2110164,,HAMIADE1,0,1730257740,1730257740,11:09:00 PM,11:09:00 PM,0
2110164,,HAMIMAME,0,1730257790,1730257790,11:09:50 PM,11:09:50 PM,0
2110164,,HAMIREC1,0,1730257838,1730257838,11:10:38 PM,11:10:38 PM,0
2110164,,HAMISAC1,0,1730257897,1730257897,11:11:37 PM,11:11:37 PM,0
2110164,,HAMIEGE1,0,1730257931,1730257931,11:12:11 PM,11:12:11 PM,0
2110164,,HAMITENN,0,1730257992,1730257992,11:13:12 PM,11:13:12 PM,0
2110164,,HAMISJU1,0,1730258025,1730258025,11:13:45 PM,11:13:45 PM,0
2110164,,HAMIPILA,0,1730258071,1730258071,11:14:31 PM,11:14:31 PM,0
2110164,,HAMIGIL1,0,1730258124,1730258124,11:15:24 PM,11:15:24 PM,0
2110164,,HAMIHIG1,0,1730258160,1730258160,11:16:00 PM,11:16:00 PM,0
2110164,,HALEHAM2,0,1730258183,1730258183,11:16:23 PM,11:16:23 PM,0
2110164,,HALEMAG2,0,1730258233,1730258233,11:17:13 PM,11:17:13 PM,0
2110164,,TWEEFAI2,0,1730258255,1730258255,11:17:35 PM,11:17:35 PM,0
2110164,,TWEEMAN2,0,1730258289,1730258289,11:18:09 PM,11:18:09 PM,0
2110164,,TWEEBER2,0,1730258307,1730258307,11:18:27 PM,11:18:27 PM,0
2110164,,MANITWE2,0,1730258349,1730258349,11:19:09 PM,11:19:09 PM,0
2110164,,MONTTWE2,0,1730258386,1730258386,11:19:46 PM,11:19:46 PM,0
2110164,,MONTELD2,0,1730258423,1730258423,11:20:23 PM,11:20:23 PM,0
2110164,,GOREVAL2,0,1730258436,1730258436,11:20:36 PM,11:20:36 PM,0
2110164,,GOREBRA2,0,1730258477,1730258477,11:21:17 PM,11:21:17 PM,0
2110164,,GOREFIR2,0,1730258510,1730258510,11:21:50 PM,11:21:50 PM,0
2110164,,CLARGORE,0,1730258578,1730258578,11:22:58 PM,11:22:58 PM,0
2110164,,CLARFIS1,0,1730258597,1730258597,11:23:17 PM,11:23:17 PM,0
2110164,,CLARCHA3,0,1730258658,1730258658,11:24:18 PM,11:24:18 PM,0
2110164,,CLARCHA1,0,1730258700,1730258700,11:25:00 PM,11:25:00 PM,0
2110164,,CLARTRA1,0,1730258751,1730258751,11:25:51 PM,11:25:51 PM,0
2110164,,CLARROY1,0,1730258813,1730258813,11:26:53 PM,11:26:53 PM,0
2110164,,CLARROY3,0,1730258845,1730258845,11:27:25 PM,11:27:25 PM,0
2110164,,CLARWAV1,0,1730258870,1730258870,11:27:50 PM,11:27:50 PM,0
2110164,,CLARCHU1,0,1730258909,1730258909,11:28:29 PM,11:28:29 PM,0
2110164,,ARGYMAL1,0,1730259000,1730259000,11:30:00 PM,11:30:00 PM,0
2110115,,ARGYMAL1,0,1730259060,1730259060,11:31:00 PM,11:31:00 PM,0
2110115,,CLARCHU2,0,1730259104,1730259104,11:31:44 PM,11:31:44 PM,0
2110115,,CLARWAV2,0,1730259134,1730259134,11:32:14 PM,11:32:14 PM,0
2110115,,CLARROY2,0,1730259150,1730259150,11:32:30 PM,11:32:30 PM,0
2110115,,CLARTRA2,0,1730259199,1730259199,11:33:19 PM,11:33:19 PM,0
2110115,,CLARTRA4,0,1730259226,1730259226,11:33:46 PM,11:33:46 PM,0
2110115,,CLARCHA2,0,1730259262,1730259262,11:34:22 PM,11:34:22 PM,0
2110115,,CLARFIS2,0,1730259319,1730259319,11:35:19 PM,11:35:19 PM,0
2110115,,CLARGOR2,0,1730259360,1730259360,11:36:00 PM,11:36:00 PM,0
2110115,,GOREFIRE,0,1730259425,1730259425,11:37:05 PM,11:37:05 PM,0
2110115,,GOREBRAE,0,1730259454,1730259454,11:37:34 PM,11:37:34 PM,0
2110115,,MONTGORE,0,1730259523,1730259523,11:38:43 PM,11:38:43 PM,0
2110115,,MONTFUND,0,1730259542,1730259542,11:39:02 PM,11:39:02 PM,0
2110115,,MONTTWEE,0,1730259562,1730259562,11:39:22 PM,11:39:22 PM,0
2110115,,MANITWEE,0,1730259612,1730259612,11:40:12 PM,11:40:12 PM,0
2110115,,TWEECOU2,0,1730259636,1730259636,11:40:36 PM,11:40:36 PM,0
2110115,,TWEECOU4,0,1730259662,1730259662,11:41:02 PM,11:41:02 PM,0
2110115,,TWEEELLE,0,1730259685,1730259685,11:41:25 PM,11:41:25 PM,0
2110115,,TWEEHALE,0,1730259722,1730259722,11:42:02 PM,11:42:02 PM,0
2110115,,HALEMAGE,0,1730259743,1730259743,11:42:23 PM,11:42:23 PM,0
2110115,,HALEELLS,0,1730259773,1730259773,11:42:53 PM,11:42:53 PM,0
2110115,,HAMIHALE,0,1730259809,1730259809,11:43:29 PM,11:43:29 PM,0
2110115,,HAMIHIG2,0,1730259840,1730259840,11:44:00 PM,11:44:00 PM,0
2110115,,HAMIGIL2,0,1730259856,1730259856,11:44:16 PM,11:44:16 PM,0
2110115,,HAMIEAST,0,1730259922,1730259922,11:45:22 PM,11:45:22 PM,0
2110115,,HAMISJU2,0,1730259979,1730259979,11:46:19 PM,11:46:19 PM,0
2110115,,HAMIELM,0,1730260023,1730260023,11:47:03 PM,11:47:03 PM,0
2110115,,HAMIEGE2,0,1730260088,1730260088,11:48:08 PM,11:48:08 PM,0
2110115,,HAMISAC2,0,1730260140,1730260140,11:49:00 PM,11:49:00 PM,0
2110115,,HAMIREC2,0,1730260182,1730260182,11:49:42 PM,11:49:42 PM,0
2110115,,HAMILTGR,0,1730260221,1730260221,11:50:21 PM,11:50:21 PM,0
2110115,,HAMIADE2,0,1730260260,1730260260,11:51:00 PM,11:51:00 PM,0
2110115,,HAMIWIL2,0,1730260291,1730260291,11:51:31 PM,11:51:31 PM,0
2110115,,HORTHAMI,0,1730260322,1730260322,11:52:02 PM,11:52:02 PM,0
2110115,,HORTCOL1,0,1730260359,1730260359,11:52:39 PM,11:52:39 PM,0
2110115,,HORTWAT2,,,,,,
2110115,,WELLHOR1,,,,,,
2110115,,WELLYOR1,,,,,,
2110115,,WELLDUN3,,,,,,
2110115,,QUEECLAR,0,1730260578,1730260578,11:56:18 PM,11:56:18 PM,0
2110115,,QUEERIC1,0,1730260620,1730260620,11:57:00 PM,11:57:00 PM,0
2110115,,QUEERIC1,0,1730260800,1730260800,12:00:00 AM,12:00:00 AM,0
2110115,,RIDOYORK,0,1730260917,1730260917,12:01:57 AM,12:01:57 AM,0
2110115,,YORKTHA2,0,1730260954,1730260954,12:02:34 AM,12:02:34 AM,0
2110115,,HORTWHA2,0,1730261072,1730261072,12:04:32 AM,12:04:32 AM,0
2110115,,HORTWHA4,0,1730261100,1730261100,12:05:00 AM,12:05:00 AM,0
2110115,,HORTSPRI,0,1730261147,1730261147,12:05:47 AM,12:05:47 AM,0
2110115,,SPRIGRE2,0,1730261175,1730261175,12:06:15 AM,12:06:15 AM,0
2110115,,SPRIFORH,0,1730261200,1730261200,12:06:40 AM,12:06:40 AM,0
2110115,,SPRICHEL,0,1730261234,1730261234,12:07:14 AM,12:07:14 AM,0
2110115,,SPRIKER2,0,1730261268,1730261268,12:07:48 AM,12:07:48 AM,0
2110115,,SPRIMAR2,0,1730261296,1730261296,12:08:16 AM,12:08:16 AM,0
2110115,,SPRITROW,0,1730261315,1730261315,12:08:35 AM,12:08:35 AM,0
2110115,,SPRIBER4,0,1730261375,1730261375,12:09:35 AM,12:09:35 AM,0
2110115,,SPRIWON2,0,1730261400,1730261400,12:10:00 AM,12:10:00 AM,0
2110115,,SPRIQUI2,0,1730261427,1730261427,12:10:27 AM,12:10:27 AM,0
2110115,,SPRIJAR2,0,1730261454,1730261454,12:10:54 AM,12:10:54 AM,0
2110115,,SPRIHIC2,0,1730261470,1730261470,12:11:10 AM,12:11:10 AM,0
2110115,,SPRIWES4,0,1730261540,1730261540,12:12:20 AM,12:12:20 AM,0
2110115,,SPRICOM2,0,1730261560,1730261560,12:12:40 AM,12:12:40 AM,0
2110115,,COMMSPR2,0,1730261582,1730261582,12:13:02 AM,12:13:02 AM,0
2110115,,COMMNOR2,0,1730261608,1730261608,12:13:28 AM,12:13:28 AM,0
2110115,,COMMLYN4,0,1730261636,1730261636,12:13:56 AM,12:13:56 AM,0
2110115,,COMMSPR4,0,1730261649,1730261649,12:14:09 AM,12:14:09 AM,0
2110115,,COMMBOL2,0,1730261671,1730261671,12:14:31 AM,12:14:31 AM,0
2110115,,COMMHAM2,0,1730261700,1730261700,12:15:00 AM,12:15:00 AM,0
2096735,,WHOKMASB,0,1730230260,1730230260,03:31:00 PM,03:31:00 PM,0
2096735,,SHOLJAL2,0,1730230376,1730230376,03:32:56 PM,03:32:56 PM,0
2096735,,SHOLEXE2,0,1730230417,1730230417,03:33:37 PM,03:33:37 PM,0
2096735,,EXETSHOL,0,1730230456,1730230456,03:34:16 PM,03:34:16 PM,0
2096735,,MEGEXE1,0,1730230509,1730230509,03:35:09 PM,03:35:09 PM,0
2096735,,JALNERN4,0,1730230558,1730230558,03:35:58 PM,03:35:58 PM,0
2096735,,ERNESCO2,0,1730230585,1730230585,03:36:25 PM,03:36:25 PM,0
2096735,,ERNEFEN1,0,1730230633,1730230633,03:37:13 PM,03:37:13 PM,0
2096735,,ERNECON1,0,1730230688,1730230688,03:38:08 PM,03:38:08 PM,0
2096735,,ERNEBRA1,0,1730230723,1730230723,03:38:43 PM,03:38:43 PM,0
2096735,,ERNEMUR3,0,1730230753,1730230753,03:39:13 PM,03:39:13 PM,0
2096735,,ERNEMUR1,0,1730230783,1730230783,03:39:43 PM,03:39:43 PM,0
2096735,,ERNEJAL1,0,1730230842,1730230842,03:40:42 PM,03:40:42 PM,0
2096735,,NIXOWIMB,0,1730230871,1730230871,03:41:11 PM,03:41:11 PM,0
2096735,,NIXOEDEN,0,1730230926,1730230926,03:42:06 PM,03:42:06 PM,0
2096735,,EDENEAS1,0,1730230967,1730230967,03:42:47 PM,03:42:47 PM,0
2096735,,EDENVERU,0,1730231007,1730231007,03:43:27 PM,03:43:27 PM,0
2096735,,SANDVER2,0,1730231040,1730231040,03:44:00 PM,03:44:00 PM,0
2096735,,SANDWIL4,0,1730231077,1730231077,03:44:37 PM,03:44:37 PM,0
2096735,,WILKCHI1,0,1730231116,1730231116,03:45:16 PM,03:45:16 PM,0
2096735,,CHIDWILK,0,1730231147,1730231147,03:45:47 PM,03:45:47 PM,0
2096735,,CHIDHUN2,0,1730231185,1730231185,03:46:25 PM,03:46:25 PM,0
2096735,,CHIDUPQ2,0,1730231240,1730231240,03:47:20 PM,03:47:20 PM,0
2096735,,UPPECOM1,0,1730231323,1730231323,03:48:43 PM,03:48:43 PM,0
2096735,,RIDOBAS1,0,1730231378,1730231378,03:49:38 PM,03:49:38 PM,0
2096735,,RIDOHICK,0,1730231409,1730231409,03:50:09 PM,03:50:09 PM,0
2096735,,RIDOEME1,0,1730231460,1730231460,03:51:00 PM,03:51:00 PM,0
2096735,,RIDOBAKE,0,1730231517,1730231517,03:51:57 PM,03:51:57 PM,0
2096735,,RIDOTEC1,0,1730231559,1730231559,03:52:39 PM,03:52:39 PM,0
2096735,,RIDOGRAN,0,1730231602,1730231602,03:53:22 PM,03:53:22 PM,0
2096735,,RIDOCRA1,0,1730231662,1730231662,03:54:22 PM,03:54:22 PM,0
2096735,,RIDOING1,0,1730231696,1730231696,03:54:56 PM,03:54:56 PM,0
2096735,,HORTRID1,0,1730231747,1730231747,03:55:47 PM,03:55:47 PM,0
2096735,,RICHHOT1,0,1730231813,1730231813,03:56:53 PM,03:56:53 PM,0
2096735,,RICHKIN1,0,1730231880,1730231880,03:58:00 PM,03:58:00 PM,0
2096735,,RICHQUEE,0,1730232060,1730232060,04:01:00 PM,04:01:00 PM,0
2096735,,RICHQUEE,0,1730232060,1730232060,04:01:00 PM,04:01:00 PM,0
2096735,,RICHKEN1,0,1730232197,1730232197,04:03:17 PM,04:03:17 PM,0
2096735,,RICHHYM1,0,1730232321,1730232321,04:05:21 PM,04:05:21 PM,0
2096735,,RICHPALL,0,1730232393,1730232393,04:06:33 PM,04:06:33 PM,0
2096735,,OXFORIC1,0,1730232540,1730232540,04:09:00 PM,04:09:00 PM,0
2096735,,OXFOWEL1,0,1730232565,1730232565,04:09:25 PM,04:09:25 PM,0
2096735,,OXFOWAT1,0,1730232609,1730232609,04:10:09 PM,04:10:09 PM,0
2096735,,OXFOCOL1,0,1730232652,1730232652,04:10:52 PM,04:10:52 PM,0
2096735,,OXFOMAI1,0,1730232705,1730232705,04:11:45 PM,04:11:45 PM,0
2096735,,OXFOWIL1,0,1730232741,1730232741,04:12:21 PM,04:12:21 PM,0
2096735,,OXFOADE1,0,1730232780,1730232780,04:13:00 PM,04:13:00 PM,0
2096735,,OXFOELI1,0,1730232819,1730232819,04:13:39 PM,04:13:39 PM,0
2096735,,OXFOELL1,0,1730232854,1730232854,04:14:14 PM,04:14:14 PM,0
2096735,,OXFOGAM1,0,1730232898,1730232898,04:14:58 PM,04:14:58 PM,0
2096735,,OXFOSTE1,0,1730232931,1730232931,04:15:31 PM,04:15:31 PM,0
2096735,,OXFOQUE1,0,1730232950,1730232950,04:15:50 PM,04:15:50 PM,0
2096735,,OXFOSTRA,0,1730232982,1730232982,04:16:22 PM,04:16:22 PM,0
2096735,,OXFOSPIT,0,1730233020,1730233020,04:17:00 PM,04:17:00 PM,0
2096735,,OXFOCLE1,0,1730233055,1730233055,04:17:35 PM,04:17:35 PM,0
2096735,,OXFOEMPI,0,1730233092,1730233092,04:18:12 PM,04:18:12 PM,0
2096735,,OXFOMORN,,,,,,
2096735,,OXFOHIG1,,,,,,
2096735,,OXFOHIG3,,,,,,
2096735,,FANCOLL2,0,1730233260,1730233260,04:21:00 PM,04:21:00 PM,0
2096682,,FANCOLL2,0,1730233980,1730233980,04:33:00 PM,04:33:00 PM,0
2096682,,OXFOROE2,0,1730234053,1730234053,04:34:13 PM,04:34:13 PM,0
2096682,,OXFOHIG4,,,,,,
2096682,,OXFOHIG2,,,,,,
2096682,,OXFOWIST,,,,,,
2096682,,OXFOOAKS,0,1730234228,1730234228,04:37:08 PM,04:37:08 PM,0
2096682,,OXFOCLE2,0,1730234278,1730234278,04:37:58 PM,04:37:58 PM,0
2096682,,OXFOLYMA,0,1730234327,1730234327,04:38:47 PM,04:38:47 PM,0
2096682,,OXFOSTUA,0,1730234361,1730234361,04:39:21 PM,04:39:21 PM,0
2096682,,OXFOQUE2,0,1730234407,1730234407,04:40:07 PM,04:40:07 PM,0
2096682,,OXFOSTE2,0,1730234441,1730234441,04:40:41 PM,04:40:41 PM,0
2096682,,OXFOGAM2,0,1730234467,1730234467,04:41:07 PM,04:41:07 PM,0
2096682,,OXFOELL2,0,1730234529,1730234529,04:42:09 PM,04:42:09 PM,0
2096682,,OXFOELI2,0,1730234575,1730234575,04:42:55 PM,04:42:55 PM,0
2096682,,OXFOADE2,0,1730234640,1730234640,04:44:00 PM,04:44:00 PM,0
2096682,,OXFOWIL2,0,1730234694,1730234694,04:44:54 PM,04:44:54 PM,0
2096682,,OXFOMAI2,0,1730234755,1730234755,04:45:55 PM,04:45:55 PM,0
2096682,,OXFOCOL2,0,1730234805,1730234805,04:46:45 PM,04:46:45 PM,0
2096682,,OXFOWAT2,0,1730234861,1730234861,04:47:41 PM,04:47:41 PM,0
2096682,,OXFOWEL2,0,1730234927,1730234927,04:48:47 PM,04:48:47 PM,0
2096682,,RICHOXF2,0,1730235000,1730235000,04:50:00 PM,04:50:00 PM,0
2096682,,RICHMILL,0,1730235073,1730235073,04:51:13 PM,04:51:13 PM,0
2096682,,RICHCENT,0,1730235177,1730235177,04:52:57 PM,04:52:57 PM,0
2096682,,RICHKEN2,0,1730235248,1730235248,04:54:08 PM,04:54:08 PM,0
2096682,,RICHDUF2,0,1730235290,1730235290,04:54:50 PM,04:54:50 PM,0
2096682,,RICHQUE1,0,1730235360,1730235360,04:56:00 PM,04:56:00 PM,0
2096682,,RICHKIN4,0,1730235420,1730235420,04:57:00 PM,04:57:00 PM,0
2096682,,RICHKIN4,0,1730235420,1730235420,04:57:00 PM,04:57:00 PM,0
2096682,,HORTRIC2,0,1730235554,1730235554,04:59:14 PM,04:59:14 PM,0
2096682,,RIDOHORT,0,1730235660,1730235660,05:01:00 PM,05:01:00 PM,0
2096682,,RIDOCRA2,0,1730235719,1730235719,05:01:59 PM,05:01:59 PM,0
2096682,,RIDOELMW,0,1730235752,1730235752,05:02:32 PM,05:02:32 PM,0
2096682,,RIDOTEC2,0,1730235810,1730235810,05:03:30 PM,05:03:30 PM,0
2096682,,RIDOWINS,0,1730235858,1730235858,05:04:18 PM,05:04:18 PM,0
2096682,,RIDOEME2,0,1730235894,1730235894,05:04:54 PM,05:04:54 PM,0
2096682,,RIDOROSE,0,1730235939,1730235939,05:05:39 PM,05:05:39 PM,0
2096682,,RIDOBAS2,0,1730235971,1730235971,05:06:11 PM,05:06:11 PM,0
2096682,,RIDOMOU2,0,1730236004,1730236004,05:06:44 PM,05:06:44 PM,0
2096682,,UPPECOM2,0,1730236050,1730236050,05:07:30 PM,05:07:30 PM,0
2096682,,UPPECHI4,0,1730236115,1730236115,05:08:35 PM,05:08:35 PM,0
2096682,,CHIDHUN1,0,1730236169,1730236169,05:09:29 PM,05:09:29 PM,0
2096682,,CHIDCHID,0,1730236228,1730236228,05:10:28 PM,05:10:28 PM,0
2096682,,WILKCHI2,0,1730236260,1730236260,05:11:00 PM,05:11:00 PM,0
2096682,,SANDWIL2,0,1730236309,1730236309,05:11:49 PM,05:11:49 PM,0
2096682,,SANDVER1,0,1730236350,1730236350,05:12:30 PM,05:12:30 PM,0
2096682,,VERUEDEN,0,1730236372,1730236372,05:12:52 PM,05:12:52 PM,0
2096682,,EDENEAS2,0,1730236420,1730236420,05:13:40 PM,05:13:40 PM,0
2096682,,EDENNIX,0,1730236460,1730236460,05:14:20 PM,05:14:20 PM,0
2096682,,NIXOCRE2,0,1730236502,1730236502,05:15:02 PM,05:15:02 PM,0
2096682,,NIXOSDAL,0,1730236532,1730236532,05:15:32 PM,05:15:32 PM,0
2096682,,JALNERN3,0,1730236581,1730236581,05:16:21 PM,05:16:21 PM,0
2096682,,JALNBEE2,0,1730236661,1730236661,05:17:41 PM,05:17:41 PM,0
2096682,,JALNTUMB,0,1730236705,1730236705,05:18:25 PM,05:18:25 PM,0
2096682,,JALNBEM2,0,1730236765,1730236765,05:19:25 PM,05:19:25 PM,0
2096682,,JALNBRA4,0,1730236816,1730236816,05:20:16 PM,05:20:16 PM,0
2096682,,WHOKMASB,0,1730236860,1730236860,05:21:00 PM,05:21:00 PM,0
2096739,,WHOKMASB,0,1730237160,1730237160,05:26:00 PM,05:26:00 PM,0
2096739,,SHOLJAL2,0,1730237276,1730237276,05:27:56 PM,05:27:56 PM,0
2096739,,SHOLEXE2,0,1730237317,1730237317,05:28:37 PM,05:28:37 PM,0
2096739,,EXETSHOL,0,1730237356,1730237356,05:29:16 PM,05:29:16 PM,0
2096739,,MEGEXE1,0,1730237409,1730237409,05:30:09 PM,05:30:09 PM,0
2096739,,JALNERN4,0,1730237458,1730237458,05:30:58 PM,05:30:58 PM,0
2096739,,ERNESCO2,0,1730237485,1730237485,05:31:25 PM,05:31:25 PM,0
2096739,,ERNEFEN1,0,1730237533,1730237533,05:32:13 PM,05:32:13 PM,0
2096739,,ERNECON1,0,1730237588,1730237588,05:33:08 PM,05:33:08 PM,0
2096739,,ERNEBRA1,0,1730237623,1730237623,05:33:43 PM,05:33:43 PM,0
2096739,,ERNEMUR3,0,1730237653,1730237653,05:34:13 PM,05:34:13 PM,0
2096739,,ERNEMUR1,0,1730237683,1730237683,05:34:43 PM,05:34:43 PM,0
2096739,,ERNEJAL1,0,1730237742,1730237742,05:35:42 PM,05:35:42 PM,0
2096739,,NIXOWIMB,0,1730237771,1730237771,05:36:11 PM,05:36:11 PM,0
2096739,,NIXOEDEN,0,1730237826,1730237826,05:37:06 PM,05:37:06 PM,0
2096739,,EDENEAS1,0,1730237867,1730237867,05:37:47 PM,05:37:47 PM,0
2096739,,EDENVERU,0,1730237907,1730237907,05:38:27 PM,05:38:27 PM,0
2096739,,SANDVER2,0,1730237940,1730237940,05:39:00 PM,05:39:00 PM,0
2096739,,SANDWIL4,0,1730237977,1730237977,05:39:37 PM,05:39:37 PM,0
2096739,,WILKCHI1,0,1730238016,1730238016,05:40:16 PM,05:40:16 PM,0
2096739,,CHIDWILK,0,1730238047,1730238047,05:40:47 PM,05:40:47 PM,0
2096739,,CHIDHUN2,0,1730238085,1730238085,05:41:25 PM,05:41:25 PM,0
2096739,,CHIDUPQ2,0,1730238140,1730238140,05:42:20 PM,05:42:20 PM,0
2096739,,UPPECOM1,0,1730238223,1730238223,05:43:43 PM,05:43:43 PM,0
2096739,,RIDOBAS1,0,1730238278,1730238278,05:44:38 PM,05:44:38 PM,0
2096739,,RIDOHICK,0,1730238309,1730238309,05:45:09 PM,05:45:09 PM,0
2096739,,RIDOEME1,0,1730238360,1730238360,05:46:00 PM,05:46:00 PM,0
2096739,,RIDOBAKE,0,1730238417,1730238417,05:46:57 PM,05:46:57 PM,0
2096739,,RIDOTEC1,0,1730238459,1730238459,05:47:39 PM,05:47:39 PM,0
2096739,,RIDOGRAN,0,1730238502,1730238502,05:48:22 PM,05:48:22 PM,0
2096739,,RIDOCRA1,0,1730238562,1730238562,05:49:22 PM,05:49:22 PM,0
2096739,,RIDOING1,0,1730238596,1730238596,05:49:56 PM,05:49:56 PM,0
2096739,,HORTRID1,0,1730238647,1730238647,05:50:47 PM,05:50:47 PM,0
2096739,,RICHHOT1,0,1730238713,1730238713,05:51:53 PM,05:51:53 PM,0
2096739,,RICHKIN1,0,1730238780,1730238780,05:53:00 PM,05:53:00 PM,0
2096739,,RICHQUEE,0,1730238960,1730238960,05:56:00 PM,05:56:00 PM,0
2096739,,RICHQUEE,0,1730238960,1730238960,05:56:00 PM,05:56:00 PM,0
2096739,,RICHKEN1,0,1730239097,1730239097,05:58:17 PM,05:58:17 PM,0
2096739,,RICHHYM1,0,1730239221,1730239221,06:00:21 PM,06:00:21 PM,0
2096739,,RICHPALL,0,1730239293,1730239293,06:01:33 PM,06:01:33 PM,0
2096739,,OXFORIC1,0,1730239440,1730239440,06:04:00 PM,06:04:00 PM,0
2096739,,OXFOWEL1,0,1730239465,1730239465,06:04:25 PM,06:04:25 PM,0
2096739,,OXFOWAT1,0,1730239509,1730239509,06:05:09 PM,06:05:09 PM,0
2096739,,OXFOCOL1,0,1730239552,1730239552,06:05:52 PM,06:05:52 PM,0
2096739,,OXFOMAI1,0,1730239605,1730239605,06:06:45 PM,06:06:45 PM,0
2096739,,OXFOWIL1,0,1730239641,1730239641,06:07:21 PM,06:07:21 PM,0
2096739,,OXFOADE1,0,1730239680,1730239680,06:08:00 PM,06:08:00 PM,0
2096739,,OXFOELI1,0,1730239713,1730239713,06:08:33 PM,06:08:33 PM,0
2096739,,OXFOELL1,0,1730239742,1730239742,06:09:02 PM,06:09:02 PM,0
2096739,,OXFOGAM1,0,1730239778,1730239778,06:09:38 PM,06:09:38 PM,0
2096739,,OXFOSTE1,0,1730239805,1730239805,06:10:05 PM,06:10:05 PM,0
2096739,,OXFOQUE1,0,1730239821,1730239821,06:10:21 PM,06:10:21 PM,0
2096739,,OXFOSTRA,0,1730239847,1730239847,06:10:47 PM,06:10:47 PM,0
2096739,,OXFOSPIT,0,1730239879,1730239879,06:11:19 PM,06:11:19 PM,0
2096739,,OXFOCLE1,0,1730239908,1730239908,06:11:48 PM,06:11:48 PM,0
2096739,,OXFOEMPI,0,1730239939,1730239939,06:12:19 PM,06:12:19 PM,0
2096739,,OXFOMORN,,,,,,
2096739,,OXFOHIG1,,,,,,
2096739,,OXFOHIG3,,,,,,
2096739,,FANCOLL2,0,1730240100,1730240100,06:15:00 PM,06:15:00 PM,0
2096690,,FANCOLL2,0,1730240580,1730240580,06:23:00 PM,06:23:00 PM,0
2096690,,OXFOROE2,0,1730240630,1730240630,06:23:50 PM,06:23:50 PM,0
2096690,,OXFOHIG4,,,,,,
2096690,,OXFOHIG2,,,,,,
2096690,,OXFOWIST,,,,,,
2096690,,OXFOOAKS,0,1730240759,1730240759,06:25:59 PM,06:25:59 PM,0
2096690,,OXFOCLE2,0,1730240803,1730240803,06:26:43 PM,06:26:43 PM,0
2096690,,OXFOLYMA,0,1730240846,1730240846,06:27:26 PM,06:27:26 PM,0
2096690,,OXFOSTUA,0,1730240876,1730240876,06:27:56 PM,06:27:56 PM,0
2096690,,OXFOQUE2,0,1730240916,1730240916,06:28:36 PM,06:28:36 PM,0
2096690,,OXFOSTE2,0,1730240946,1730240946,06:29:06 PM,06:29:06 PM,0
2096690,,OXFOGAM2,0,1730240969,1730240969,06:29:29 PM,06:29:29 PM,0
2096690,,OXFOELL2,0,1730241023,1730241023,06:30:23 PM,06:30:23 PM,0
2096690,,OXFOELI2,0,1730241063,1730241063,06:31:03 PM,06:31:03 PM,0
2096690,,OXFOADE2,0,1730241120,1730241120,06:32:00 PM,06:32:00 PM,0
2096690,,OXFOWIL2,0,1730241165,1730241165,06:32:45 PM,06:32:45 PM,0
2096690,,OXFOMAI2,0,1730241216,1730241216,06:33:36 PM,06:33:36 PM,0
2096690,,OXFOCOL2,0,1730241257,1730241257,06:34:17 PM,06:34:17 PM,0
2096690,,OXFOWAT2,0,1730241303,1730241303,06:35:03 PM,06:35:03 PM,0
2096690,,OXFOWEL2,0,1730241358,1730241358,06:35:58 PM,06:35:58 PM,0
2096690,,RICHOXF2,0,1730241420,1730241420,06:37:00 PM,06:37:00 PM,0
2096690,,RICHMILL,0,1730241469,1730241469,06:37:49 PM,06:37:49 PM,0
2096690,,RICHCENT,0,1730241538,1730241538,06:38:58 PM,06:38:58 PM,0
2096690,,RICHKEN2,0,1730241585,1730241585,06:39:45 PM,06:39:45 PM,0
2096690,,RICHDUF2,0,1730241613,1730241613,06:40:13 PM,06:40:13 PM,0
2096690,,RICHQUE1,0,1730241660,1730241660,06:41:00 PM,06:41:00 PM,0
2096690,,RICHKIN4,0,1730241720,1730241720,06:42:00 PM,06:42:00 PM,0
2096690,,RICHKIN4,0,1730241720,1730241720,06:42:00 PM,06:42:00 PM,0
2096690,,HORTRIC2,0,1730241820,1730241820,06:43:40 PM,06:43:40 PM,0
2096690,,RIDOHORT,0,1730241900,1730241900,06:45:00 PM,06:45:00 PM,0
2096690,,RIDOCRA2,0,1730241953,1730241953,06:45:53 PM,06:45:53 PM,0
2096690,,RIDOELMW,0,1730241983,1730241983,06:46:23 PM,06:46:23 PM,0
2096690,,RIDOTEC2,0,1730242035,1730242035,06:47:15 PM,06:47:15 PM,0
2096690,,RIDOWINS,0,1730242078,1730242078,06:47:58 PM,06:47:58 PM,0
2096690,,RIDOEME2,0,1730242110,1730242110,06:48:30 PM,06:48:30 PM,0
2096690,,RIDOROSE,0,1730242150,1730242150,06:49:10 PM,06:49:10 PM,0
2096690,,RIDOBAS2,0,1730242179,1730242179,06:49:39 PM,06:49:39 PM,0
2096690,,RIDOMOU2,0,1730242209,1730242209,06:50:09 PM,06:50:09 PM,0
2096690,,UPPECOM2,0,1730242250,1730242250,06:50:50 PM,06:50:50 PM,0
2096690,,UPPECHI4,0,1730242309,1730242309,06:51:49 PM,06:51:49 PM,0
2096690,,CHIDHUN1,0,1730242357,1730242357,06:52:37 PM,06:52:37 PM,0
2096690,,CHIDCHID,0,1730242410,1730242410,06:53:30 PM,06:53:30 PM,0
2096690,,WILKCHI2,0,1730242440,1730242440,06:54:00 PM,06:54:00 PM,0
2096690,,SANDWIL2,0,1730242482,1730242482,06:54:42 PM,06:54:42 PM,0
2096690,,SANDVER1,0,1730242517,1730242517,06:55:17 PM,06:55:17 PM,0
2096690,,VERUEDEN,0,1730242536,1730242536,06:55:36 PM,06:55:36 PM,0
2096690,,EDENEAS2,0,1730242577,1730242577,06:56:17 PM,06:56:17 PM,0
2096690,,EDENNIX,0,1730242611,1730242611,06:56:51 PM,06:56:51 PM,0
2096690,,NIXOCRE2,0,1730242647,1730242647,06:57:27 PM,06:57:27 PM,0
2096690,,NIXOSDAL,0,1730242672,1730242672,06:57:52 PM,06:57:52 PM,0
2096690,,ERNEJAL2,0,1730242713,1730242713,06:58:33 PM,06:58:33 PM,0
2096690,,ERNEELVI,0,1730242739,1730242739,06:58:59 PM,06:58:59 PM,0
2096690,,ERNEPAUL,0,1730242777,1730242777,06:59:37 PM,06:59:37 PM,0
2096690,,ERNEBRA2,0,1730242823,1730242823,07:00:23 PM,07:00:23 PM,0
2096690,,ERNECON2,0,1730242848,1730242848,07:00:48 PM,07:00:48 PM,0
2096690,,ERNEFEN2,0,1730242894,1730242894,07:01:34 PM,07:01:34 PM,0
2096690,,ERNEFINC,0,1730242922,1730242922,07:02:02 PM,07:02:02 PM,0
2096690,,ERNESCO1,0,1730242949,1730242949,07:02:29 PM,07:02:29 PM,0
2096690,,JALNERN5,0,1730242987,1730242987,07:03:07 PM,07:03:07 PM,0
2096690,,MEGEXE2,0,1730243024,1730243024,07:03:44 PM,07:03:44 PM,0
2096690,,EXETMEG,0,1730243077,1730243077,07:04:37 PM,07:04:37 PM,0
2096690,,SHOLEXE1,0,1730243123,1730243123,07:05:23 PM,07:05:23 PM,0
2096690,,SHOLJAL1,0,1730243143,1730243143,07:05:43 PM,07:05:43 PM,0
2096690,,JALNPIER,0,1730243173,1730243173,07:06:13 PM,07:06:13 PM,0
2096690,,WHOKMANB,0,1730243280,1730243280,07:08:00 PM,07:08:00 PM,0
2096751,,WHOKMANB,0,1730243700,1730243700,07:15:00 PM,07:15:00 PM,0
2096751,,JALNBRA1,0,1730243748,1730243748,07:15:48 PM,07:15:48 PM,0
2096751,,JALNBRA3,0,1730243776,1730243776,07:16:16 PM,07:16:16 PM,0
2096751,,JALNPON1,0,1730243832,1730243832,07:17:12 PM,07:17:12 PM,0
2096751,,JALNBEE1,0,1730243874,1730243874,07:17:54 PM,07:17:54 PM,0
2096751,,JALNPOP1,0,1730243898,1730243898,07:18:18 PM,07:18:18 PM,0
2096751,,ERNEJAL1,0,1730243971,1730243971,07:19:31 PM,07:19:31 PM,0
2096751,,NIXOWIMB,0,1730244002,1730244002,07:20:02 PM,07:20:02 PM,0
2096751,,NIXOEDEN,0,1730244060,1730244060,07:21:00 PM,07:21:00 PM,0
2096751,,EDENEAS1,0,1730244103,1730244103,07:21:43 PM,07:21:43 PM,0
2096751,,EDENVERU,0,1730244145,1730244145,07:22:25 PM,07:22:25 PM,0
2096751,,SANDVER2,0,1730244180,1730244180,07:23:00 PM,07:23:00 PM,0
2096751,,SANDWIL4,0,1730244211,1730244211,07:23:31 PM,07:23:31 PM,0
2096751,,WILKCHI1,0,1730244245,1730244245,07:24:05 PM,07:24:05 PM,0
2096751,,CHIDWILK,0,1730244271,1730244271,07:24:31 PM,07:24:31 PM,0
2096751,,CHIDHUN2,0,1730244303,1730244303,07:25:03 PM,07:25:03 PM,0
2096751,,CHIDUPQ2,0,1730244350,1730244350,07:25:50 PM,07:25:50 PM,0
2096751,,UPPECOM1,0,1730244421,1730244421,07:27:01 PM,07:27:01 PM,0
2096751,,RIDOBAS1,0,1730244468,1730244468,07:27:48 PM,07:27:48 PM,0
2096751,,RIDOHICK,0,1730244494,1730244494,07:28:14 PM,07:28:14 PM,0
2096751,,RIDOEME1,0,1730244540,1730244540,07:29:00 PM,07:29:00 PM,0
2096751,,RIDOBAKE,0,1730244589,1730244589,07:29:49 PM,07:29:49 PM,0
2096751,,RIDOTEC1,0,1730244625,1730244625,07:30:25 PM,07:30:25 PM,0
2096751,,RIDOGRAN,0,1730244662,1730244662,07:31:02 PM,07:31:02 PM,0
2096751,,RIDOCRA1,0,1730244714,1730244714,07:31:54 PM,07:31:54 PM,0
2096751,,RIDOING1,0,1730244743,1730244743,07:32:23 PM,07:32:23 PM,0
2096751,,HORTRID1,0,1730244786,1730244786,07:33:06 PM,07:33:06 PM,0
2096751,,RICHHOT1,0,1730244842,1730244842,07:34:02 PM,07:34:02 PM,0
2096751,,RICHKIN1,0,1730244900,1730244900,07:35:00 PM,07:35:00 PM,0
2096751,,RICHQUEE,0,1730245020,1730245020,07:37:00 PM,07:37:00 PM,0
2096751,,RICHQUEE,0,1730245020,1730245020,07:37:00 PM,07:37:00 PM,0
2096751,,RICHKEN1,0,1730245106,1730245106,07:38:26 PM,07:38:26 PM,0
2096751,,RICHHYM1,0,1730245184,1730245184,07:39:44 PM,07:39:44 PM,0
2096751,,RICHPALL,0,1730245229,1730245229,07:40:29 PM,07:40:29 PM,0
2096751,,OXFORIC1,0,1730245320,1730245320,07:42:00 PM,07:42:00 PM,0
2096751,,OXFOWEL1,0,1730245345,1730245345,07:42:25 PM,07:42:25 PM,0
2096751,,OXFOWAT1,0,1730245389,1730245389,07:43:09 PM,07:43:09 PM,0
2096751,,OXFOCOL1,0,1730245432,1730245432,07:43:52 PM,07:43:52 PM,0
2096751,,OXFOMAI1,0,1730245485,1730245485,07:44:45 PM,07:44:45 PM,0
2096751,,OXFOWIL1,0,1730245521,1730245521,07:45:21 PM,07:45:21 PM,0
2096751,,OXFOADE1,0,1730245560,1730245560,07:46:00 PM,07:46:00 PM,0
2096751,,OXFOELI1,0,1730245593,1730245593,07:46:33 PM,07:46:33 PM,0
2096751,,OXFOELL1,0,1730245622,1730245622,07:47:02 PM,07:47:02 PM,0
2096751,,OXFOGAM1,0,1730245658,1730245658,07:47:38 PM,07:47:38 PM,0
2096751,,OXFOSTE1,0,1730245685,1730245685,07:48:05 PM,07:48:05 PM,0
2096751,,OXFOQUE1,0,1730245701,1730245701,07:48:21 PM,07:48:21 PM,0
2096751,,OXFOSTRA,0,1730245727,1730245727,07:48:47 PM,07:48:47 PM,0
2096751,,OXFOSPIT,0,1730245759,1730245759,07:49:19 PM,07:49:19 PM,0
2096751,,OXFOCLE1,0,1730245788,1730245788,07:49:48 PM,07:49:48 PM,0
2096751,,OXFOEMPI,0,1730245819,1730245819,07:50:19 PM,07:50:19 PM,0
2096751,,OXFOMORN,,,,,,
2096751,,OXFOHIG1,,,,,,
2096751,,OXFOHIG3,,,,,,
2096751,,FANCOLL2,0,1730245980,1730245980,07:53:00 PM,07:53:00 PM,0
2096689,,FANCOLL2,0,1730246580,1730246580,08:03:00 PM,08:03:00 PM,0
2096689,,OXFOROE2,0,1730246629,1730246629,08:03:49 PM,08:03:49 PM,0
2096689,,OXFOHIG4,,,,,,
2096689,,OXFOHIG2,,,,,,
2096689,,OXFOWIST,,,,,,
2096689,,OXFOOAKS,0,1730246759,1730246759,08:05:59 PM,08:05:59 PM,0
2096689,,OXFOCLE2,0,1730246803,1730246803,08:06:43 PM,08:06:43 PM,0
2096689,,OXFOLYMA,0,1730246846,1730246846,08:07:26 PM,08:07:26 PM,0
2096689,,OXFOSTUA,0,1730246876,1730246876,08:07:56 PM,08:07:56 PM,0
2096689,,OXFOQUE2,0,1730246916,1730246916,08:08:36 PM,08:08:36 PM,0
2096689,,OXFOSTE2,0,1730246946,1730246946,08:09:06 PM,08:09:06 PM,0
2096689,,OXFOGAM2,0,1730246969,1730246969,08:09:29 PM,08:09:29 PM,0
2096689,,OXFOELL2,0,1730247023,1730247023,08:10:23 PM,08:10:23 PM,0
2096689,,OXFOELI2,0,1730247063,1730247063,08:11:03 PM,08:11:03 PM,0
2096689,,OXFOADE2,0,1730247120,1730247120,08:12:00 PM,08:12:00 PM,0
2096689,,OXFOWIL2,0,1730247165,1730247165,08:12:45 PM,08:12:45 PM,0
2096689,,OXFOMAI2,0,1730247216,1730247216,08:13:36 PM,08:13:36 PM,0
2096689,,OXFOCOL2,0,1730247257,1730247257,08:14:17 PM,08:14:17 PM,0
2096689,,OXFOWAT2,0,1730247303,1730247303,08:15:03 PM,08:15:03 PM,0
2096689,,OXFOWEL2,0,1730247358,1730247358,08:15:58 PM,08:15:58 PM,0
2096689,,RICHOXF2,0,1730247420,1730247420,08:17:00 PM,08:17:00 PM,0
2096689,,RICHMILL,0,1730247469,1730247469,08:17:49 PM,08:17:49 PM,0
2096689,,RICHCENT,0,1730247538,1730247538,08:18:58 PM,08:18:58 PM,0
2096689,,RICHKEN2,0,1730247585,1730247585,08:19:45 PM,08:19:45 PM,0
2096689,,RICHDUF2,0,1730247613,1730247613,08:20:13 PM,08:20:13 PM,0
2096689,,RICHQUE1,0,1730247660,1730247660,08:21:00 PM,08:21:00 PM,0
2096689,,RICHKIN4,0,1730247720,1730247720,08:22:00 PM,08:22:00 PM,0
2096689,,RICHKIN4,0,1730247720,1730247720,08:22:00 PM,08:22:00 PM,0
2096689,,HORTRIC2,0,1730247820,1730247820,08:23:40 PM,08:23:40 PM,0
2096689,,RIDOHORT,0,1730247900,1730247900,08:25:00 PM,08:25:00 PM,0
2096689,,RIDOCRA2,0,1730247953,1730247953,08:25:53 PM,08:25:53 PM,0
2096689,,RIDOELMW,0,1730247983,1730247983,08:26:23 PM,08:26:23 PM,0
2096689,,RIDOTEC2,0,1730248035,1730248035,08:27:15 PM,08:27:15 PM,0
2096689,,RIDOWINS,0,1730248078,1730248078,08:27:58 PM,08:27:58 PM,0
2096689,,RIDOEME2,0,1730248110,1730248110,08:28:30 PM,08:28:30 PM,0
2096689,,RIDOROSE,0,1730248150,1730248150,08:29:10 PM,08:29:10 PM,0
2096689,,RIDOBAS2,0,1730248179,1730248179,08:29:39 PM,08:29:39 PM,0
2096689,,RIDOMOU2,0,1730248209,1730248209,08:30:09 PM,08:30:09 PM,0
2096689,,UPPECOM2,0,1730248250,1730248250,08:30:50 PM,08:30:50 PM,0
2096689,,UPPECHI4,0,1730248309,1730248309,08:31:49 PM,08:31:49 PM,0
2096689,,CHIDHUN1,0,1730248357,1730248357,08:32:37 PM,08:32:37 PM,0
2096689,,CHIDCHID,0,1730248410,1730248410,08:33:30 PM,08:33:30 PM,0
2096689,,WILKCHI2,0,1730248440,1730248440,08:34:00 PM,08:34:00 PM,0
2096689,,SANDWIL2,0,1730248484,1730248484,08:34:44 PM,08:34:44 PM,0
2096689,,SANDVER1,0,1730248521,1730248521,08:35:21 PM,08:35:21 PM,0
2096689,,VERUEDEN,0,1730248541,1730248541,08:35:41 PM,08:35:41 PM,0
2096689,,EDENEAS2,0,1730248584,1730248584,08:36:24 PM,08:36:24 PM,0
2096689,,EDENNIX,0,1730248620,1730248620,08:37:00 PM,08:37:00 PM,0
2096689,,NIXOCRE2,0,1730248657,1730248657,08:37:37 PM,08:37:37 PM,0
2096689,,NIXOSDAL,0,1730248684,1730248684,08:38:04 PM,08:38:04 PM,0
2096689,,JALNERN3,0,1730248728,1730248728,08:38:48 PM,08:38:48 PM,0
2096689,,JALNBEE2,0,1730248800,1730248800,08:40:00 PM,08:40:00 PM,0
2096689,,JALNTUMB,0,1730248840,1730248840,08:40:40 PM,08:40:40 PM,0
2096689,,JALNBEM2,0,1730248894,1730248894,08:41:34 PM,08:41:34 PM,0
2096689,,JALNBRA4,0,1730248940,1730248940,08:42:20 PM,08:42:20 PM,0
2096689,,WHOKMASB,0,1730248980,1730248980,08:43:00 PM,08:43:00 PM,0
2096736,,WHOKMASB,0,1730232060,1730232060,04:01:00 PM,04:01:00 PM,0
2096736,,SHOLJAL2,0,1730232176,1730232176,04:02:56 PM,04:02:56 PM,0
2096736,,SHOLEXE2,0,1730232217,1730232217,04:03:37 PM,04:03:37 PM,0
2096736,,EXETSHOL,0,1730232256,1730232256,04:04:16 PM,04:04:16 PM,0
2096736,,MEGEXE1,0,1730232309,1730232309,04:05:09 PM,04:05:09 PM,0
2096736,,JALNERN4,0,1730232358,1730232358,04:05:58 PM,04:05:58 PM,0
2096736,,ERNESCO2,0,1730232385,1730232385,04:06:25 PM,04:06:25 PM,0
2096736,,ERNEFEN1,0,1730232433,1730232433,04:07:13 PM,04:07:13 PM,0
2096736,,ERNECON1,0,1730232488,1730232488,04:08:08 PM,04:08:08 PM,0
2096736,,ERNEBRA1,0,1730232523,1730232523,04:08:43 PM,04:08:43 PM,0
2096736,,ERNEMUR3,0,1730232553,1730232553,04:09:13 PM,04:09:13 PM,0
2096736,,ERNEMUR1,0,1730232583,1730232583,04:09:43 PM,04:09:43 PM,0
2096736,,ERNEJAL1,0,1730232642,1730232642,04:10:42 PM,04:10:42 PM,0
2096736,,NIXOWIMB,0,1730232671,1730232671,04:11:11 PM,04:11:11 PM,0
2096736,,NIXOEDEN,0,1730232726,1730232726,04:12:06 PM,04:12:06 PM,0
2096736,,EDENEAS1,0,1730232767,1730232767,04:12:47 PM,04:12:47 PM,0
2096736,,EDENVERU,0,1730232807,1730232807,04:13:27 PM,04:13:27 PM,0
2096736,,SANDVER2,0,1730232840,1730232840,04:14:00 PM,04:14:00 PM,0
2096736,,SANDWIL4,0,1730232877,1730232877,04:14:37 PM,04:14:37 PM,0
2096736,,WILKCHI1,0,1730232916,1730232916,04:15:16 PM,04:15:16 PM,0
2096736,,CHIDWILK,0,1730232947,1730232947,04:15:47 PM,04:15:47 PM,0
2096736,,CHIDHUN2,0,1730232985,1730232985,04:16:25 PM,04:16:25 PM,0
2096736,,CHIDUPQ2,0,1730233040,1730233040,04:17:20 PM,04:17:20 PM,0
2096736,,UPPECOM1,0,1730233123,1730233123,04:18:43 PM,04:18:43 PM,0
2096736,,RIDOBAS1,0,1730233178,1730233178,04:19:38 PM,04:19:38 PM,0
2096736,,RIDOHICK,0,1730233209,1730233209,04:20:09 PM,04:20:09 PM,0
2096736,,RIDOEME1,0,1730233260,1730233260,04:21:00 PM,04:21:00 PM,0
2096736,,RIDOBAKE,0,1730233317,1730233317,04:21:57 PM,04:21:57 PM,0
2096736,,RIDOTEC1,0,1730233359,1730233359,04:22:39 PM,04:22:39 PM,0
2096736,,RIDOGRAN,0,1730233402,1730233402,04:23:22 PM,04:23:22 PM,0
2096736,,RIDOCRA1,0,1730233462,1730233462,04:24:22 PM,04:24:22 PM,0
2096736,,RIDOING1,0,1730233496,1730233496,04:24:56 PM,04:24:56 PM,0
2096736,,HORTRID1,0,1730233547,1730233547,04:25:47 PM,04:25:47 PM,0
2096736,,RICHHOT1,0,1730233613,1730233613,04:26:53 PM,04:26:53 PM,0
2096736,,RICHKIN1,0,1730233680,1730233680,04:28:00 PM,04:28:00 PM,0
2096736,,RICHQUEE,0,1730233860,1730233860,04:31:00 PM,04:31:00 PM,0
2096736,,RICHQUEE,0,1730233860,1730233860,04:31:00 PM,04:31:00 PM,0
2096736,,RICHKEN1,0,1730233997,1730233997,04:33:17 PM,04:33:17 PM,0
2096736,,RICHHYM1,0,1730234121,1730234121,04:35:21 PM,04:35:21 PM,0
2096736,,RICHPALL,0,1730234193,1730234193,04:36:33 PM,04:36:33 PM,0
2096736,,OXFORIC1,0,1730234340,1730234340,04:39:00 PM,04:39:00 PM,0
2096736,,OXFOWEL1,0,1730234365,1730234365,04:39:25 PM,04:39:25 PM,0
2096736,,OXFOWAT1,0,1730234409,1730234409,04:40:09 PM,04:40:09 PM,0
2096736,,OXFOCOL1,0,1730234452,1730234452,04:40:52 PM,04:40:52 PM,0
2096736,,OXFOMAI1,0,1730234505,1730234505,04:41:45 PM,04:41:45 PM,0
2096736,,OXFOWIL1,0,1730234541,1730234541,04:42:21 PM,04:42:21 PM,0
2096736,,OXFOADE1,0,1730234580,1730234580,04:43:00 PM,04:43:00 PM,0
2096736,,OXFOELI1,0,1730234619,1730234619,04:43:39 PM,04:43:39 PM,0
2096736,,OXFOELL1,0,1730234654,1730234654,04:44:14 PM,04:44:14 PM,0
2096736,,OXFOGAM1,0,1730234698,1730234698,04:44:58 PM,04:44:58 PM,0
2096736,,OXFOSTE1,0,1730234731,1730234731,04:45:31 PM,04:45:31 PM,0
2096736,,OXFOQUE1,0,1730234750,1730234750,04:45:50 PM,04:45:50 PM,0
2096736,,OXFOSTRA,0,1730234782,1730234782,04:46:22 PM,04:46:22 PM,0
2096736,,OXFOSPIT,0,1730234820,1730234820,04:47:00 PM,04:47:00 PM,0
2096736,,OXFOCLE1,0,1730234855,1730234855,04:47:35 PM,04:47:35 PM,0
2096736,,OXFOEMPI,0,1730234892,1730234892,04:48:12 PM,04:48:12 PM,0
2096736,,OXFOMORN,,,,,,
2096736,,OXFOHIG1,,,,,,
2096736,,OXFOHIG3,,,,,,
2096736,,FANCOLL2,0,1730235060,1730235060,04:51:00 PM,04:51:00 PM,0
2096683,,FANCOLL2,0,1730235480,1730235480,04:58:00 PM,04:58:00 PM,0
2096683,,OXFOROE2,0,1730235553,1730235553,04:59:13 PM,04:59:13 PM,0
2096683,,OXFOHIG4,,,,,,
2096683,,OXFOHIG2,,,,,,
2096683,,OXFOWIST,,,,,,
2096683,,OXFOOAKS,0,1730235728,1730235728,05:02:08 PM,05:02:08 PM,0
2096683,,OXFOCLE2,0,1730235778,1730235778,05:02:58 PM,05:02:58 PM,0
2096683,,OXFOLYMA,0,1730235827,1730235827,05:03:47 PM,05:03:47 PM,0
2096683,,OXFOSTUA,0,1730235861,1730235861,05:04:21 PM,05:04:21 PM,0
2096683,,OXFOQUE2,0,1730235907,1730235907,05:05:07 PM,05:05:07 PM,0
2096683,,OXFOSTE2,0,1730235941,1730235941,05:05:41 PM,05:05:41 PM,0
2096683,,OXFOGAM2,0,1730235967,1730235967,05:06:07 PM,05:06:07 PM,0
2096683,,OXFOELL2,0,1730236029,1730236029,05:07:09 PM,05:07:09 PM,0
2096683,,OXFOELI2,0,1730236075,1730236075,05:07:55 PM,05:07:55 PM,0
2096683,,OXFOADE2,0,1730236140,1730236140,05:09:00 PM,05:09:00 PM,0
2096683,,OXFOWIL2,0,1730236194,1730236194,05:09:54 PM,05:09:54 PM,0
2096683,,OXFOMAI2,0,1730236255,1730236255,05:10:55 PM,05:10:55 PM,0
2096683,,OXFOCOL2,0,1730236305,1730236305,05:11:45 PM,05:11:45 PM,0
2096683,,OXFOWAT2,0,1730236361,1730236361,05:12:41 PM,05:12:41 PM,0
2096683,,OXFOWEL2,0,1730236427,1730236427,05:13:47 PM,05:13:47 PM,0
2096683,,RICHOXF2,0,1730236500,1730236500,05:15:00 PM,05:15:00 PM,0
2096683,,RICHMILL,0,1730236573,1730236573,05:16:13 PM,05:16:13 PM,0
2096683,,RICHCENT,0,1730236677,1730236677,05:17:57 PM,05:17:57 PM,0
2096683,,RICHKEN2,0,1730236748,1730236748,05:19:08 PM,05:19:08 PM,0
2096683,,RICHDUF2,0,1730236790,1730236790,05:19:50 PM,05:19:50 PM,0
2096683,,RICHQUE1,0,1730236860,1730236860,05:21:00 PM,05:21:00 PM,0
2096683,,RICHKIN4,0,1730236920,1730236920,05:22:00 PM,05:22:00 PM,0
2096683,,RICHKIN4,0,1730236920,1730236920,05:22:00 PM,05:22:00 PM,0
2096683,,HORTRIC2,0,1730237054,1730237054,05:24:14 PM,05:24:14 PM,0
2096683,,RIDOHORT,0,1730237160,1730237160,05:26:00 PM,05:26:00 PM,0
2096683,,RIDOCRA2,0,1730237219,1730237219,05:26:59 PM,05:26:59 PM,0
2096683,,RIDOELMW,0,1730237252,1730237252,05:27:32 PM,05:27:32 PM,0
2096683,,RIDOTEC2,0,1730237310,1730237310,05:28:30 PM,05:28:30 PM,0
2096683,,RIDOWINS,0,1730237358,1730237358,05:29:18 PM,05:29:18 PM,0
2096683,,RIDOEME2,0,1730237394,1730237394,05:29:54 PM,05:29:54 PM,0
2096683,,RIDOROSE,0,1730237439,1730237439,05:30:39 PM,05:30:39 PM,0
2096683,,RIDOBAS2,0,1730237471,1730237471,05:31:11 PM,05:31:11 PM,0
2096683,,RIDOMOU2,0,1730237504,1730237504,05:31:44 PM,05:31:44 PM,0
2096683,,UPPECOM2,0,1730237550,1730237550,05:32:30 PM,05:32:30 PM,0
2096683,,UPPECHI4,0,1730237615,1730237615,05:33:35 PM,05:33:35 PM,0
2096683,,CHIDHUN1,0,1730237669,1730237669,05:34:29 PM,05:34:29 PM,0
2096683,,CHIDCHID,0,1730237728,1730237728,05:35:28 PM,05:35:28 PM,0
2096683,,WILKCHI2,0,1730237760,1730237760,05:36:00 PM,05:36:00 PM,0
2096683,,SANDWIL2,0,1730237809,1730237809,05:36:49 PM,05:36:49 PM,0
2096683,,SANDVER1,0,1730237850,1730237850,05:37:30 PM,05:37:30 PM,0
2096683,,VERUEDEN,0,1730237872,1730237872,05:37:52 PM,05:37:52 PM,0
2096683,,EDENEAS2,0,1730237920,1730237920,05:38:40 PM,05:38:40 PM,0
2096683,,EDENNIX,0,1730237960,1730237960,05:39:20 PM,05:39:20 PM,0
2096683,,NIXOCRE2,0,1730238002,1730238002,05:40:02 PM,05:40:02 PM,0
2096683,,NIXOSDAL,0,1730238032,1730238032,05:40:32 PM,05:40:32 PM,0
2096683,,JALNERN3,0,1730238081,1730238081,05:41:21 PM,05:41:21 PM,0
2096683,,JALNBEE2,0,1730238161,1730238161,05:42:41 PM,05:42:41 PM,0
2096683,,JALNTUMB,0,1730238205,1730238205,05:43:25 PM,05:43:25 PM,0
2096683,,JALNBEM2,0,1730238265,1730238265,05:44:25 PM,05:44:25 PM,0
2096683,,JALNBRA4,0,1730238316,1730238316,05:45:16 PM,05:45:16 PM,0
2096683,,WHOKMASB,0,1730238360,1730238360,05:46:00 PM,05:46:00 PM,0
2096673,,FANCOLL2,0,1730231640,1730231640,03:54:00 PM,03:54:00 PM,0
2096673,,OXFOROE2,0,1730231690,1730231690,03:54:50 PM,03:54:50 PM,0
2096673,,OXFOHIG4,,,,,,
2096673,,OXFOHIG2,,,,,,
2096673,,OXFOWIST,,,,,,
2096673,,OXFOOAKS,0,1730231828,1730231828,03:57:08 PM,03:57:08 PM,0
2096673,,OXFOCLE2,0,1730231878,1730231878,03:57:58 PM,03:57:58 PM,0
2096673,,OXFOLYMA,0,1730231927,1730231927,03:58:47 PM,03:58:47 PM,0
2096673,,OXFOSTUA,0,1730231961,1730231961,03:59:21 PM,03:59:21 PM,0
2096673,,OXFOQUE2,0,1730232007,1730232007,04:00:07 PM,04:00:07 PM,0
2096673,,OXFOSTE2,0,1730232041,1730232041,04:00:41 PM,04:00:41 PM,0
2096673,,OXFOGAM2,0,1730232067,1730232067,04:01:07 PM,04:01:07 PM,0
2096673,,OXFOELL2,0,1730232129,1730232129,04:02:09 PM,04:02:09 PM,0
2096673,,OXFOELI2,0,1730232175,1730232175,04:02:55 PM,04:02:55 PM,0
2096673,,OXFOADE2,0,1730232240,1730232240,04:04:00 PM,04:04:00 PM,0
2096673,,OXFOWIL2,0,1730232294,1730232294,04:04:54 PM,04:04:54 PM,0
2096673,,OXFOMAI2,0,1730232355,1730232355,04:05:55 PM,04:05:55 PM,0
2096673,,OXFOCOL2,0,1730232405,1730232405,04:06:45 PM,04:06:45 PM,0
2096673,,OXFOWAT2,0,1730232461,1730232461,04:07:41 PM,04:07:41 PM,0
2096673,,OXFOWEL2,0,1730232527,1730232527,04:08:47 PM,04:08:47 PM,0
2096673,,RICHOXF2,0,1730232600,1730232600,04:10:00 PM,04:10:00 PM,0
2096673,,RICHMILL,0,1730232673,1730232673,04:11:13 PM,04:11:13 PM,0
2096673,,RICHCENT,0,1730232777,1730232777,04:12:57 PM,04:12:57 PM,0
2096673,,RICHKEN2,0,1730232848,1730232848,04:14:08 PM,04:14:08 PM,0
2096673,,RICHDUF2,0,1730232890,1730232890,04:14:50 PM,04:14:50 PM,0
2096673,,RICHQUE1,0,1730232960,1730232960,04:16:00 PM,04:16:00 PM,0
2096673,,RICHKIN4,0,1730233020,1730233020,04:17:00 PM,04:17:00 PM,0
2096673,,RICHKIN4,0,1730233020,1730233020,04:17:00 PM,04:17:00 PM,0
2096673,,HORTRIC2,0,1730233154,1730233154,04:19:14 PM,04:19:14 PM,0
2096673,,RIDOHORT,0,1730233260,1730233260,04:21:00 PM,04:21:00 PM,0
2096673,,RIDOCRA2,0,1730233319,1730233319,04:21:59 PM,04:21:59 PM,0
2096673,,RIDOELMW,0,1730233352,1730233352,04:22:32 PM,04:22:32 PM,0
2096673,,RIDOTEC2,0,1730233410,1730233410,04:23:30 PM,04:23:30 PM,0
2096673,,RIDOWINS,0,1730233458,1730233458,04:24:18 PM,04:24:18 PM,0
2096673,,RIDOEME2,0,1730233494,1730233494,04:24:54 PM,04:24:54 PM,0
2096673,,RIDOROSE,0,1730233539,1730233539,04:25:39 PM,04:25:39 PM,0
2096673,,RIDOBAS2,0,1730233571,1730233571,04:26:11 PM,04:26:11 PM,0
2096673,,RIDOMOU2,0,1730233604,1730233604,04:26:44 PM,04:26:44 PM,0
2096673,,UPPECOM2,0,1730233650,1730233650,04:27:30 PM,04:27:30 PM,0
2096673,,UPPECHI4,0,1730233715,1730233715,04:28:35 PM,04:28:35 PM,0
2096673,,CHIDHUN1,0,1730233769,1730233769,04:29:29 PM,04:29:29 PM,0
2096673,,CHIDCHID,0,1730233828,1730233828,04:30:28 PM,04:30:28 PM,0
2096673,,WILKCHI2,0,1730233860,1730233860,04:31:00 PM,04:31:00 PM,0
2096673,,SANDWIL2,0,1730233905,1730233905,04:31:45 PM,04:31:45 PM,0
2096673,,SANDVER1,0,1730233942,1730233942,04:32:22 PM,04:32:22 PM,0
2096673,,VERUEDEN,0,1730233962,1730233962,04:32:42 PM,04:32:42 PM,0
2096673,,EDENEAS2,0,1730234006,1730234006,04:33:26 PM,04:33:26 PM,0
2096673,,EDENNIX,0,1730234043,1730234043,04:34:03 PM,04:34:03 PM,0
2096673,,NIXOCRE2,0,1730234081,1730234081,04:34:41 PM,04:34:41 PM,0
2096673,,NIXOSDAL,0,1730234108,1730234108,04:35:08 PM,04:35:08 PM,0
2096673,,ERNEJAL2,0,1730234152,1730234152,04:35:52 PM,04:35:52 PM,0
2096673,,ERNEELVI,0,1730234180,1730234180,04:36:20 PM,04:36:20 PM,0
2096673,,ERNEPAUL,0,1730234221,1730234221,04:37:01 PM,04:37:01 PM,0
2096673,,ERNEBRA2,0,1730234270,1730234270,04:37:50 PM,04:37:50 PM,0
2096673,,ERNECON2,0,1730234297,1730234297,04:38:17 PM,04:38:17 PM,0
2096673,,ERNEFEN2,0,1730234346,1730234346,04:39:06 PM,04:39:06 PM,0
2096673,,ERNEFINC,0,1730234376,1730234376,04:39:36 PM,04:39:36 PM,0
2096673,,ERNESCO1,0,1730234404,1730234404,04:40:04 PM,04:40:04 PM,0
2096673,,JALNERN5,0,1730234444,1730234444,04:40:44 PM,04:40:44 PM,0
2096673,,MEGEXE2,0,1730234484,1730234484,04:41:24 PM,04:41:24 PM,0
2096673,,EXETMEG,0,1730234540,1730234540,04:42:20 PM,04:42:20 PM,0
2096673,,SHOLEXE1,0,1730234590,1730234590,04:43:10 PM,04:43:10 PM,0
2096673,,SHOLJAL1,0,1730234611,1730234611,04:43:31 PM,04:43:31 PM,0
2096673,,JALNPIER,0,1730234643,1730234643,04:44:03 PM,04:44:03 PM,0
2096673,,WHOKMANB,0,1730234760,1730234760,04:46:00 PM,04:46:00 PM,0
2096745,,WHOKMANB,0,1730235060,1730235060,04:51:00 PM,04:51:00 PM,0
2096745,,JALNBRA1,0,1730235108,1730235108,04:51:48 PM,04:51:48 PM,0
2096745,,JALNBRA3,0,1730235136,1730235136,04:52:16 PM,04:52:16 PM,0
2096745,,JALNPON1,0,1730235192,1730235192,04:53:12 PM,04:53:12 PM,0
2096745,,JALNBEE1,0,1730235234,1730235234,04:53:54 PM,04:53:54 PM,0
2096745,,JALNPOP1,0,1730235258,1730235258,04:54:18 PM,04:54:18 PM,0
2096745,,ERNEJAL1,0,1730235331,1730235331,04:55:31 PM,04:55:31 PM,0
2096745,,NIXOWIMB,0,1730235362,1730235362,04:56:02 PM,04:56:02 PM,0
2096745,,NIXOEDEN,0,1730235420,1730235420,04:57:00 PM,04:57:00 PM,0
2096745,,EDENEAS1,0,1730235463,1730235463,04:57:43 PM,04:57:43 PM,0
2096745,,EDENVERU,0,1730235505,1730235505,04:58:25 PM,04:58:25 PM,0
2096745,,SANDVER2,0,1730235540,1730235540,04:59:00 PM,04:59:00 PM,0
2096745,,SANDWIL4,0,1730235577,1730235577,04:59:37 PM,04:59:37 PM,0
2096745,,WILKCHI1,0,1730235616,1730235616,05:00:16 PM,05:00:16 PM,0
2096745,,CHIDWILK,0,1730235647,1730235647,05:00:47 PM,05:00:47 PM,0
2096745,,CHIDHUN2,0,1730235685,1730235685,05:01:25 PM,05:01:25 PM,0
2096745,,CHIDUPQ2,0,1730235740,1730235740,05:02:20 PM,05:02:20 PM,0
2096745,,UPPECOM1,0,1730235823,1730235823,05:03:43 PM,05:03:43 PM,0
2096745,,RIDOBAS1,0,1730235878,1730235878,05:04:38 PM,05:04:38 PM,0
2096745,,RIDOHICK,0,1730235909,1730235909,05:05:09 PM,05:05:09 PM,0
2096745,,RIDOEME1,0,1730235960,1730235960,05:06:00 PM,05:06:00 PM,0
2096745,,RIDOBAKE,0,1730236017,1730236017,05:06:57 PM,05:06:57 PM,0
2096745,,RIDOTEC1,0,1730236059,1730236059,05:07:39 PM,05:07:39 PM,0
2096745,,RIDOGRAN,0,1730236102,1730236102,05:08:22 PM,05:08:22 PM,0
2096745,,RIDOCRA1,0,1730236162,1730236162,05:09:22 PM,05:09:22 PM,0
2096745,,RIDOING1,0,1730236196,1730236196,05:09:56 PM,05:09:56 PM,0
2096745,,HORTRID1,0,1730236247,1730236247,05:10:47 PM,05:10:47 PM,0
2096745,,RICHHOT1,0,1730236313,1730236313,05:11:53 PM,05:11:53 PM,0
2096745,,RICHKIN1,0,1730236380,1730236380,05:13:00 PM,05:13:00 PM,0
2096745,,RICHQUEE,0,1730236560,1730236560,05:16:00 PM,05:16:00 PM,0
2096745,,RICHQUEE,0,1730236560,1730236560,05:16:00 PM,05:16:00 PM,0
2096745,,RICHKEN1,0,1730236697,1730236697,05:18:17 PM,05:18:17 PM,0
2096745,,RICHHYM1,0,1730236821,1730236821,05:20:21 PM,05:20:21 PM,0
2096745,,RICHPALL,0,1730236893,1730236893,05:21:33 PM,05:21:33 PM,0
2096745,,OXFORIC1,0,1730237040,1730237040,05:24:00 PM,05:24:00 PM,0
2096745,,OXFOWEL1,0,1730237065,1730237065,05:24:25 PM,05:24:25 PM,0
2096745,,OXFOWAT1,0,1730237109,1730237109,05:25:09 PM,05:25:09 PM,0
2096745,,OXFOCOL1,0,1730237152,1730237152,05:25:52 PM,05:25:52 PM,0
2096745,,OXFOMAI1,0,1730237205,1730237205,05:26:45 PM,05:26:45 PM,0
2096745,,OXFOWIL1,0,1730237241,1730237241,05:27:21 PM,05:27:21 PM,0
2096745,,OXFOADE1,0,1730237280,1730237280,05:28:00 PM,05:28:00 PM,0
2096745,,OXFOELI1,0,1730237319,1730237319,05:28:39 PM,05:28:39 PM,0
2096745,,OXFOELL1,0,1730237354,1730237354,05:29:14 PM,05:29:14 PM,0
2096745,,OXFOGAM1,0,1730237398,1730237398,05:29:58 PM,05:29:58 PM,0
2096745,,OXFOSTE1,0,1730237431,1730237431,05:30:31 PM,05:30:31 PM,0
2096745,,OXFOQUE1,0,1730237450,1730237450,05:30:50 PM,05:30:50 PM,0
2096745,,OXFOSTRA,0,1730237482,1730237482,05:31:22 PM,05:31:22 PM,0
2096745,,OXFOSPIT,0,1730237520,1730237520,05:32:00 PM,05:32:00 PM,0
2096745,,OXFOCLE1,0,1730237555,1730237555,05:32:35 PM,05:32:35 PM,0
2096745,,OXFOEMPI,0,1730237592,1730237592,05:33:12 PM,05:33:12 PM,0
2096745,,OXFOMORN,,,,,,
2096745,,OXFOHIG1,,,,,,
2096745,,OXFOHIG3,,,,,,
2096745,,FANCOLL2,0,1730237760,1730237760,05:36:00 PM,05:36:00 PM,0
2096685,,FANCOLL2,0,1730238360,1730238360,05:46:00 PM,05:46:00 PM,0
2096685,,OXFOROE2,0,1730238435,1730238435,05:47:15 PM,05:47:15 PM,0
2096685,,OXFOHIG4,,,,,,
2096685,,OXFOHIG2,,,,,,
2096685,,OXFOWIST,,,,,,
2096685,,OXFOOAKS,0,1730238608,1730238608,05:50:08 PM,05:50:08 PM,0
2096685,,OXFOCLE2,0,1730238658,1730238658,05:50:58 PM,05:50:58 PM,0
2096685,,OXFOLYMA,0,1730238707,1730238707,05:51:47 PM,05:51:47 PM,0
2096685,,OXFOSTUA,0,1730238741,1730238741,05:52:21 PM,05:52:21 PM,0
2096685,,OXFOQUE2,0,1730238787,1730238787,05:53:07 PM,05:53:07 PM,0
2096685,,OXFOSTE2,0,1730238821,1730238821,05:53:41 PM,05:53:41 PM,0
2096685,,OXFOGAM2,0,1730238847,1730238847,05:54:07 PM,05:54:07 PM,0
2096685,,OXFOELL2,0,1730238909,1730238909,05:55:09 PM,05:55:09 PM,0
2096685,,OXFOELI2,0,1730238955,1730238955,05:55:55 PM,05:55:55 PM,0
2096685,,OXFOADE2,0,1730239020,1730239020,05:57:00 PM,05:57:00 PM,0
2096685,,OXFOWIL2,0,1730239065,1730239065,05:57:45 PM,05:57:45 PM,0
2096685,,OXFOMAI2,0,1730239116,1730239116,05:58:36 PM,05:58:36 PM,0
2096685,,OXFOCOL2,0,1730239157,1730239157,05:59:17 PM,05:59:17 PM,0
2096685,,OXFOWAT2,0,1730239203,1730239203,06:00:03 PM,06:00:03 PM,0
2096685,,OXFOWEL2,0,1730239258,1730239258,06:00:58 PM,06:00:58 PM,0
2096685,,RICHOXF2,0,1730239320,1730239320,06:02:00 PM,06:02:00 PM,0
2096685,,RICHMILL,0,1730239369,1730239369,06:02:49 PM,06:02:49 PM,0
2096685,,RICHCENT,0,1730239438,1730239438,06:03:58 PM,06:03:58 PM,0
2096685,,RICHKEN2,0,1730239485,1730239485,06:04:45 PM,06:04:45 PM,0
2096685,,RICHDUF2,0,1730239513,1730239513,06:05:13 PM,06:05:13 PM,0
2096685,,RICHQUE1,0,1730239560,1730239560,06:06:00 PM,06:06:00 PM,0
2096685,,RICHKIN4,0,1730239620,1730239620,06:07:00 PM,06:07:00 PM,0
2096685,,RICHKIN4,0,1730239620,1730239620,06:07:00 PM,06:07:00 PM,0
2096685,,HORTRIC2,0,1730239720,1730239720,06:08:40 PM,06:08:40 PM,0
2096685,,RIDOHORT,0,1730239800,1730239800,06:10:00 PM,06:10:00 PM,0
2096685,,RIDOCRA2,0,1730239853,1730239853,06:10:53 PM,06:10:53 PM,0
2096685,,RIDOELMW,0,1730239883,1730239883,06:11:23 PM,06:11:23 PM,0
2096685,,RIDOTEC2,0,1730239935,1730239935,06:12:15 PM,06:12:15 PM,0
2096685,,RIDOWINS,0,1730239978,1730239978,06:12:58 PM,06:12:58 PM,0
2096685,,RIDOEME2,0,1730240010,1730240010,06:13:30 PM,06:13:30 PM,0
2096685,,RIDOROSE,0,1730240050,1730240050,06:14:10 PM,06:14:10 PM,0
2096685,,RIDOBAS2,0,1730240079,1730240079,06:14:39 PM,06:14:39 PM,0
2096685,,RIDOMOU2,0,1730240109,1730240109,06:15:09 PM,06:15:09 PM,0
2096685,,UPPECOM2,0,1730240150,1730240150,06:15:50 PM,06:15:50 PM,0
2096685,,UPPECHI4,0,1730240209,1730240209,06:16:49 PM,06:16:49 PM,0
2096685,,CHIDHUN1,0,1730240257,1730240257,06:17:37 PM,06:17:37 PM,0
2096685,,CHIDCHID,0,1730240310,1730240310,06:18:30 PM,06:18:30 PM,0
2096685,,WILKCHI2,0,1730240340,1730240340,06:19:00 PM,06:19:00 PM,0
2096685,,SANDWIL2,0,1730240382,1730240382,06:19:42 PM,06:19:42 PM,0
2096685,,SANDVER1,0,1730240417,1730240417,06:20:17 PM,06:20:17 PM,0
2096685,,VERUEDEN,0,1730240436,1730240436,06:20:36 PM,06:20:36 PM,0
2096685,,EDENEAS2,0,1730240477,1730240477,06:21:17 PM,06:21:17 PM,0
2096685,,EDENNIX,0,1730240511,1730240511,06:21:51 PM,06:21:51 PM,0
2096685,,NIXOCRE2,0,1730240547,1730240547,06:22:27 PM,06:22:27 PM,0
2096685,,NIXOSDAL,0,1730240572,1730240572,06:22:52 PM,06:22:52 PM,0
2096685,,ERNEJAL2,0,1730240613,1730240613,06:23:33 PM,06:23:33 PM,0
2096685,,ERNEELVI,0,1730240639,1730240639,06:23:59 PM,06:23:59 PM,0
2096685,,ERNEPAUL,0,1730240677,1730240677,06:24:37 PM,06:24:37 PM,0
2096685,,ERNEBRA2,0,1730240723,1730240723,06:25:23 PM,06:25:23 PM,0
2096685,,ERNECON2,0,1730240748,1730240748,06:25:48 PM,06:25:48 PM,0
2096685,,ERNEFEN2,0,1730240794,1730240794,06:26:34 PM,06:26:34 PM,0
2096685,,ERNEFINC,0,1730240822,1730240822,06:27:02 PM,06:27:02 PM,0
2096685,,ERNESCO1,0,1730240849,1730240849,06:27:29 PM,06:27:29 PM,0
2096685,,JALNERN5,0,1730240887,1730240887,06:28:07 PM,06:28:07 PM,0
2096685,,MEGEXE2,0,1730240924,1730240924,06:28:44 PM,06:28:44 PM,0
2096685,,EXETMEG,0,1730240977,1730240977,06:29:37 PM,06:29:37 PM,0
2096685,,SHOLEXE1,0,1730241023,1730241023,06:30:23 PM,06:30:23 PM,0
2096685,,SHOLJAL1,0,1730241043,1730241043,06:30:43 PM,06:30:43 PM,0
2096685,,JALNPIER,0,1730241073,1730241073,06:31:13 PM,06:31:13 PM,0
2096685,,WHOKMANB,0,1730241180,1730241180,06:33:00 PM,06:33:00 PM,0
2096750,,WHOKMANB,0,1730241300,1730241300,06:35:00 PM,06:35:00 PM,0
2096750,,JALNBRA1,0,1730241348,1730241348,06:35:48 PM,06:35:48 PM,0
2096750,,JALNBRA3,0,1730241376,1730241376,06:36:16 PM,06:36:16 PM,0
2096750,,JALNPON1,0,1730241432,1730241432,06:37:12 PM,06:37:12 PM,0
2096750,,JALNBEE1,0,1730241474,1730241474,06:37:54 PM,06:37:54 PM,0
2096750,,JALNPOP1,0,1730241498,1730241498,06:38:18 PM,06:38:18 PM,0
2096750,,ERNEJAL1,0,1730241571,1730241571,06:39:31 PM,06:39:31 PM,0
2096750,,NIXOWIMB,0,1730241602,1730241602,06:40:02 PM,06:40:02 PM,0
2096750,,NIXOEDEN,0,1730241660,1730241660,06:41:00 PM,06:41:00 PM,0
2096750,,EDENEAS1,0,1730241703,1730241703,06:41:43 PM,06:41:43 PM,0
2096750,,EDENVERU,0,1730241745,1730241745,06:42:25 PM,06:42:25 PM,0
2096750,,SANDVER2,0,1730241780,1730241780,06:43:00 PM,06:43:00 PM,0
2096750,,SANDWIL4,0,1730241811,1730241811,06:43:31 PM,06:43:31 PM,0
2096750,,WILKCHI1,0,1730241845,1730241845,06:44:05 PM,06:44:05 PM,0
2096750,,CHIDWILK,0,1730241871,1730241871,06:44:31 PM,06:44:31 PM,0
2096750,,CHIDHUN2,0,1730241903,1730241903,06:45:03 PM,06:45:03 PM,0
2096750,,CHIDUPQ2,0,1730241950,1730241950,06:45:50 PM,06:45:50 PM,0
2096750,,UPPECOM1,0,1730242021,1730242021,06:47:01 PM,06:47:01 PM,0
2096750,,RIDOBAS1,0,1730242068,1730242068,06:47:48 PM,06:47:48 PM,0
2096750,,RIDOHICK,0,1730242094,1730242094,06:48:14 PM,06:48:14 PM,0
2096750,,RIDOEME1,0,1730242140,1730242140,06:49:00 PM,06:49:00 PM,0
2096750,,RIDOBAKE,0,1730242189,1730242189,06:49:49 PM,06:49:49 PM,0
2096750,,RIDOTEC1,0,1730242225,1730242225,06:50:25 PM,06:50:25 PM,0
2096750,,RIDOGRAN,0,1730242262,1730242262,06:51:02 PM,06:51:02 PM,0
2096750,,RIDOCRA1,0,1730242314,1730242314,06:51:54 PM,06:51:54 PM,0
2096750,,RIDOING1,0,1730242343,1730242343,06:52:23 PM,06:52:23 PM,0
2096750,,HORTRID1,0,1730242386,1730242386,06:53:06 PM,06:53:06 PM,0
2096750,,RICHHOT1,0,1730242442,1730242442,06:54:02 PM,06:54:02 PM,0
2096750,,RICHKIN1,0,1730242500,1730242500,06:55:00 PM,06:55:00 PM,0
2096750,,RICHQUEE,0,1730242620,1730242620,06:57:00 PM,06:57:00 PM,0
2096750,,RICHQUEE,0,1730242620,1730242620,06:57:00 PM,06:57:00 PM,0
2096750,,RICHKEN1,0,1730242706,1730242706,06:58:26 PM,06:58:26 PM,0
2096750,,RICHHYM1,0,1730242784,1730242784,06:59:44 PM,06:59:44 PM,0
2096750,,RICHPALL,0,1730242829,1730242829,07:00:29 PM,07:00:29 PM,0
2096750,,OXFORIC1,0,1730242920,1730242920,07:02:00 PM,07:02:00 PM,0
2096750,,OXFOWEL1,0,1730242945,1730242945,07:02:25 PM,07:02:25 PM,0
2096750,,OXFOWAT1,0,1730242989,1730242989,07:03:09 PM,07:03:09 PM,0
2096750,,OXFOCOL1,0,1730243032,1730243032,07:03:52 PM,07:03:52 PM,0
2096750,,OXFOMAI1,0,1730243085,1730243085,07:04:45 PM,07:04:45 PM,0
2096750,,OXFOWIL1,0,1730243121,1730243121,07:05:21 PM,07:05:21 PM,0
2096750,,OXFOADE1,0,1730243160,1730243160,07:06:00 PM,07:06:00 PM,0
2096750,,OXFOELI1,0,1730243193,1730243193,07:06:33 PM,07:06:33 PM,0
2096750,,OXFOELL1,0,1730243222,1730243222,07:07:02 PM,07:07:02 PM,0
2096750,,OXFOGAM1,0,1730243258,1730243258,07:07:38 PM,07:07:38 PM,0
2096750,,OXFOSTE1,0,1730243285,1730243285,07:08:05 PM,07:08:05 PM,0
2096750,,OXFOQUE1,0,1730243301,1730243301,07:08:21 PM,07:08:21 PM,0
2096750,,OXFOSTRA,0,1730243327,1730243327,07:08:47 PM,07:08:47 PM,0
2096750,,OXFOSPIT,0,1730243359,1730243359,07:09:19 PM,07:09:19 PM,0
2096750,,OXFOCLE1,0,1730243388,1730243388,07:09:48 PM,07:09:48 PM,0
2096750,,OXFOEMPI,0,1730243419,1730243419,07:10:19 PM,07:10:19 PM,0
2096750,,OXFOMORN,,,,,,
2096750,,OXFOHIG1,,,,,,
2096750,,OXFOHIG3,,,,,,
2096750,,FANCOLL2,0,1730243580,1730243580,07:13:00 PM,07:13:00 PM,0
2096688,,FANCOLL2,0,1730244180,1730244180,07:23:00 PM,07:23:00 PM,0
2096688,,OXFOROE2,0,1730244229,1730244229,07:23:49 PM,07:23:49 PM,0
2096688,,OXFOHIG4,,,,,,
2096688,,OXFOHIG2,,,,,,
2096688,,OXFOWIST,,,,,,
2096688,,OXFOOAKS,0,1730244359,1730244359,07:25:59 PM,07:25:59 PM,0
2096688,,OXFOCLE2,0,1730244403,1730244403,07:26:43 PM,07:26:43 PM,0
2096688,,OXFOLYMA,0,1730244446,1730244446,07:27:26 PM,07:27:26 PM,0
2096688,,OXFOSTUA,0,1730244476,1730244476,07:27:56 PM,07:27:56 PM,0
2096688,,OXFOQUE2,0,1730244516,1730244516,07:28:36 PM,07:28:36 PM,0
2096688,,OXFOSTE2,0,1730244546,1730244546,07:29:06 PM,07:29:06 PM,0
2096688,,OXFOGAM2,0,1730244569,1730244569,07:29:29 PM,07:29:29 PM,0
2096688,,OXFOELL2,0,1730244623,1730244623,07:30:23 PM,07:30:23 PM,0
2096688,,OXFOELI2,0,1730244663,1730244663,07:31:03 PM,07:31:03 PM,0
2096688,,OXFOADE2,0,1730244720,1730244720,07:32:00 PM,07:32:00 PM,0
2096688,,OXFOWIL2,0,1730244765,1730244765,07:32:45 PM,07:32:45 PM,0
2096688,,OXFOMAI2,0,1730244816,1730244816,07:33:36 PM,07:33:36 PM,0
2096688,,OXFOCOL2,0,1730244857,1730244857,07:34:17 PM,07:34:17 PM,0
2096688,,OXFOWAT2,0,1730244903,1730244903,07:35:03 PM,07:35:03 PM,0
2096688,,OXFOWEL2,0,1730244958,1730244958,07:35:58 PM,07:35:58 PM,0
2096688,,RICHOXF2,0,1730245020,1730245020,07:37:00 PM,07:37:00 PM,0
2096688,,RICHMILL,0,1730245069,1730245069,07:37:49 PM,07:37:49 PM,0
2096688,,RICHCENT,0,1730245138,1730245138,07:38:58 PM,07:38:58 PM,0
2096688,,RICHKEN2,0,1730245185,1730245185,07:39:45 PM,07:39:45 PM,0
2096688,,RICHDUF2,0,1730245213,1730245213,07:40:13 PM,07:40:13 PM,0
2096688,,RICHQUE1,0,1730245260,1730245260,07:41:00 PM,07:41:00 PM,0
2096688,,RICHKIN4,0,1730245320,1730245320,07:42:00 PM,07:42:00 PM,0
2096688,,RICHKIN4,0,1730245320,1730245320,07:42:00 PM,07:42:00 PM,0
2096688,,HORTRIC2,0,1730245420,1730245420,07:43:40 PM,07:43:40 PM,0
2096688,,RIDOHORT,0,1730245500,1730245500,07:45:00 PM,07:45:00 PM,0
2096688,,RIDOCRA2,0,1730245553,1730245553,07:45:53 PM,07:45:53 PM,0
2096688,,RIDOELMW,0,1730245583,1730245583,07:46:23 PM,07:46:23 PM,0
2096688,,RIDOTEC2,0,1730245635,1730245635,07:47:15 PM,07:47:15 PM,0
2096688,,RIDOWINS,0,1730245678,1730245678,07:47:58 PM,07:47:58 PM,0
2096688,,RIDOEME2,0,1730245710,1730245710,07:48:30 PM,07:48:30 PM,0
2096688,,RIDOROSE,0,1730245750,1730245750,07:49:10 PM,07:49:10 PM,0
2096688,,RIDOBAS2,0,1730245779,1730245779,07:49:39 PM,07:49:39 PM,0
2096688,,RIDOMOU2,0,1730245809,1730245809,07:50:09 PM,07:50:09 PM,0
2096688,,UPPECOM2,0,1730245850,1730245850,07:50:50 PM,07:50:50 PM,0
2096688,,UPPECHI4,0,1730245909,1730245909,07:51:49 PM,07:51:49 PM,0
2096688,,CHIDHUN1,0,1730245957,1730245957,07:52:37 PM,07:52:37 PM,0
2096688,,CHIDCHID,0,1730246010,1730246010,07:53:30 PM,07:53:30 PM,0
2096688,,WILKCHI2,0,1730246040,1730246040,07:54:00 PM,07:54:00 PM,0
2096688,,SANDWIL2,0,1730246084,1730246084,07:54:44 PM,07:54:44 PM,0
2096688,,SANDVER1,0,1730246121,1730246121,07:55:21 PM,07:55:21 PM,0
2096688,,VERUEDEN,0,1730246141,1730246141,07:55:41 PM,07:55:41 PM,0
2096688,,EDENEAS2,0,1730246184,1730246184,07:56:24 PM,07:56:24 PM,0
2096688,,EDENNIX,0,1730246220,1730246220,07:57:00 PM,07:57:00 PM,0
2096688,,NIXOCRE2,0,1730246257,1730246257,07:57:37 PM,07:57:37 PM,0
2096688,,NIXOSDAL,0,1730246284,1730246284,07:58:04 PM,07:58:04 PM,0
2096688,,JALNERN3,0,1730246328,1730246328,07:58:48 PM,07:58:48 PM,0
2096688,,JALNBEE2,0,1730246400,1730246400,08:00:00 PM,08:00:00 PM,0
2096688,,JALNTUMB,0,1730246440,1730246440,08:00:40 PM,08:00:40 PM,0
2096688,,JALNBEM2,0,1730246494,1730246494,08:01:34 PM,08:01:34 PM,0
2096688,,JALNBRA4,0,1730246540,1730246540,08:02:20 PM,08:02:20 PM,0
2096688,,WHOKMASB,0,1730246580,1730246580,08:03:00 PM,08:03:00 PM,0
2096757,,WHOKMASB,0,1730247060,1730247060,08:11:00 PM,08:11:00 PM,0
2096757,,SHOLJAL2,0,1730247167,1730247167,08:12:47 PM,08:12:47 PM,0
2096757,,SHOLEXE2,0,1730247204,1730247204,08:13:24 PM,08:13:24 PM,0
2096757,,EXETSHOL,0,1730247240,1730247240,08:14:00 PM,08:14:00 PM,0
2096757,,MEGEXE1,0,1730247289,1730247289,08:14:49 PM,08:14:49 PM,0
2096757,,JALNERN4,0,1730247334,1730247334,08:15:34 PM,08:15:34 PM,0
2096757,,ERNESCO2,0,1730247358,1730247358,08:15:58 PM,08:15:58 PM,0
2096757,,ERNEFEN1,0,1730247402,1730247402,08:16:42 PM,08:16:42 PM,0
2096757,,ERNECON1,0,1730247452,1730247452,08:17:32 PM,08:17:32 PM,0
2096757,,ERNEBRA1,0,1730247484,1730247484,08:18:04 PM,08:18:04 PM,0
2096757,,ERNEMUR3,0,1730247512,1730247512,08:18:32 PM,08:18:32 PM,0
2096757,,ERNEMUR1,0,1730247539,1730247539,08:18:59 PM,08:18:59 PM,0
2096757,,ERNEJAL1,0,1730247593,1730247593,08:19:53 PM,08:19:53 PM,0
2096757,,NIXOWIMB,0,1730247620,1730247620,08:20:20 PM,08:20:20 PM,0
2096757,,NIXOEDEN,0,1730247671,1730247671,08:21:11 PM,08:21:11 PM,0
2096757,,EDENEAS1,0,1730247708,1730247708,08:21:48 PM,08:21:48 PM,0
2096757,,EDENVERU,0,1730247745,1730247745,08:22:25 PM,08:22:25 PM,0
2096757,,SANDVER2,0,1730247780,1730247780,08:23:00 PM,08:23:00 PM,0
2096757,,SANDWIL4,0,1730247811,1730247811,08:23:31 PM,08:23:31 PM,0
2096757,,WILKCHI1,0,1730247845,1730247845,08:24:05 PM,08:24:05 PM,0
2096757,,CHIDWILK,0,1730247871,1730247871,08:24:31 PM,08:24:31 PM,0
2096757,,CHIDHUN2,0,1730247903,1730247903,08:25:03 PM,08:25:03 PM,0
2096757,,CHIDUPQ2,0,1730247950,1730247950,08:25:50 PM,08:25:50 PM,0
2096757,,UPPECOM1,0,1730248021,1730248021,08:27:01 PM,08:27:01 PM,0
2096757,,RIDOBAS1,0,1730248068,1730248068,08:27:48 PM,08:27:48 PM,0
2096757,,RIDOHICK,0,1730248094,1730248094,08:28:14 PM,08:28:14 PM,0
2096757,,RIDOEME1,0,1730248140,1730248140,08:29:00 PM,08:29:00 PM,0
2096757,,RIDOBAKE,0,1730248189,1730248189,08:29:49 PM,08:29:49 PM,0
2096757,,RIDOTEC1,0,1730248225,1730248225,08:30:25 PM,08:30:25 PM,0
2096757,,RIDOGRAN,0,1730248262,1730248262,08:31:02 PM,08:31:02 PM,0
2096757,,RIDOCRA1,0,1730248314,1730248314,08:31:54 PM,08:31:54 PM,0
2096757,,RIDOING1,0,1730248343,1730248343,08:32:23 PM,08:32:23 PM,0
2096757,,HORTRID1,0,1730248386,1730248386,08:33:06 PM,08:33:06 PM,0
2096757,,RICHHOT1,0,1730248442,1730248442,08:34:02 PM,08:34:02 PM,0
2096757,,RICHKIN1,0,1730248500,1730248500,08:35:00 PM,08:35:00 PM,0
2096757,,RICHQUEE,0,1730248620,1730248620,08:37:00 PM,08:37:00 PM,0
2096757,,RICHQUEE,0,1730248620,1730248620,08:37:00 PM,08:37:00 PM,0
2096757,,RICHKEN1,0,1730248706,1730248706,08:38:26 PM,08:38:26 PM,0
2096757,,RICHHYM1,0,1730248784,1730248784,08:39:44 PM,08:39:44 PM,0
2096757,,RICHPALL,0,1730248829,1730248829,08:40:29 PM,08:40:29 PM,0
2096757,,OXFORIC1,0,1730248920,1730248920,08:42:00 PM,08:42:00 PM,0
2096757,,OXFOWEL1,0,1730248945,1730248945,08:42:25 PM,08:42:25 PM,0
2096757,,OXFOWAT1,0,1730248989,1730248989,08:43:09 PM,08:43:09 PM,0
2096757,,OXFOCOL1,0,1730249032,1730249032,08:43:52 PM,08:43:52 PM,0
2096757,,OXFOMAI1,0,1730249085,1730249085,08:44:45 PM,08:44:45 PM,0
2096757,,OXFOWIL1,0,1730249121,1730249121,08:45:21 PM,08:45:21 PM,0
2096757,,OXFOADE1,0,1730249160,1730249160,08:46:00 PM,08:46:00 PM,0
2096757,,OXFOELI1,0,1730249193,1730249193,08:46:33 PM,08:46:33 PM,0
2096757,,OXFOELL1,0,1730249222,1730249222,08:47:02 PM,08:47:02 PM,0
2096757,,OXFOGAM1,0,1730249258,1730249258,08:47:38 PM,08:47:38 PM,0
2096757,,OXFOSTE1,0,1730249285,1730249285,08:48:05 PM,08:48:05 PM,0
2096757,,OXFOQUE1,0,1730249301,1730249301,08:48:21 PM,08:48:21 PM,0
2096757,,OXFOSTRA,0,1730249327,1730249327,08:48:47 PM,08:48:47 PM,0
2096757,,OXFOSPIT,0,1730249359,1730249359,08:49:19 PM,08:49:19 PM,0
2096757,,OXFOCLE1,0,1730249388,1730249388,08:49:48 PM,08:49:48 PM,0
2096757,,OXFOEMPI,0,1730249419,1730249419,08:50:19 PM,08:50:19 PM,0
2096757,,OXFOMORN,,,,,,
2096757,,OXFOHIG1,,,,,,
2096757,,OXFOHIG3,,,,,,
2096757,,FANCOLL2,0,1730249580,1730249580,08:53:00 PM,08:53:00 PM,0
2096697,,FANCOLL2,0,1730250120,1730250120,09:02:00 PM,09:02:00 PM,0
2096697,,OXFOROE2,0,1730250170,1730250170,09:02:50 PM,09:02:50 PM,0
2096697,,OXFOHIG4,,,,,,
2096697,,OXFOHIG2,,,,,,
2096697,,OXFOWIST,,,,,,
2096697,,OXFOOAKS,0,1730250291,1730250291,09:04:51 PM,09:04:51 PM,0
2096697,,OXFOCLE2,0,1730250329,1730250329,09:05:29 PM,09:05:29 PM,0
2096697,,OXFOLYMA,0,1730250366,1730250366,09:06:06 PM,09:06:06 PM,0
2096697,,OXFOSTUA,0,1730250392,1730250392,09:06:32 PM,09:06:32 PM,0
2096697,,OXFOQUE2,0,1730250426,1730250426,09:07:06 PM,09:07:06 PM,0
2096697,,OXFOSTE2,0,1730250451,1730250451,09:07:31 PM,09:07:31 PM,0
2096697,,OXFOGAM2,0,1730250470,1730250470,09:07:50 PM,09:07:50 PM,0
2096697,,OXFOELL2,0,1730250516,1730250516,09:08:36 PM,09:08:36 PM,0
2096697,,OXFOELI2,0,1730250550,1730250550,09:09:10 PM,09:09:10 PM,0
2096697,,OXFOADE2,0,1730250600,1730250600,09:10:00 PM,09:10:00 PM,0
2096697,,OXFOWIL2,0,1730250636,1730250636,09:10:36 PM,09:10:36 PM,0
2096697,,OXFOMAI2,0,1730250677,1730250677,09:11:17 PM,09:11:17 PM,0
2096697,,OXFOCOL2,0,1730250710,1730250710,09:11:50 PM,09:11:50 PM,0
2096697,,OXFOWAT2,0,1730250747,1730250747,09:12:27 PM,09:12:27 PM,0
2096697,,OXFOWEL2,0,1730250791,1730250791,09:13:11 PM,09:13:11 PM,0
2096697,,RICHOXF2,0,1730250840,1730250840,09:14:00 PM,09:14:00 PM,0
2096697,,RICHMILL,0,1730250889,1730250889,09:14:49 PM,09:14:49 PM,0
2096697,,RICHCENT,0,1730250958,1730250958,09:15:58 PM,09:15:58 PM,0
2096697,,RICHKEN2,0,1730251005,1730251005,09:16:45 PM,09:16:45 PM,0
2096697,,RICHDUF2,0,1730251033,1730251033,09:17:13 PM,09:17:13 PM,0
2096697,,RICHQUE1,0,1730251080,1730251080,09:18:00 PM,09:18:00 PM,0
2096697,,RICHKIN4,0,1730251140,1730251140,09:19:00 PM,09:19:00 PM,0
2096697,,RICHKIN4,0,1730251140,1730251140,09:19:00 PM,09:19:00 PM,0
2096697,,HORTRIC2,0,1730251240,1730251240,09:20:40 PM,09:20:40 PM,0
2096697,,RIDOHORT,0,1730251320,1730251320,09:22:00 PM,09:22:00 PM,0
2096697,,RIDOCRA2,0,1730251367,1730251367,09:22:47 PM,09:22:47 PM,0
2096697,,RIDOELMW,0,1730251393,1730251393,09:23:13 PM,09:23:13 PM,0
2096697,,RIDOTEC2,0,1730251439,1730251439,09:23:59 PM,09:23:59 PM,0
2096697,,RIDOWINS,0,1730251477,1730251477,09:24:37 PM,09:24:37 PM,0
2096697,,RIDOEME2,0,1730251506,1730251506,09:25:06 PM,09:25:06 PM,0
2096697,,RIDOROSE,0,1730251542,1730251542,09:25:42 PM,09:25:42 PM,0
2096697,,RIDOBAS2,0,1730251567,1730251567,09:26:07 PM,09:26:07 PM,0
2096697,,RIDOMOU2,0,1730251594,1730251594,09:26:34 PM,09:26:34 PM,0
2096697,,UPPECOM2,0,1730251631,1730251631,09:27:11 PM,09:27:11 PM,0
2096697,,UPPECHI4,0,1730251683,1730251683,09:28:03 PM,09:28:03 PM,0
2096697,,CHIDHUN1,0,1730251726,1730251726,09:28:46 PM,09:28:46 PM,0
2096697,,CHIDCHID,0,1730251773,1730251773,09:29:33 PM,09:29:33 PM,0
2096697,,WILKCHI2,0,1730251800,1730251800,09:30:00 PM,09:30:00 PM,0
2096697,,SANDWIL2,0,1730251839,1730251839,09:30:39 PM,09:30:39 PM,0
2096697,,SANDVER1,0,1730251871,1730251871,09:31:11 PM,09:31:11 PM,0
2096697,,VERUEDEN,0,1730251888,1730251888,09:31:28 PM,09:31:28 PM,0
2096697,,EDENEAS2,0,1730251926,1730251926,09:32:06 PM,09:32:06 PM,0
2096697,,EDENNIX,0,1730251958,1730251958,09:32:38 PM,09:32:38 PM,0
2096697,,NIXOCRE2,0,1730251991,1730251991,09:33:11 PM,09:33:11 PM,0
2096697,,NIXOSDAL,0,1730252015,1730252015,09:33:35 PM,09:33:35 PM,0
2096697,,ERNEJAL2,0,1730252053,1730252053,09:34:13 PM,09:34:13 PM,0
2096697,,ERNEELVI,0,1730252077,1730252077,09:34:37 PM,09:34:37 PM,0
2096697,,ERNEPAUL,0,1730252112,1730252112,09:35:12 PM,09:35:12 PM,0
2096697,,ERNEBRA2,0,1730252154,1730252154,09:35:54 PM,09:35:54 PM,0
2096697,,ERNECON2,0,1730252177,1730252177,09:36:17 PM,09:36:17 PM,0
2096697,,ERNEFEN2,0,1730252220,1730252220,09:37:00 PM,09:37:00 PM,0
2096697,,ERNEFINC,0,1730252246,1730252246,09:37:26 PM,09:37:26 PM,0
2096697,,ERNESCO1,0,1730252271,1730252271,09:37:51 PM,09:37:51 PM,0
2096697,,JALNERN5,0,1730252306,1730252306,09:38:26 PM,09:38:26 PM,0
2096697,,MEGEXE2,0,1730252340,1730252340,09:39:00 PM,09:39:00 PM,0
2096697,,EXETMEG,0,1730252389,1730252389,09:39:49 PM,09:39:49 PM,0
2096697,,SHOLEXE1,0,1730252432,1730252432,09:40:32 PM,09:40:32 PM,0
2096697,,SHOLJAL1,0,1730252451,1730252451,09:40:51 PM,09:40:51 PM,0
2096697,,JALNPIER,0,1730252479,1730252479,09:41:19 PM,09:41:19 PM,0
2096697,,WHOKMANB,0,1730252580,1730252580,09:43:00 PM,09:43:00 PM,0
2096761,,WHOKMANB,0,1730252940,1730252940,09:49:00 PM,09:49:00 PM,0
2096761,,JALNBRA1,0,1730252982,1730252982,09:49:42 PM,09:49:42 PM,0
2096761,,JALNBRA3,0,1730253007,1730253007,09:50:07 PM,09:50:07 PM,0
2096761,,JALNPON1,0,1730253056,1730253056,09:50:56 PM,09:50:56 PM,0
2096761,,JALNBEE1,0,1730253093,1730253093,09:51:33 PM,09:51:33 PM,0
2096761,,JALNPOP1,0,1730253114,1730253114,09:51:54 PM,09:51:54 PM,0
2096761,,ERNEJAL1,0,1730253178,1730253178,09:52:58 PM,09:52:58 PM,0
2096761,,NIXOWIMB,0,1730253205,1730253205,09:53:25 PM,09:53:25 PM,0
2096761,,NIXOEDEN,0,1730253256,1730253256,09:54:16 PM,09:54:16 PM,0
2096761,,EDENEAS1,0,1730253293,1730253293,09:54:53 PM,09:54:53 PM,0
2096761,,EDENVERU,0,1730253330,1730253330,09:55:30 PM,09:55:30 PM,0
2096761,,SANDVER2,0,1730253360,1730253360,09:56:00 PM,09:56:00 PM,0
2096761,,SANDWIL4,0,1730253391,1730253391,09:56:31 PM,09:56:31 PM,0
2096761,,WILKCHI1,0,1730253425,1730253425,09:57:05 PM,09:57:05 PM,0
2096761,,CHIDWILK,0,1730253451,1730253451,09:57:31 PM,09:57:31 PM,0
2096761,,CHIDHUN2,0,1730253483,1730253483,09:58:03 PM,09:58:03 PM,0
2096761,,CHIDUPQ2,0,1730253530,1730253530,09:58:50 PM,09:58:50 PM,0
2096761,,UPPECOM1,0,1730253601,1730253601,10:00:01 PM,10:00:01 PM,0
2096761,,RIDOBAS1,0,1730253648,1730253648,10:00:48 PM,10:00:48 PM,0
2096761,,RIDOHICK,0,1730253674,1730253674,10:01:14 PM,10:01:14 PM,0
2096761,,RIDOEME1,0,1730253720,1730253720,10:02:00 PM,10:02:00 PM,0
2096761,,RIDOBAKE,0,1730253769,1730253769,10:02:49 PM,10:02:49 PM,0
2096761,,RIDOTEC1,0,1730253805,1730253805,10:03:25 PM,10:03:25 PM,0
2096761,,RIDOGRAN,0,1730253842,1730253842,10:04:02 PM,10:04:02 PM,0
2096761,,RIDOCRA1,0,1730253894,1730253894,10:04:54 PM,10:04:54 PM,0
2096761,,RIDOING1,0,1730253923,1730253923,10:05:23 PM,10:05:23 PM,0
2096761,,HORTRID1,0,1730253966,1730253966,10:06:06 PM,10:06:06 PM,0
2096761,,RICHHOT1,0,1730254022,1730254022,10:07:02 PM,10:07:02 PM,0
2096761,,RICHKIN1,0,1730254080,1730254080,10:08:00 PM,10:08:00 PM,0
2096761,,RICHQUEE,0,1730254200,1730254200,10:10:00 PM,10:10:00 PM,0
2096761,,RICHQUEE,0,1730254200,1730254200,10:10:00 PM,10:10:00 PM,0
2096761,,RICHKEN1,0,1730254268,1730254268,10:11:08 PM,10:11:08 PM,0
2096761,,RICHHYM1,0,1730254330,1730254330,10:12:10 PM,10:12:10 PM,0
2096761,,RICHPALL,0,1730254366,1730254366,10:12:46 PM,10:12:46 PM,0
2096761,,OXFORIC1,0,1730254440,1730254440,10:14:00 PM,10:14:00 PM,0
2096761,,OXFOWEL1,0,1730254459,1730254459,10:14:19 PM,10:14:19 PM,0
2096761,,OXFOWAT1,0,1730254492,1730254492,10:14:52 PM,10:14:52 PM,0
2096761,,OXFOCOL1,0,1730254524,1730254524,10:15:24 PM,10:15:24 PM,0
2096761,,OXFOMAI1,0,1730254564,1730254564,10:16:04 PM,10:16:04 PM,0
2096761,,OXFOWIL1,0,1730254591,1730254591,10:16:31 PM,10:16:31 PM,0
2096761,,OXFOADE1,0,1730254620,1730254620,10:17:00 PM,10:17:00 PM,0
2096761,,OXFOELI1,0,1730254653,1730254653,10:17:33 PM,10:17:33 PM,0
2096761,,OXFOELL1,0,1730254682,1730254682,10:18:02 PM,10:18:02 PM,0
2096761,,OXFOGAM1,0,1730254718,1730254718,10:18:38 PM,10:18:38 PM,0
2096761,,OXFOSTE1,0,1730254745,1730254745,10:19:05 PM,10:19:05 PM,0
2096761,,OXFOQUE1,0,1730254761,1730254761,10:19:21 PM,10:19:21 PM,0
2096761,,OXFOSTRA,0,1730254787,1730254787,10:19:47 PM,10:19:47 PM,0
2096761,,OXFOSPIT,0,1730254819,1730254819,10:20:19 PM,10:20:19 PM,0
2096761,,OXFOCLE1,0,1730254848,1730254848,10:20:48 PM,10:20:48 PM,0
2096761,,OXFOEMPI,0,1730254879,1730254879,10:21:19 PM,10:21:19 PM,0
2096761,,OXFOMORN,,,,,,
2096761,,OXFOHIG1,,,,,,
2096761,,OXFOHIG3,,,,,,
2096761,,FANCOLL2,0,1730255040,1730255040,10:24:00 PM,10:24:00 PM,0
2096696,,FANCOLL2,0,1730255520,1730255520,10:32:00 PM,10:32:00 PM,0
2096696,,OXFOROE2,0,1730255569,1730255569,10:32:49 PM,10:32:49 PM,0
2096696,,OXFOHIG4,,,,,,
2096696,,OXFOHIG2,,,,,,
2096696,,OXFOWIST,,,,,,
2096696,,OXFOOAKS,0,1730255691,1730255691,10:34:51 PM,10:34:51 PM,0
2096696,,OXFOCLE2,0,1730255729,1730255729,10:35:29 PM,10:35:29 PM,0
2096696,,OXFOLYMA,0,1730255766,1730255766,10:36:06 PM,10:36:06 PM,0
2096696,,OXFOSTUA,0,1730255792,1730255792,10:36:32 PM,10:36:32 PM,0
2096696,,OXFOQUE2,0,1730255826,1730255826,10:37:06 PM,10:37:06 PM,0
2096696,,OXFOSTE2,0,1730255851,1730255851,10:37:31 PM,10:37:31 PM,0
2096696,,OXFOGAM2,0,1730255870,1730255870,10:37:50 PM,10:37:50 PM,0
2096696,,OXFOELL2,0,1730255916,1730255916,10:38:36 PM,10:38:36 PM,0
2096696,,OXFOELI2,0,1730255950,1730255950,10:39:10 PM,10:39:10 PM,0
2096696,,OXFOADE2,0,1730256000,1730256000,10:40:00 PM,10:40:00 PM,0
2096696,,OXFOWIL2,0,1730256036,1730256036,10:40:36 PM,10:40:36 PM,0
2096696,,OXFOMAI2,0,1730256077,1730256077,10:41:17 PM,10:41:17 PM,0
2096696,,OXFOCOL2,0,1730256110,1730256110,10:41:50 PM,10:41:50 PM,0
2096696,,OXFOWAT2,0,1730256147,1730256147,10:42:27 PM,10:42:27 PM,0
2096696,,OXFOWEL2,0,1730256191,1730256191,10:43:11 PM,10:43:11 PM,0
2096696,,RICHOXF2,0,1730256240,1730256240,10:44:00 PM,10:44:00 PM,0
2096696,,RICHMILL,0,1730256289,1730256289,10:44:49 PM,10:44:49 PM,0
2096696,,RICHCENT,0,1730256358,1730256358,10:45:58 PM,10:45:58 PM,0
2096696,,RICHKEN2,0,1730256405,1730256405,10:46:45 PM,10:46:45 PM,0
2096696,,RICHDUF2,0,1730256433,1730256433,10:47:13 PM,10:47:13 PM,0
2096696,,RICHQUE1,0,1730256480,1730256480,10:48:00 PM,10:48:00 PM,0
2096696,,RICHKIN4,0,1730256540,1730256540,10:49:00 PM,10:49:00 PM,0
2096696,,RICHKIN4,0,1730256540,1730256540,10:49:00 PM,10:49:00 PM,0
2096696,,HORTRIC2,0,1730256640,1730256640,10:50:40 PM,10:50:40 PM,0
2096696,,RIDOHORT,0,1730256720,1730256720,10:52:00 PM,10:52:00 PM,0
2096696,,RIDOCRA2,0,1730256767,1730256767,10:52:47 PM,10:52:47 PM,0
2096696,,RIDOELMW,0,1730256793,1730256793,10:53:13 PM,10:53:13 PM,0
2096696,,RIDOTEC2,0,1730256839,1730256839,10:53:59 PM,10:53:59 PM,0
2096696,,RIDOWINS,0,1730256877,1730256877,10:54:37 PM,10:54:37 PM,0
2096696,,RIDOEME2,0,1730256906,1730256906,10:55:06 PM,10:55:06 PM,0
2096696,,RIDOROSE,0,1730256942,1730256942,10:55:42 PM,10:55:42 PM,0
2096696,,RIDOBAS2,0,1730256967,1730256967,10:56:07 PM,10:56:07 PM,0
2096696,,RIDOMOU2,0,1730256994,1730256994,10:56:34 PM,10:56:34 PM,0
2096696,,UPPECOM2,0,1730257031,1730257031,10:57:11 PM,10:57:11 PM,0
2096696,,UPPECHI4,0,1730257083,1730257083,10:58:03 PM,10:58:03 PM,0
2096696,,CHIDHUN1,0,1730257126,1730257126,10:58:46 PM,10:58:46 PM,0
2096696,,CHIDCHID,0,1730257173,1730257173,10:59:33 PM,10:59:33 PM,0
2096696,,WILKCHI2,0,1730257200,1730257200,11:00:00 PM,11:00:00 PM,0
2096696,,SANDWIL2,0,1730257239,1730257239,11:00:39 PM,11:00:39 PM,0
2096696,,SANDVER1,0,1730257271,1730257271,11:01:11 PM,11:01:11 PM,0
2096696,,VERUEDEN,0,1730257288,1730257288,11:01:28 PM,11:01:28 PM,0
2096696,,EDENEAS2,0,1730257326,1730257326,11:02:06 PM,11:02:06 PM,0
2096696,,EDENNIX,0,1730257358,1730257358,11:02:38 PM,11:02:38 PM,0
2096696,,NIXOCRE2,0,1730257391,1730257391,11:03:11 PM,11:03:11 PM,0
2096696,,NIXOSDAL,0,1730257415,1730257415,11:03:35 PM,11:03:35 PM,0
2096696,,JALNERN3,0,1730257454,1730257454,11:04:14 PM,11:04:14 PM,0
2096696,,JALNBEE2,0,1730257518,1730257518,11:05:18 PM,11:05:18 PM,0
2096696,,JALNTUMB,0,1730257553,1730257553,11:05:53 PM,11:05:53 PM,0
2096696,,JALNBEM2,0,1730257601,1730257601,11:06:41 PM,11:06:41 PM,0
2096696,,JALNBRA4,0,1730257642,1730257642,11:07:22 PM,11:07:22 PM,0
2096696,,WHOKMASB,0,1730257680,1730257680,11:08:00 PM,11:08:00 PM,0
2096760,,WHOKMASB,0,1730258220,1730258220,11:17:00 PM,11:17:00 PM,0
2096760,,SHOLJAL2,0,1730258309,1730258309,11:18:29 PM,11:18:29 PM,0
2096760,,SHOLEXE2,0,1730258340,1730258340,11:19:00 PM,11:19:00 PM,0
2096760,,EXETSHOL,0,1730258370,1730258370,11:19:30 PM,11:19:30 PM,0
2096760,,MEGEXE1,0,1730258411,1730258411,11:20:11 PM,11:20:11 PM,0
2096760,,JALNERN4,0,1730258448,1730258448,11:20:48 PM,11:20:48 PM,0
2096760,,ERNESCO2,0,1730258468,1730258468,11:21:08 PM,11:21:08 PM,0
2096760,,ERNEFEN1,0,1730258505,1730258505,11:21:45 PM,11:21:45 PM,0
2096760,,ERNECON1,0,1730258547,1730258547,11:22:27 PM,11:22:27 PM,0
2096760,,ERNEBRA1,0,1730258574,1730258574,11:22:54 PM,11:22:54 PM,0
2096760,,ERNEMUR3,0,1730258597,1730258597,11:23:17 PM,11:23:17 PM,0
2096760,,ERNEMUR1,0,1730258620,1730258620,11:23:40 PM,11:23:40 PM,0
2096760,,ERNEJAL1,0,1730258665,1730258665,11:24:25 PM,11:24:25 PM,0
2096760,,NIXOWIMB,0,1730258687,1730258687,11:24:47 PM,11:24:47 PM,0
2096760,,NIXOEDEN,0,1730258729,1730258729,11:25:29 PM,11:25:29 PM,0
2096760,,EDENEAS1,0,1730258760,1730258760,11:26:00 PM,11:26:00 PM,0
2096760,,EDENVERU,0,1730258790,1730258790,11:26:30 PM,11:26:30 PM,0
2096760,,SANDVER2,0,1730258820,1730258820,11:27:00 PM,11:27:00 PM,0
2096760,,SANDWIL4,0,1730258851,1730258851,11:27:31 PM,11:27:31 PM,0
2096760,,WILKCHI1,0,1730258885,1730258885,11:28:05 PM,11:28:05 PM,0
2096760,,CHIDWILK,0,1730258911,1730258911,11:28:31 PM,11:28:31 PM,0
2096760,,CHIDHUN2,0,1730258943,1730258943,11:29:03 PM,11:29:03 PM,0
2096760,,CHIDUPQ2,0,1730258990,1730258990,11:29:50 PM,11:29:50 PM,0
2096760,,UPPECOM1,0,1730259061,1730259061,11:31:01 PM,11:31:01 PM,0
2096760,,RIDOBAS1,0,1730259108,1730259108,11:31:48 PM,11:31:48 PM,0
2096760,,RIDOHICK,0,1730259134,1730259134,11:32:14 PM,11:32:14 PM,0
2096760,,RIDOEME1,0,1730259180,1730259180,11:33:00 PM,11:33:00 PM,0
2096760,,RIDOBAKE,0,1730259221,1730259221,11:33:41 PM,11:33:41 PM,0
2096760,,RIDOTEC1,0,1730259251,1730259251,11:34:11 PM,11:34:11 PM,0
2096760,,RIDOGRAN,0,1730259281,1730259281,11:34:41 PM,11:34:41 PM,0
2096760,,RIDOCRA1,0,1730259324,1730259324,11:35:24 PM,11:35:24 PM,0
2096760,,RIDOING1,0,1730259348,1730259348,11:35:48 PM,11:35:48 PM,0
2096760,,HORTRID1,0,1730259384,1730259384,11:36:24 PM,11:36:24 PM,0
2096760,,RICHHOT1,0,1730259431,1730259431,11:37:11 PM,11:37:11 PM,0
2096760,,RICHKIN1,0,1730259480,1730259480,11:38:00 PM,11:38:00 PM,0
2096760,,RICHQUEE,0,1730259600,1730259600,11:40:00 PM,11:40:00 PM,0
2096760,,RICHQUEE,0,1730259600,1730259600,11:40:00 PM,11:40:00 PM,0
2096760,,RICHKEN1,0,1730259668,1730259668,11:41:08 PM,11:41:08 PM,0
2096760,,RICHHYM1,0,1730259730,1730259730,11:42:10 PM,11:42:10 PM,0
2096760,,RICHPALL,0,1730259766,1730259766,11:42:46 PM,11:42:46 PM,0
2096760,,OXFORIC1,0,1730259840,1730259840,11:44:00 PM,11:44:00 PM,0
2096760,,OXFOWEL1,0,1730259859,1730259859,11:44:19 PM,11:44:19 PM,0
2096760,,OXFOWAT1,0,1730259892,1730259892,11:44:52 PM,11:44:52 PM,0
2096760,,OXFOCOL1,0,1730259924,1730259924,11:45:24 PM,11:45:24 PM,0
2096760,,OXFOMAI1,0,1730259964,1730259964,11:46:04 PM,11:46:04 PM,0
2096760,,OXFOWIL1,0,1730259991,1730259991,11:46:31 PM,11:46:31 PM,0
2096760,,OXFOADE1,0,1730260020,1730260020,11:47:00 PM,11:47:00 PM,0
2096760,,OXFOELI1,0,1730260053,1730260053,11:47:33 PM,11:47:33 PM,0
2096760,,OXFOELL1,0,1730260082,1730260082,11:48:02 PM,11:48:02 PM,0
2096760,,OXFOGAM1,0,1730260118,1730260118,11:48:38 PM,11:48:38 PM,0
2096760,,OXFOSTE1,0,1730260145,1730260145,11:49:05 PM,11:49:05 PM,0
2096760,,OXFOQUE1,0,1730260161,1730260161,11:49:21 PM,11:49:21 PM,0
2096760,,OXFOSTRA,0,1730260187,1730260187,11:49:47 PM,11:49:47 PM,0
2096760,,OXFOSPIT,0,1730260219,1730260219,11:50:19 PM,11:50:19 PM,0
2096760,,OXFOCLE1,0,1730260248,1730260248,11:50:48 PM,11:50:48 PM,0
2096760,,OXFOEMPI,0,1730260279,1730260279,11:51:19 PM,11:51:19 PM,0
2096760,,OXFOMORN,,,,,,
2096760,,OXFOHIG1,,,,,,
2096760,,OXFOHIG3,,,,,,
2096760,,FANCOLL2,0,1730260440,1730260440,11:54:00 PM,11:54:00 PM,0
2096680,,FANCOLL2,0,1730230860,1730230860,03:41:00 PM,03:41:00 PM,0
2096680,,OXFOROE2,0,1730230909,1730230909,03:41:49 PM,03:41:49 PM,0
2096680,,OXFOHIG4,,,,,,
2096680,,OXFOHIG2,,,,,,
2096680,,OXFOWIST,,,,,,
2096680,,OXFOOAKS,0,1730231039,1730231039,03:43:59 PM,03:43:59 PM,0
2096680,,OXFOCLE2,0,1730231083,1730231083,03:44:43 PM,03:44:43 PM,0
2096680,,OXFOLYMA,0,1730231126,1730231126,03:45:26 PM,03:45:26 PM,0
2096680,,OXFOSTUA,0,1730231156,1730231156,03:45:56 PM,03:45:56 PM,0
2096680,,OXFOQUE2,0,1730231196,1730231196,03:46:36 PM,03:46:36 PM,0
2096680,,OXFOSTE2,0,1730231226,1730231226,03:47:06 PM,03:47:06 PM,0
2096680,,OXFOGAM2,0,1730231249,1730231249,03:47:29 PM,03:47:29 PM,0
2096680,,OXFOELL2,0,1730231303,1730231303,03:48:23 PM,03:48:23 PM,0
2096680,,OXFOELI2,0,1730231343,1730231343,03:49:03 PM,03:49:03 PM,0
2096680,,OXFOADE2,0,1730231400,1730231400,03:50:00 PM,03:50:00 PM,0
2096680,,OXFOWIL2,0,1730231445,1730231445,03:50:45 PM,03:50:45 PM,0
2096680,,OXFOMAI2,0,1730231496,1730231496,03:51:36 PM,03:51:36 PM,0
2096680,,OXFOCOL2,0,1730231537,1730231537,03:52:17 PM,03:52:17 PM,0
2096680,,OXFOWAT2,0,1730231583,1730231583,03:53:03 PM,03:53:03 PM,0
2096680,,OXFOWEL2,0,1730231638,1730231638,03:53:58 PM,03:53:58 PM,0
2096680,,RICHOXF2,0,1730231700,1730231700,03:55:00 PM,03:55:00 PM,0
2096680,,RICHMILL,0,1730231773,1730231773,03:56:13 PM,03:56:13 PM,0
2096680,,RICHCENT,0,1730231877,1730231877,03:57:57 PM,03:57:57 PM,0
2096680,,RICHKEN2,0,1730231948,1730231948,03:59:08 PM,03:59:08 PM,0
2096680,,RICHDUF2,0,1730231990,1730231990,03:59:50 PM,03:59:50 PM,0
2096680,,RICHQUE1,0,1730232060,1730232060,04:01:00 PM,04:01:00 PM,0
2096680,,RICHKIN4,0,1730232120,1730232120,04:02:00 PM,04:02:00 PM,0
2096680,,RICHKIN4,0,1730232120,1730232120,04:02:00 PM,04:02:00 PM,0
2096680,,HORTRIC2,0,1730232254,1730232254,04:04:14 PM,04:04:14 PM,0
2096680,,RIDOHORT,0,1730232360,1730232360,04:06:00 PM,04:06:00 PM,0
2096680,,RIDOCRA2,0,1730232419,1730232419,04:06:59 PM,04:06:59 PM,0
2096680,,RIDOELMW,0,1730232452,1730232452,04:07:32 PM,04:07:32 PM,0
2096680,,RIDOTEC2,0,1730232510,1730232510,04:08:30 PM,04:08:30 PM,0
2096680,,RIDOWINS,0,1730232558,1730232558,04:09:18 PM,04:09:18 PM,0
2096680,,RIDOEME2,0,1730232594,1730232594,04:09:54 PM,04:09:54 PM,0
2096680,,RIDOROSE,0,1730232639,1730232639,04:10:39 PM,04:10:39 PM,0
2096680,,RIDOBAS2,0,1730232671,1730232671,04:11:11 PM,04:11:11 PM,0
2096680,,RIDOMOU2,0,1730232704,1730232704,04:11:44 PM,04:11:44 PM,0
2096680,,UPPECOM2,0,1730232750,1730232750,04:12:30 PM,04:12:30 PM,0
2096680,,UPPECHI4,0,1730232815,1730232815,04:13:35 PM,04:13:35 PM,0
2096680,,CHIDHUN1,0,1730232869,1730232869,04:14:29 PM,04:14:29 PM,0
2096680,,CHIDCHID,0,1730232928,1730232928,04:15:28 PM,04:15:28 PM,0
2096680,,WILKCHI2,0,1730232960,1730232960,04:16:00 PM,04:16:00 PM,0
2096680,,SANDWIL2,0,1730233009,1730233009,04:16:49 PM,04:16:49 PM,0
2096680,,SANDVER1,0,1730233050,1730233050,04:17:30 PM,04:17:30 PM,0
2096680,,VERUEDEN,0,1730233072,1730233072,04:17:52 PM,04:17:52 PM,0
2096680,,EDENEAS2,0,1730233120,1730233120,04:18:40 PM,04:18:40 PM,0
2096680,,EDENNIX,0,1730233160,1730233160,04:19:20 PM,04:19:20 PM,0
2096680,,NIXOCRE2,0,1730233202,1730233202,04:20:02 PM,04:20:02 PM,0
2096680,,NIXOSDAL,0,1730233232,1730233232,04:20:32 PM,04:20:32 PM,0
2096680,,JALNERN3,0,1730233281,1730233281,04:21:21 PM,04:21:21 PM,0
2096680,,JALNBEE2,0,1730233361,1730233361,04:22:41 PM,04:22:41 PM,0
2096680,,JALNTUMB,0,1730233405,1730233405,04:23:25 PM,04:23:25 PM,0
2096680,,JALNBEM2,0,1730233465,1730233465,04:24:25 PM,04:24:25 PM,0
2096680,,JALNBRA4,0,1730233516,1730233516,04:25:16 PM,04:25:16 PM,0
2096680,,WHOKMASB,0,1730233560,1730233560,04:26:00 PM,04:26:00 PM,0
2096737,,WHOKMASB,0,1730233860,1730233860,04:31:00 PM,04:31:00 PM,0
2096737,,SHOLJAL2,0,1730233976,1730233976,04:32:56 PM,04:32:56 PM,0
2096737,,SHOLEXE2,0,1730234017,1730234017,04:33:37 PM,04:33:37 PM,0
2096737,,EXETSHOL,0,1730234056,1730234056,04:34:16 PM,04:34:16 PM,0
2096737,,MEGEXE1,0,1730234109,1730234109,04:35:09 PM,04:35:09 PM,0
2096737,,JALNERN4,0,1730234158,1730234158,04:35:58 PM,04:35:58 PM,0
2096737,,ERNESCO2,0,1730234185,1730234185,04:36:25 PM,04:36:25 PM,0
2096737,,ERNEFEN1,0,1730234233,1730234233,04:37:13 PM,04:37:13 PM,0
2096737,,ERNECON1,0,1730234288,1730234288,04:38:08 PM,04:38:08 PM,0
2096737,,ERNEBRA1,0,1730234323,1730234323,04:38:43 PM,04:38:43 PM,0
2096737,,ERNEMUR3,0,1730234353,1730234353,04:39:13 PM,04:39:13 PM,0
2096737,,ERNEMUR1,0,1730234383,1730234383,04:39:43 PM,04:39:43 PM,0
2096737,,ERNEJAL1,0,1730234442,1730234442,04:40:42 PM,04:40:42 PM,0
2096737,,NIXOWIMB,0,1730234471,1730234471,04:41:11 PM,04:41:11 PM,0
2096737,,NIXOEDEN,0,1730234526,1730234526,04:42:06 PM,04:42:06 PM,0
2096737,,EDENEAS1,0,1730234567,1730234567,04:42:47 PM,04:42:47 PM,0
2096737,,EDENVERU,0,1730234607,1730234607,04:43:27 PM,04:43:27 PM,0
2096737,,SANDVER2,0,1730234640,1730234640,04:44:00 PM,04:44:00 PM,0
2096737,,SANDWIL4,0,1730234677,1730234677,04:44:37 PM,04:44:37 PM,0
2096737,,WILKCHI1,0,1730234716,1730234716,04:45:16 PM,04:45:16 PM,0
2096737,,CHIDWILK,0,1730234747,1730234747,04:45:47 PM,04:45:47 PM,0
2096737,,CHIDHUN2,0,1730234785,1730234785,04:46:25 PM,04:46:25 PM,0
2096737,,CHIDUPQ2,0,1730234840,1730234840,04:47:20 PM,04:47:20 PM,0
2096737,,UPPECOM1,0,1730234923,1730234923,04:48:43 PM,04:48:43 PM,0
2096737,,RIDOBAS1,0,1730234978,1730234978,04:49:38 PM,04:49:38 PM,0
2096737,,RIDOHICK,0,1730235009,1730235009,04:50:09 PM,04:50:09 PM,0
2096737,,RIDOEME1,0,1730235060,1730235060,04:51:00 PM,04:51:00 PM,0
2096737,,RIDOBAKE,0,1730235117,1730235117,04:51:57 PM,04:51:57 PM,0
2096737,,RIDOTEC1,0,1730235159,1730235159,04:52:39 PM,04:52:39 PM,0
2096737,,RIDOGRAN,0,1730235202,1730235202,04:53:22 PM,04:53:22 PM,0
2096737,,RIDOCRA1,0,1730235262,1730235262,04:54:22 PM,04:54:22 PM,0
2096737,,RIDOING1,0,1730235296,1730235296,04:54:56 PM,04:54:56 PM,0
2096737,,HORTRID1,0,1730235347,1730235347,04:55:47 PM,04:55:47 PM,0
2096737,,RICHHOT1,0,1730235413,1730235413,04:56:53 PM,04:56:53 PM,0
2096737,,RICHKIN1,0,1730235480,1730235480,04:58:00 PM,04:58:00 PM,0
2096737,,RICHQUEE,0,1730235660,1730235660,05:01:00 PM,05:01:00 PM,0
2096737,,RICHQUEE,0,1730235660,1730235660,05:01:00 PM,05:01:00 PM,0
2096737,,RICHKEN1,0,1730235797,1730235797,05:03:17 PM,05:03:17 PM,0
2096737,,RICHHYM1,0,1730235921,1730235921,05:05:21 PM,05:05:21 PM,0
2096737,,RICHPALL,0,1730235993,1730235993,05:06:33 PM,05:06:33 PM,0
2096737,,OXFORIC1,0,1730236140,1730236140,05:09:00 PM,05:09:00 PM,0
2096737,,OXFOWEL1,0,1730236165,1730236165,05:09:25 PM,05:09:25 PM,0
2096737,,OXFOWAT1,0,1730236209,1730236209,05:10:09 PM,05:10:09 PM,0
2096737,,OXFOCOL1,0,1730236252,1730236252,05:10:52 PM,05:10:52 PM,0
2096737,,OXFOMAI1,0,1730236305,1730236305,05:11:45 PM,05:11:45 PM,0
2096737,,OXFOWIL1,0,1730236341,1730236341,05:12:21 PM,05:12:21 PM,0
2096737,,OXFOADE1,0,1730236380,1730236380,05:13:00 PM,05:13:00 PM,0
2096737,,OXFOELI1,0,1730236419,1730236419,05:13:39 PM,05:13:39 PM,0
2096737,,OXFOELL1,0,1730236454,1730236454,05:14:14 PM,05:14:14 PM,0
2096737,,OXFOGAM1,0,1730236498,1730236498,05:14:58 PM,05:14:58 PM,0
2096737,,OXFOSTE1,0,1730236531,1730236531,05:15:31 PM,05:15:31 PM,0
2096737,,OXFOQUE1,0,1730236550,1730236550,05:15:50 PM,05:15:50 PM,0
2096737,,OXFOSTRA,0,1730236582,1730236582,05:16:22 PM,05:16:22 PM,0
2096737,,OXFOSPIT,0,1730236620,1730236620,05:17:00 PM,05:17:00 PM,0
2096737,,OXFOCLE1,0,1730236655,1730236655,05:17:35 PM,05:17:35 PM,0
2096737,,OXFOEMPI,0,1730236692,1730236692,05:18:12 PM,05:18:12 PM,0
2096737,,OXFOMORN,,,,,,
2096737,,OXFOHIG1,,,,,,
2096737,,OXFOHIG3,,,,,,
2096737,,FANCOLL2,0,1730236860,1730236860,05:21:00 PM,05:21:00 PM,0
2096684,,FANCOLL2,0,1730236980,1730236980,05:23:00 PM,05:23:00 PM,0
2096684,,OXFOROE2,0,1730237053,1730237053,05:24:13 PM,05:24:13 PM,0
2096684,,OXFOHIG4,,,,,,
2096684,,OXFOHIG2,,,,,,
2096684,,OXFOWIST,,,,,,
2096684,,OXFOOAKS,0,1730237228,1730237228,05:27:08 PM,05:27:08 PM,0
2096684,,OXFOCLE2,0,1730237278,1730237278,05:27:58 PM,05:27:58 PM,0
2096684,,OXFOLYMA,0,1730237327,1730237327,05:28:47 PM,05:28:47 PM,0
2096684,,OXFOSTUA,0,1730237361,1730237361,05:29:21 PM,05:29:21 PM,0
2096684,,OXFOQUE2,0,1730237407,1730237407,05:30:07 PM,05:30:07 PM,0
2096684,,OXFOSTE2,0,1730237441,1730237441,05:30:41 PM,05:30:41 PM,0
2096684,,OXFOGAM2,0,1730237467,1730237467,05:31:07 PM,05:31:07 PM,0
2096684,,OXFOELL2,0,1730237529,1730237529,05:32:09 PM,05:32:09 PM,0
2096684,,OXFOELI2,0,1730237575,1730237575,05:32:55 PM,05:32:55 PM,0
2096684,,OXFOADE2,0,1730237640,1730237640,05:34:00 PM,05:34:00 PM,0
2096684,,OXFOWIL2,0,1730237694,1730237694,05:34:54 PM,05:34:54 PM,0
2096684,,OXFOMAI2,0,1730237755,1730237755,05:35:55 PM,05:35:55 PM,0
2096684,,OXFOCOL2,0,1730237805,1730237805,05:36:45 PM,05:36:45 PM,0
2096684,,OXFOWAT2,0,1730237861,1730237861,05:37:41 PM,05:37:41 PM,0
2096684,,OXFOWEL2,0,1730237927,1730237927,05:38:47 PM,05:38:47 PM,0
2096684,,RICHOXF2,0,1730238000,1730238000,05:40:00 PM,05:40:00 PM,0
2096684,,RICHMILL,0,1730238073,1730238073,05:41:13 PM,05:41:13 PM,0
2096684,,RICHCENT,0,1730238177,1730238177,05:42:57 PM,05:42:57 PM,0
2096684,,RICHKEN2,0,1730238248,1730238248,05:44:08 PM,05:44:08 PM,0
2096684,,RICHDUF2,0,1730238290,1730238290,05:44:50 PM,05:44:50 PM,0
2096684,,RICHQUE1,0,1730238360,1730238360,05:46:00 PM,05:46:00 PM,0
2096684,,RICHKIN4,0,1730238420,1730238420,05:47:00 PM,05:47:00 PM,0
2096684,,RICHKIN4,0,1730238420,1730238420,05:47:00 PM,05:47:00 PM,0
2096684,,HORTRIC2,0,1730238554,1730238554,05:49:14 PM,05:49:14 PM,0
2096684,,RIDOHORT,0,1730238660,1730238660,05:51:00 PM,05:51:00 PM,0
2096684,,RIDOCRA2,0,1730238719,1730238719,05:51:59 PM,05:51:59 PM,0
2096684,,RIDOELMW,0,1730238752,1730238752,05:52:32 PM,05:52:32 PM,0
2096684,,RIDOTEC2,0,1730238810,1730238810,05:53:30 PM,05:53:30 PM,0
2096684,,RIDOWINS,0,1730238858,1730238858,05:54:18 PM,05:54:18 PM,0
2096684,,RIDOEME2,0,1730238894,1730238894,05:54:54 PM,05:54:54 PM,0
2096684,,RIDOROSE,0,1730238939,1730238939,05:55:39 PM,05:55:39 PM,0
2096684,,RIDOBAS2,0,1730238971,1730238971,05:56:11 PM,05:56:11 PM,0
2096684,,RIDOMOU2,0,1730239004,1730239004,05:56:44 PM,05:56:44 PM,0
2096684,,UPPECOM2,0,1730239050,1730239050,05:57:30 PM,05:57:30 PM,0
2096684,,UPPECHI4,0,1730239115,1730239115,05:58:35 PM,05:58:35 PM,0
2096684,,CHIDHUN1,0,1730239169,1730239169,05:59:29 PM,05:59:29 PM,0
2096684,,CHIDCHID,0,1730239228,1730239228,06:00:28 PM,06:00:28 PM,0
2096684,,WILKCHI2,0,1730239260,1730239260,06:01:00 PM,06:01:00 PM,0
2096684,,SANDWIL2,0,1730239304,1730239304,06:01:44 PM,06:01:44 PM,0
2096684,,SANDVER1,0,1730239341,1730239341,06:02:21 PM,06:02:21 PM,0
2096684,,VERUEDEN,0,1730239361,1730239361,06:02:41 PM,06:02:41 PM,0
2096684,,EDENEAS2,0,1730239404,1730239404,06:03:24 PM,06:03:24 PM,0
2096684,,EDENNIX,0,1730239440,1730239440,06:04:00 PM,06:04:00 PM,0
2096684,,NIXOCRE2,0,1730239477,1730239477,06:04:37 PM,06:04:37 PM,0
2096684,,NIXOSDAL,0,1730239504,1730239504,06:05:04 PM,06:05:04 PM,0
2096684,,JALNERN3,0,1730239548,1730239548,06:05:48 PM,06:05:48 PM,0
2096684,,JALNBEE2,0,1730239620,1730239620,06:07:00 PM,06:07:00 PM,0
2096684,,JALNTUMB,0,1730239660,1730239660,06:07:40 PM,06:07:40 PM,0
2096684,,JALNBEM2,0,1730239714,1730239714,06:08:34 PM,06:08:34 PM,0
2096684,,JALNBRA4,0,1730239760,1730239760,06:09:20 PM,06:09:20 PM,0
2096684,,WHOKMASB,0,1730239800,1730239800,06:10:00 PM,06:10:00 PM,0
2096754,,WHOKMASB,0,1730239860,1730239860,06:11:00 PM,06:11:00 PM,0
2096754,,SHOLJAL2,0,1730239967,1730239967,06:12:47 PM,06:12:47 PM,0
2096754,,SHOLEXE2,0,1730240004,1730240004,06:13:24 PM,06:13:24 PM,0
2096754,,EXETSHOL,0,1730240040,1730240040,06:14:00 PM,06:14:00 PM,0
2096754,,MEGEXE1,0,1730240089,1730240089,06:14:49 PM,06:14:49 PM,0
2096754,,JALNERN4,0,1730240134,1730240134,06:15:34 PM,06:15:34 PM,0
2096754,,ERNESCO2,0,1730240158,1730240158,06:15:58 PM,06:15:58 PM,0
2096754,,ERNEFEN1,0,1730240202,1730240202,06:16:42 PM,06:16:42 PM,0
2096754,,ERNECON1,0,1730240252,1730240252,06:17:32 PM,06:17:32 PM,0
2096754,,ERNEBRA1,0,1730240284,1730240284,06:18:04 PM,06:18:04 PM,0
2096754,,ERNEMUR3,0,1730240312,1730240312,06:18:32 PM,06:18:32 PM,0
2096754,,ERNEMUR1,0,1730240339,1730240339,06:18:59 PM,06:18:59 PM,0
2096754,,ERNEJAL1,0,1730240393,1730240393,06:19:53 PM,06:19:53 PM,0
2096754,,NIXOWIMB,0,1730240420,1730240420,06:20:20 PM,06:20:20 PM,0
2096754,,NIXOEDEN,0,1730240471,1730240471,06:21:11 PM,06:21:11 PM,0
2096754,,EDENEAS1,0,1730240508,1730240508,06:21:48 PM,06:21:48 PM,0
2096754,,EDENVERU,0,1730240545,1730240545,06:22:25 PM,06:22:25 PM,0
2096754,,SANDVER2,0,1730240580,1730240580,06:23:00 PM,06:23:00 PM,0
2096754,,SANDWIL4,0,1730240611,1730240611,06:23:31 PM,06:23:31 PM,0
2096754,,WILKCHI1,0,1730240645,1730240645,06:24:05 PM,06:24:05 PM,0
2096754,,CHIDWILK,0,1730240671,1730240671,06:24:31 PM,06:24:31 PM,0
2096754,,CHIDHUN2,0,1730240703,1730240703,06:25:03 PM,06:25:03 PM,0
2096754,,CHIDUPQ2,0,1730240750,1730240750,06:25:50 PM,06:25:50 PM,0
2096754,,UPPECOM1,0,1730240821,1730240821,06:27:01 PM,06:27:01 PM,0
2096754,,RIDOBAS1,0,1730240868,1730240868,06:27:48 PM,06:27:48 PM,0
2096754,,RIDOHICK,0,1730240894,1730240894,06:28:14 PM,06:28:14 PM,0
2096754,,RIDOEME1,0,1730240940,1730240940,06:29:00 PM,06:29:00 PM,0
2096754,,RIDOBAKE,0,1730240989,1730240989,06:29:49 PM,06:29:49 PM,0
2096754,,RIDOTEC1,0,1730241025,1730241025,06:30:25 PM,06:30:25 PM,0
2096754,,RIDOGRAN,0,1730241062,1730241062,06:31:02 PM,06:31:02 PM,0
2096754,,RIDOCRA1,0,1730241114,1730241114,06:31:54 PM,06:31:54 PM,0
2096754,,RIDOING1,0,1730241143,1730241143,06:32:23 PM,06:32:23 PM,0
2096754,,HORTRID1,0,1730241186,1730241186,06:33:06 PM,06:33:06 PM,0
2096754,,RICHHOT1,0,1730241242,1730241242,06:34:02 PM,06:34:02 PM,0
2096754,,RICHKIN1,0,1730241300,1730241300,06:35:00 PM,06:35:00 PM,0
2096754,,RICHQUEE,0,1730241420,1730241420,06:37:00 PM,06:37:00 PM,0
2096754,,RICHQUEE,0,1730241420,1730241420,06:37:00 PM,06:37:00 PM,0
2096754,,RICHKEN1,0,1730241506,1730241506,06:38:26 PM,06:38:26 PM,0
2096754,,RICHHYM1,0,1730241584,1730241584,06:39:44 PM,06:39:44 PM,0
2096754,,RICHPALL,0,1730241629,1730241629,06:40:29 PM,06:40:29 PM,0
2096754,,OXFORIC1,0,1730241720,1730241720,06:42:00 PM,06:42:00 PM,0
2096754,,OXFOWEL1,0,1730241745,1730241745,06:42:25 PM,06:42:25 PM,0
2096754,,OXFOWAT1,0,1730241789,1730241789,06:43:09 PM,06:43:09 PM,0
2096754,,OXFOCOL1,0,1730241832,1730241832,06:43:52 PM,06:43:52 PM,0
2096754,,OXFOMAI1,0,1730241885,1730241885,06:44:45 PM,06:44:45 PM,0
2096754,,OXFOWIL1,0,1730241921,1730241921,06:45:21 PM,06:45:21 PM,0
2096754,,OXFOADE1,0,1730241960,1730241960,06:46:00 PM,06:46:00 PM,0
2096754,,OXFOELI1,0,1730241993,1730241993,06:46:33 PM,06:46:33 PM,0
2096754,,OXFOELL1,0,1730242022,1730242022,06:47:02 PM,06:47:02 PM,0
2096754,,OXFOGAM1,0,1730242058,1730242058,06:47:38 PM,06:47:38 PM,0
2096754,,OXFOSTE1,0,1730242085,1730242085,06:48:05 PM,06:48:05 PM,0
2096754,,OXFOQUE1,0,1730242101,1730242101,06:48:21 PM,06:48:21 PM,0
2096754,,OXFOSTRA,0,1730242127,1730242127,06:48:47 PM,06:48:47 PM,0
2096754,,OXFOSPIT,0,1730242159,1730242159,06:49:19 PM,06:49:19 PM,0
2096754,,OXFOCLE1,0,1730242188,1730242188,06:49:48 PM,06:49:48 PM,0
2096754,,OXFOEMPI,0,1730242219,1730242219,06:50:19 PM,06:50:19 PM,0
2096754,,OXFOMORN,,,,,,
2096754,,OXFOHIG1,,,,,,
2096754,,OXFOHIG3,,,,,,
2096754,,FANCOLL2,0,1730242380,1730242380,06:53:00 PM,06:53:00 PM,0
2096691,,FANCOLL2,0,1730242980,1730242980,07:03:00 PM,07:03:00 PM,0
2096691,,OXFOROE2,0,1730243030,1730243030,07:03:50 PM,07:03:50 PM,0
2096691,,OXFOHIG4,,,,,,
2096691,,OXFOHIG2,,,,,,
2096691,,OXFOWIST,,,,,,
2096691,,OXFOOAKS,0,1730243159,1730243159,07:05:59 PM,07:05:59 PM,0
2096691,,OXFOCLE2,0,1730243203,1730243203,07:06:43 PM,07:06:43 PM,0
2096691,,OXFOLYMA,0,1730243246,1730243246,07:07:26 PM,07:07:26 PM,0
2096691,,OXFOSTUA,0,1730243276,1730243276,07:07:56 PM,07:07:56 PM,0
2096691,,OXFOQUE2,0,1730243316,1730243316,07:08:36 PM,07:08:36 PM,0
2096691,,OXFOSTE2,0,1730243346,1730243346,07:09:06 PM,07:09:06 PM,0
2096691,,OXFOGAM2,0,1730243369,1730243369,07:09:29 PM,07:09:29 PM,0
2096691,,OXFOELL2,0,1730243423,1730243423,07:10:23 PM,07:10:23 PM,0
2096691,,OXFOELI2,0,1730243463,1730243463,07:11:03 PM,07:11:03 PM,0
2096691,,OXFOADE2,0,1730243520,1730243520,07:12:00 PM,07:12:00 PM,0
2096691,,OXFOWIL2,0,1730243565,1730243565,07:12:45 PM,07:12:45 PM,0
2096691,,OXFOMAI2,0,1730243616,1730243616,07:13:36 PM,07:13:36 PM,0
2096691,,OXFOCOL2,0,1730243657,1730243657,07:14:17 PM,07:14:17 PM,0
2096691,,OXFOWAT2,0,1730243703,1730243703,07:15:03 PM,07:15:03 PM,0
2096691,,OXFOWEL2,0,1730243758,1730243758,07:15:58 PM,07:15:58 PM,0
2096691,,RICHOXF2,0,1730243820,1730243820,07:17:00 PM,07:17:00 PM,0
2096691,,RICHMILL,0,1730243869,1730243869,07:17:49 PM,07:17:49 PM,0
2096691,,RICHCENT,0,1730243938,1730243938,07:18:58 PM,07:18:58 PM,0
2096691,,RICHKEN2,0,1730243985,1730243985,07:19:45 PM,07:19:45 PM,0
2096691,,RICHDUF2,0,1730244013,1730244013,07:20:13 PM,07:20:13 PM,0
2096691,,RICHQUE1,0,1730244060,1730244060,07:21:00 PM,07:21:00 PM,0
2096691,,RICHKIN4,0,1730244120,1730244120,07:22:00 PM,07:22:00 PM,0
2096691,,RICHKIN4,0,1730244120,1730244120,07:22:00 PM,07:22:00 PM,0
2096691,,HORTRIC2,0,1730244220,1730244220,07:23:40 PM,07:23:40 PM,0
2096691,,RIDOHORT,0,1730244300,1730244300,07:25:00 PM,07:25:00 PM,0
2096691,,RIDOCRA2,0,1730244353,1730244353,07:25:53 PM,07:25:53 PM,0
2096691,,RIDOELMW,0,1730244383,1730244383,07:26:23 PM,07:26:23 PM,0
2096691,,RIDOTEC2,0,1730244435,1730244435,07:27:15 PM,07:27:15 PM,0
2096691,,RIDOWINS,0,1730244478,1730244478,07:27:58 PM,07:27:58 PM,0
2096691,,RIDOEME2,0,1730244510,1730244510,07:28:30 PM,07:28:30 PM,0
2096691,,RIDOROSE,0,1730244550,1730244550,07:29:10 PM,07:29:10 PM,0
2096691,,RIDOBAS2,0,1730244579,1730244579,07:29:39 PM,07:29:39 PM,0
2096691,,RIDOMOU2,0,1730244609,1730244609,07:30:09 PM,07:30:09 PM,0
2096691,,UPPECOM2,0,1730244650,1730244650,07:30:50 PM,07:30:50 PM,0
2096691,,UPPECHI4,0,1730244709,1730244709,07:31:49 PM,07:31:49 PM,0
2096691,,CHIDHUN1,0,1730244757,1730244757,07:32:37 PM,07:32:37 PM,0
2096691,,CHIDCHID,0,1730244810,1730244810,07:33:30 PM,07:33:30 PM,0
2096691,,WILKCHI2,0,1730244840,1730244840,07:34:00 PM,07:34:00 PM,0
2096691,,SANDWIL2,0,1730244882,1730244882,07:34:42 PM,07:34:42 PM,0
2096691,,SANDVER1,0,1730244917,1730244917,07:35:17 PM,07:35:17 PM,0
2096691,,VERUEDEN,0,1730244936,1730244936,07:35:36 PM,07:35:36 PM,0
2096691,,EDENEAS2,0,1730244977,1730244977,07:36:17 PM,07:36:17 PM,0
2096691,,EDENNIX,0,1730245011,1730245011,07:36:51 PM,07:36:51 PM,0
2096691,,NIXOCRE2,0,1730245047,1730245047,07:37:27 PM,07:37:27 PM,0
2096691,,NIXOSDAL,0,1730245072,1730245072,07:37:52 PM,07:37:52 PM,0
2096691,,ERNEJAL2,0,1730245113,1730245113,07:38:33 PM,07:38:33 PM,0
2096691,,ERNEELVI,0,1730245139,1730245139,07:38:59 PM,07:38:59 PM,0
2096691,,ERNEPAUL,0,1730245177,1730245177,07:39:37 PM,07:39:37 PM,0
2096691,,ERNEBRA2,0,1730245223,1730245223,07:40:23 PM,07:40:23 PM,0
2096691,,ERNECON2,0,1730245248,1730245248,07:40:48 PM,07:40:48 PM,0
2096691,,ERNEFEN2,0,1730245294,1730245294,07:41:34 PM,07:41:34 PM,0
2096691,,ERNEFINC,0,1730245322,1730245322,07:42:02 PM,07:42:02 PM,0
2096691,,ERNESCO1,0,1730245349,1730245349,07:42:29 PM,07:42:29 PM,0
2096691,,JALNERN5,0,1730245387,1730245387,07:43:07 PM,07:43:07 PM,0
2096691,,MEGEXE2,0,1730245424,1730245424,07:43:44 PM,07:43:44 PM,0
2096691,,EXETMEG,0,1730245477,1730245477,07:44:37 PM,07:44:37 PM,0
2096691,,SHOLEXE1,0,1730245523,1730245523,07:45:23 PM,07:45:23 PM,0
2096691,,SHOLJAL1,0,1730245543,1730245543,07:45:43 PM,07:45:43 PM,0
2096691,,JALNPIER,0,1730245573,1730245573,07:46:13 PM,07:46:13 PM,0
2096691,,WHOKMANB,0,1730245680,1730245680,07:48:00 PM,07:48:00 PM,0
2096752,,WHOKMANB,0,1730246100,1730246100,07:55:00 PM,07:55:00 PM,0
2096752,,JALNBRA1,0,1730246148,1730246148,07:55:48 PM,07:55:48 PM,0
2096752,,JALNBRA3,0,1730246176,1730246176,07:56:16 PM,07:56:16 PM,0
2096752,,JALNPON1,0,1730246232,1730246232,07:57:12 PM,07:57:12 PM,0
2096752,,JALNBEE1,0,1730246274,1730246274,07:57:54 PM,07:57:54 PM,0
2096752,,JALNPOP1,0,1730246298,1730246298,07:58:18 PM,07:58:18 PM,0
2096752,,ERNEJAL1,0,1730246371,1730246371,07:59:31 PM,07:59:31 PM,0
2096752,,NIXOWIMB,0,1730246402,1730246402,08:00:02 PM,08:00:02 PM,0
2096752,,NIXOEDEN,0,1730246460,1730246460,08:01:00 PM,08:01:00 PM,0
2096752,,EDENEAS1,0,1730246503,1730246503,08:01:43 PM,08:01:43 PM,0
2096752,,EDENVERU,0,1730246545,1730246545,08:02:25 PM,08:02:25 PM,0
2096752,,SANDVER2,0,1730246580,1730246580,08:03:00 PM,08:03:00 PM,0
2096752,,SANDWIL4,0,1730246611,1730246611,08:03:31 PM,08:03:31 PM,0
2096752,,WILKCHI1,0,1730246645,1730246645,08:04:05 PM,08:04:05 PM,0
2096752,,CHIDWILK,0,1730246671,1730246671,08:04:31 PM,08:04:31 PM,0
2096752,,CHIDHUN2,0,1730246703,1730246703,08:05:03 PM,08:05:03 PM,0
2096752,,CHIDUPQ2,0,1730246750,1730246750,08:05:50 PM,08:05:50 PM,0
2096752,,UPPECOM1,0,1730246821,1730246821,08:07:01 PM,08:07:01 PM,0
2096752,,RIDOBAS1,0,1730246868,1730246868,08:07:48 PM,08:07:48 PM,0
2096752,,RIDOHICK,0,1730246894,1730246894,08:08:14 PM,08:08:14 PM,0
2096752,,RIDOEME1,0,1730246940,1730246940,08:09:00 PM,08:09:00 PM,0
2096752,,RIDOBAKE,0,1730246989,1730246989,08:09:49 PM,08:09:49 PM,0
2096752,,RIDOTEC1,0,1730247025,1730247025,08:10:25 PM,08:10:25 PM,0
2096752,,RIDOGRAN,0,1730247062,1730247062,08:11:02 PM,08:11:02 PM,0
2096752,,RIDOCRA1,0,1730247114,1730247114,08:11:54 PM,08:11:54 PM,0
2096752,,RIDOING1,0,1730247143,1730247143,08:12:23 PM,08:12:23 PM,0
2096752,,HORTRID1,0,1730247186,1730247186,08:13:06 PM,08:13:06 PM,0
2096752,,RICHHOT1,0,1730247242,1730247242,08:14:02 PM,08:14:02 PM,0
2096752,,RICHKIN1,0,1730247300,1730247300,08:15:00 PM,08:15:00 PM,0
2096752,,RICHQUEE,0,1730247420,1730247420,08:17:00 PM,08:17:00 PM,0
2096752,,RICHQUEE,0,1730247420,1730247420,08:17:00 PM,08:17:00 PM,0
2096752,,RICHKEN1,0,1730247506,1730247506,08:18:26 PM,08:18:26 PM,0
2096752,,RICHHYM1,0,1730247584,1730247584,08:19:44 PM,08:19:44 PM,0
2096752,,RICHPALL,0,1730247629,1730247629,08:20:29 PM,08:20:29 PM,0
2096752,,OXFORIC1,0,1730247720,1730247720,08:22:00 PM,08:22:00 PM,0
2096752,,OXFOWEL1,0,1730247745,1730247745,08:22:25 PM,08:22:25 PM,0
2096752,,OXFOWAT1,0,1730247789,1730247789,08:23:09 PM,08:23:09 PM,0
2096752,,OXFOCOL1,0,1730247832,1730247832,08:23:52 PM,08:23:52 PM,0
2096752,,OXFOMAI1,0,1730247885,1730247885,08:24:45 PM,08:24:45 PM,0
2096752,,OXFOWIL1,0,1730247921,1730247921,08:25:21 PM,08:25:21 PM,0
2096752,,OXFOADE1,0,1730247960,1730247960,08:26:00 PM,08:26:00 PM,0
2096752,,OXFOELI1,0,1730247993,1730247993,08:26:33 PM,08:26:33 PM,0
2096752,,OXFOELL1,0,1730248022,1730248022,08:27:02 PM,08:27:02 PM,0
2096752,,OXFOGAM1,0,1730248058,1730248058,08:27:38 PM,08:27:38 PM,0
2096752,,OXFOSTE1,0,1730248085,1730248085,08:28:05 PM,08:28:05 PM,0
2096752,,OXFOQUE1,0,1730248101,1730248101,08:28:21 PM,08:28:21 PM,0
2096752,,OXFOSTRA,0,1730248127,1730248127,08:28:47 PM,08:28:47 PM,0
2096752,,OXFOSPIT,0,1730248159,1730248159,08:29:19 PM,08:29:19 PM,0
2096752,,OXFOCLE1,0,1730248188,1730248188,08:29:48 PM,08:29:48 PM,0
2096752,,OXFOEMPI,0,1730248219,1730248219,08:30:19 PM,08:30:19 PM,0
2096752,,OXFOMORN,,,,,,
2096752,,OXFOHIG1,,,,,,
2096752,,OXFOHIG3,,,,,,
2096752,,FANCOLL2,0,1730248380,1730248380,08:33:00 PM,08:33:00 PM,0
2096694,,FANCOLL2,0,1730248500,1730248500,08:35:00 PM,08:35:00 PM,0
2096694,,OXFOROE2,0,1730248549,1730248549,08:35:49 PM,08:35:49 PM,0
2096694,,OXFOHIG4,,,,,,
2096694,,OXFOHIG2,,,,,,
2096694,,OXFOWIST,,,,,,
2096694,,OXFOOAKS,0,1730248679,1730248679,08:37:59 PM,08:37:59 PM,0
2096694,,OXFOCLE2,0,1730248723,1730248723,08:38:43 PM,08:38:43 PM,0
2096694,,OXFOLYMA,0,1730248766,1730248766,08:39:26 PM,08:39:26 PM,0
2096694,,OXFOSTUA,0,1730248796,1730248796,08:39:56 PM,08:39:56 PM,0
2096694,,OXFOQUE2,0,1730248836,1730248836,08:40:36 PM,08:40:36 PM,0
2096694,,OXFOSTE2,0,1730248866,1730248866,08:41:06 PM,08:41:06 PM,0
2096694,,OXFOGAM2,0,1730248889,1730248889,08:41:29 PM,08:41:29 PM,0
2096694,,OXFOELL2,0,1730248943,1730248943,08:42:23 PM,08:42:23 PM,0
2096694,,OXFOELI2,0,1730248983,1730248983,08:43:03 PM,08:43:03 PM,0
2096694,,OXFOADE2,0,1730249040,1730249040,08:44:00 PM,08:44:00 PM,0
2096694,,OXFOWIL2,0,1730249085,1730249085,08:44:45 PM,08:44:45 PM,0
2096694,,OXFOMAI2,0,1730249136,1730249136,08:45:36 PM,08:45:36 PM,0
2096694,,OXFOCOL2,0,1730249177,1730249177,08:46:17 PM,08:46:17 PM,0
2096694,,OXFOWAT2,0,1730249223,1730249223,08:47:03 PM,08:47:03 PM,0
2096694,,OXFOWEL2,0,1730249278,1730249278,08:47:58 PM,08:47:58 PM,0
2096694,,RICHOXF2,0,1730249340,1730249340,08:49:00 PM,08:49:00 PM,0
2096694,,RICHMILL,0,1730249389,1730249389,08:49:49 PM,08:49:49 PM,0
2096694,,RICHCENT,0,1730249458,1730249458,08:50:58 PM,08:50:58 PM,0
2096694,,RICHKEN2,0,1730249505,1730249505,08:51:45 PM,08:51:45 PM,0
2096694,,RICHDUF2,0,1730249533,1730249533,08:52:13 PM,08:52:13 PM,0
2096694,,RICHQUE1,0,1730249580,1730249580,08:53:00 PM,08:53:00 PM,0
2096694,,RICHKIN4,0,1730249640,1730249640,08:54:00 PM,08:54:00 PM,0
2096694,,RICHKIN4,0,1730249640,1730249640,08:54:00 PM,08:54:00 PM,0
2096694,,HORTRIC2,0,1730249740,1730249740,08:55:40 PM,08:55:40 PM,0
2096694,,RIDOHORT,0,1730249820,1730249820,08:57:00 PM,08:57:00 PM,0
2096694,,RIDOCRA2,0,1730249873,1730249873,08:57:53 PM,08:57:53 PM,0
2096694,,RIDOELMW,0,1730249903,1730249903,08:58:23 PM,08:58:23 PM,0
2096694,,RIDOTEC2,0,1730249955,1730249955,08:59:15 PM,08:59:15 PM,0
2096694,,RIDOWINS,0,1730249998,1730249998,08:59:58 PM,08:59:58 PM,0
2096694,,RIDOEME2,0,1730250030,1730250030,09:00:30 PM,09:00:30 PM,0
2096694,,RIDOROSE,0,1730250070,1730250070,09:01:10 PM,09:01:10 PM,0
2096694,,RIDOBAS2,0,1730250099,1730250099,09:01:39 PM,09:01:39 PM,0
2096694,,RIDOMOU2,0,1730250129,1730250129,09:02:09 PM,09:02:09 PM,0
2096694,,UPPECOM2,0,1730250170,1730250170,09:02:50 PM,09:02:50 PM,0
2096694,,UPPECHI4,0,1730250229,1730250229,09:03:49 PM,09:03:49 PM,0
2096694,,CHIDHUN1,0,1730250277,1730250277,09:04:37 PM,09:04:37 PM,0
2096694,,CHIDCHID,0,1730250330,1730250330,09:05:30 PM,09:05:30 PM,0
2096694,,WILKCHI2,0,1730250360,1730250360,09:06:00 PM,09:06:00 PM,0
2096694,,SANDWIL2,0,1730250399,1730250399,09:06:39 PM,09:06:39 PM,0
2096694,,SANDVER1,0,1730250431,1730250431,09:07:11 PM,09:07:11 PM,0
2096694,,VERUEDEN,0,1730250448,1730250448,09:07:28 PM,09:07:28 PM,0
2096694,,EDENEAS2,0,1730250486,1730250486,09:08:06 PM,09:08:06 PM,0
2096694,,EDENNIX,0,1730250518,1730250518,09:08:38 PM,09:08:38 PM,0
2096694,,NIXOCRE2,0,1730250551,1730250551,09:09:11 PM,09:09:11 PM,0
2096694,,NIXOSDAL,0,1730250575,1730250575,09:09:35 PM,09:09:35 PM,0
2096694,,JALNERN3,0,1730250614,1730250614,09:10:14 PM,09:10:14 PM,0
2096694,,JALNBEE2,0,1730250678,1730250678,09:11:18 PM,09:11:18 PM,0
2096694,,JALNTUMB,0,1730250713,1730250713,09:11:53 PM,09:11:53 PM,0
2096694,,JALNBEM2,0,1730250761,1730250761,09:12:41 PM,09:12:41 PM,0
2096694,,JALNBRA4,0,1730250802,1730250802,09:13:22 PM,09:13:22 PM,0
2096694,,WHOKMASB,0,1730250840,1730250840,09:14:00 PM,09:14:00 PM,0
2096758,,WHOKMASB,0,1730250900,1730250900,09:15:00 PM,09:15:00 PM,0
2096758,,SHOLJAL2,0,1730250998,1730250998,09:16:38 PM,09:16:38 PM,0
2096758,,SHOLEXE2,0,1730251032,1730251032,09:17:12 PM,09:17:12 PM,0
2096758,,EXETSHOL,0,1730251065,1730251065,09:17:45 PM,09:17:45 PM,0
2096758,,MEGEXE1,0,1730251110,1730251110,09:18:30 PM,09:18:30 PM,0
2096758,,JALNERN4,0,1730251151,1730251151,09:19:11 PM,09:19:11 PM,0
2096758,,ERNESCO2,0,1730251173,1730251173,09:19:33 PM,09:19:33 PM,0
2096758,,ERNEFEN1,0,1730251213,1730251213,09:20:13 PM,09:20:13 PM,0
2096758,,ERNECON1,0,1730251259,1730251259,09:20:59 PM,09:20:59 PM,0
2096758,,ERNEBRA1,0,1730251288,1730251288,09:21:28 PM,09:21:28 PM,0
2096758,,ERNEMUR3,0,1730251313,1730251313,09:21:53 PM,09:21:53 PM,0
2096758,,ERNEMUR1,0,1730251338,1730251338,09:22:18 PM,09:22:18 PM,0
2096758,,ERNEJAL1,0,1730251387,1730251387,09:23:07 PM,09:23:07 PM,0
2096758,,NIXOWIMB,0,1730251412,1730251412,09:23:32 PM,09:23:32 PM,0
2096758,,NIXOEDEN,0,1730251458,1730251458,09:24:18 PM,09:24:18 PM,0
2096758,,EDENEAS1,0,1730251492,1730251492,09:24:52 PM,09:24:52 PM,0
2096758,,EDENVERU,0,1730251526,1730251526,09:25:26 PM,09:25:26 PM,0
2096758,,SANDVER2,0,1730251560,1730251560,09:26:00 PM,09:26:00 PM,0
2096758,,SANDWIL4,0,1730251591,1730251591,09:26:31 PM,09:26:31 PM,0
2096758,,WILKCHI1,0,1730251625,1730251625,09:27:05 PM,09:27:05 PM,0
2096758,,CHIDWILK,0,1730251651,1730251651,09:27:31 PM,09:27:31 PM,0
2096758,,CHIDHUN2,0,1730251683,1730251683,09:28:03 PM,09:28:03 PM,0
2096758,,CHIDUPQ2,0,1730251730,1730251730,09:28:50 PM,09:28:50 PM,0
2096758,,UPPECOM1,0,1730251801,1730251801,09:30:01 PM,09:30:01 PM,0
2096758,,RIDOBAS1,0,1730251848,1730251848,09:30:48 PM,09:30:48 PM,0
2096758,,RIDOHICK,0,1730251874,1730251874,09:31:14 PM,09:31:14 PM,0
2096758,,RIDOEME1,0,1730251920,1730251920,09:32:00 PM,09:32:00 PM,0
2096758,,RIDOBAKE,0,1730251969,1730251969,09:32:49 PM,09:32:49 PM,0
2096758,,RIDOTEC1,0,1730252005,1730252005,09:33:25 PM,09:33:25 PM,0
2096758,,RIDOGRAN,0,1730252042,1730252042,09:34:02 PM,09:34:02 PM,0
2096758,,RIDOCRA1,0,1730252094,1730252094,09:34:54 PM,09:34:54 PM,0
2096758,,RIDOING1,0,1730252123,1730252123,09:35:23 PM,09:35:23 PM,0
2096758,,HORTRID1,0,1730252166,1730252166,09:36:06 PM,09:36:06 PM,0
2096758,,RICHHOT1,0,1730252222,1730252222,09:37:02 PM,09:37:02 PM,0
2096758,,RICHKIN1,0,1730252280,1730252280,09:38:00 PM,09:38:00 PM,0
2096758,,RICHQUEE,0,1730252400,1730252400,09:40:00 PM,09:40:00 PM,0
2096758,,RICHQUEE,0,1730252400,1730252400,09:40:00 PM,09:40:00 PM,0
2096758,,RICHKEN1,0,1730252468,1730252468,09:41:08 PM,09:41:08 PM,0
2096758,,RICHHYM1,0,1730252530,1730252530,09:42:10 PM,09:42:10 PM,0
2096758,,RICHPALL,0,1730252566,1730252566,09:42:46 PM,09:42:46 PM,0
2096758,,OXFORIC1,0,1730252640,1730252640,09:44:00 PM,09:44:00 PM,0
2096758,,OXFOWEL1,0,1730252659,1730252659,09:44:19 PM,09:44:19 PM,0
2096758,,OXFOWAT1,0,1730252692,1730252692,09:44:52 PM,09:44:52 PM,0
2096758,,OXFOCOL1,0,1730252724,1730252724,09:45:24 PM,09:45:24 PM,0
2096758,,OXFOMAI1,0,1730252764,1730252764,09:46:04 PM,09:46:04 PM,0
2096758,,OXFOWIL1,0,1730252791,1730252791,09:46:31 PM,09:46:31 PM,0
2096758,,OXFOADE1,0,1730252820,1730252820,09:47:00 PM,09:47:00 PM,0
2096758,,OXFOELI1,0,1730252853,1730252853,09:47:33 PM,09:47:33 PM,0
2096758,,OXFOELL1,0,1730252882,1730252882,09:48:02 PM,09:48:02 PM,0
2096758,,OXFOGAM1,0,1730252918,1730252918,09:48:38 PM,09:48:38 PM,0
2096758,,OXFOSTE1,0,1730252945,1730252945,09:49:05 PM,09:49:05 PM,0
2096758,,OXFOQUE1,0,1730252961,1730252961,09:49:21 PM,09:49:21 PM,0
2096758,,OXFOSTRA,0,1730252987,1730252987,09:49:47 PM,09:49:47 PM,0
2096758,,OXFOSPIT,0,1730253019,1730253019,09:50:19 PM,09:50:19 PM,0
2096758,,OXFOCLE1,0,1730253048,1730253048,09:50:48 PM,09:50:48 PM,0
2096758,,OXFOEMPI,0,1730253079,1730253079,09:51:19 PM,09:51:19 PM,0
2096758,,OXFOMORN,,,,,,
2096758,,OXFOHIG1,,,,,,
2096758,,OXFOHIG3,,,,,,
2096758,,FANCOLL2,0,1730253240,1730253240,09:54:00 PM,09:54:00 PM,0
2096698,,FANCOLL2,0,1730253720,1730253720,10:02:00 PM,10:02:00 PM,0
2096698,,OXFOROE2,0,1730253770,1730253770,10:02:50 PM,10:02:50 PM,0
2096698,,OXFOHIG4,,,,,,
2096698,,OXFOHIG2,,,,,,
2096698,,OXFOWIST,,,,,,
2096698,,OXFOOAKS,0,1730253891,1730253891,10:04:51 PM,10:04:51 PM,0
2096698,,OXFOCLE2,0,1730253929,1730253929,10:05:29 PM,10:05:29 PM,0
2096698,,OXFOLYMA,0,1730253966,1730253966,10:06:06 PM,10:06:06 PM,0
2096698,,OXFOSTUA,0,1730253992,1730253992,10:06:32 PM,10:06:32 PM,0
2096698,,OXFOQUE2,0,1730254026,1730254026,10:07:06 PM,10:07:06 PM,0
2096698,,OXFOSTE2,0,1730254051,1730254051,10:07:31 PM,10:07:31 PM,0
2096698,,OXFOGAM2,0,1730254070,1730254070,10:07:50 PM,10:07:50 PM,0
2096698,,OXFOELL2,0,1730254116,1730254116,10:08:36 PM,10:08:36 PM,0
2096698,,OXFOELI2,0,1730254150,1730254150,10:09:10 PM,10:09:10 PM,0
2096698,,OXFOADE2,0,1730254200,1730254200,10:10:00 PM,10:10:00 PM,0
2096698,,OXFOWIL2,0,1730254236,1730254236,10:10:36 PM,10:10:36 PM,0
2096698,,OXFOMAI2,0,1730254277,1730254277,10:11:17 PM,10:11:17 PM,0
2096698,,OXFOCOL2,0,1730254310,1730254310,10:11:50 PM,10:11:50 PM,0
2096698,,OXFOWAT2,0,1730254347,1730254347,10:12:27 PM,10:12:27 PM,0
2096698,,OXFOWEL2,0,1730254391,1730254391,10:13:11 PM,10:13:11 PM,0
2096698,,RICHOXF2,0,1730254440,1730254440,10:14:00 PM,10:14:00 PM,0
2096698,,RICHMILL,0,1730254489,1730254489,10:14:49 PM,10:14:49 PM,0
2096698,,RICHCENT,0,1730254558,1730254558,10:15:58 PM,10:15:58 PM,0
2096698,,RICHKEN2,0,1730254605,1730254605,10:16:45 PM,10:16:45 PM,0
2096698,,RICHDUF2,0,1730254633,1730254633,10:17:13 PM,10:17:13 PM,0
2096698,,RICHQUE1,0,1730254680,1730254680,10:18:00 PM,10:18:00 PM,0
2096698,,RICHKIN4,0,1730254740,1730254740,10:19:00 PM,10:19:00 PM,0
2096698,,RICHKIN4,0,1730254740,1730254740,10:19:00 PM,10:19:00 PM,0
2096698,,HORTRIC2,0,1730254840,1730254840,10:20:40 PM,10:20:40 PM,0
2096698,,RIDOHORT,0,1730254920,1730254920,10:22:00 PM,10:22:00 PM,0
2096698,,RIDOCRA2,0,1730254967,1730254967,10:22:47 PM,10:22:47 PM,0
2096698,,RIDOELMW,0,1730254993,1730254993,10:23:13 PM,10:23:13 PM,0
2096698,,RIDOTEC2,0,1730255039,1730255039,10:23:59 PM,10:23:59 PM,0
2096698,,RIDOWINS,0,1730255077,1730255077,10:24:37 PM,10:24:37 PM,0
2096698,,RIDOEME2,0,1730255106,1730255106,10:25:06 PM,10:25:06 PM,0
2096698,,RIDOROSE,0,1730255142,1730255142,10:25:42 PM,10:25:42 PM,0
2096698,,RIDOBAS2,0,1730255167,1730255167,10:26:07 PM,10:26:07 PM,0
2096698,,RIDOMOU2,0,1730255194,1730255194,10:26:34 PM,10:26:34 PM,0
2096698,,UPPECOM2,0,1730255231,1730255231,10:27:11 PM,10:27:11 PM,0
2096698,,UPPECHI4,0,1730255283,1730255283,10:28:03 PM,10:28:03 PM,0
2096698,,CHIDHUN1,0,1730255326,1730255326,10:28:46 PM,10:28:46 PM,0
2096698,,CHIDCHID,0,1730255373,1730255373,10:29:33 PM,10:29:33 PM,0
2096698,,WILKCHI2,0,1730255400,1730255400,10:30:00 PM,10:30:00 PM,0
2096698,,SANDWIL2,0,1730255439,1730255439,10:30:39 PM,10:30:39 PM,0
2096698,,SANDVER1,0,1730255471,1730255471,10:31:11 PM,10:31:11 PM,0
2096698,,VERUEDEN,0,1730255488,1730255488,10:31:28 PM,10:31:28 PM,0
2096698,,EDENEAS2,0,1730255526,1730255526,10:32:06 PM,10:32:06 PM,0
2096698,,EDENNIX,0,1730255558,1730255558,10:32:38 PM,10:32:38 PM,0
2096698,,NIXOCRE2,0,1730255591,1730255591,10:33:11 PM,10:33:11 PM,0
2096698,,NIXOSDAL,0,1730255615,1730255615,10:33:35 PM,10:33:35 PM,0
2096698,,ERNEJAL2,0,1730255653,1730255653,10:34:13 PM,10:34:13 PM,0
2096698,,ERNEELVI,0,1730255677,1730255677,10:34:37 PM,10:34:37 PM,0
2096698,,ERNEPAUL,0,1730255712,1730255712,10:35:12 PM,10:35:12 PM,0
2096698,,ERNEBRA2,0,1730255754,1730255754,10:35:54 PM,10:35:54 PM,0
2096698,,ERNECON2,0,1730255777,1730255777,10:36:17 PM,10:36:17 PM,0
2096698,,ERNEFEN2,0,1730255820,1730255820,10:37:00 PM,10:37:00 PM,0
2096698,,ERNEFINC,0,1730255846,1730255846,10:37:26 PM,10:37:26 PM,0
2096698,,ERNESCO1,0,1730255871,1730255871,10:37:51 PM,10:37:51 PM,0
2096698,,JALNERN5,0,1730255906,1730255906,10:38:26 PM,10:38:26 PM,0
2096698,,MEGEXE2,0,1730255940,1730255940,10:39:00 PM,10:39:00 PM,0
2096698,,EXETMEG,0,1730255989,1730255989,10:39:49 PM,10:39:49 PM,0
2096698,,SHOLEXE1,0,1730256032,1730256032,10:40:32 PM,10:40:32 PM,0
2096698,,SHOLJAL1,0,1730256051,1730256051,10:40:51 PM,10:40:51 PM,0
2096698,,JALNPIER,0,1730256079,1730256079,10:41:19 PM,10:41:19 PM,0
2096698,,WHOKMANB,0,1730256180,1730256180,10:43:00 PM,10:43:00 PM,0
2096762,,WHOKMANB,0,1730256600,1730256600,10:50:00 PM,10:50:00 PM,0
2096762,,JALNBRA1,0,1730256642,1730256642,10:50:42 PM,10:50:42 PM,0
2096762,,JALNBRA3,0,1730256667,1730256667,10:51:07 PM,10:51:07 PM,0
2096762,,JALNPON1,0,1730256716,1730256716,10:51:56 PM,10:51:56 PM,0
2096762,,JALNBEE1,0,1730256753,1730256753,10:52:33 PM,10:52:33 PM,0
2096762,,JALNPOP1,0,1730256774,1730256774,10:52:54 PM,10:52:54 PM,0
2096762,,ERNEJAL1,0,1730256838,1730256838,10:53:58 PM,10:53:58 PM,0
2096762,,NIXOWIMB,0,1730256865,1730256865,10:54:25 PM,10:54:25 PM,0
2096762,,NIXOEDEN,0,1730256916,1730256916,10:55:16 PM,10:55:16 PM,0
2096762,,EDENEAS1,0,1730256953,1730256953,10:55:53 PM,10:55:53 PM,0
2096762,,EDENVERU,0,1730256990,1730256990,10:56:30 PM,10:56:30 PM,0
2096762,,SANDVER2,0,1730257020,1730257020,10:57:00 PM,10:57:00 PM,0
2096762,,SANDWIL4,0,1730257051,1730257051,10:57:31 PM,10:57:31 PM,0
2096762,,WILKCHI1,0,1730257085,1730257085,10:58:05 PM,10:58:05 PM,0
2096762,,CHIDWILK,0,1730257111,1730257111,10:58:31 PM,10:58:31 PM,0
2096762,,CHIDHUN2,0,1730257143,1730257143,10:59:03 PM,10:59:03 PM,0
2096762,,CHIDUPQ2,0,1730257190,1730257190,10:59:50 PM,10:59:50 PM,0
2096762,,UPPECOM1,0,1730257261,1730257261,11:01:01 PM,11:01:01 PM,0
2096762,,RIDOBAS1,0,1730257308,1730257308,11:01:48 PM,11:01:48 PM,0
2096762,,RIDOHICK,0,1730257334,1730257334,11:02:14 PM,11:02:14 PM,0
2096762,,RIDOEME1,0,1730257380,1730257380,11:03:00 PM,11:03:00 PM,0
2096762,,RIDOBAKE,0,1730257421,1730257421,11:03:41 PM,11:03:41 PM,0
2096762,,RIDOTEC1,0,1730257451,1730257451,11:04:11 PM,11:04:11 PM,0
2096762,,RIDOGRAN,0,1730257481,1730257481,11:04:41 PM,11:04:41 PM,0
2096762,,RIDOCRA1,0,1730257524,1730257524,11:05:24 PM,11:05:24 PM,0
2096762,,RIDOING1,0,1730257548,1730257548,11:05:48 PM,11:05:48 PM,0
2096762,,HORTRID1,0,1730257584,1730257584,11:06:24 PM,11:06:24 PM,0
2096762,,RICHHOT1,0,1730257631,1730257631,11:07:11 PM,11:07:11 PM,0
2096762,,RICHKIN1,0,1730257680,1730257680,11:08:00 PM,11:08:00 PM,0
2096762,,RICHQUEE,0,1730257800,1730257800,11:10:00 PM,11:10:00 PM,0
2096762,,RICHQUEE,0,1730257800,1730257800,11:10:00 PM,11:10:00 PM,0
2096762,,RICHKEN1,0,1730257868,1730257868,11:11:08 PM,11:11:08 PM,0
2096762,,RICHHYM1,0,1730257930,1730257930,11:12:10 PM,11:12:10 PM,0
2096762,,RICHPALL,0,1730257966,1730257966,11:12:46 PM,11:12:46 PM,0
2096762,,OXFORIC1,0,1730258040,1730258040,11:14:00 PM,11:14:00 PM,0
2096762,,OXFOWEL1,0,1730258059,1730258059,11:14:19 PM,11:14:19 PM,0
2096762,,OXFOWAT1,0,1730258092,1730258092,11:14:52 PM,11:14:52 PM,0
2096762,,OXFOCOL1,0,1730258124,1730258124,11:15:24 PM,11:15:24 PM,0
2096762,,OXFOMAI1,0,1730258164,1730258164,11:16:04 PM,11:16:04 PM,0
2096762,,OXFOWIL1,0,1730258191,1730258191,11:16:31 PM,11:16:31 PM,0
2096762,,OXFOADE1,0,1730258220,1730258220,11:17:00 PM,11:17:00 PM,0
2096762,,OXFOELI1,0,1730258253,1730258253,11:17:33 PM,11:17:33 PM,0
2096762,,OXFOELL1,0,1730258282,1730258282,11:18:02 PM,11:18:02 PM,0
2096762,,OXFOGAM1,0,1730258318,1730258318,11:18:38 PM,11:18:38 PM,0
2096762,,OXFOSTE1,0,1730258345,1730258345,11:19:05 PM,11:19:05 PM,0
2096762,,OXFOQUE1,0,1730258361,1730258361,11:19:21 PM,11:19:21 PM,0
2096762,,OXFOSTRA,0,1730258387,1730258387,11:19:47 PM,11:19:47 PM,0
2096762,,OXFOSPIT,0,1730258419,1730258419,11:20:19 PM,11:20:19 PM,0
2096762,,OXFOCLE1,0,1730258448,1730258448,11:20:48 PM,11:20:48 PM,0
2096762,,OXFOEMPI,0,1730258479,1730258479,11:21:19 PM,11:21:19 PM,0
2096762,,OXFOMORN,,,,,,
2096762,,OXFOHIG1,,,,,,
2096762,,OXFOHIG3,,,,,,
2096762,,FANCOLL2,0,1730258640,1730258640,11:24:00 PM,11:24:00 PM,0
2096700,,FANCOLL2,0,1730259840,1730259840,11:44:00 PM,11:44:00 PM,0
2096700,,OXFOROE2,0,1730259889,1730259889,11:44:49 PM,11:44:49 PM,0
2096700,,OXFOHIG4,,,,,,
2096700,,OXFOHIG2,,,,,,
2096700,,OXFOWIST,,,,,,
2096700,,OXFOOAKS,0,1730260002,1730260002,11:46:42 PM,11:46:42 PM,0
2096700,,OXFOCLE2,0,1730260033,1730260033,11:47:13 PM,11:47:13 PM,0
2096700,,OXFOLYMA,0,1730260063,1730260063,11:47:43 PM,11:47:43 PM,0
2096700,,OXFOSTUA,0,1730260084,1730260084,11:48:04 PM,11:48:04 PM,0
2096700,,OXFOQUE2,0,1730260112,1730260112,11:48:32 PM,11:48:32 PM,0
2096700,,OXFOSTE2,0,1730260133,1730260133,11:48:53 PM,11:48:53 PM,0
2096700,,OXFOGAM2,0,1730260149,1730260149,11:49:09 PM,11:49:09 PM,0
2096700,,OXFOELL2,0,1730260188,1730260188,11:49:48 PM,11:49:48 PM,0
2096700,,OXFOELI2,0,1730260216,1730260216,11:50:16 PM,11:50:16 PM,0
2096700,,OXFOADE2,0,1730260260,1730260260,11:51:00 PM,11:51:00 PM,0
2096700,,OXFOWIL2,0,1730260287,1730260287,11:51:27 PM,11:51:27 PM,0
2096700,,OXFOMAI2,0,1730260317,1730260317,11:51:57 PM,11:51:57 PM,0
2096700,,OXFOCOL2,0,1730260342,1730260342,11:52:22 PM,11:52:22 PM,0
2096700,,OXFOWAT2,0,1730260370,1730260370,11:52:50 PM,11:52:50 PM,0
2096700,,OXFOWEL2,0,1730260403,1730260403,11:53:23 PM,11:53:23 PM,0
2096700,,RICHOXF2,0,1730260440,1730260440,11:54:00 PM,11:54:00 PM,0
2096700,,RICHMILL,0,1730260489,1730260489,11:54:49 PM,11:54:49 PM,0
2096700,,RICHCENT,0,1730260558,1730260558,11:55:58 PM,11:55:58 PM,0
2096700,,RICHKEN2,0,1730260605,1730260605,11:56:45 PM,11:56:45 PM,0
2096700,,RICHDUF2,0,1730260633,1730260633,11:57:13 PM,11:57:13 PM,0
2096700,,RICHQUE1,0,1730260680,1730260680,11:58:00 PM,11:58:00 PM,0
2096700,,RICHKIN4,0,1730260740,1730260740,11:59:00 PM,11:59:00 PM,0
2096700,,RICHKIN4,0,1730260740,1730260740,11:59:00 PM,11:59:00 PM,0
2096700,,HORTRIC2,0,1730260840,1730260840,12:00:40 AM,12:00:40 AM,0
2096700,,RIDOHORT,0,1730260920,1730260920,12:02:00 AM,12:02:00 AM,0
2096700,,RIDOCRA2,0,1730260961,1730260961,12:02:41 AM,12:02:41 AM,0
2096700,,RIDOELMW,0,1730260984,1730260984,12:03:04 AM,12:03:04 AM,0
2096700,,RIDOTEC2,0,1730261024,1730261024,12:03:44 AM,12:03:44 AM,0
2096700,,RIDOWINS,0,1730261057,1730261057,12:04:17 AM,12:04:17 AM,0
2096700,,RIDOEME2,0,1730261082,1730261082,12:04:42 AM,12:04:42 AM,0
2096700,,RIDOROSE,0,1730261113,1730261113,12:05:13 AM,12:05:13 AM,0
2096700,,RIDOBAS2,0,1730261135,1730261135,12:05:35 AM,12:05:35 AM,0
2096700,,RIDOMOU2,0,1730261158,1730261158,12:05:58 AM,12:05:58 AM,0
2096700,,UPPECOM2,0,1730261190,1730261190,12:06:30 AM,12:06:30 AM,0
2096700,,UPPECHI4,0,1730261235,1730261235,12:07:15 AM,12:07:15 AM,0
2096700,,CHIDHUN1,0,1730261272,1730261272,12:07:52 AM,12:07:52 AM,0
2096700,,CHIDCHID,0,1730261313,1730261313,12:08:33 AM,12:08:33 AM,0
2096700,,WILKCHI2,0,1730261340,1730261340,12:09:00 AM,12:09:00 AM,0
2096700,,SANDWIL2,0,1730261379,1730261379,12:09:39 AM,12:09:39 AM,0
2096700,,SANDVER1,0,1730261411,1730261411,12:10:11 AM,12:10:11 AM,0
2096700,,VERUEDEN,0,1730261428,1730261428,12:10:28 AM,12:10:28 AM,0
2096700,,EDENEAS2,0,1730261466,1730261466,12:11:06 AM,12:11:06 AM,0
2096700,,EDENNIX,0,1730261498,1730261498,12:11:38 AM,12:11:38 AM,0
2096700,,NIXOCRE2,0,1730261531,1730261531,12:12:11 AM,12:12:11 AM,0
2096700,,NIXOSDAL,0,1730261555,1730261555,12:12:35 AM,12:12:35 AM,0
2096700,,JALNERN3,0,1730261594,1730261594,12:13:14 AM,12:13:14 AM,0
2096700,,JALNBEE2,0,1730261658,1730261658,12:14:18 AM,12:14:18 AM,0
2096700,,JALNTUMB,0,1730261693,1730261693,12:14:53 AM,12:14:53 AM,0
2096700,,JALNBEM2,0,1730261741,1730261741,12:15:41 AM,12:15:41 AM,0
2096700,,JALNBRA4,0,1730261782,1730261782,12:16:22 AM,12:16:22 AM,0
2096700,,WHOKMASB,0,1730261820,1730261820,12:17:00 AM,12:17:00 AM,0
2096764,,WHOKMASB,0,1730262840,1730262840,12:34:00 AM,12:34:00 AM,0
2096764,,SHOLJAL2,0,1730262929,1730262929,12:35:29 AM,12:35:29 AM,0
2096764,,SHOLEXE2,0,1730262960,1730262960,12:36:00 AM,12:36:00 AM,0
2096764,,EXETSHOL,0,1730262990,1730262990,12:36:30 AM,12:36:30 AM,0
2096764,,MEGEXE1,0,1730263031,1730263031,12:37:11 AM,12:37:11 AM,0
2096764,,JALNERN4,0,1730263068,1730263068,12:37:48 AM,12:37:48 AM,0
2096764,,ERNESCO2,0,1730263088,1730263088,12:38:08 AM,12:38:08 AM,0
2096764,,ERNEFEN1,0,1730263125,1730263125,12:38:45 AM,12:38:45 AM,0
2096764,,ERNECON1,0,1730263167,1730263167,12:39:27 AM,12:39:27 AM,0
2096764,,ERNEBRA1,0,1730263194,1730263194,12:39:54 AM,12:39:54 AM,0
2096764,,ERNEMUR3,0,1730263217,1730263217,12:40:17 AM,12:40:17 AM,0
2096764,,ERNEMUR1,0,1730263240,1730263240,12:40:40 AM,12:40:40 AM,0
2096764,,ERNEJAL1,0,1730263285,1730263285,12:41:25 AM,12:41:25 AM,0
2096764,,NIXOWIMB,0,1730263307,1730263307,12:41:47 AM,12:41:47 AM,0
2096764,,NIXOEDEN,0,1730263349,1730263349,12:42:29 AM,12:42:29 AM,0
2096764,,EDENEAS1,0,1730263380,1730263380,12:43:00 AM,12:43:00 AM,0
2096764,,EDENVERU,0,1730263410,1730263410,12:43:30 AM,12:43:30 AM,0
2096764,,SANDVER2,0,1730263440,1730263440,12:44:00 AM,12:44:00 AM,0
2096764,,SANDWIL4,0,1730263471,1730263471,12:44:31 AM,12:44:31 AM,0
2096764,,WILKCHI1,0,1730263505,1730263505,12:45:05 AM,12:45:05 AM,0
2096764,,CHIDWILK,0,1730263531,1730263531,12:45:31 AM,12:45:31 AM,0
2096764,,CHIDHUN2,0,1730263563,1730263563,12:46:03 AM,12:46:03 AM,0
2096764,,CHIDUPQ2,0,1730263610,1730263610,12:46:50 AM,12:46:50 AM,0
2096764,,UPPECOM1,0,1730263681,1730263681,12:48:01 AM,12:48:01 AM,0
2096764,,RIDOBAS1,0,1730263728,1730263728,12:48:48 AM,12:48:48 AM,0
2096764,,RIDOHICK,0,1730263754,1730263754,12:49:14 AM,12:49:14 AM,0
2096764,,RIDOEME1,0,1730263800,1730263800,12:50:00 AM,12:50:00 AM,0
2096764,,RIDOBAKE,0,1730263841,1730263841,12:50:41 AM,12:50:41 AM,0
2096764,,RIDOTEC1,0,1730263871,1730263871,12:51:11 AM,12:51:11 AM,0
2096764,,RIDOGRAN,0,1730263901,1730263901,12:51:41 AM,12:51:41 AM,0
2096764,,RIDOCRA1,0,1730263944,1730263944,12:52:24 AM,12:52:24 AM,0
2096764,,RIDOING1,0,1730263968,1730263968,12:52:48 AM,12:52:48 AM,0
2096764,,HORTRID1,0,1730264004,1730264004,12:53:24 AM,12:53:24 AM,0
2096764,,RICHHOT1,0,1730264051,1730264051,12:54:11 AM,12:54:11 AM,0
2096764,,RICHKIN1,0,1730264100,1730264100,12:55:00 AM,12:55:00 AM,0
2096764,,RICHQUEE,0,1730264220,1730264220,12:57:00 AM,12:57:00 AM,0
2096764,,RICHQUEE,0,1730264400,1730264400,01:00:00 AM,01:00:00 AM,0
2096764,,RICHKEN1,0,1730264468,1730264468,01:01:08 AM,01:01:08 AM,0
2096764,,RICHHYM1,0,1730264530,1730264530,01:02:10 AM,01:02:10 AM,0
2096764,,RICHPALL,0,1730264566,1730264566,01:02:46 AM,01:02:46 AM,0
2096764,,OXFORIC1,0,1730264640,1730264640,01:04:00 AM,01:04:00 AM,0
2096764,,OXFOWEL1,0,1730264659,1730264659,01:04:19 AM,01:04:19 AM,0
2096764,,OXFOWAT1,0,1730264692,1730264692,01:04:52 AM,01:04:52 AM,0
2096764,,OXFOCOL1,0,1730264724,1730264724,01:05:24 AM,01:05:24 AM,0
2096764,,OXFOMAI1,0,1730264764,1730264764,01:06:04 AM,01:06:04 AM,0
2096764,,OXFOWIL1,0,1730264791,1730264791,01:06:31 AM,01:06:31 AM,0
2096764,,OXFOADE1,0,1730264820,1730264820,01:07:00 AM,01:07:00 AM,0
2096764,,OXFOELI1,0,1730264853,1730264853,01:07:33 AM,01:07:33 AM,0
2096764,,OXFOELL1,0,1730264882,1730264882,01:08:02 AM,01:08:02 AM,0
2096764,,OXFOGAM1,0,1730264918,1730264918,01:08:38 AM,01:08:38 AM,0
2096764,,OXFOSTE1,0,1730264945,1730264945,01:09:05 AM,01:09:05 AM,0
2096764,,OXFOQUE1,0,1730264961,1730264961,01:09:21 AM,01:09:21 AM,0
2096764,,OXFOSTRA,0,1730264987,1730264987,01:09:47 AM,01:09:47 AM,0
2096764,,OXFOSPIT,0,1730265019,1730265019,01:10:19 AM,01:10:19 AM,0
2096764,,OXFOCLE1,0,1730265048,1730265048,01:10:48 AM,01:10:48 AM,0
2096764,,OXFOEMPI,0,1730265079,1730265079,01:11:19 AM,01:11:19 AM,0
2096764,,OXFOMORN,,,,,,
2096764,,OXFOHIG1,,,,,,
2096764,,OXFOHIG3,,,,,,
2096764,,FANCOLL2,0,1730265240,1730265240,01:14:00 AM,01:14:00 AM,0
2096743,,WHOKMANB,0,1730231460,1730231460,03:51:00 PM,03:51:00 PM,0
2096743,,JALNBRA1,0,1730231508,1730231508,03:51:48 PM,03:51:48 PM,0
2096743,,JALNBRA3,0,1730231536,1730231536,03:52:16 PM,03:52:16 PM,0
2096743,,JALNPON1,0,1730231592,1730231592,03:53:12 PM,03:53:12 PM,0
2096743,,JALNBEE1,0,1730231634,1730231634,03:53:54 PM,03:53:54 PM,0
2096743,,JALNPOP1,0,1730231658,1730231658,03:54:18 PM,03:54:18 PM,0
2096743,,ERNEJAL1,0,1730231731,1730231731,03:55:31 PM,03:55:31 PM,0
2096743,,NIXOWIMB,0,1730231762,1730231762,03:56:02 PM,03:56:02 PM,0
2096743,,NIXOEDEN,0,1730231820,1730231820,03:57:00 PM,03:57:00 PM,0
2096743,,EDENEAS1,0,1730231863,1730231863,03:57:43 PM,03:57:43 PM,0
2096743,,EDENVERU,0,1730231905,1730231905,03:58:25 PM,03:58:25 PM,0
2096743,,SANDVER2,0,1730231940,1730231940,03:59:00 PM,03:59:00 PM,0
2096743,,SANDWIL4,0,1730231977,1730231977,03:59:37 PM,03:59:37 PM,0
2096743,,WILKCHI1,0,1730232016,1730232016,04:00:16 PM,04:00:16 PM,0
2096743,,CHIDWILK,0,1730232047,1730232047,04:00:47 PM,04:00:47 PM,0
2096743,,CHIDHUN2,0,1730232085,1730232085,04:01:25 PM,04:01:25 PM,0
2096743,,CHIDUPQ2,0,1730232140,1730232140,04:02:20 PM,04:02:20 PM,0
2096743,,UPPECOM1,0,1730232223,1730232223,04:03:43 PM,04:03:43 PM,0
2096743,,RIDOBAS1,0,1730232278,1730232278,04:04:38 PM,04:04:38 PM,0
2096743,,RIDOHICK,0,1730232309,1730232309,04:05:09 PM,04:05:09 PM,0
2096743,,RIDOEME1,0,1730232360,1730232360,04:06:00 PM,04:06:00 PM,0
2096743,,RIDOBAKE,0,1730232417,1730232417,04:06:57 PM,04:06:57 PM,0
2096743,,RIDOTEC1,0,1730232459,1730232459,04:07:39 PM,04:07:39 PM,0
2096743,,RIDOGRAN,0,1730232502,1730232502,04:08:22 PM,04:08:22 PM,0
2096743,,RIDOCRA1,0,1730232562,1730232562,04:09:22 PM,04:09:22 PM,0
2096743,,RIDOING1,0,1730232596,1730232596,04:09:56 PM,04:09:56 PM,0
2096743,,HORTRID1,0,1730232647,1730232647,04:10:47 PM,04:10:47 PM,0
2096743,,RICHHOT1,0,1730232713,1730232713,04:11:53 PM,04:11:53 PM,0
2096743,,RICHKIN1,0,1730232780,1730232780,04:13:00 PM,04:13:00 PM,0
2096743,,RICHQUEE,0,1730232960,1730232960,04:16:00 PM,04:16:00 PM,0
2096743,,RICHQUEE,0,1730232960,1730232960,04:16:00 PM,04:16:00 PM,0
2096743,,RICHKEN1,0,1730233097,1730233097,04:18:17 PM,04:18:17 PM,0
2096743,,RICHHYM1,0,1730233221,1730233221,04:20:21 PM,04:20:21 PM,0
2096743,,RICHPALL,0,1730233293,1730233293,04:21:33 PM,04:21:33 PM,0
2096743,,OXFORIC1,0,1730233440,1730233440,04:24:00 PM,04:24:00 PM,0
2096743,,OXFOWEL1,0,1730233465,1730233465,04:24:25 PM,04:24:25 PM,0
2096743,,OXFOWAT1,0,1730233509,1730233509,04:25:09 PM,04:25:09 PM,0
2096743,,OXFOCOL1,0,1730233552,1730233552,04:25:52 PM,04:25:52 PM,0
2096743,,OXFOMAI1,0,1730233605,1730233605,04:26:45 PM,04:26:45 PM,0
2096743,,OXFOWIL1,0,1730233641,1730233641,04:27:21 PM,04:27:21 PM,0
2096743,,OXFOADE1,0,1730233680,1730233680,04:28:00 PM,04:28:00 PM,0
2096743,,OXFOELI1,0,1730233719,1730233719,04:28:39 PM,04:28:39 PM,0
2096743,,OXFOELL1,0,1730233754,1730233754,04:29:14 PM,04:29:14 PM,0
2096743,,OXFOGAM1,0,1730233798,1730233798,04:29:58 PM,04:29:58 PM,0
2096743,,OXFOSTE1,0,1730233831,1730233831,04:30:31 PM,04:30:31 PM,0
2096743,,OXFOQUE1,0,1730233850,1730233850,04:30:50 PM,04:30:50 PM,0
2096743,,OXFOSTRA,0,1730233882,1730233882,04:31:22 PM,04:31:22 PM,0
2096743,,OXFOSPIT,0,1730233920,1730233920,04:32:00 PM,04:32:00 PM,0
2096743,,OXFOCLE1,0,1730233955,1730233955,04:32:35 PM,04:32:35 PM,0
2096743,,OXFOEMPI,0,1730233992,1730233992,04:33:12 PM,04:33:12 PM,0
2096743,,OXFOMORN,,,,,,
2096743,,OXFOHIG1,,,,,,
2096743,,OXFOHIG3,,,,,,
2096743,,FANCOLL2,0,1730234160,1730234160,04:36:00 PM,04:36:00 PM,0
2096675,,FANCOLL2,0,1730234880,1730234880,04:48:00 PM,04:48:00 PM,0
2096675,,OXFOROE2,0,1730234955,1730234955,04:49:15 PM,04:49:15 PM,0
2096675,,OXFOHIG4,,,,,,
2096675,,OXFOHIG2,,,,,,
2096675,,OXFOWIST,,,,,,
2096675,,OXFOOAKS,0,1730235128,1730235128,04:52:08 PM,04:52:08 PM,0
2096675,,OXFOCLE2,0,1730235178,1730235178,04:52:58 PM,04:52:58 PM,0
2096675,,OXFOLYMA,0,1730235227,1730235227,04:53:47 PM,04:53:47 PM,0
2096675,,OXFOSTUA,0,1730235261,1730235261,04:54:21 PM,04:54:21 PM,0
2096675,,OXFOQUE2,0,1730235307,1730235307,04:55:07 PM,04:55:07 PM,0
2096675,,OXFOSTE2,0,1730235341,1730235341,04:55:41 PM,04:55:41 PM,0
2096675,,OXFOGAM2,0,1730235367,1730235367,04:56:07 PM,04:56:07 PM,0
2096675,,OXFOELL2,0,1730235429,1730235429,04:57:09 PM,04:57:09 PM,0
2096675,,OXFOELI2,0,1730235475,1730235475,04:57:55 PM,04:57:55 PM,0
2096675,,OXFOADE2,0,1730235540,1730235540,04:59:00 PM,04:59:00 PM,0
2096675,,OXFOWIL2,0,1730235594,1730235594,04:59:54 PM,04:59:54 PM,0
2096675,,OXFOMAI2,0,1730235655,1730235655,05:00:55 PM,05:00:55 PM,0
2096675,,OXFOCOL2,0,1730235705,1730235705,05:01:45 PM,05:01:45 PM,0
2096675,,OXFOWAT2,0,1730235761,1730235761,05:02:41 PM,05:02:41 PM,0
2096675,,OXFOWEL2,0,1730235827,1730235827,05:03:47 PM,05:03:47 PM,0
2096675,,RICHOXF2,0,1730235900,1730235900,05:05:00 PM,05:05:00 PM,0
2096675,,RICHMILL,0,1730235973,1730235973,05:06:13 PM,05:06:13 PM,0
2096675,,RICHCENT,0,1730236077,1730236077,05:07:57 PM,05:07:57 PM,0
2096675,,RICHKEN2,0,1730236148,1730236148,05:09:08 PM,05:09:08 PM,0
2096675,,RICHDUF2,0,1730236190,1730236190,05:09:50 PM,05:09:50 PM,0
2096675,,RICHQUE1,0,1730236260,1730236260,05:11:00 PM,05:11:00 PM,0
2096675,,RICHKIN4,0,1730236320,1730236320,05:12:00 PM,05:12:00 PM,0
2096675,,RICHKIN4,0,1730236320,1730236320,05:12:00 PM,05:12:00 PM,0
2096675,,HORTRIC2,0,1730236454,1730236454,05:14:14 PM,05:14:14 PM,0
2096675,,RIDOHORT,0,1730236560,1730236560,05:16:00 PM,05:16:00 PM,0
2096675,,RIDOCRA2,0,1730236619,1730236619,05:16:59 PM,05:16:59 PM,0
2096675,,RIDOELMW,0,1730236652,1730236652,05:17:32 PM,05:17:32 PM,0
2096675,,RIDOTEC2,0,1730236710,1730236710,05:18:30 PM,05:18:30 PM,0
2096675,,RIDOWINS,0,1730236758,1730236758,05:19:18 PM,05:19:18 PM,0
2096675,,RIDOEME2,0,1730236794,1730236794,05:19:54 PM,05:19:54 PM,0
2096675,,RIDOROSE,0,1730236839,1730236839,05:20:39 PM,05:20:39 PM,0
2096675,,RIDOBAS2,0,1730236871,1730236871,05:21:11 PM,05:21:11 PM,0
2096675,,RIDOMOU2,0,1730236904,1730236904,05:21:44 PM,05:21:44 PM,0
2096675,,UPPECOM2,0,1730236950,1730236950,05:22:30 PM,05:22:30 PM,0
2096675,,UPPECHI4,0,1730237015,1730237015,05:23:35 PM,05:23:35 PM,0
2096675,,CHIDHUN1,0,1730237069,1730237069,05:24:29 PM,05:24:29 PM,0
2096675,,CHIDCHID,0,1730237128,1730237128,05:25:28 PM,05:25:28 PM,0
2096675,,WILKCHI2,0,1730237160,1730237160,05:26:00 PM,05:26:00 PM,0
2096675,,SANDWIL2,0,1730237205,1730237205,05:26:45 PM,05:26:45 PM,0
2096675,,SANDVER1,0,1730237242,1730237242,05:27:22 PM,05:27:22 PM,0
2096675,,VERUEDEN,0,1730237262,1730237262,05:27:42 PM,05:27:42 PM,0
2096675,,EDENEAS2,0,1730237306,1730237306,05:28:26 PM,05:28:26 PM,0
2096675,,EDENNIX,0,1730237343,1730237343,05:29:03 PM,05:29:03 PM,0
2096675,,NIXOCRE2,0,1730237381,1730237381,05:29:41 PM,05:29:41 PM,0
2096675,,NIXOSDAL,0,1730237408,1730237408,05:30:08 PM,05:30:08 PM,0
2096675,,ERNEJAL2,0,1730237452,1730237452,05:30:52 PM,05:30:52 PM,0
2096675,,ERNEELVI,0,1730237480,1730237480,05:31:20 PM,05:31:20 PM,0
2096675,,ERNEPAUL,0,1730237521,1730237521,05:32:01 PM,05:32:01 PM,0
2096675,,ERNEBRA2,0,1730237570,1730237570,05:32:50 PM,05:32:50 PM,0
2096675,,ERNECON2,0,1730237597,1730237597,05:33:17 PM,05:33:17 PM,0
2096675,,ERNEFEN2,0,1730237646,1730237646,05:34:06 PM,05:34:06 PM,0
2096675,,ERNEFINC,0,1730237676,1730237676,05:34:36 PM,05:34:36 PM,0
2096675,,ERNESCO1,0,1730237704,1730237704,05:35:04 PM,05:35:04 PM,0
2096675,,JALNERN5,0,1730237744,1730237744,05:35:44 PM,05:35:44 PM,0
2096675,,MEGEXE2,0,1730237784,1730237784,05:36:24 PM,05:36:24 PM,0
2096675,,EXETMEG,0,1730237840,1730237840,05:37:20 PM,05:37:20 PM,0
2096675,,SHOLEXE1,0,1730237890,1730237890,05:38:10 PM,05:38:10 PM,0
2096675,,SHOLJAL1,0,1730237911,1730237911,05:38:31 PM,05:38:31 PM,0
2096675,,JALNPIER,0,1730237943,1730237943,05:39:03 PM,05:39:03 PM,0
2096675,,WHOKMANB,0,1730238060,1730238060,05:41:00 PM,05:41:00 PM,0
2096749,,WHOKMANB,0,1730238840,1730238840,05:54:00 PM,05:54:00 PM,0
2096749,,JALNBRA1,0,1730238888,1730238888,05:54:48 PM,05:54:48 PM,0
2096749,,JALNBRA3,0,1730238916,1730238916,05:55:16 PM,05:55:16 PM,0
2096749,,JALNPON1,0,1730238972,1730238972,05:56:12 PM,05:56:12 PM,0
2096749,,JALNBEE1,0,1730239014,1730239014,05:56:54 PM,05:56:54 PM,0
2096749,,JALNPOP1,0,1730239038,1730239038,05:57:18 PM,05:57:18 PM,0
2096749,,ERNEJAL1,0,1730239111,1730239111,05:58:31 PM,05:58:31 PM,0
2096749,,NIXOWIMB,0,1730239142,1730239142,05:59:02 PM,05:59:02 PM,0
2096749,,NIXOEDEN,0,1730239200,1730239200,06:00:00 PM,06:00:00 PM,0
2096749,,EDENEAS1,0,1730239243,1730239243,06:00:43 PM,06:00:43 PM,0
2096749,,EDENVERU,0,1730239285,1730239285,06:01:25 PM,06:01:25 PM,0
2096749,,SANDVER2,0,1730239320,1730239320,06:02:00 PM,06:02:00 PM,0
2096749,,SANDWIL4,0,1730239351,1730239351,06:02:31 PM,06:02:31 PM,0
2096749,,WILKCHI1,0,1730239385,1730239385,06:03:05 PM,06:03:05 PM,0
2096749,,CHIDWILK,0,1730239411,1730239411,06:03:31 PM,06:03:31 PM,0
2096749,,CHIDHUN2,0,1730239443,1730239443,06:04:03 PM,06:04:03 PM,0
2096749,,CHIDUPQ2,0,1730239490,1730239490,06:04:50 PM,06:04:50 PM,0
2096749,,UPPECOM1,0,1730239561,1730239561,06:06:01 PM,06:06:01 PM,0
2096749,,RIDOBAS1,0,1730239608,1730239608,06:06:48 PM,06:06:48 PM,0
2096749,,RIDOHICK,0,1730239634,1730239634,06:07:14 PM,06:07:14 PM,0
2096749,,RIDOEME1,0,1730239680,1730239680,06:08:00 PM,06:08:00 PM,0
2096749,,RIDOBAKE,0,1730239729,1730239729,06:08:49 PM,06:08:49 PM,0
2096749,,RIDOTEC1,0,1730239765,1730239765,06:09:25 PM,06:09:25 PM,0
2096749,,RIDOGRAN,0,1730239802,1730239802,06:10:02 PM,06:10:02 PM,0
2096749,,RIDOCRA1,0,1730239854,1730239854,06:10:54 PM,06:10:54 PM,0
2096749,,RIDOING1,0,1730239883,1730239883,06:11:23 PM,06:11:23 PM,0
2096749,,HORTRID1,0,1730239926,1730239926,06:12:06 PM,06:12:06 PM,0
2096749,,RICHHOT1,0,1730239982,1730239982,06:13:02 PM,06:13:02 PM,0
2096749,,RICHKIN1,0,1730240040,1730240040,06:14:00 PM,06:14:00 PM,0
2096749,,RICHQUEE,0,1730240160,1730240160,06:16:00 PM,06:16:00 PM,0
2096749,,RICHQUEE,0,1730240160,1730240160,06:16:00 PM,06:16:00 PM,0
2096749,,RICHKEN1,0,1730240246,1730240246,06:17:26 PM,06:17:26 PM,0
2096749,,RICHHYM1,0,1730240324,1730240324,06:18:44 PM,06:18:44 PM,0
2096749,,RICHPALL,0,1730240369,1730240369,06:19:29 PM,06:19:29 PM,0
2096749,,OXFORIC1,0,1730240460,1730240460,06:21:00 PM,06:21:00 PM,0
2096749,,OXFOWEL1,0,1730240485,1730240485,06:21:25 PM,06:21:25 PM,0
2096749,,OXFOWAT1,0,1730240529,1730240529,06:22:09 PM,06:22:09 PM,0
2096749,,OXFOCOL1,0,1730240572,1730240572,06:22:52 PM,06:22:52 PM,0
2096749,,OXFOMAI1,0,1730240625,1730240625,06:23:45 PM,06:23:45 PM,0
2096749,,OXFOWIL1,0,1730240661,1730240661,06:24:21 PM,06:24:21 PM,0
2096749,,OXFOADE1,0,1730240700,1730240700,06:25:00 PM,06:25:00 PM,0
2096749,,OXFOELI1,0,1730240733,1730240733,06:25:33 PM,06:25:33 PM,0
2096749,,OXFOELL1,0,1730240762,1730240762,06:26:02 PM,06:26:02 PM,0
2096749,,OXFOGAM1,0,1730240798,1730240798,06:26:38 PM,06:26:38 PM,0
2096749,,OXFOSTE1,0,1730240825,1730240825,06:27:05 PM,06:27:05 PM,0
2096749,,OXFOQUE1,0,1730240841,1730240841,06:27:21 PM,06:27:21 PM,0
2096749,,OXFOSTRA,0,1730240867,1730240867,06:27:47 PM,06:27:47 PM,0
2096749,,OXFOSPIT,0,1730240899,1730240899,06:28:19 PM,06:28:19 PM,0
2096749,,OXFOCLE1,0,1730240928,1730240928,06:28:48 PM,06:28:48 PM,0
2096749,,OXFOEMPI,0,1730240959,1730240959,06:29:19 PM,06:29:19 PM,0
2096749,,OXFOMORN,,,,,,
2096749,,OXFOHIG1,,,,,,
2096749,,OXFOHIG3,,,,,,
2096749,,FANCOLL2,0,1730241120,1730241120,06:32:00 PM,06:32:00 PM,0
2096687,,FANCOLL2,0,1730241780,1730241780,06:43:00 PM,06:43:00 PM,0
2096687,,OXFOROE2,0,1730241829,1730241829,06:43:49 PM,06:43:49 PM,0
2096687,,OXFOHIG4,,,,,,
2096687,,OXFOHIG2,,,,,,
2096687,,OXFOWIST,,,,,,
2096687,,OXFOOAKS,0,1730241959,1730241959,06:45:59 PM,06:45:59 PM,0
2096687,,OXFOCLE2,0,1730242003,1730242003,06:46:43 PM,06:46:43 PM,0
2096687,,OXFOLYMA,0,1730242046,1730242046,06:47:26 PM,06:47:26 PM,0
2096687,,OXFOSTUA,0,1730242076,1730242076,06:47:56 PM,06:47:56 PM,0
2096687,,OXFOQUE2,0,1730242116,1730242116,06:48:36 PM,06:48:36 PM,0
2096687,,OXFOSTE2,0,1730242146,1730242146,06:49:06 PM,06:49:06 PM,0
2096687,,OXFOGAM2,0,1730242169,1730242169,06:49:29 PM,06:49:29 PM,0
2096687,,OXFOELL2,0,1730242223,1730242223,06:50:23 PM,06:50:23 PM,0
2096687,,OXFOELI2,0,1730242263,1730242263,06:51:03 PM,06:51:03 PM,0
2096687,,OXFOADE2,0,1730242320,1730242320,06:52:00 PM,06:52:00 PM,0
2096687,,OXFOWIL2,0,1730242365,1730242365,06:52:45 PM,06:52:45 PM,0
2096687,,OXFOMAI2,0,1730242416,1730242416,06:53:36 PM,06:53:36 PM,0
2096687,,OXFOCOL2,0,1730242457,1730242457,06:54:17 PM,06:54:17 PM,0
2096687,,OXFOWAT2,0,1730242503,1730242503,06:55:03 PM,06:55:03 PM,0
2096687,,OXFOWEL2,0,1730242558,1730242558,06:55:58 PM,06:55:58 PM,0
2096687,,RICHOXF2,0,1730242620,1730242620,06:57:00 PM,06:57:00 PM,0
2096687,,RICHMILL,0,1730242669,1730242669,06:57:49 PM,06:57:49 PM,0
2096687,,RICHCENT,0,1730242738,1730242738,06:58:58 PM,06:58:58 PM,0
2096687,,RICHKEN2,0,1730242785,1730242785,06:59:45 PM,06:59:45 PM,0
2096687,,RICHDUF2,0,1730242813,1730242813,07:00:13 PM,07:00:13 PM,0
2096687,,RICHQUE1,0,1730242860,1730242860,07:01:00 PM,07:01:00 PM,0
2096687,,RICHKIN4,0,1730242920,1730242920,07:02:00 PM,07:02:00 PM,0
2096687,,RICHKIN4,0,1730242920,1730242920,07:02:00 PM,07:02:00 PM,0
2096687,,HORTRIC2,0,1730243020,1730243020,07:03:40 PM,07:03:40 PM,0
2096687,,RIDOHORT,0,1730243100,1730243100,07:05:00 PM,07:05:00 PM,0
2096687,,RIDOCRA2,0,1730243153,1730243153,07:05:53 PM,07:05:53 PM,0
2096687,,RIDOELMW,0,1730243183,1730243183,07:06:23 PM,07:06:23 PM,0
2096687,,RIDOTEC2,0,1730243235,1730243235,07:07:15 PM,07:07:15 PM,0
2096687,,RIDOWINS,0,1730243278,1730243278,07:07:58 PM,07:07:58 PM,0
2096687,,RIDOEME2,0,1730243310,1730243310,07:08:30 PM,07:08:30 PM,0
2096687,,RIDOROSE,0,1730243350,1730243350,07:09:10 PM,07:09:10 PM,0
2096687,,RIDOBAS2,0,1730243379,1730243379,07:09:39 PM,07:09:39 PM,0
2096687,,RIDOMOU2,0,1730243409,1730243409,07:10:09 PM,07:10:09 PM,0
2096687,,UPPECOM2,0,1730243450,1730243450,07:10:50 PM,07:10:50 PM,0
2096687,,UPPECHI4,0,1730243509,1730243509,07:11:49 PM,07:11:49 PM,0
2096687,,CHIDHUN1,0,1730243557,1730243557,07:12:37 PM,07:12:37 PM,0
2096687,,CHIDCHID,0,1730243610,1730243610,07:13:30 PM,07:13:30 PM,0
2096687,,WILKCHI2,0,1730243640,1730243640,07:14:00 PM,07:14:00 PM,0
2096687,,SANDWIL2,0,1730243684,1730243684,07:14:44 PM,07:14:44 PM,0
2096687,,SANDVER1,0,1730243721,1730243721,07:15:21 PM,07:15:21 PM,0
2096687,,VERUEDEN,0,1730243741,1730243741,07:15:41 PM,07:15:41 PM,0
2096687,,EDENEAS2,0,1730243784,1730243784,07:16:24 PM,07:16:24 PM,0
2096687,,EDENNIX,0,1730243820,1730243820,07:17:00 PM,07:17:00 PM,0
2096687,,NIXOCRE2,0,1730243857,1730243857,07:17:37 PM,07:17:37 PM,0
2096687,,NIXOSDAL,0,1730243884,1730243884,07:18:04 PM,07:18:04 PM,0
2096687,,JALNERN3,0,1730243928,1730243928,07:18:48 PM,07:18:48 PM,0
2096687,,JALNBEE2,0,1730244000,1730244000,07:20:00 PM,07:20:00 PM,0
2096687,,JALNTUMB,0,1730244040,1730244040,07:20:40 PM,07:20:40 PM,0
2096687,,JALNBEM2,0,1730244094,1730244094,07:21:34 PM,07:21:34 PM,0
2096687,,JALNBRA4,0,1730244140,1730244140,07:22:20 PM,07:22:20 PM,0
2096687,,WHOKMASB,0,1730244180,1730244180,07:23:00 PM,07:23:00 PM,0
2096756,,WHOKMASB,0,1730244660,1730244660,07:31:00 PM,07:31:00 PM,0
2096756,,SHOLJAL2,0,1730244767,1730244767,07:32:47 PM,07:32:47 PM,0
2096756,,SHOLEXE2,0,1730244804,1730244804,07:33:24 PM,07:33:24 PM,0
2096756,,EXETSHOL,0,1730244840,1730244840,07:34:00 PM,07:34:00 PM,0
2096756,,MEGEXE1,0,1730244889,1730244889,07:34:49 PM,07:34:49 PM,0
2096756,,JALNERN4,0,1730244934,1730244934,07:35:34 PM,07:35:34 PM,0
2096756,,ERNESCO2,0,1730244958,1730244958,07:35:58 PM,07:35:58 PM,0
2096756,,ERNEFEN1,0,1730245002,1730245002,07:36:42 PM,07:36:42 PM,0
2096756,,ERNECON1,0,1730245052,1730245052,07:37:32 PM,07:37:32 PM,0
2096756,,ERNEBRA1,0,1730245084,1730245084,07:38:04 PM,07:38:04 PM,0
2096756,,ERNEMUR3,0,1730245112,1730245112,07:38:32 PM,07:38:32 PM,0
2096756,,ERNEMUR1,0,1730245139,1730245139,07:38:59 PM,07:38:59 PM,0
2096756,,ERNEJAL1,0,1730245193,1730245193,07:39:53 PM,07:39:53 PM,0
2096756,,NIXOWIMB,0,1730245220,1730245220,07:40:20 PM,07:40:20 PM,0
2096756,,NIXOEDEN,0,1730245271,1730245271,07:41:11 PM,07:41:11 PM,0
2096756,,EDENEAS1,0,1730245308,1730245308,07:41:48 PM,07:41:48 PM,0
2096756,,EDENVERU,0,1730245345,1730245345,07:42:25 PM,07:42:25 PM,0
2096756,,SANDVER2,0,1730245380,1730245380,07:43:00 PM,07:43:00 PM,0
2096756,,SANDWIL4,0,1730245411,1730245411,07:43:31 PM,07:43:31 PM,0
2096756,,WILKCHI1,0,1730245445,1730245445,07:44:05 PM,07:44:05 PM,0
2096756,,CHIDWILK,0,1730245471,1730245471,07:44:31 PM,07:44:31 PM,0
2096756,,CHIDHUN2,0,1730245503,1730245503,07:45:03 PM,07:45:03 PM,0
2096756,,CHIDUPQ2,0,1730245550,1730245550,07:45:50 PM,07:45:50 PM,0
2096756,,UPPECOM1,0,1730245621,1730245621,07:47:01 PM,07:47:01 PM,0
2096756,,RIDOBAS1,0,1730245668,1730245668,07:47:48 PM,07:47:48 PM,0
2096756,,RIDOHICK,0,1730245694,1730245694,07:48:14 PM,07:48:14 PM,0
2096756,,RIDOEME1,0,1730245740,1730245740,07:49:00 PM,07:49:00 PM,0
2096756,,RIDOBAKE,0,1730245789,1730245789,07:49:49 PM,07:49:49 PM,0
2096756,,RIDOTEC1,0,1730245825,1730245825,07:50:25 PM,07:50:25 PM,0
2096756,,RIDOGRAN,0,1730245862,1730245862,07:51:02 PM,07:51:02 PM,0
2096756,,RIDOCRA1,0,1730245914,1730245914,07:51:54 PM,07:51:54 PM,0
2096756,,RIDOING1,0,1730245943,1730245943,07:52:23 PM,07:52:23 PM,0
2096756,,HORTRID1,0,1730245986,1730245986,07:53:06 PM,07:53:06 PM,0
2096756,,RICHHOT1,0,1730246042,1730246042,07:54:02 PM,07:54:02 PM,0
2096756,,RICHKIN1,0,1730246100,1730246100,07:55:00 PM,07:55:00 PM,0
2096756,,RICHQUEE,0,1730246220,1730246220,07:57:00 PM,07:57:00 PM,0
2096756,,RICHQUEE,0,1730246220,1730246220,07:57:00 PM,07:57:00 PM,0
2096756,,RICHKEN1,0,1730246306,1730246306,07:58:26 PM,07:58:26 PM,0
2096756,,RICHHYM1,0,1730246384,1730246384,07:59:44 PM,07:59:44 PM,0
2096756,,RICHPALL,0,1730246429,1730246429,08:00:29 PM,08:00:29 PM,0
2096756,,OXFORIC1,0,1730246520,1730246520,08:02:00 PM,08:02:00 PM,0
2096756,,OXFOWEL1,0,1730246545,1730246545,08:02:25 PM,08:02:25 PM,0
2096756,,OXFOWAT1,0,1730246589,1730246589,08:03:09 PM,08:03:09 PM,0
2096756,,OXFOCOL1,0,1730246632,1730246632,08:03:52 PM,08:03:52 PM,0
2096756,,OXFOMAI1,0,1730246685,1730246685,08:04:45 PM,08:04:45 PM,0
2096756,,OXFOWIL1,0,1730246721,1730246721,08:05:21 PM,08:05:21 PM,0
2096756,,OXFOADE1,0,1730246760,1730246760,08:06:00 PM,08:06:00 PM,0
2096756,,OXFOELI1,0,1730246793,1730246793,08:06:33 PM,08:06:33 PM,0
2096756,,OXFOELL1,0,1730246822,1730246822,08:07:02 PM,08:07:02 PM,0
2096756,,OXFOGAM1,0,1730246858,1730246858,08:07:38 PM,08:07:38 PM,0
2096756,,OXFOSTE1,0,1730246885,1730246885,08:08:05 PM,08:08:05 PM,0
2096756,,OXFOQUE1,0,1730246901,1730246901,08:08:21 PM,08:08:21 PM,0
2096756,,OXFOSTRA,0,1730246927,1730246927,08:08:47 PM,08:08:47 PM,0
2096756,,OXFOSPIT,0,1730246959,1730246959,08:09:19 PM,08:09:19 PM,0
2096756,,OXFOCLE1,0,1730246988,1730246988,08:09:48 PM,08:09:48 PM,0
2096756,,OXFOEMPI,0,1730247019,1730247019,08:10:19 PM,08:10:19 PM,0
2096756,,OXFOMORN,,,,,,
2096756,,OXFOHIG1,,,,,,
2096756,,OXFOHIG3,,,,,,
2096756,,FANCOLL2,0,1730247180,1730247180,08:13:00 PM,08:13:00 PM,0
2096693,,FANCOLL2,0,1730247600,1730247600,08:20:00 PM,08:20:00 PM,0
2096693,,OXFOROE2,0,1730247650,1730247650,08:20:50 PM,08:20:50 PM,0
2096693,,OXFOHIG4,,,,,,
2096693,,OXFOHIG2,,,,,,
2096693,,OXFOWIST,,,,,,
2096693,,OXFOOAKS,0,1730247779,1730247779,08:22:59 PM,08:22:59 PM,0
2096693,,OXFOCLE2,0,1730247823,1730247823,08:23:43 PM,08:23:43 PM,0
2096693,,OXFOLYMA,0,1730247866,1730247866,08:24:26 PM,08:24:26 PM,0
2096693,,OXFOSTUA,0,1730247896,1730247896,08:24:56 PM,08:24:56 PM,0
2096693,,OXFOQUE2,0,1730247936,1730247936,08:25:36 PM,08:25:36 PM,0
2096693,,OXFOSTE2,0,1730247966,1730247966,08:26:06 PM,08:26:06 PM,0
2096693,,OXFOGAM2,0,1730247989,1730247989,08:26:29 PM,08:26:29 PM,0
2096693,,OXFOELL2,0,1730248043,1730248043,08:27:23 PM,08:27:23 PM,0
2096693,,OXFOELI2,0,1730248083,1730248083,08:28:03 PM,08:28:03 PM,0
2096693,,OXFOADE2,0,1730248140,1730248140,08:29:00 PM,08:29:00 PM,0
2096693,,OXFOWIL2,0,1730248185,1730248185,08:29:45 PM,08:29:45 PM,0
2096693,,OXFOMAI2,0,1730248236,1730248236,08:30:36 PM,08:30:36 PM,0
2096693,,OXFOCOL2,0,1730248277,1730248277,08:31:17 PM,08:31:17 PM,0
2096693,,OXFOWAT2,0,1730248323,1730248323,08:32:03 PM,08:32:03 PM,0
2096693,,OXFOWEL2,0,1730248378,1730248378,08:32:58 PM,08:32:58 PM,0
2096693,,RICHOXF2,0,1730248440,1730248440,08:34:00 PM,08:34:00 PM,0
2096693,,RICHMILL,0,1730248489,1730248489,08:34:49 PM,08:34:49 PM,0
2096693,,RICHCENT,0,1730248558,1730248558,08:35:58 PM,08:35:58 PM,0
2096693,,RICHKEN2,0,1730248605,1730248605,08:36:45 PM,08:36:45 PM,0
2096693,,RICHDUF2,0,1730248633,1730248633,08:37:13 PM,08:37:13 PM,0
2096693,,RICHQUE1,0,1730248680,1730248680,08:38:00 PM,08:38:00 PM,0
2096693,,RICHKIN4,0,1730248740,1730248740,08:39:00 PM,08:39:00 PM,0
2096693,,RICHKIN4,0,1730248740,1730248740,08:39:00 PM,08:39:00 PM,0
2096693,,HORTRIC2,0,1730248840,1730248840,08:40:40 PM,08:40:40 PM,0
2096693,,RIDOHORT,0,1730248920,1730248920,08:42:00 PM,08:42:00 PM,0
2096693,,RIDOCRA2,0,1730248973,1730248973,08:42:53 PM,08:42:53 PM,0
2096693,,RIDOELMW,0,1730249003,1730249003,08:43:23 PM,08:43:23 PM,0
2096693,,RIDOTEC2,0,1730249055,1730249055,08:44:15 PM,08:44:15 PM,0
2096693,,RIDOWINS,0,1730249098,1730249098,08:44:58 PM,08:44:58 PM,0
2096693,,RIDOEME2,0,1730249130,1730249130,08:45:30 PM,08:45:30 PM,0
2096693,,RIDOROSE,0,1730249170,1730249170,08:46:10 PM,08:46:10 PM,0
2096693,,RIDOBAS2,0,1730249199,1730249199,08:46:39 PM,08:46:39 PM,0
2096693,,RIDOMOU2,0,1730249229,1730249229,08:47:09 PM,08:47:09 PM,0
2096693,,UPPECOM2,0,1730249270,1730249270,08:47:50 PM,08:47:50 PM,0
2096693,,UPPECHI4,0,1730249329,1730249329,08:48:49 PM,08:48:49 PM,0
2096693,,CHIDHUN1,0,1730249377,1730249377,08:49:37 PM,08:49:37 PM,0
2096693,,CHIDCHID,0,1730249430,1730249430,08:50:30 PM,08:50:30 PM,0
2096693,,WILKCHI2,0,1730249460,1730249460,08:51:00 PM,08:51:00 PM,0
2096693,,SANDWIL2,0,1730249502,1730249502,08:51:42 PM,08:51:42 PM,0
2096693,,SANDVER1,0,1730249537,1730249537,08:52:17 PM,08:52:17 PM,0
2096693,,VERUEDEN,0,1730249556,1730249556,08:52:36 PM,08:52:36 PM,0
2096693,,EDENEAS2,0,1730249597,1730249597,08:53:17 PM,08:53:17 PM,0
2096693,,EDENNIX,0,1730249631,1730249631,08:53:51 PM,08:53:51 PM,0
2096693,,NIXOCRE2,0,1730249667,1730249667,08:54:27 PM,08:54:27 PM,0
2096693,,NIXOSDAL,0,1730249692,1730249692,08:54:52 PM,08:54:52 PM,0
2096693,,ERNEJAL2,0,1730249733,1730249733,08:55:33 PM,08:55:33 PM,0
2096693,,ERNEELVI,0,1730249759,1730249759,08:55:59 PM,08:55:59 PM,0
2096693,,ERNEPAUL,0,1730249797,1730249797,08:56:37 PM,08:56:37 PM,0
2096693,,ERNEBRA2,0,1730249843,1730249843,08:57:23 PM,08:57:23 PM,0
2096693,,ERNECON2,0,1730249868,1730249868,08:57:48 PM,08:57:48 PM,0
2096693,,ERNEFEN2,0,1730249914,1730249914,08:58:34 PM,08:58:34 PM,0
2096693,,ERNEFINC,0,1730249942,1730249942,08:59:02 PM,08:59:02 PM,0
2096693,,ERNESCO1,0,1730249969,1730249969,08:59:29 PM,08:59:29 PM,0
2096693,,JALNERN5,0,1730250007,1730250007,09:00:07 PM,09:00:07 PM,0
2096693,,MEGEXE2,0,1730250044,1730250044,09:00:44 PM,09:00:44 PM,0
2096693,,EXETMEG,0,1730250097,1730250097,09:01:37 PM,09:01:37 PM,0
2096693,,SHOLEXE1,0,1730250143,1730250143,09:02:23 PM,09:02:23 PM,0
2096693,,SHOLJAL1,0,1730250163,1730250163,09:02:43 PM,09:02:43 PM,0
2096693,,JALNPIER,0,1730250193,1730250193,09:03:13 PM,09:03:13 PM,0
2096693,,WHOKMANB,0,1730250300,1730250300,09:05:00 PM,09:05:00 PM,0
2096672,,FANCOLL2,0,1730230020,1730230020,03:27:00 PM,03:27:00 PM,0
2096672,,OXFOROE2,0,1730230070,1730230070,03:27:50 PM,03:27:50 PM,0
2096672,,OXFOHIG4,,,,,,
2096672,,OXFOHIG2,,,,,,
2096672,,OXFOWIST,,,,,,
2096672,,OXFOOAKS,0,1730230199,1730230199,03:29:59 PM,03:29:59 PM,0
2096672,,OXFOCLE2,0,1730230243,1730230243,03:30:43 PM,03:30:43 PM,0
2096672,,OXFOLYMA,0,1730230286,1730230286,03:31:26 PM,03:31:26 PM,0
2096672,,OXFOSTUA,0,1730230316,1730230316,03:31:56 PM,03:31:56 PM,0
2096672,,OXFOQUE2,0,1730230356,1730230356,03:32:36 PM,03:32:36 PM,0
2096672,,OXFOSTE2,0,1730230386,1730230386,03:33:06 PM,03:33:06 PM,0
2096672,,OXFOGAM2,0,1730230409,1730230409,03:33:29 PM,03:33:29 PM,0
2096672,,OXFOELL2,0,1730230463,1730230463,03:34:23 PM,03:34:23 PM,0
2096672,,OXFOELI2,0,1730230503,1730230503,03:35:03 PM,03:35:03 PM,0
2096672,,OXFOADE2,0,1730230560,1730230560,03:36:00 PM,03:36:00 PM,0
2096672,,OXFOWIL2,0,1730230605,1730230605,03:36:45 PM,03:36:45 PM,0
2096672,,OXFOMAI2,0,1730230656,1730230656,03:37:36 PM,03:37:36 PM,0
2096672,,OXFOCOL2,0,1730230697,1730230697,03:38:17 PM,03:38:17 PM,0
2096672,,OXFOWAT2,0,1730230743,1730230743,03:39:03 PM,03:39:03 PM,0
2096672,,OXFOWEL2,0,1730230798,1730230798,03:39:58 PM,03:39:58 PM,0
2096672,,RICHOXF2,0,1730230860,1730230860,03:41:00 PM,03:41:00 PM,0
2096672,,RICHMILL,0,1730230921,1730230921,03:42:01 PM,03:42:01 PM,0
2096672,,RICHCENT,0,1730231008,1730231008,03:43:28 PM,03:43:28 PM,0
2096672,,RICHKEN2,0,1730231067,1730231067,03:44:27 PM,03:44:27 PM,0
2096672,,RICHDUF2,0,1730231102,1730231102,03:45:02 PM,03:45:02 PM,0
2096672,,RICHQUE1,0,1730231160,1730231160,03:46:00 PM,03:46:00 PM,0
2096672,,RICHKIN4,0,1730231220,1730231220,03:47:00 PM,03:47:00 PM,0
2096672,,RICHKIN4,0,1730231220,1730231220,03:47:00 PM,03:47:00 PM,0
2096672,,HORTRIC2,0,1730231354,1730231354,03:49:14 PM,03:49:14 PM,0
2096672,,RIDOHORT,0,1730231460,1730231460,03:51:00 PM,03:51:00 PM,0
2096672,,RIDOCRA2,0,1730231519,1730231519,03:51:59 PM,03:51:59 PM,0
2096672,,RIDOELMW,0,1730231552,1730231552,03:52:32 PM,03:52:32 PM,0
2096672,,RIDOTEC2,0,1730231610,1730231610,03:53:30 PM,03:53:30 PM,0
2096672,,RIDOWINS,0,1730231658,1730231658,03:54:18 PM,03:54:18 PM,0
2096672,,RIDOEME2,0,1730231694,1730231694,03:54:54 PM,03:54:54 PM,0
2096672,,RIDOROSE,0,1730231739,1730231739,03:55:39 PM,03:55:39 PM,0
2096672,,RIDOBAS2,0,1730231771,1730231771,03:56:11 PM,03:56:11 PM,0
2096672,,RIDOMOU2,0,1730231804,1730231804,03:56:44 PM,03:56:44 PM,0
2096672,,UPPECOM2,0,1730231850,1730231850,03:57:30 PM,03:57:30 PM,0
2096672,,UPPECHI4,0,1730231915,1730231915,03:58:35 PM,03:58:35 PM,0
2096672,,CHIDHUN1,0,1730231969,1730231969,03:59:29 PM,03:59:29 PM,0
2096672,,CHIDCHID,0,1730232028,1730232028,04:00:28 PM,04:00:28 PM,0
2096672,,WILKCHI2,0,1730232060,1730232060,04:01:00 PM,04:01:00 PM,0
2096672,,SANDWIL2,0,1730232105,1730232105,04:01:45 PM,04:01:45 PM,0
2096672,,SANDVER1,0,1730232142,1730232142,04:02:22 PM,04:02:22 PM,0
2096672,,VERUEDEN,0,1730232162,1730232162,04:02:42 PM,04:02:42 PM,0
2096672,,EDENEAS2,0,1730232206,1730232206,04:03:26 PM,04:03:26 PM,0
2096672,,EDENNIX,0,1730232243,1730232243,04:04:03 PM,04:04:03 PM,0
2096672,,NIXOCRE2,0,1730232281,1730232281,04:04:41 PM,04:04:41 PM,0
2096672,,NIXOSDAL,0,1730232308,1730232308,04:05:08 PM,04:05:08 PM,0
2096672,,ERNEJAL2,0,1730232352,1730232352,04:05:52 PM,04:05:52 PM,0
2096672,,ERNEELVI,0,1730232380,1730232380,04:06:20 PM,04:06:20 PM,0
2096672,,ERNEPAUL,0,1730232421,1730232421,04:07:01 PM,04:07:01 PM,0
2096672,,ERNEBRA2,0,1730232470,1730232470,04:07:50 PM,04:07:50 PM,0
2096672,,ERNECON2,0,1730232497,1730232497,04:08:17 PM,04:08:17 PM,0
2096672,,ERNEFEN2,0,1730232546,1730232546,04:09:06 PM,04:09:06 PM,0
2096672,,ERNEFINC,0,1730232576,1730232576,04:09:36 PM,04:09:36 PM,0
2096672,,ERNESCO1,0,1730232604,1730232604,04:10:04 PM,04:10:04 PM,0
2096672,,JALNERN5,0,1730232644,1730232644,04:10:44 PM,04:10:44 PM,0
2096672,,MEGEXE2,0,1730232684,1730232684,04:11:24 PM,04:11:24 PM,0
2096672,,EXETMEG,0,1730232740,1730232740,04:12:20 PM,04:12:20 PM,0
2096672,,SHOLEXE1,0,1730232790,1730232790,04:13:10 PM,04:13:10 PM,0
2096672,,SHOLJAL1,0,1730232811,1730232811,04:13:31 PM,04:13:31 PM,0
2096672,,JALNPIER,0,1730232843,1730232843,04:14:03 PM,04:14:03 PM,0
2096672,,WHOKMANB,0,1730232960,1730232960,04:16:00 PM,04:16:00 PM,0
2096744,,WHOKMANB,0,1730233260,1730233260,04:21:00 PM,04:21:00 PM,0
2096744,,JALNBRA1,0,1730233308,1730233308,04:21:48 PM,04:21:48 PM,0
2096744,,JALNBRA3,0,1730233336,1730233336,04:22:16 PM,04:22:16 PM,0
2096744,,JALNPON1,0,1730233392,1730233392,04:23:12 PM,04:23:12 PM,0
2096744,,JALNBEE1,0,1730233434,1730233434,04:23:54 PM,04:23:54 PM,0
2096744,,JALNPOP1,0,1730233458,1730233458,04:24:18 PM,04:24:18 PM,0
2096744,,ERNEJAL1,0,1730233531,1730233531,04:25:31 PM,04:25:31 PM,0
2096744,,NIXOWIMB,0,1730233562,1730233562,04:26:02 PM,04:26:02 PM,0
2096744,,NIXOEDEN,0,1730233620,1730233620,04:27:00 PM,04:27:00 PM,0
2096744,,EDENEAS1,0,1730233663,1730233663,04:27:43 PM,04:27:43 PM,0
2096744,,EDENVERU,0,1730233705,1730233705,04:28:25 PM,04:28:25 PM,0
2096744,,SANDVER2,0,1730233740,1730233740,04:29:00 PM,04:29:00 PM,0
2096744,,SANDWIL4,0,1730233777,1730233777,04:29:37 PM,04:29:37 PM,0
2096744,,WILKCHI1,0,1730233816,1730233816,04:30:16 PM,04:30:16 PM,0
2096744,,CHIDWILK,0,1730233847,1730233847,04:30:47 PM,04:30:47 PM,0
2096744,,CHIDHUN2,0,1730233885,1730233885,04:31:25 PM,04:31:25 PM,0
2096744,,CHIDUPQ2,0,1730233940,1730233940,04:32:20 PM,04:32:20 PM,0
2096744,,UPPECOM1,0,1730234023,1730234023,04:33:43 PM,04:33:43 PM,0
2096744,,RIDOBAS1,0,1730234078,1730234078,04:34:38 PM,04:34:38 PM,0
2096744,,RIDOHICK,0,1730234109,1730234109,04:35:09 PM,04:35:09 PM,0
2096744,,RIDOEME1,0,1730234160,1730234160,04:36:00 PM,04:36:00 PM,0
2096744,,RIDOBAKE,0,1730234217,1730234217,04:36:57 PM,04:36:57 PM,0
2096744,,RIDOTEC1,0,1730234259,1730234259,04:37:39 PM,04:37:39 PM,0
2096744,,RIDOGRAN,0,1730234302,1730234302,04:38:22 PM,04:38:22 PM,0
2096744,,RIDOCRA1,0,1730234362,1730234362,04:39:22 PM,04:39:22 PM,0
2096744,,RIDOING1,0,1730234396,1730234396,04:39:56 PM,04:39:56 PM,0
2096744,,HORTRID1,0,1730234447,1730234447,04:40:47 PM,04:40:47 PM,0
2096744,,RICHHOT1,0,1730234513,1730234513,04:41:53 PM,04:41:53 PM,0
2096744,,RICHKIN1,0,1730234580,1730234580,04:43:00 PM,04:43:00 PM,0
2096744,,RICHQUEE,0,1730234760,1730234760,04:46:00 PM,04:46:00 PM,0
2096744,,RICHQUEE,0,1730234760,1730234760,04:46:00 PM,04:46:00 PM,0
2096744,,RICHKEN1,0,1730234897,1730234897,04:48:17 PM,04:48:17 PM,0
2096744,,RICHHYM1,0,1730235021,1730235021,04:50:21 PM,04:50:21 PM,0
2096744,,RICHPALL,0,1730235093,1730235093,04:51:33 PM,04:51:33 PM,0
2096744,,OXFORIC1,0,1730235240,1730235240,04:54:00 PM,04:54:00 PM,0
2096744,,OXFOWEL1,0,1730235265,1730235265,04:54:25 PM,04:54:25 PM,0
2096744,,OXFOWAT1,0,1730235309,1730235309,04:55:09 PM,04:55:09 PM,0
2096744,,OXFOCOL1,0,1730235352,1730235352,04:55:52 PM,04:55:52 PM,0
2096744,,OXFOMAI1,0,1730235405,1730235405,04:56:45 PM,04:56:45 PM,0
2096744,,OXFOWIL1,0,1730235441,1730235441,04:57:21 PM,04:57:21 PM,0
2096744,,OXFOADE1,0,1730235480,1730235480,04:58:00 PM,04:58:00 PM,0
2096744,,OXFOELI1,0,1730235519,1730235519,04:58:39 PM,04:58:39 PM,0
2096744,,OXFOELL1,0,1730235554,1730235554,04:59:14 PM,04:59:14 PM,0
2096744,,OXFOGAM1,0,1730235598,1730235598,04:59:58 PM,04:59:58 PM,0
2096744,,OXFOSTE1,0,1730235631,1730235631,05:00:31 PM,05:00:31 PM,0
2096744,,OXFOQUE1,0,1730235650,1730235650,05:00:50 PM,05:00:50 PM,0
2096744,,OXFOSTRA,0,1730235682,1730235682,05:01:22 PM,05:01:22 PM,0
2096744,,OXFOSPIT,0,1730235720,1730235720,05:02:00 PM,05:02:00 PM,0
2096744,,OXFOCLE1,0,1730235755,1730235755,05:02:35 PM,05:02:35 PM,0
2096744,,OXFOEMPI,0,1730235792,1730235792,05:03:12 PM,05:03:12 PM,0
2096744,,OXFOMORN,,,,,,
2096744,,OXFOHIG1,,,,,,
2096744,,OXFOHIG3,,,,,,
2096744,,FANCOLL2,0,1730235960,1730235960,05:06:00 PM,05:06:00 PM,0
2096676,,FANCOLL2,0,1730236380,1730236380,05:13:00 PM,05:13:00 PM,0
2096676,,OXFOROE2,0,1730236455,1730236455,05:14:15 PM,05:14:15 PM,0
2096676,,OXFOHIG4,,,,,,
2096676,,OXFOHIG2,,,,,,
2096676,,OXFOWIST,,,,,,
2096676,,OXFOOAKS,0,1730236628,1730236628,05:17:08 PM,05:17:08 PM,0
2096676,,OXFOCLE2,0,1730236678,1730236678,05:17:58 PM,05:17:58 PM,0
2096676,,OXFOLYMA,0,1730236727,1730236727,05:18:47 PM,05:18:47 PM,0
2096676,,OXFOSTUA,0,1730236761,1730236761,05:19:21 PM,05:19:21 PM,0
2096676,,OXFOQUE2,0,1730236807,1730236807,05:20:07 PM,05:20:07 PM,0
2096676,,OXFOSTE2,0,1730236841,1730236841,05:20:41 PM,05:20:41 PM,0
2096676,,OXFOGAM2,0,1730236867,1730236867,05:21:07 PM,05:21:07 PM,0
2096676,,OXFOELL2,0,1730236929,1730236929,05:22:09 PM,05:22:09 PM,0
2096676,,OXFOELI2,0,1730236975,1730236975,05:22:55 PM,05:22:55 PM,0
2096676,,OXFOADE2,0,1730237040,1730237040,05:24:00 PM,05:24:00 PM,0
2096676,,OXFOWIL2,0,1730237094,1730237094,05:24:54 PM,05:24:54 PM,0
2096676,,OXFOMAI2,0,1730237155,1730237155,05:25:55 PM,05:25:55 PM,0
2096676,,OXFOCOL2,0,1730237205,1730237205,05:26:45 PM,05:26:45 PM,0
2096676,,OXFOWAT2,0,1730237261,1730237261,05:27:41 PM,05:27:41 PM,0
2096676,,OXFOWEL2,0,1730237327,1730237327,05:28:47 PM,05:28:47 PM,0
2096676,,RICHOXF2,0,1730237400,1730237400,05:30:00 PM,05:30:00 PM,0
2096676,,RICHMILL,0,1730237473,1730237473,05:31:13 PM,05:31:13 PM,0
2096676,,RICHCENT,0,1730237577,1730237577,05:32:57 PM,05:32:57 PM,0
2096676,,RICHKEN2,0,1730237648,1730237648,05:34:08 PM,05:34:08 PM,0
2096676,,RICHDUF2,0,1730237690,1730237690,05:34:50 PM,05:34:50 PM,0
2096676,,RICHQUE1,0,1730237760,1730237760,05:36:00 PM,05:36:00 PM,0
2096676,,RICHKIN4,0,1730237820,1730237820,05:37:00 PM,05:37:00 PM,0
2096676,,RICHKIN4,0,1730237820,1730237820,05:37:00 PM,05:37:00 PM,0
2096676,,HORTRIC2,0,1730237954,1730237954,05:39:14 PM,05:39:14 PM,0
2096676,,RIDOHORT,0,1730238060,1730238060,05:41:00 PM,05:41:00 PM,0
2096676,,RIDOCRA2,0,1730238119,1730238119,05:41:59 PM,05:41:59 PM,0
2096676,,RIDOELMW,0,1730238152,1730238152,05:42:32 PM,05:42:32 PM,0
2096676,,RIDOTEC2,0,1730238210,1730238210,05:43:30 PM,05:43:30 PM,0
2096676,,RIDOWINS,0,1730238258,1730238258,05:44:18 PM,05:44:18 PM,0
2096676,,RIDOEME2,0,1730238294,1730238294,05:44:54 PM,05:44:54 PM,0
2096676,,RIDOROSE,0,1730238339,1730238339,05:45:39 PM,05:45:39 PM,0
2096676,,RIDOBAS2,0,1730238371,1730238371,05:46:11 PM,05:46:11 PM,0
2096676,,RIDOMOU2,0,1730238404,1730238404,05:46:44 PM,05:46:44 PM,0
2096676,,UPPECOM2,0,1730238450,1730238450,05:47:30 PM,05:47:30 PM,0
2096676,,UPPECHI4,0,1730238515,1730238515,05:48:35 PM,05:48:35 PM,0
2096676,,CHIDHUN1,0,1730238569,1730238569,05:49:29 PM,05:49:29 PM,0
2096676,,CHIDCHID,0,1730238628,1730238628,05:50:28 PM,05:50:28 PM,0
2096676,,WILKCHI2,0,1730238660,1730238660,05:51:00 PM,05:51:00 PM,0
2096676,,SANDWIL2,0,1730238705,1730238705,05:51:45 PM,05:51:45 PM,0
2096676,,SANDVER1,0,1730238742,1730238742,05:52:22 PM,05:52:22 PM,0
2096676,,VERUEDEN,0,1730238762,1730238762,05:52:42 PM,05:52:42 PM,0
2096676,,EDENEAS2,0,1730238806,1730238806,05:53:26 PM,05:53:26 PM,0
2096676,,EDENNIX,0,1730238843,1730238843,05:54:03 PM,05:54:03 PM,0
2096676,,NIXOCRE2,0,1730238881,1730238881,05:54:41 PM,05:54:41 PM,0
2096676,,NIXOSDAL,0,1730238908,1730238908,05:55:08 PM,05:55:08 PM,0
2096676,,ERNEJAL2,0,1730238952,1730238952,05:55:52 PM,05:55:52 PM,0
2096676,,ERNEELVI,0,1730238980,1730238980,05:56:20 PM,05:56:20 PM,0
2096676,,ERNEPAUL,0,1730239021,1730239021,05:57:01 PM,05:57:01 PM,0
2096676,,ERNEBRA2,0,1730239070,1730239070,05:57:50 PM,05:57:50 PM,0
2096676,,ERNECON2,0,1730239097,1730239097,05:58:17 PM,05:58:17 PM,0
2096676,,ERNEFEN2,0,1730239146,1730239146,05:59:06 PM,05:59:06 PM,0
2096676,,ERNEFINC,0,1730239176,1730239176,05:59:36 PM,05:59:36 PM,0
2096676,,ERNESCO1,0,1730239204,1730239204,06:00:04 PM,06:00:04 PM,0
2096676,,JALNERN5,0,1730239244,1730239244,06:00:44 PM,06:00:44 PM,0
2096676,,MEGEXE2,0,1730239284,1730239284,06:01:24 PM,06:01:24 PM,0
2096676,,EXETMEG,0,1730239340,1730239340,06:02:20 PM,06:02:20 PM,0
2096676,,SHOLEXE1,0,1730239390,1730239390,06:03:10 PM,06:03:10 PM,0
2096676,,SHOLJAL1,0,1730239411,1730239411,06:03:31 PM,06:03:31 PM,0
2096676,,JALNPIER,0,1730239443,1730239443,06:04:03 PM,06:04:03 PM,0
2096676,,WHOKMANB,0,1730239560,1730239560,06:06:00 PM,06:06:00 PM,0
2096742,,WHOKMANB,0,1730229660,1730229660,03:21:00 PM,03:21:00 PM,0
2096742,,JALNBRA1,0,1730229708,1730229708,03:21:48 PM,03:21:48 PM,0
2096742,,JALNBRA3,0,1730229736,1730229736,03:22:16 PM,03:22:16 PM,0
2096742,,JALNPON1,0,1730229792,1730229792,03:23:12 PM,03:23:12 PM,0
2096742,,JALNBEE1,0,1730229834,1730229834,03:23:54 PM,03:23:54 PM,0
2096742,,JALNPOP1,0,1730229858,1730229858,03:24:18 PM,03:24:18 PM,0
2096742,,ERNEJAL1,0,1730229931,1730229931,03:25:31 PM,03:25:31 PM,0
2096742,,NIXOWIMB,0,1730229962,1730229962,03:26:02 PM,03:26:02 PM,0
2096742,,NIXOEDEN,0,1730230020,1730230020,03:27:00 PM,03:27:00 PM,0
2096742,,EDENEAS1,0,1730230063,1730230063,03:27:43 PM,03:27:43 PM,0
2096742,,EDENVERU,0,1730230105,1730230105,03:28:25 PM,03:28:25 PM,0
2096742,,SANDVER2,0,1730230140,1730230140,03:29:00 PM,03:29:00 PM,0
2096742,,SANDWIL4,0,1730230177,1730230177,03:29:37 PM,03:29:37 PM,0
2096742,,WILKCHI1,0,1730230216,1730230216,03:30:16 PM,03:30:16 PM,0
2096742,,CHIDWILK,0,1730230247,1730230247,03:30:47 PM,03:30:47 PM,0
2096742,,CHIDHUN2,0,1730230285,1730230285,03:31:25 PM,03:31:25 PM,0
2096742,,CHIDUPQ2,0,1730230340,1730230340,03:32:20 PM,03:32:20 PM,0
2096742,,UPPECOM1,0,1730230423,1730230423,03:33:43 PM,03:33:43 PM,0
2096742,,RIDOBAS1,0,1730230478,1730230478,03:34:38 PM,03:34:38 PM,0
2096742,,RIDOHICK,0,1730230509,1730230509,03:35:09 PM,03:35:09 PM,0
2096742,,RIDOEME1,0,1730230560,1730230560,03:36:00 PM,03:36:00 PM,0
2096742,,RIDOBAKE,0,1730230617,1730230617,03:36:57 PM,03:36:57 PM,0
2096742,,RIDOTEC1,0,1730230659,1730230659,03:37:39 PM,03:37:39 PM,0
2096742,,RIDOGRAN,0,1730230702,1730230702,03:38:22 PM,03:38:22 PM,0
2096742,,RIDOCRA1,0,1730230762,1730230762,03:39:22 PM,03:39:22 PM,0
2096742,,RIDOING1,0,1730230796,1730230796,03:39:56 PM,03:39:56 PM,0
2096742,,HORTRID1,0,1730230847,1730230847,03:40:47 PM,03:40:47 PM,0
2096742,,RICHHOT1,0,1730230913,1730230913,03:41:53 PM,03:41:53 PM,0
2096742,,RICHKIN1,0,1730230980,1730230980,03:43:00 PM,03:43:00 PM,0
2096742,,RICHQUEE,0,1730231160,1730231160,03:46:00 PM,03:46:00 PM,0
2096742,,RICHQUEE,0,1730231160,1730231160,03:46:00 PM,03:46:00 PM,0
2096742,,RICHKEN1,0,1730231263,1730231263,03:47:43 PM,03:47:43 PM,0
2096742,,RICHHYM1,0,1730231356,1730231356,03:49:16 PM,03:49:16 PM,0
2096742,,RICHPALL,0,1730231410,1730231410,03:50:10 PM,03:50:10 PM,0
2096742,,OXFORIC1,0,1730231520,1730231520,03:52:00 PM,03:52:00 PM,0
2096742,,OXFOWEL1,0,1730231551,1730231551,03:52:31 PM,03:52:31 PM,0
2096742,,OXFOWAT1,0,1730231606,1730231606,03:53:26 PM,03:53:26 PM,0
2096742,,OXFOCOL1,0,1730231659,1730231659,03:54:19 PM,03:54:19 PM,0
2096742,,OXFOMAI1,0,1730231726,1730231726,03:55:26 PM,03:55:26 PM,0
2096742,,OXFOWIL1,0,1730231771,1730231771,03:56:11 PM,03:56:11 PM,0
2096742,,OXFOADE1,0,1730231820,1730231820,03:57:00 PM,03:57:00 PM,0
2096742,,OXFOELI1,0,1730231859,1730231859,03:57:39 PM,03:57:39 PM,0
2096742,,OXFOELL1,0,1730231894,1730231894,03:58:14 PM,03:58:14 PM,0
2096742,,OXFOGAM1,0,1730231938,1730231938,03:58:58 PM,03:58:58 PM,0
2096742,,OXFOSTE1,0,1730231971,1730231971,03:59:31 PM,03:59:31 PM,0
2096742,,OXFOQUE1,0,1730231990,1730231990,03:59:50 PM,03:59:50 PM,0
2096742,,OXFOSTRA,0,1730232022,1730232022,04:00:22 PM,04:00:22 PM,0
2096742,,OXFOSPIT,0,1730232060,1730232060,04:01:00 PM,04:01:00 PM,0
2096742,,OXFOCLE1,0,1730232095,1730232095,04:01:35 PM,04:01:35 PM,0
2096742,,OXFOEMPI,0,1730232132,1730232132,04:02:12 PM,04:02:12 PM,0
2096742,,OXFOMORN,,,,,,
2096742,,OXFOHIG1,,,,,,
2096742,,OXFOHIG3,,,,,,
2096742,,FANCOLL2,0,1730232300,1730232300,04:05:00 PM,04:05:00 PM,0
2096681,,FANCOLL2,0,1730232480,1730232480,04:08:00 PM,04:08:00 PM,0
2096681,,OXFOROE2,0,1730232553,1730232553,04:09:13 PM,04:09:13 PM,0
2096681,,OXFOHIG4,,,,,,
2096681,,OXFOHIG2,,,,,,
2096681,,OXFOWIST,,,,,,
2096681,,OXFOOAKS,0,1730232728,1730232728,04:12:08 PM,04:12:08 PM,0
2096681,,OXFOCLE2,0,1730232778,1730232778,04:12:58 PM,04:12:58 PM,0
2096681,,OXFOLYMA,0,1730232827,1730232827,04:13:47 PM,04:13:47 PM,0
2096681,,OXFOSTUA,0,1730232861,1730232861,04:14:21 PM,04:14:21 PM,0
2096681,,OXFOQUE2,0,1730232907,1730232907,04:15:07 PM,04:15:07 PM,0
2096681,,OXFOSTE2,0,1730232941,1730232941,04:15:41 PM,04:15:41 PM,0
2096681,,OXFOGAM2,0,1730232967,1730232967,04:16:07 PM,04:16:07 PM,0
2096681,,OXFOELL2,0,1730233029,1730233029,04:17:09 PM,04:17:09 PM,0
2096681,,OXFOELI2,0,1730233075,1730233075,04:17:55 PM,04:17:55 PM,0
2096681,,OXFOADE2,0,1730233140,1730233140,04:19:00 PM,04:19:00 PM,0
2096681,,OXFOWIL2,0,1730233194,1730233194,04:19:54 PM,04:19:54 PM,0
2096681,,OXFOMAI2,0,1730233255,1730233255,04:20:55 PM,04:20:55 PM,0
2096681,,OXFOCOL2,0,1730233305,1730233305,04:21:45 PM,04:21:45 PM,0
2096681,,OXFOWAT2,0,1730233361,1730233361,04:22:41 PM,04:22:41 PM,0
2096681,,OXFOWEL2,0,1730233427,1730233427,04:23:47 PM,04:23:47 PM,0
2096681,,RICHOXF2,0,1730233500,1730233500,04:25:00 PM,04:25:00 PM,0
2096681,,RICHMILL,0,1730233573,1730233573,04:26:13 PM,04:26:13 PM,0
2096681,,RICHCENT,0,1730233677,1730233677,04:27:57 PM,04:27:57 PM,0
2096681,,RICHKEN2,0,1730233748,1730233748,04:29:08 PM,04:29:08 PM,0
2096681,,RICHDUF2,0,1730233790,1730233790,04:29:50 PM,04:29:50 PM,0
2096681,,RICHQUE1,0,1730233860,1730233860,04:31:00 PM,04:31:00 PM,0
2096681,,RICHKIN4,0,1730233920,1730233920,04:32:00 PM,04:32:00 PM,0
2096681,,RICHKIN4,0,1730233920,1730233920,04:32:00 PM,04:32:00 PM,0
2096681,,HORTRIC2,0,1730234054,1730234054,04:34:14 PM,04:34:14 PM,0
2096681,,RIDOHORT,0,1730234160,1730234160,04:36:00 PM,04:36:00 PM,0
2096681,,RIDOCRA2,0,1730234219,1730234219,04:36:59 PM,04:36:59 PM,0
2096681,,RIDOELMW,0,1730234252,1730234252,04:37:32 PM,04:37:32 PM,0
2096681,,RIDOTEC2,0,1730234310,1730234310,04:38:30 PM,04:38:30 PM,0
2096681,,RIDOWINS,0,1730234358,1730234358,04:39:18 PM,04:39:18 PM,0
2096681,,RIDOEME2,0,1730234394,1730234394,04:39:54 PM,04:39:54 PM,0
2096681,,RIDOROSE,0,1730234439,1730234439,04:40:39 PM,04:40:39 PM,0
2096681,,RIDOBAS2,0,1730234471,1730234471,04:41:11 PM,04:41:11 PM,0
2096681,,RIDOMOU2,0,1730234504,1730234504,04:41:44 PM,04:41:44 PM,0
2096681,,UPPECOM2,0,1730234550,1730234550,04:42:30 PM,04:42:30 PM,0
2096681,,UPPECHI4,0,1730234615,1730234615,04:43:35 PM,04:43:35 PM,0
2096681,,CHIDHUN1,0,1730234669,1730234669,04:44:29 PM,04:44:29 PM,0
2096681,,CHIDCHID,0,1730234728,1730234728,04:45:28 PM,04:45:28 PM,0
2096681,,WILKCHI2,0,1730234760,1730234760,04:46:00 PM,04:46:00 PM,0
2096681,,SANDWIL2,0,1730234809,1730234809,04:46:49 PM,04:46:49 PM,0
2096681,,SANDVER1,0,1730234850,1730234850,04:47:30 PM,04:47:30 PM,0
2096681,,VERUEDEN,0,1730234872,1730234872,04:47:52 PM,04:47:52 PM,0
2096681,,EDENEAS2,0,1730234920,1730234920,04:48:40 PM,04:48:40 PM,0
2096681,,EDENNIX,0,1730234960,1730234960,04:49:20 PM,04:49:20 PM,0
2096681,,NIXOCRE2,0,1730235002,1730235002,04:50:02 PM,04:50:02 PM,0
2096681,,NIXOSDAL,0,1730235032,1730235032,04:50:32 PM,04:50:32 PM,0
2096681,,JALNERN3,0,1730235081,1730235081,04:51:21 PM,04:51:21 PM,0
2096681,,JALNBEE2,0,1730235161,1730235161,04:52:41 PM,04:52:41 PM,0
2096681,,JALNTUMB,0,1730235205,1730235205,04:53:25 PM,04:53:25 PM,0
2096681,,JALNBEM2,0,1730235265,1730235265,04:54:25 PM,04:54:25 PM,0
2096681,,JALNBRA4,0,1730235316,1730235316,04:55:16 PM,04:55:16 PM,0
2096681,,WHOKMASB,0,1730235360,1730235360,04:56:00 PM,04:56:00 PM,0
2096738,,WHOKMASB,0,1730235660,1730235660,05:01:00 PM,05:01:00 PM,0
2096738,,SHOLJAL2,0,1730235776,1730235776,05:02:56 PM,05:02:56 PM,0
2096738,,SHOLEXE2,0,1730235817,1730235817,05:03:37 PM,05:03:37 PM,0
2096738,,EXETSHOL,0,1730235856,1730235856,05:04:16 PM,05:04:16 PM,0
2096738,,MEGEXE1,0,1730235909,1730235909,05:05:09 PM,05:05:09 PM,0
2096738,,JALNERN4,0,1730235958,1730235958,05:05:58 PM,05:05:58 PM,0
2096738,,ERNESCO2,0,1730235985,1730235985,05:06:25 PM,05:06:25 PM,0
2096738,,ERNEFEN1,0,1730236033,1730236033,05:07:13 PM,05:07:13 PM,0
2096738,,ERNECON1,0,1730236088,1730236088,05:08:08 PM,05:08:08 PM,0
2096738,,ERNEBRA1,0,1730236123,1730236123,05:08:43 PM,05:08:43 PM,0
2096738,,ERNEMUR3,0,1730236153,1730236153,05:09:13 PM,05:09:13 PM,0
2096738,,ERNEMUR1,0,1730236183,1730236183,05:09:43 PM,05:09:43 PM,0
2096738,,ERNEJAL1,0,1730236242,1730236242,05:10:42 PM,05:10:42 PM,0
2096738,,NIXOWIMB,0,1730236271,1730236271,05:11:11 PM,05:11:11 PM,0
2096738,,NIXOEDEN,0,1730236326,1730236326,05:12:06 PM,05:12:06 PM,0
2096738,,EDENEAS1,0,1730236367,1730236367,05:12:47 PM,05:12:47 PM,0
2096738,,EDENVERU,0,1730236407,1730236407,05:13:27 PM,05:13:27 PM,0
2096738,,SANDVER2,0,1730236440,1730236440,05:14:00 PM,05:14:00 PM,0
2096738,,SANDWIL4,0,1730236477,1730236477,05:14:37 PM,05:14:37 PM,0
2096738,,WILKCHI1,0,1730236516,1730236516,05:15:16 PM,05:15:16 PM,0
2096738,,CHIDWILK,0,1730236547,1730236547,05:15:47 PM,05:15:47 PM,0
2096738,,CHIDHUN2,0,1730236585,1730236585,05:16:25 PM,05:16:25 PM,0
2096738,,CHIDUPQ2,0,1730236640,1730236640,05:17:20 PM,05:17:20 PM,0
2096738,,UPPECOM1,0,1730236723,1730236723,05:18:43 PM,05:18:43 PM,0
2096738,,RIDOBAS1,0,1730236778,1730236778,05:19:38 PM,05:19:38 PM,0
2096738,,RIDOHICK,0,1730236809,1730236809,05:20:09 PM,05:20:09 PM,0
2096738,,RIDOEME1,0,1730236860,1730236860,05:21:00 PM,05:21:00 PM,0
2096738,,RIDOBAKE,0,1730236917,1730236917,05:21:57 PM,05:21:57 PM,0
2096738,,RIDOTEC1,0,1730236959,1730236959,05:22:39 PM,05:22:39 PM,0
2096738,,RIDOGRAN,0,1730237002,1730237002,05:23:22 PM,05:23:22 PM,0
2096738,,RIDOCRA1,0,1730237062,1730237062,05:24:22 PM,05:24:22 PM,0
2096738,,RIDOING1,0,1730237096,1730237096,05:24:56 PM,05:24:56 PM,0
2096738,,HORTRID1,0,1730237147,1730237147,05:25:47 PM,05:25:47 PM,0
2096738,,RICHHOT1,0,1730237213,1730237213,05:26:53 PM,05:26:53 PM,0
2096738,,RICHKIN1,0,1730237280,1730237280,05:28:00 PM,05:28:00 PM,0
2096738,,RICHQUEE,0,1730237460,1730237460,05:31:00 PM,05:31:00 PM,0
2096738,,RICHQUEE,0,1730237460,1730237460,05:31:00 PM,05:31:00 PM,0
2096738,,RICHKEN1,0,1730237597,1730237597,05:33:17 PM,05:33:17 PM,0
2096738,,RICHHYM1,0,1730237721,1730237721,05:35:21 PM,05:35:21 PM,0
2096738,,RICHPALL,0,1730237793,1730237793,05:36:33 PM,05:36:33 PM,0
2096738,,OXFORIC1,0,1730237940,1730237940,05:39:00 PM,05:39:00 PM,0
2096738,,OXFOWEL1,0,1730237965,1730237965,05:39:25 PM,05:39:25 PM,0
2096738,,OXFOWAT1,0,1730238009,1730238009,05:40:09 PM,05:40:09 PM,0
2096738,,OXFOCOL1,0,1730238052,1730238052,05:40:52 PM,05:40:52 PM,0
2096738,,OXFOMAI1,0,1730238105,1730238105,05:41:45 PM,05:41:45 PM,0
2096738,,OXFOWIL1,0,1730238141,1730238141,05:42:21 PM,05:42:21 PM,0
2096738,,OXFOADE1,0,1730238180,1730238180,05:43:00 PM,05:43:00 PM,0
2096738,,OXFOELI1,0,1730238219,1730238219,05:43:39 PM,05:43:39 PM,0
2096738,,OXFOELL1,0,1730238254,1730238254,05:44:14 PM,05:44:14 PM,0
2096738,,OXFOGAM1,0,1730238298,1730238298,05:44:58 PM,05:44:58 PM,0
2096738,,OXFOSTE1,0,1730238331,1730238331,05:45:31 PM,05:45:31 PM,0
2096738,,OXFOQUE1,0,1730238350,1730238350,05:45:50 PM,05:45:50 PM,0
2096738,,OXFOSTRA,0,1730238382,1730238382,05:46:22 PM,05:46:22 PM,0
2096738,,OXFOSPIT,0,1730238420,1730238420,05:47:00 PM,05:47:00 PM,0
2096738,,OXFOCLE1,0,1730238455,1730238455,05:47:35 PM,05:47:35 PM,0
2096738,,OXFOEMPI,0,1730238492,1730238492,05:48:12 PM,05:48:12 PM,0
2096738,,OXFOMORN,,,,,,
2096738,,OXFOHIG1,,,,,,
2096738,,OXFOHIG3,,,,,,
2096738,,FANCOLL2,0,1730238660,1730238660,05:51:00 PM,05:51:00 PM,0
2096748,,OXFOHIGH,0,1730232960,1730232960,04:16:00 PM,04:16:00 PM,0
2096748,,OXFOHIG3,,,,,,
2096748,,FANCOLL2,0,1730233080,1730233080,04:18:00 PM,04:18:00 PM,0
2096674,,FANCOLL2,0,1730233080,1730233080,04:18:00 PM,04:18:00 PM,0
2096674,,OXFOROE2,0,1730233155,1730233155,04:19:15 PM,04:19:15 PM,0
2096674,,OXFOHIG4,,,,,,
2096674,,OXFOHIG2,,,,,,
2096674,,OXFOWIST,,,,,,
2096674,,OXFOOAKS,0,1730233328,1730233328,04:22:08 PM,04:22:08 PM,0
2096674,,OXFOCLE2,0,1730233378,1730233378,04:22:58 PM,04:22:58 PM,0
2096674,,OXFOLYMA,0,1730233427,1730233427,04:23:47 PM,04:23:47 PM,0
2096674,,OXFOSTUA,0,1730233461,1730233461,04:24:21 PM,04:24:21 PM,0
2096674,,OXFOQUE2,0,1730233507,1730233507,04:25:07 PM,04:25:07 PM,0
2096674,,OXFOSTE2,0,1730233541,1730233541,04:25:41 PM,04:25:41 PM,0
2096674,,OXFOGAM2,0,1730233567,1730233567,04:26:07 PM,04:26:07 PM,0
2096674,,OXFOELL2,0,1730233629,1730233629,04:27:09 PM,04:27:09 PM,0
2096674,,OXFOELI2,0,1730233675,1730233675,04:27:55 PM,04:27:55 PM,0
2096674,,OXFOADE2,0,1730233740,1730233740,04:29:00 PM,04:29:00 PM,0
2096674,,OXFOWIL2,0,1730233794,1730233794,04:29:54 PM,04:29:54 PM,0
2096674,,OXFOMAI2,0,1730233855,1730233855,04:30:55 PM,04:30:55 PM,0
2096674,,OXFOCOL2,0,1730233905,1730233905,04:31:45 PM,04:31:45 PM,0
2096674,,OXFOWAT2,0,1730233961,1730233961,04:32:41 PM,04:32:41 PM,0
2096674,,OXFOWEL2,0,1730234027,1730234027,04:33:47 PM,04:33:47 PM,0
2096674,,RICHOXF2,0,1730234100,1730234100,04:35:00 PM,04:35:00 PM,0
2096674,,RICHMILL,0,1730234173,1730234173,04:36:13 PM,04:36:13 PM,0
2096674,,RICHCENT,0,1730234277,1730234277,04:37:57 PM,04:37:57 PM,0
2096674,,RICHKEN2,0,1730234348,1730234348,04:39:08 PM,04:39:08 PM,0
2096674,,RICHDUF2,0,1730234390,1730234390,04:39:50 PM,04:39:50 PM,0
2096674,,RICHQUE1,0,1730234460,1730234460,04:41:00 PM,04:41:00 PM,0
2096674,,RICHKIN4,0,1730234520,1730234520,04:42:00 PM,04:42:00 PM,0
2096674,,RICHKIN4,0,1730234520,1730234520,04:42:00 PM,04:42:00 PM,0
2096674,,HORTRIC2,0,1730234654,1730234654,04:44:14 PM,04:44:14 PM,0
2096674,,RIDOHORT,0,1730234760,1730234760,04:46:00 PM,04:46:00 PM,0
2096674,,RIDOCRA2,0,1730234819,1730234819,04:46:59 PM,04:46:59 PM,0
2096674,,RIDOELMW,0,1730234852,1730234852,04:47:32 PM,04:47:32 PM,0
2096674,,RIDOTEC2,0,1730234910,1730234910,04:48:30 PM,04:48:30 PM,0
2096674,,RIDOWINS,0,1730234958,1730234958,04:49:18 PM,04:49:18 PM,0
2096674,,RIDOEME2,0,1730234994,1730234994,04:49:54 PM,04:49:54 PM,0
2096674,,RIDOROSE,0,1730235039,1730235039,04:50:39 PM,04:50:39 PM,0
2096674,,RIDOBAS2,0,1730235071,1730235071,04:51:11 PM,04:51:11 PM,0
2096674,,RIDOMOU2,0,1730235104,1730235104,04:51:44 PM,04:51:44 PM,0
2096674,,UPPECOM2,0,1730235150,1730235150,04:52:30 PM,04:52:30 PM,0
2096674,,UPPECHI4,0,1730235215,1730235215,04:53:35 PM,04:53:35 PM,0
2096674,,CHIDHUN1,0,1730235269,1730235269,04:54:29 PM,04:54:29 PM,0
2096674,,CHIDCHID,0,1730235328,1730235328,04:55:28 PM,04:55:28 PM,0
2096674,,WILKCHI2,0,1730235360,1730235360,04:56:00 PM,04:56:00 PM,0
2096674,,SANDWIL2,0,1730235405,1730235405,04:56:45 PM,04:56:45 PM,0
2096674,,SANDVER1,0,1730235442,1730235442,04:57:22 PM,04:57:22 PM,0
2096674,,VERUEDEN,0,1730235462,1730235462,04:57:42 PM,04:57:42 PM,0
2096674,,EDENEAS2,0,1730235506,1730235506,04:58:26 PM,04:58:26 PM,0
2096674,,EDENNIX,0,1730235543,1730235543,04:59:03 PM,04:59:03 PM,0
2096674,,NIXOCRE2,0,1730235581,1730235581,04:59:41 PM,04:59:41 PM,0
2096674,,NIXOSDAL,0,1730235608,1730235608,05:00:08 PM,05:00:08 PM,0
2096674,,ERNEJAL2,0,1730235652,1730235652,05:00:52 PM,05:00:52 PM,0
2096674,,ERNEELVI,0,1730235680,1730235680,05:01:20 PM,05:01:20 PM,0
2096674,,ERNEPAUL,0,1730235721,1730235721,05:02:01 PM,05:02:01 PM,0
2096674,,ERNEBRA2,0,1730235770,1730235770,05:02:50 PM,05:02:50 PM,0
2096674,,ERNECON2,0,1730235797,1730235797,05:03:17 PM,05:03:17 PM,0
2096674,,ERNEFEN2,0,1730235846,1730235846,05:04:06 PM,05:04:06 PM,0
2096674,,ERNEFINC,0,1730235876,1730235876,05:04:36 PM,05:04:36 PM,0
2096674,,ERNESCO1,0,1730235904,1730235904,05:05:04 PM,05:05:04 PM,0
2096674,,JALNERN5,0,1730235944,1730235944,05:05:44 PM,05:05:44 PM,0
2096674,,MEGEXE2,0,1730235984,1730235984,05:06:24 PM,05:06:24 PM,0
2096674,,EXETMEG,0,1730236040,1730236040,05:07:20 PM,05:07:20 PM,0
2096674,,SHOLEXE1,0,1730236090,1730236090,05:08:10 PM,05:08:10 PM,0
2096674,,SHOLJAL1,0,1730236111,1730236111,05:08:31 PM,05:08:31 PM,0
2096674,,JALNPIER,0,1730236143,1730236143,05:09:03 PM,05:09:03 PM,0
2096674,,WHOKMANB,0,1730236260,1730236260,05:11:00 PM,05:11:00 PM,0
2096746,,WHOKMANB,0,1730236860,1730236860,05:21:00 PM,05:21:00 PM,0
2096746,,JALNBRA1,0,1730236908,1730236908,05:21:48 PM,05:21:48 PM,0
2096746,,JALNBRA3,0,1730236936,1730236936,05:22:16 PM,05:22:16 PM,0
2096746,,JALNPON1,0,1730236992,1730236992,05:23:12 PM,05:23:12 PM,0
2096746,,JALNBEE1,0,1730237034,1730237034,05:23:54 PM,05:23:54 PM,0
2096746,,JALNPOP1,0,1730237058,1730237058,05:24:18 PM,05:24:18 PM,0
2096746,,ERNEJAL1,0,1730237131,1730237131,05:25:31 PM,05:25:31 PM,0
2096746,,NIXOWIMB,0,1730237162,1730237162,05:26:02 PM,05:26:02 PM,0
2096746,,NIXOEDEN,0,1730237220,1730237220,05:27:00 PM,05:27:00 PM,0
2096746,,EDENEAS1,0,1730237263,1730237263,05:27:43 PM,05:27:43 PM,0
2096746,,EDENVERU,0,1730237305,1730237305,05:28:25 PM,05:28:25 PM,0
2096746,,SANDVER2,0,1730237340,1730237340,05:29:00 PM,05:29:00 PM,0
2096746,,SANDWIL4,0,1730237377,1730237377,05:29:37 PM,05:29:37 PM,0
2096746,,WILKCHI1,0,1730237416,1730237416,05:30:16 PM,05:30:16 PM,0
2096746,,CHIDWILK,0,1730237447,1730237447,05:30:47 PM,05:30:47 PM,0
2096746,,CHIDHUN2,0,1730237485,1730237485,05:31:25 PM,05:31:25 PM,0
2096746,,CHIDUPQ2,0,1730237540,1730237540,05:32:20 PM,05:32:20 PM,0
2096746,,UPPECOM1,0,1730237623,1730237623,05:33:43 PM,05:33:43 PM,0
2096746,,RIDOBAS1,0,1730237678,1730237678,05:34:38 PM,05:34:38 PM,0
2096746,,RIDOHICK,0,1730237709,1730237709,05:35:09 PM,05:35:09 PM,0
2096746,,RIDOEME1,0,1730237760,1730237760,05:36:00 PM,05:36:00 PM,0
2096746,,RIDOBAKE,0,1730237817,1730237817,05:36:57 PM,05:36:57 PM,0
2096746,,RIDOTEC1,0,1730237859,1730237859,05:37:39 PM,05:37:39 PM,0
2096746,,RIDOGRAN,0,1730237902,1730237902,05:38:22 PM,05:38:22 PM,0
2096746,,RIDOCRA1,0,1730237962,1730237962,05:39:22 PM,05:39:22 PM,0
2096746,,RIDOING1,0,1730237996,1730237996,05:39:56 PM,05:39:56 PM,0
2096746,,HORTRID1,0,1730238047,1730238047,05:40:47 PM,05:40:47 PM,0
2096746,,RICHHOT1,0,1730238113,1730238113,05:41:53 PM,05:41:53 PM,0
2096746,,RICHKIN1,0,1730238180,1730238180,05:43:00 PM,05:43:00 PM,0
2096746,,RICHQUEE,0,1730238360,1730238360,05:46:00 PM,05:46:00 PM,0
2096746,,RICHQUEE,0,1730238360,1730238360,05:46:00 PM,05:46:00 PM,0
2096746,,RICHKEN1,0,1730238497,1730238497,05:48:17 PM,05:48:17 PM,0
2096746,,RICHHYM1,0,1730238621,1730238621,05:50:21 PM,05:50:21 PM,0
2096746,,RICHPALL,0,1730238693,1730238693,05:51:33 PM,05:51:33 PM,0
2096746,,OXFORIC1,0,1730238840,1730238840,05:54:00 PM,05:54:00 PM,0
2096746,,OXFOWEL1,0,1730238865,1730238865,05:54:25 PM,05:54:25 PM,0
2096746,,OXFOWAT1,0,1730238909,1730238909,05:55:09 PM,05:55:09 PM,0
2096746,,OXFOCOL1,0,1730238952,1730238952,05:55:52 PM,05:55:52 PM,0
2096746,,OXFOMAI1,0,1730239005,1730239005,05:56:45 PM,05:56:45 PM,0
2096746,,OXFOWIL1,0,1730239041,1730239041,05:57:21 PM,05:57:21 PM,0
2096746,,OXFOADE1,0,1730239080,1730239080,05:58:00 PM,05:58:00 PM,0
2096746,,OXFOELI1,0,1730239119,1730239119,05:58:39 PM,05:58:39 PM,0
2096746,,OXFOELL1,0,1730239154,1730239154,05:59:14 PM,05:59:14 PM,0
2096746,,OXFOGAM1,0,1730239198,1730239198,05:59:58 PM,05:59:58 PM,0
2096746,,OXFOSTE1,0,1730239231,1730239231,06:00:31 PM,06:00:31 PM,0
2096746,,OXFOQUE1,0,1730239250,1730239250,06:00:50 PM,06:00:50 PM,0
2096746,,OXFOSTRA,0,1730239282,1730239282,06:01:22 PM,06:01:22 PM,0
2096746,,OXFOSPIT,0,1730239320,1730239320,06:02:00 PM,06:02:00 PM,0
2096746,,OXFOCLE1,0,1730239355,1730239355,06:02:35 PM,06:02:35 PM,0
2096746,,OXFOEMPI,0,1730239392,1730239392,06:03:12 PM,06:03:12 PM,0
2096746,,OXFOMORN,,,,,,
2096746,,OXFOHIG1,,,,,,
2096746,,OXFOHIG3,,,,,,
2096746,,FANCOLL2,0,1730239560,1730239560,06:06:00 PM,06:06:00 PM,0
2096686,,FANCOLL2,0,1730239680,1730239680,06:08:00 PM,06:08:00 PM,0
2096686,,OXFOROE2,0,1730239729,1730239729,06:08:49 PM,06:08:49 PM,0
2096686,,OXFOHIG4,,,,,,
2096686,,OXFOHIG2,,,,,,
2096686,,OXFOWIST,,,,,,
2096686,,OXFOOAKS,0,1730239859,1730239859,06:10:59 PM,06:10:59 PM,0
2096686,,OXFOCLE2,0,1730239903,1730239903,06:11:43 PM,06:11:43 PM,0
2096686,,OXFOLYMA,0,1730239946,1730239946,06:12:26 PM,06:12:26 PM,0
2096686,,OXFOSTUA,0,1730239976,1730239976,06:12:56 PM,06:12:56 PM,0
2096686,,OXFOQUE2,0,1730240016,1730240016,06:13:36 PM,06:13:36 PM,0
2096686,,OXFOSTE2,0,1730240046,1730240046,06:14:06 PM,06:14:06 PM,0
2096686,,OXFOGAM2,0,1730240069,1730240069,06:14:29 PM,06:14:29 PM,0
2096686,,OXFOELL2,0,1730240123,1730240123,06:15:23 PM,06:15:23 PM,0
2096686,,OXFOELI2,0,1730240163,1730240163,06:16:03 PM,06:16:03 PM,0
2096686,,OXFOADE2,0,1730240220,1730240220,06:17:00 PM,06:17:00 PM,0
2096686,,OXFOWIL2,0,1730240265,1730240265,06:17:45 PM,06:17:45 PM,0
2096686,,OXFOMAI2,0,1730240316,1730240316,06:18:36 PM,06:18:36 PM,0
2096686,,OXFOCOL2,0,1730240357,1730240357,06:19:17 PM,06:19:17 PM,0
2096686,,OXFOWAT2,0,1730240403,1730240403,06:20:03 PM,06:20:03 PM,0
2096686,,OXFOWEL2,0,1730240458,1730240458,06:20:58 PM,06:20:58 PM,0
2096686,,RICHOXF2,0,1730240520,1730240520,06:22:00 PM,06:22:00 PM,0
2096686,,RICHMILL,0,1730240569,1730240569,06:22:49 PM,06:22:49 PM,0
2096686,,RICHCENT,0,1730240638,1730240638,06:23:58 PM,06:23:58 PM,0
2096686,,RICHKEN2,0,1730240685,1730240685,06:24:45 PM,06:24:45 PM,0
2096686,,RICHDUF2,0,1730240713,1730240713,06:25:13 PM,06:25:13 PM,0
2096686,,RICHQUE1,0,1730240760,1730240760,06:26:00 PM,06:26:00 PM,0
2096686,,RICHKIN4,0,1730240820,1730240820,06:27:00 PM,06:27:00 PM,0
2096686,,RICHKIN4,0,1730240820,1730240820,06:27:00 PM,06:27:00 PM,0
2096686,,HORTRIC2,0,1730240920,1730240920,06:28:40 PM,06:28:40 PM,0
2096686,,RIDOHORT,0,1730241000,1730241000,06:30:00 PM,06:30:00 PM,0
2096686,,RIDOCRA2,0,1730241053,1730241053,06:30:53 PM,06:30:53 PM,0
2096686,,RIDOELMW,0,1730241083,1730241083,06:31:23 PM,06:31:23 PM,0
2096686,,RIDOTEC2,0,1730241135,1730241135,06:32:15 PM,06:32:15 PM,0
2096686,,RIDOWINS,0,1730241178,1730241178,06:32:58 PM,06:32:58 PM,0
2096686,,RIDOEME2,0,1730241210,1730241210,06:33:30 PM,06:33:30 PM,0
2096686,,RIDOROSE,0,1730241250,1730241250,06:34:10 PM,06:34:10 PM,0
2096686,,RIDOBAS2,0,1730241279,1730241279,06:34:39 PM,06:34:39 PM,0
2096686,,RIDOMOU2,0,1730241309,1730241309,06:35:09 PM,06:35:09 PM,0
2096686,,UPPECOM2,0,1730241350,1730241350,06:35:50 PM,06:35:50 PM,0
2096686,,UPPECHI4,0,1730241409,1730241409,06:36:49 PM,06:36:49 PM,0
2096686,,CHIDHUN1,0,1730241457,1730241457,06:37:37 PM,06:37:37 PM,0
2096686,,CHIDCHID,0,1730241510,1730241510,06:38:30 PM,06:38:30 PM,0
2096686,,WILKCHI2,0,1730241540,1730241540,06:39:00 PM,06:39:00 PM,0
2096686,,SANDWIL2,0,1730241584,1730241584,06:39:44 PM,06:39:44 PM,0
2096686,,SANDVER1,0,1730241621,1730241621,06:40:21 PM,06:40:21 PM,0
2096686,,VERUEDEN,0,1730241641,1730241641,06:40:41 PM,06:40:41 PM,0
2096686,,EDENEAS2,0,1730241684,1730241684,06:41:24 PM,06:41:24 PM,0
2096686,,EDENNIX,0,1730241720,1730241720,06:42:00 PM,06:42:00 PM,0
2096686,,NIXOCRE2,0,1730241757,1730241757,06:42:37 PM,06:42:37 PM,0
2096686,,NIXOSDAL,0,1730241784,1730241784,06:43:04 PM,06:43:04 PM,0
2096686,,JALNERN3,0,1730241828,1730241828,06:43:48 PM,06:43:48 PM,0
2096686,,JALNBEE2,0,1730241900,1730241900,06:45:00 PM,06:45:00 PM,0
2096686,,JALNTUMB,0,1730241940,1730241940,06:45:40 PM,06:45:40 PM,0
2096686,,JALNBEM2,0,1730241994,1730241994,06:46:34 PM,06:46:34 PM,0
2096686,,JALNBRA4,0,1730242040,1730242040,06:47:20 PM,06:47:20 PM,0
2096686,,WHOKMASB,0,1730242080,1730242080,06:48:00 PM,06:48:00 PM,0
2096755,,WHOKMASB,0,1730242260,1730242260,06:51:00 PM,06:51:00 PM,0
2096755,,SHOLJAL2,0,1730242367,1730242367,06:52:47 PM,06:52:47 PM,0
2096755,,SHOLEXE2,0,1730242404,1730242404,06:53:24 PM,06:53:24 PM,0
2096755,,EXETSHOL,0,1730242440,1730242440,06:54:00 PM,06:54:00 PM,0
2096755,,MEGEXE1,0,1730242489,1730242489,06:54:49 PM,06:54:49 PM,0
2096755,,JALNERN4,0,1730242534,1730242534,06:55:34 PM,06:55:34 PM,0
2096755,,ERNESCO2,0,1730242558,1730242558,06:55:58 PM,06:55:58 PM,0
2096755,,ERNEFEN1,0,1730242602,1730242602,06:56:42 PM,06:56:42 PM,0
2096755,,ERNECON1,0,1730242652,1730242652,06:57:32 PM,06:57:32 PM,0
2096755,,ERNEBRA1,0,1730242684,1730242684,06:58:04 PM,06:58:04 PM,0
2096755,,ERNEMUR3,0,1730242712,1730242712,06:58:32 PM,06:58:32 PM,0
2096755,,ERNEMUR1,0,1730242739,1730242739,06:58:59 PM,06:58:59 PM,0
2096755,,ERNEJAL1,0,1730242793,1730242793,06:59:53 PM,06:59:53 PM,0
2096755,,NIXOWIMB,0,1730242820,1730242820,07:00:20 PM,07:00:20 PM,0
2096755,,NIXOEDEN,0,1730242871,1730242871,07:01:11 PM,07:01:11 PM,0
2096755,,EDENEAS1,0,1730242908,1730242908,07:01:48 PM,07:01:48 PM,0
2096755,,EDENVERU,0,1730242945,1730242945,07:02:25 PM,07:02:25 PM,0
2096755,,SANDVER2,0,1730242980,1730242980,07:03:00 PM,07:03:00 PM,0
2096755,,SANDWIL4,0,1730243011,1730243011,07:03:31 PM,07:03:31 PM,0
2096755,,WILKCHI1,0,1730243045,1730243045,07:04:05 PM,07:04:05 PM,0
2096755,,CHIDWILK,0,1730243071,1730243071,07:04:31 PM,07:04:31 PM,0
2096755,,CHIDHUN2,0,1730243103,1730243103,07:05:03 PM,07:05:03 PM,0
2096755,,CHIDUPQ2,0,1730243150,1730243150,07:05:50 PM,07:05:50 PM,0
2096755,,UPPECOM1,0,1730243221,1730243221,07:07:01 PM,07:07:01 PM,0
2096755,,RIDOBAS1,0,1730243268,1730243268,07:07:48 PM,07:07:48 PM,0
2096755,,RIDOHICK,0,1730243294,1730243294,07:08:14 PM,07:08:14 PM,0
2096755,,RIDOEME1,0,1730243340,1730243340,07:09:00 PM,07:09:00 PM,0
2096755,,RIDOBAKE,0,1730243389,1730243389,07:09:49 PM,07:09:49 PM,0
2096755,,RIDOTEC1,0,1730243425,1730243425,07:10:25 PM,07:10:25 PM,0
2096755,,RIDOGRAN,0,1730243462,1730243462,07:11:02 PM,07:11:02 PM,0
2096755,,RIDOCRA1,0,1730243514,1730243514,07:11:54 PM,07:11:54 PM,0
2096755,,RIDOING1,0,1730243543,1730243543,07:12:23 PM,07:12:23 PM,0
2096755,,HORTRID1,0,1730243586,1730243586,07:13:06 PM,07:13:06 PM,0
2096755,,RICHHOT1,0,1730243642,1730243642,07:14:02 PM,07:14:02 PM,0
2096755,,RICHKIN1,0,1730243700,1730243700,07:15:00 PM,07:15:00 PM,0
2096755,,RICHQUEE,0,1730243820,1730243820,07:17:00 PM,07:17:00 PM,0
2096755,,RICHQUEE,0,1730243820,1730243820,07:17:00 PM,07:17:00 PM,0
2096755,,RICHKEN1,0,1730243906,1730243906,07:18:26 PM,07:18:26 PM,0
2096755,,RICHHYM1,0,1730243984,1730243984,07:19:44 PM,07:19:44 PM,0
2096755,,RICHPALL,0,1730244029,1730244029,07:20:29 PM,07:20:29 PM,0
2096755,,OXFORIC1,0,1730244120,1730244120,07:22:00 PM,07:22:00 PM,0
2096755,,OXFOWEL1,0,1730244145,1730244145,07:22:25 PM,07:22:25 PM,0
2096755,,OXFOWAT1,0,1730244189,1730244189,07:23:09 PM,07:23:09 PM,0
2096755,,OXFOCOL1,0,1730244232,1730244232,07:23:52 PM,07:23:52 PM,0
2096755,,OXFOMAI1,0,1730244285,1730244285,07:24:45 PM,07:24:45 PM,0
2096755,,OXFOWIL1,0,1730244321,1730244321,07:25:21 PM,07:25:21 PM,0
2096755,,OXFOADE1,0,1730244360,1730244360,07:26:00 PM,07:26:00 PM,0
2096755,,OXFOELI1,0,1730244393,1730244393,07:26:33 PM,07:26:33 PM,0
2096755,,OXFOELL1,0,1730244422,1730244422,07:27:02 PM,07:27:02 PM,0
2096755,,OXFOGAM1,0,1730244458,1730244458,07:27:38 PM,07:27:38 PM,0
2096755,,OXFOSTE1,0,1730244485,1730244485,07:28:05 PM,07:28:05 PM,0
2096755,,OXFOQUE1,0,1730244501,1730244501,07:28:21 PM,07:28:21 PM,0
2096755,,OXFOSTRA,0,1730244527,1730244527,07:28:47 PM,07:28:47 PM,0
2096755,,OXFOSPIT,0,1730244559,1730244559,07:29:19 PM,07:29:19 PM,0
2096755,,OXFOCLE1,0,1730244588,1730244588,07:29:48 PM,07:29:48 PM,0
2096755,,OXFOEMPI,0,1730244619,1730244619,07:30:19 PM,07:30:19 PM,0
2096755,,OXFOMORN,,,,,,
2096755,,OXFOHIG1,,,,,,
2096755,,OXFOHIG3,,,,,,
2096755,,FANCOLL2,0,1730244780,1730244780,07:33:00 PM,07:33:00 PM,0
2096692,,FANCOLL2,0,1730245380,1730245380,07:43:00 PM,07:43:00 PM,0
2096692,,OXFOROE2,0,1730245430,1730245430,07:43:50 PM,07:43:50 PM,0
2096692,,OXFOHIG4,,,,,,
2096692,,OXFOHIG2,,,,,,
2096692,,OXFOWIST,,,,,,
2096692,,OXFOOAKS,0,1730245559,1730245559,07:45:59 PM,07:45:59 PM,0
2096692,,OXFOCLE2,0,1730245603,1730245603,07:46:43 PM,07:46:43 PM,0
2096692,,OXFOLYMA,0,1730245646,1730245646,07:47:26 PM,07:47:26 PM,0
2096692,,OXFOSTUA,0,1730245676,1730245676,07:47:56 PM,07:47:56 PM,0
2096692,,OXFOQUE2,0,1730245716,1730245716,07:48:36 PM,07:48:36 PM,0
2096692,,OXFOSTE2,0,1730245746,1730245746,07:49:06 PM,07:49:06 PM,0
2096692,,OXFOGAM2,0,1730245769,1730245769,07:49:29 PM,07:49:29 PM,0
2096692,,OXFOELL2,0,1730245823,1730245823,07:50:23 PM,07:50:23 PM,0
2096692,,OXFOELI2,0,1730245863,1730245863,07:51:03 PM,07:51:03 PM,0
2096692,,OXFOADE2,0,1730245920,1730245920,07:52:00 PM,07:52:00 PM,0
2096692,,OXFOWIL2,0,1730245965,1730245965,07:52:45 PM,07:52:45 PM,0
2096692,,OXFOMAI2,0,1730246016,1730246016,07:53:36 PM,07:53:36 PM,0
2096692,,OXFOCOL2,0,1730246057,1730246057,07:54:17 PM,07:54:17 PM,0
2096692,,OXFOWAT2,0,1730246103,1730246103,07:55:03 PM,07:55:03 PM,0
2096692,,OXFOWEL2,0,1730246158,1730246158,07:55:58 PM,07:55:58 PM,0
2096692,,RICHOXF2,0,1730246220,1730246220,07:57:00 PM,07:57:00 PM,0
2096692,,RICHMILL,0,1730246269,1730246269,07:57:49 PM,07:57:49 PM,0
2096692,,RICHCENT,0,1730246338,1730246338,07:58:58 PM,07:58:58 PM,0
2096692,,RICHKEN2,0,1730246385,1730246385,07:59:45 PM,07:59:45 PM,0
2096692,,RICHDUF2,0,1730246413,1730246413,08:00:13 PM,08:00:13 PM,0
2096692,,RICHQUE1,0,1730246460,1730246460,08:01:00 PM,08:01:00 PM,0
2096692,,RICHKIN4,0,1730246520,1730246520,08:02:00 PM,08:02:00 PM,0
2096692,,RICHKIN4,0,1730246520,1730246520,08:02:00 PM,08:02:00 PM,0
2096692,,HORTRIC2,0,1730246620,1730246620,08:03:40 PM,08:03:40 PM,0
2096692,,RIDOHORT,0,1730246700,1730246700,08:05:00 PM,08:05:00 PM,0
2096692,,RIDOCRA2,0,1730246753,1730246753,08:05:53 PM,08:05:53 PM,0
2096692,,RIDOELMW,0,1730246783,1730246783,08:06:23 PM,08:06:23 PM,0
2096692,,RIDOTEC2,0,1730246835,1730246835,08:07:15 PM,08:07:15 PM,0
2096692,,RIDOWINS,0,1730246878,1730246878,08:07:58 PM,08:07:58 PM,0
2096692,,RIDOEME2,0,1730246910,1730246910,08:08:30 PM,08:08:30 PM,0
2096692,,RIDOROSE,0,1730246950,1730246950,08:09:10 PM,08:09:10 PM,0
2096692,,RIDOBAS2,0,1730246979,1730246979,08:09:39 PM,08:09:39 PM,0
2096692,,RIDOMOU2,0,1730247009,1730247009,08:10:09 PM,08:10:09 PM,0
2096692,,UPPECOM2,0,1730247050,1730247050,08:10:50 PM,08:10:50 PM,0
2096692,,UPPECHI4,0,1730247109,1730247109,08:11:49 PM,08:11:49 PM,0
2096692,,CHIDHUN1,0,1730247157,1730247157,08:12:37 PM,08:12:37 PM,0
2096692,,CHIDCHID,0,1730247210,1730247210,08:13:30 PM,08:13:30 PM,0
2096692,,WILKCHI2,0,1730247240,1730247240,08:14:00 PM,08:14:00 PM,0
2096692,,SANDWIL2,0,1730247282,1730247282,08:14:42 PM,08:14:42 PM,0
2096692,,SANDVER1,0,1730247317,1730247317,08:15:17 PM,08:15:17 PM,0
2096692,,VERUEDEN,0,1730247336,1730247336,08:15:36 PM,08:15:36 PM,0
2096692,,EDENEAS2,0,1730247377,1730247377,08:16:17 PM,08:16:17 PM,0
2096692,,EDENNIX,0,1730247411,1730247411,08:16:51 PM,08:16:51 PM,0
2096692,,NIXOCRE2,0,1730247447,1730247447,08:17:27 PM,08:17:27 PM,0
2096692,,NIXOSDAL,0,1730247472,1730247472,08:17:52 PM,08:17:52 PM,0
2096692,,ERNEJAL2,0,1730247513,1730247513,08:18:33 PM,08:18:33 PM,0
2096692,,ERNEELVI,0,1730247539,1730247539,08:18:59 PM,08:18:59 PM,0
2096692,,ERNEPAUL,0,1730247577,1730247577,08:19:37 PM,08:19:37 PM,0
2096692,,ERNEBRA2,0,1730247623,1730247623,08:20:23 PM,08:20:23 PM,0
2096692,,ERNECON2,0,1730247648,1730247648,08:20:48 PM,08:20:48 PM,0
2096692,,ERNEFEN2,0,1730247694,1730247694,08:21:34 PM,08:21:34 PM,0
2096692,,ERNEFINC,0,1730247722,1730247722,08:22:02 PM,08:22:02 PM,0
2096692,,ERNESCO1,0,1730247749,1730247749,08:22:29 PM,08:22:29 PM,0
2096692,,JALNERN5,0,1730247787,1730247787,08:23:07 PM,08:23:07 PM,0
2096692,,MEGEXE2,0,1730247824,1730247824,08:23:44 PM,08:23:44 PM,0
2096692,,EXETMEG,0,1730247877,1730247877,08:24:37 PM,08:24:37 PM,0
2096692,,SHOLEXE1,0,1730247923,1730247923,08:25:23 PM,08:25:23 PM,0
2096692,,SHOLJAL1,0,1730247943,1730247943,08:25:43 PM,08:25:43 PM,0
2096692,,JALNPIER,0,1730247973,1730247973,08:26:13 PM,08:26:13 PM,0
2096692,,WHOKMANB,0,1730248080,1730248080,08:28:00 PM,08:28:00 PM,0
2096753,,WHOKMANB,0,1730249100,1730249100,08:45:00 PM,08:45:00 PM,0
2096753,,JALNBRA1,0,1730249148,1730249148,08:45:48 PM,08:45:48 PM,0
2096753,,JALNBRA3,0,1730249176,1730249176,08:46:16 PM,08:46:16 PM,0
2096753,,JALNPON1,0,1730249232,1730249232,08:47:12 PM,08:47:12 PM,0
2096753,,JALNBEE1,0,1730249274,1730249274,08:47:54 PM,08:47:54 PM,0
2096753,,JALNPOP1,0,1730249298,1730249298,08:48:18 PM,08:48:18 PM,0
2096753,,ERNEJAL1,0,1730249371,1730249371,08:49:31 PM,08:49:31 PM,0
2096753,,NIXOWIMB,0,1730249402,1730249402,08:50:02 PM,08:50:02 PM,0
2096753,,NIXOEDEN,0,1730249460,1730249460,08:51:00 PM,08:51:00 PM,0
2096753,,EDENEAS1,0,1730249503,1730249503,08:51:43 PM,08:51:43 PM,0
2096753,,EDENVERU,0,1730249545,1730249545,08:52:25 PM,08:52:25 PM,0
2096753,,SANDVER2,0,1730249580,1730249580,08:53:00 PM,08:53:00 PM,0
2096753,,SANDWIL4,0,1730249611,1730249611,08:53:31 PM,08:53:31 PM,0
2096753,,WILKCHI1,0,1730249645,1730249645,08:54:05 PM,08:54:05 PM,0
2096753,,CHIDWILK,0,1730249671,1730249671,08:54:31 PM,08:54:31 PM,0
2096753,,CHIDHUN2,0,1730249703,1730249703,08:55:03 PM,08:55:03 PM,0
2096753,,CHIDUPQ2,0,1730249750,1730249750,08:55:50 PM,08:55:50 PM,0
2096753,,UPPECOM1,0,1730249821,1730249821,08:57:01 PM,08:57:01 PM,0
2096753,,RIDOBAS1,0,1730249868,1730249868,08:57:48 PM,08:57:48 PM,0
2096753,,RIDOHICK,0,1730249894,1730249894,08:58:14 PM,08:58:14 PM,0
2096753,,RIDOEME1,0,1730249940,1730249940,08:59:00 PM,08:59:00 PM,0
2096753,,RIDOBAKE,0,1730249989,1730249989,08:59:49 PM,08:59:49 PM,0
2096753,,RIDOTEC1,0,1730250025,1730250025,09:00:25 PM,09:00:25 PM,0
2096753,,RIDOGRAN,0,1730250062,1730250062,09:01:02 PM,09:01:02 PM,0
2096753,,RIDOCRA1,0,1730250114,1730250114,09:01:54 PM,09:01:54 PM,0
2096753,,RIDOING1,0,1730250143,1730250143,09:02:23 PM,09:02:23 PM,0
2096753,,HORTRID1,0,1730250186,1730250186,09:03:06 PM,09:03:06 PM,0
2096753,,RICHHOT1,0,1730250242,1730250242,09:04:02 PM,09:04:02 PM,0
2096753,,RICHKIN1,0,1730250300,1730250300,09:05:00 PM,09:05:00 PM,0
2096753,,RICHQUEE,0,1730250420,1730250420,09:07:00 PM,09:07:00 PM,0
2096753,,RICHQUEE,0,1730250420,1730250420,09:07:00 PM,09:07:00 PM,0
2096753,,RICHKEN1,0,1730250488,1730250488,09:08:08 PM,09:08:08 PM,0
2096753,,RICHHYM1,0,1730250550,1730250550,09:09:10 PM,09:09:10 PM,0
2096753,,RICHPALL,0,1730250586,1730250586,09:09:46 PM,09:09:46 PM,0
2096753,,OXFORIC1,0,1730250660,1730250660,09:11:00 PM,09:11:00 PM,0
2096753,,OXFOWEL1,0,1730250679,1730250679,09:11:19 PM,09:11:19 PM,0
2096753,,OXFOWAT1,0,1730250712,1730250712,09:11:52 PM,09:11:52 PM,0
2096753,,OXFOCOL1,0,1730250744,1730250744,09:12:24 PM,09:12:24 PM,0
2096753,,OXFOMAI1,0,1730250784,1730250784,09:13:04 PM,09:13:04 PM,0
2096753,,OXFOWIL1,0,1730250811,1730250811,09:13:31 PM,09:13:31 PM,0
2096753,,OXFOADE1,0,1730250840,1730250840,09:14:00 PM,09:14:00 PM,0
2096753,,OXFOELI1,0,1730250873,1730250873,09:14:33 PM,09:14:33 PM,0
2096753,,OXFOELL1,0,1730250902,1730250902,09:15:02 PM,09:15:02 PM,0
2096753,,OXFOGAM1,0,1730250938,1730250938,09:15:38 PM,09:15:38 PM,0
2096753,,OXFOSTE1,0,1730250965,1730250965,09:16:05 PM,09:16:05 PM,0
2096753,,OXFOQUE1,0,1730250981,1730250981,09:16:21 PM,09:16:21 PM,0
2096753,,OXFOSTRA,0,1730251007,1730251007,09:16:47 PM,09:16:47 PM,0
2096753,,OXFOSPIT,0,1730251039,1730251039,09:17:19 PM,09:17:19 PM,0
2096753,,OXFOCLE1,0,1730251068,1730251068,09:17:48 PM,09:17:48 PM,0
2096753,,OXFOEMPI,0,1730251099,1730251099,09:18:19 PM,09:18:19 PM,0
2096753,,OXFOMORN,,,,,,
2096753,,OXFOHIG1,,,,,,
2096753,,OXFOHIG3,,,,,,
2096753,,FANCOLL2,0,1730251260,1730251260,09:21:00 PM,09:21:00 PM,0
2096695,,FANCOLL2,0,1730251920,1730251920,09:32:00 PM,09:32:00 PM,0
2096695,,OXFOROE2,0,1730251969,1730251969,09:32:49 PM,09:32:49 PM,0
2096695,,OXFOHIG4,,,,,,
2096695,,OXFOHIG2,,,,,,
2096695,,OXFOWIST,,,,,,
2096695,,OXFOOAKS,0,1730252091,1730252091,09:34:51 PM,09:34:51 PM,0
2096695,,OXFOCLE2,0,1730252129,1730252129,09:35:29 PM,09:35:29 PM,0
2096695,,OXFOLYMA,0,1730252166,1730252166,09:36:06 PM,09:36:06 PM,0
2096695,,OXFOSTUA,0,1730252192,1730252192,09:36:32 PM,09:36:32 PM,0
2096695,,OXFOQUE2,0,1730252226,1730252226,09:37:06 PM,09:37:06 PM,0
2096695,,OXFOSTE2,0,1730252251,1730252251,09:37:31 PM,09:37:31 PM,0
2096695,,OXFOGAM2,0,1730252270,1730252270,09:37:50 PM,09:37:50 PM,0
2096695,,OXFOELL2,0,1730252316,1730252316,09:38:36 PM,09:38:36 PM,0
2096695,,OXFOELI2,0,1730252350,1730252350,09:39:10 PM,09:39:10 PM,0
2096695,,OXFOADE2,0,1730252400,1730252400,09:40:00 PM,09:40:00 PM,0
2096695,,OXFOWIL2,0,1730252436,1730252436,09:40:36 PM,09:40:36 PM,0
2096695,,OXFOMAI2,0,1730252477,1730252477,09:41:17 PM,09:41:17 PM,0
2096695,,OXFOCOL2,0,1730252510,1730252510,09:41:50 PM,09:41:50 PM,0
2096695,,OXFOWAT2,0,1730252547,1730252547,09:42:27 PM,09:42:27 PM,0
2096695,,OXFOWEL2,0,1730252591,1730252591,09:43:11 PM,09:43:11 PM,0
2096695,,RICHOXF2,0,1730252640,1730252640,09:44:00 PM,09:44:00 PM,0
2096695,,RICHMILL,0,1730252689,1730252689,09:44:49 PM,09:44:49 PM,0
2096695,,RICHCENT,0,1730252758,1730252758,09:45:58 PM,09:45:58 PM,0
2096695,,RICHKEN2,0,1730252805,1730252805,09:46:45 PM,09:46:45 PM,0
2096695,,RICHDUF2,0,1730252833,1730252833,09:47:13 PM,09:47:13 PM,0
2096695,,RICHQUE1,0,1730252880,1730252880,09:48:00 PM,09:48:00 PM,0
2096695,,RICHKIN4,0,1730252940,1730252940,09:49:00 PM,09:49:00 PM,0
2096695,,RICHKIN4,0,1730252940,1730252940,09:49:00 PM,09:49:00 PM,0
2096695,,HORTRIC2,0,1730253040,1730253040,09:50:40 PM,09:50:40 PM,0
2096695,,RIDOHORT,0,1730253120,1730253120,09:52:00 PM,09:52:00 PM,0
2096695,,RIDOCRA2,0,1730253167,1730253167,09:52:47 PM,09:52:47 PM,0
2096695,,RIDOELMW,0,1730253193,1730253193,09:53:13 PM,09:53:13 PM,0
2096695,,RIDOTEC2,0,1730253239,1730253239,09:53:59 PM,09:53:59 PM,0
2096695,,RIDOWINS,0,1730253277,1730253277,09:54:37 PM,09:54:37 PM,0
2096695,,RIDOEME2,0,1730253306,1730253306,09:55:06 PM,09:55:06 PM,0
2096695,,RIDOROSE,0,1730253342,1730253342,09:55:42 PM,09:55:42 PM,0
2096695,,RIDOBAS2,0,1730253367,1730253367,09:56:07 PM,09:56:07 PM,0
2096695,,RIDOMOU2,0,1730253394,1730253394,09:56:34 PM,09:56:34 PM,0
2096695,,UPPECOM2,0,1730253431,1730253431,09:57:11 PM,09:57:11 PM,0
2096695,,UPPECHI4,0,1730253483,1730253483,09:58:03 PM,09:58:03 PM,0
2096695,,CHIDHUN1,0,1730253526,1730253526,09:58:46 PM,09:58:46 PM,0
2096695,,CHIDCHID,0,1730253573,1730253573,09:59:33 PM,09:59:33 PM,0
2096695,,WILKCHI2,0,1730253600,1730253600,10:00:00 PM,10:00:00 PM,0
2096695,,SANDWIL2,0,1730253639,1730253639,10:00:39 PM,10:00:39 PM,0
2096695,,SANDVER1,0,1730253671,1730253671,10:01:11 PM,10:01:11 PM,0
2096695,,VERUEDEN,0,1730253688,1730253688,10:01:28 PM,10:01:28 PM,0
2096695,,EDENEAS2,0,1730253726,1730253726,10:02:06 PM,10:02:06 PM,0
2096695,,EDENNIX,0,1730253758,1730253758,10:02:38 PM,10:02:38 PM,0
2096695,,NIXOCRE2,0,1730253791,1730253791,10:03:11 PM,10:03:11 PM,0
2096695,,NIXOSDAL,0,1730253815,1730253815,10:03:35 PM,10:03:35 PM,0
2096695,,JALNERN3,0,1730253854,1730253854,10:04:14 PM,10:04:14 PM,0
2096695,,JALNBEE2,0,1730253918,1730253918,10:05:18 PM,10:05:18 PM,0
2096695,,JALNTUMB,0,1730253953,1730253953,10:05:53 PM,10:05:53 PM,0
2096695,,JALNBEM2,0,1730254001,1730254001,10:06:41 PM,10:06:41 PM,0
2096695,,JALNBRA4,0,1730254042,1730254042,10:07:22 PM,10:07:22 PM,0
2096695,,WHOKMASB,0,1730254080,1730254080,10:08:00 PM,10:08:00 PM,0
2096759,,WHOKMASB,0,1730254500,1730254500,10:15:00 PM,10:15:00 PM,0
2096759,,SHOLJAL2,0,1730254598,1730254598,10:16:38 PM,10:16:38 PM,0
2096759,,SHOLEXE2,0,1730254632,1730254632,10:17:12 PM,10:17:12 PM,0
2096759,,EXETSHOL,0,1730254665,1730254665,10:17:45 PM,10:17:45 PM,0
2096759,,MEGEXE1,0,1730254710,1730254710,10:18:30 PM,10:18:30 PM,0
2096759,,JALNERN4,0,1730254751,1730254751,10:19:11 PM,10:19:11 PM,0
2096759,,ERNESCO2,0,1730254773,1730254773,10:19:33 PM,10:19:33 PM,0
2096759,,ERNEFEN1,0,1730254813,1730254813,10:20:13 PM,10:20:13 PM,0
2096759,,ERNECON1,0,1730254859,1730254859,10:20:59 PM,10:20:59 PM,0
2096759,,ERNEBRA1,0,1730254888,1730254888,10:21:28 PM,10:21:28 PM,0
2096759,,ERNEMUR3,0,1730254913,1730254913,10:21:53 PM,10:21:53 PM,0
2096759,,ERNEMUR1,0,1730254938,1730254938,10:22:18 PM,10:22:18 PM,0
2096759,,ERNEJAL1,0,1730254987,1730254987,10:23:07 PM,10:23:07 PM,0
2096759,,NIXOWIMB,0,1730255012,1730255012,10:23:32 PM,10:23:32 PM,0
2096759,,NIXOEDEN,0,1730255058,1730255058,10:24:18 PM,10:24:18 PM,0
2096759,,EDENEAS1,0,1730255092,1730255092,10:24:52 PM,10:24:52 PM,0
2096759,,EDENVERU,0,1730255126,1730255126,10:25:26 PM,10:25:26 PM,0
2096759,,SANDVER2,0,1730255160,1730255160,10:26:00 PM,10:26:00 PM,0
2096759,,SANDWIL4,0,1730255191,1730255191,10:26:31 PM,10:26:31 PM,0
2096759,,WILKCHI1,0,1730255225,1730255225,10:27:05 PM,10:27:05 PM,0
2096759,,CHIDWILK,0,1730255251,1730255251,10:27:31 PM,10:27:31 PM,0
2096759,,CHIDHUN2,0,1730255283,1730255283,10:28:03 PM,10:28:03 PM,0
2096759,,CHIDUPQ2,0,1730255330,1730255330,10:28:50 PM,10:28:50 PM,0
2096759,,UPPECOM1,0,1730255401,1730255401,10:30:01 PM,10:30:01 PM,0
2096759,,RIDOBAS1,0,1730255448,1730255448,10:30:48 PM,10:30:48 PM,0
2096759,,RIDOHICK,0,1730255474,1730255474,10:31:14 PM,10:31:14 PM,0
2096759,,RIDOEME1,0,1730255520,1730255520,10:32:00 PM,10:32:00 PM,0
2096759,,RIDOBAKE,0,1730255569,1730255569,10:32:49 PM,10:32:49 PM,0
2096759,,RIDOTEC1,0,1730255605,1730255605,10:33:25 PM,10:33:25 PM,0
2096759,,RIDOGRAN,0,1730255642,1730255642,10:34:02 PM,10:34:02 PM,0
2096759,,RIDOCRA1,0,1730255694,1730255694,10:34:54 PM,10:34:54 PM,0
2096759,,RIDOING1,0,1730255723,1730255723,10:35:23 PM,10:35:23 PM,0
2096759,,HORTRID1,0,1730255766,1730255766,10:36:06 PM,10:36:06 PM,0
2096759,,RICHHOT1,0,1730255822,1730255822,10:37:02 PM,10:37:02 PM,0
2096759,,RICHKIN1,0,1730255880,1730255880,10:38:00 PM,10:38:00 PM,0
2096759,,RICHQUEE,0,1730256000,1730256000,10:40:00 PM,10:40:00 PM,0
2096759,,RICHQUEE,0,1730256000,1730256000,10:40:00 PM,10:40:00 PM,0
2096759,,RICHKEN1,0,1730256068,1730256068,10:41:08 PM,10:41:08 PM,0
2096759,,RICHHYM1,0,1730256130,1730256130,10:42:10 PM,10:42:10 PM,0
2096759,,RICHPALL,0,1730256166,1730256166,10:42:46 PM,10:42:46 PM,0
2096759,,OXFORIC1,0,1730256240,1730256240,10:44:00 PM,10:44:00 PM,0
2096759,,OXFOWEL1,0,1730256259,1730256259,10:44:19 PM,10:44:19 PM,0
2096759,,OXFOWAT1,0,1730256292,1730256292,10:44:52 PM,10:44:52 PM,0
2096759,,OXFOCOL1,0,1730256324,1730256324,10:45:24 PM,10:45:24 PM,0
2096759,,OXFOMAI1,0,1730256364,1730256364,10:46:04 PM,10:46:04 PM,0
2096759,,OXFOWIL1,0,1730256391,1730256391,10:46:31 PM,10:46:31 PM,0
2096759,,OXFOADE1,0,1730256420,1730256420,10:47:00 PM,10:47:00 PM,0
2096759,,OXFOELI1,0,1730256453,1730256453,10:47:33 PM,10:47:33 PM,0
2096759,,OXFOELL1,0,1730256482,1730256482,10:48:02 PM,10:48:02 PM,0
2096759,,OXFOGAM1,0,1730256518,1730256518,10:48:38 PM,10:48:38 PM,0
2096759,,OXFOSTE1,0,1730256545,1730256545,10:49:05 PM,10:49:05 PM,0
2096759,,OXFOQUE1,0,1730256561,1730256561,10:49:21 PM,10:49:21 PM,0
2096759,,OXFOSTRA,0,1730256587,1730256587,10:49:47 PM,10:49:47 PM,0
2096759,,OXFOSPIT,0,1730256619,1730256619,10:50:19 PM,10:50:19 PM,0
2096759,,OXFOCLE1,0,1730256648,1730256648,10:50:48 PM,10:50:48 PM,0
2096759,,OXFOEMPI,0,1730256679,1730256679,10:51:19 PM,10:51:19 PM,0
2096759,,OXFOMORN,,,,,,
2096759,,OXFOHIG1,,,,,,
2096759,,OXFOHIG3,,,,,,
2096759,,FANCOLL2,0,1730256840,1730256840,10:54:00 PM,10:54:00 PM,0
2096699,,FANCOLL2,0,1730257440,1730257440,11:04:00 PM,11:04:00 PM,0
2096699,,OXFOROE2,0,1730257490,1730257490,11:04:50 PM,11:04:50 PM,0
2096699,,OXFOHIG4,,,,,,
2096699,,OXFOHIG2,,,,,,
2096699,,OXFOWIST,,,,,,
2096699,,OXFOOAKS,0,1730257602,1730257602,11:06:42 PM,11:06:42 PM,0
2096699,,OXFOCLE2,0,1730257633,1730257633,11:07:13 PM,11:07:13 PM,0
2096699,,OXFOLYMA,0,1730257663,1730257663,11:07:43 PM,11:07:43 PM,0
2096699,,OXFOSTUA,0,1730257684,1730257684,11:08:04 PM,11:08:04 PM,0
2096699,,OXFOQUE2,0,1730257712,1730257712,11:08:32 PM,11:08:32 PM,0
2096699,,OXFOSTE2,0,1730257733,1730257733,11:08:53 PM,11:08:53 PM,0
2096699,,OXFOGAM2,0,1730257749,1730257749,11:09:09 PM,11:09:09 PM,0
2096699,,OXFOELL2,0,1730257788,1730257788,11:09:48 PM,11:09:48 PM,0
2096699,,OXFOELI2,0,1730257816,1730257816,11:10:16 PM,11:10:16 PM,0
2096699,,OXFOADE2,0,1730257860,1730257860,11:11:00 PM,11:11:00 PM,0
2096699,,OXFOWIL2,0,1730257887,1730257887,11:11:27 PM,11:11:27 PM,0
2096699,,OXFOMAI2,0,1730257917,1730257917,11:11:57 PM,11:11:57 PM,0
2096699,,OXFOCOL2,0,1730257942,1730257942,11:12:22 PM,11:12:22 PM,0
2096699,,OXFOWAT2,0,1730257970,1730257970,11:12:50 PM,11:12:50 PM,0
2096699,,OXFOWEL2,0,1730258003,1730258003,11:13:23 PM,11:13:23 PM,0
2096699,,RICHOXF2,0,1730258040,1730258040,11:14:00 PM,11:14:00 PM,0
2096699,,RICHMILL,0,1730258089,1730258089,11:14:49 PM,11:14:49 PM,0
2096699,,RICHCENT,0,1730258158,1730258158,11:15:58 PM,11:15:58 PM,0
2096699,,RICHKEN2,0,1730258205,1730258205,11:16:45 PM,11:16:45 PM,0
2096699,,RICHDUF2,0,1730258233,1730258233,11:17:13 PM,11:17:13 PM,0
2096699,,RICHQUE1,0,1730258280,1730258280,11:18:00 PM,11:18:00 PM,0
2096699,,RICHKIN4,0,1730258340,1730258340,11:19:00 PM,11:19:00 PM,0
2096699,,RICHKIN4,0,1730258340,1730258340,11:19:00 PM,11:19:00 PM,0
2096699,,HORTRIC2,0,1730258440,1730258440,11:20:40 PM,11:20:40 PM,0
2096699,,RIDOHORT,0,1730258520,1730258520,11:22:00 PM,11:22:00 PM,0
2096699,,RIDOCRA2,0,1730258561,1730258561,11:22:41 PM,11:22:41 PM,0
2096699,,RIDOELMW,0,1730258584,1730258584,11:23:04 PM,11:23:04 PM,0
2096699,,RIDOTEC2,0,1730258624,1730258624,11:23:44 PM,11:23:44 PM,0
2096699,,RIDOWINS,0,1730258657,1730258657,11:24:17 PM,11:24:17 PM,0
2096699,,RIDOEME2,0,1730258682,1730258682,11:24:42 PM,11:24:42 PM,0
2096699,,RIDOROSE,0,1730258713,1730258713,11:25:13 PM,11:25:13 PM,0
2096699,,RIDOBAS2,0,1730258735,1730258735,11:25:35 PM,11:25:35 PM,0
2096699,,RIDOMOU2,0,1730258758,1730258758,11:25:58 PM,11:25:58 PM,0
2096699,,UPPECOM2,0,1730258790,1730258790,11:26:30 PM,11:26:30 PM,0
2096699,,UPPECHI4,0,1730258835,1730258835,11:27:15 PM,11:27:15 PM,0
2096699,,CHIDHUN1,0,1730258872,1730258872,11:27:52 PM,11:27:52 PM,0
2096699,,CHIDCHID,0,1730258913,1730258913,11:28:33 PM,11:28:33 PM,0
2096699,,WILKCHI2,0,1730258940,1730258940,11:29:00 PM,11:29:00 PM,0
2096699,,SANDWIL2,0,1730258976,1730258976,11:29:36 PM,11:29:36 PM,0
2096699,,SANDVER1,0,1730259006,1730259006,11:30:06 PM,11:30:06 PM,0
2096699,,VERUEDEN,0,1730259022,1730259022,11:30:22 PM,11:30:22 PM,0
2096699,,EDENEAS2,0,1730259057,1730259057,11:30:57 PM,11:30:57 PM,0
2096699,,EDENNIX,0,1730259086,1730259086,11:31:26 PM,11:31:26 PM,0
2096699,,NIXOCRE2,0,1730259116,1730259116,11:31:56 PM,11:31:56 PM,0
2096699,,NIXOSDAL,0,1730259138,1730259138,11:32:18 PM,11:32:18 PM,0
2096699,,ERNEJAL2,0,1730259173,1730259173,11:32:53 PM,11:32:53 PM,0
2096699,,ERNEELVI,0,1730259195,1730259195,11:33:15 PM,11:33:15 PM,0
2096699,,ERNEPAUL,0,1730259228,1730259228,11:33:48 PM,11:33:48 PM,0
2096699,,ERNEBRA2,0,1730259267,1730259267,11:34:27 PM,11:34:27 PM,0
2096699,,ERNECON2,0,1730259288,1730259288,11:34:48 PM,11:34:48 PM,0
2096699,,ERNEFEN2,0,1730259327,1730259327,11:35:27 PM,11:35:27 PM,0
2096699,,ERNEFINC,0,1730259351,1730259351,11:35:51 PM,11:35:51 PM,0
2096699,,ERNESCO1,0,1730259374,1730259374,11:36:14 PM,11:36:14 PM,0
2096699,,JALNERN5,0,1730259406,1730259406,11:36:46 PM,11:36:46 PM,0
2096699,,MEGEXE2,0,1730259438,1730259438,11:37:18 PM,11:37:18 PM,0
2096699,,EXETMEG,0,1730259483,1730259483,11:38:03 PM,11:38:03 PM,0
2096699,,SHOLEXE1,0,1730259523,1730259523,11:38:43 PM,11:38:43 PM,0
2096699,,SHOLJAL1,0,1730259540,1730259540,11:39:00 PM,11:39:00 PM,0
2096699,,JALNPIER,0,1730259566,1730259566,11:39:26 PM,11:39:26 PM,0
2096699,,WHOKMANB,0,1730259660,1730259660,11:41:00 PM,11:41:00 PM,0
2096763,,WHOKMANB,0,1730260200,1730260200,11:50:00 PM,11:50:00 PM,0
2096763,,JALNBRA1,0,1730260242,1730260242,11:50:42 PM,11:50:42 PM,0
2096763,,JALNBRA3,0,1730260267,1730260267,11:51:07 PM,11:51:07 PM,0
2096763,,JALNPON1,0,1730260316,1730260316,11:51:56 PM,11:51:56 PM,0
2096763,,JALNBEE1,0,1730260353,1730260353,11:52:33 PM,11:52:33 PM,0
2096763,,JALNPOP1,0,1730260374,1730260374,11:52:54 PM,11:52:54 PM,0
2096763,,ERNEJAL1,0,1730260438,1730260438,11:53:58 PM,11:53:58 PM,0
2096763,,NIXOWIMB,0,1730260465,1730260465,11:54:25 PM,11:54:25 PM,0
2096763,,NIXOEDEN,0,1730260516,1730260516,11:55:16 PM,11:55:16 PM,0
2096763,,EDENEAS1,0,1730260553,1730260553,11:55:53 PM,11:55:53 PM,0
2096763,,EDENVERU,0,1730260590,1730260590,11:56:30 PM,11:56:30 PM,0
2096763,,SANDVER2,0,1730260620,1730260620,11:57:00 PM,11:57:00 PM,0
2096763,,SANDWIL4,0,1730260651,1730260651,11:57:31 PM,11:57:31 PM,0
2096763,,WILKCHI1,0,1730260685,1730260685,11:58:05 PM,11:58:05 PM,0
2096763,,CHIDWILK,0,1730260711,1730260711,11:58:31 PM,11:58:31 PM,0
2096763,,CHIDHUN2,0,1730260743,1730260743,11:59:03 PM,11:59:03 PM,0
2096763,,CHIDUPQ2,0,1730260790,1730260790,11:59:50 PM,11:59:50 PM,0
2096763,,UPPECOM1,0,1730260861,1730260861,12:01:01 AM,12:01:01 AM,0
2096763,,RIDOBAS1,0,1730260908,1730260908,12:01:48 AM,12:01:48 AM,0
2096763,,RIDOHICK,0,1730260934,1730260934,12:02:14 AM,12:02:14 AM,0
2096763,,RIDOEME1,0,1730260980,1730260980,12:03:00 AM,12:03:00 AM,0
2096763,,RIDOBAKE,0,1730261021,1730261021,12:03:41 AM,12:03:41 AM,0
2096763,,RIDOTEC1,0,1730261051,1730261051,12:04:11 AM,12:04:11 AM,0
2096763,,RIDOGRAN,0,1730261081,1730261081,12:04:41 AM,12:04:41 AM,0
2096763,,RIDOCRA1,0,1730261124,1730261124,12:05:24 AM,12:05:24 AM,0
2096763,,RIDOING1,0,1730261148,1730261148,12:05:48 AM,12:05:48 AM,0
2096763,,HORTRID1,0,1730261184,1730261184,12:06:24 AM,12:06:24 AM,0
2096763,,RICHHOT1,0,1730261231,1730261231,12:07:11 AM,12:07:11 AM,0
2096763,,RICHKIN1,0,1730261280,1730261280,12:08:00 AM,12:08:00 AM,0
2096763,,RICHQUEE,0,1730261400,1730261400,12:10:00 AM,12:10:00 AM,0
2096763,,RICHQUEE,0,1730261400,1730261400,12:10:00 AM,12:10:00 AM,0
2096763,,RICHKEN1,0,1730261468,1730261468,12:11:08 AM,12:11:08 AM,0
2096763,,RICHHYM1,0,1730261530,1730261530,12:12:10 AM,12:12:10 AM,0
2096763,,RICHPALL,0,1730261566,1730261566,12:12:46 AM,12:12:46 AM,0
2096763,,OXFORIC1,0,1730261640,1730261640,12:14:00 AM,12:14:00 AM,0
2096763,,OXFOWEL1,0,1730261659,1730261659,12:14:19 AM,12:14:19 AM,0
2096763,,OXFOWAT1,0,1730261692,1730261692,12:14:52 AM,12:14:52 AM,0
2096763,,OXFOCOL1,0,1730261724,1730261724,12:15:24 AM,12:15:24 AM,0
2096763,,OXFOMAI1,0,1730261764,1730261764,12:16:04 AM,12:16:04 AM,0
2096763,,OXFOWIL1,0,1730261791,1730261791,12:16:31 AM,12:16:31 AM,0
2096763,,OXFOADE1,0,1730261820,1730261820,12:17:00 AM,12:17:00 AM,0
2096763,,OXFOELI1,0,1730261853,1730261853,12:17:33 AM,12:17:33 AM,0
2096763,,OXFOELL1,0,1730261882,1730261882,12:18:02 AM,12:18:02 AM,0
2096763,,OXFOGAM1,0,1730261918,1730261918,12:18:38 AM,12:18:38 AM,0
2096763,,OXFOSTE1,0,1730261945,1730261945,12:19:05 AM,12:19:05 AM,0
2096763,,OXFOQUE1,0,1730261961,1730261961,12:19:21 AM,12:19:21 AM,0
2096763,,OXFOSTRA,0,1730261987,1730261987,12:19:47 AM,12:19:47 AM,0
2096763,,OXFOSPIT,0,1730262019,1730262019,12:20:19 AM,12:20:19 AM,0
2096763,,OXFOCLE1,0,1730262048,1730262048,12:20:48 AM,12:20:48 AM,0
2096763,,OXFOEMPI,0,1730262079,1730262079,12:21:19 AM,12:21:19 AM,0
2096763,,OXFOMORN,,,,,,
2096763,,OXFOHIG1,,,,,,
2096763,,OXFOHIG3,,,,,,
2096763,,FANCOLL2,0,1730262240,1730262240,12:24:00 AM,12:24:00 AM,0
2096701,,FANCOLL2,0,1730263380,1730263380,12:43:00 AM,12:43:00 AM,0
2096701,,OXFOROE2,0,1730263429,1730263429,12:43:49 AM,12:43:49 AM,0
2096701,,OXFOHIG4,,,,,,
2096701,,OXFOHIG2,,,,,,
2096701,,OXFOWIST,,,,,,
2096701,,OXFOOAKS,0,1730263542,1730263542,12:45:42 AM,12:45:42 AM,0
2096701,,OXFOCLE2,0,1730263573,1730263573,12:46:13 AM,12:46:13 AM,0
2096701,,OXFOLYMA,0,1730263603,1730263603,12:46:43 AM,12:46:43 AM,0
2096701,,OXFOSTUA,0,1730263624,1730263624,12:47:04 AM,12:47:04 AM,0
2096701,,OXFOQUE2,0,1730263652,1730263652,12:47:32 AM,12:47:32 AM,0
2096701,,OXFOSTE2,0,1730263673,1730263673,12:47:53 AM,12:47:53 AM,0
2096701,,OXFOGAM2,0,1730263689,1730263689,12:48:09 AM,12:48:09 AM,0
2096701,,OXFOELL2,0,1730263728,1730263728,12:48:48 AM,12:48:48 AM,0
2096701,,OXFOELI2,0,1730263756,1730263756,12:49:16 AM,12:49:16 AM,0
2096701,,OXFOADE2,0,1730263800,1730263800,12:50:00 AM,12:50:00 AM,0
2096701,,OXFOWIL2,0,1730263827,1730263827,12:50:27 AM,12:50:27 AM,0
2096701,,OXFOMAI2,0,1730263857,1730263857,12:50:57 AM,12:50:57 AM,0
2096701,,OXFOCOL2,0,1730263882,1730263882,12:51:22 AM,12:51:22 AM,0
2096701,,OXFOWAT2,0,1730263910,1730263910,12:51:50 AM,12:51:50 AM,0
2096701,,OXFOWEL2,0,1730263943,1730263943,12:52:23 AM,12:52:23 AM,0
2096701,,RICHOXF2,0,1730263980,1730263980,12:53:00 AM,12:53:00 AM,0
2096701,,RICHMILL,0,1730264029,1730264029,12:53:49 AM,12:53:49 AM,0
2096701,,RICHCENT,0,1730264098,1730264098,12:54:58 AM,12:54:58 AM,0
2096701,,RICHKEN2,0,1730264145,1730264145,12:55:45 AM,12:55:45 AM,0
2096701,,RICHDUF2,0,1730264173,1730264173,12:56:13 AM,12:56:13 AM,0
2096701,,RICHQUE1,0,1730264220,1730264220,12:57:00 AM,12:57:00 AM,0
2096701,,RICHKIN4,0,1730264280,1730264280,12:58:00 AM,12:58:00 AM,0
2096701,,RICHKIN4,0,1730264400,1730264400,01:00:00 AM,01:00:00 AM,0
2096701,,HORTRIC2,0,1730264500,1730264500,01:01:40 AM,01:01:40 AM,0
2096701,,RIDOHORT,0,1730264580,1730264580,01:03:00 AM,01:03:00 AM,0
2096701,,RIDOCRA2,0,1730264621,1730264621,01:03:41 AM,01:03:41 AM,0
2096701,,RIDOELMW,0,1730264644,1730264644,01:04:04 AM,01:04:04 AM,0
2096701,,RIDOTEC2,0,1730264684,1730264684,01:04:44 AM,01:04:44 AM,0
2096701,,RIDOWINS,0,1730264717,1730264717,01:05:17 AM,01:05:17 AM,0
2096701,,RIDOEME2,0,1730264742,1730264742,01:05:42 AM,01:05:42 AM,0
2096701,,RIDOROSE,0,1730264773,1730264773,01:06:13 AM,01:06:13 AM,0
2096701,,RIDOBAS2,0,1730264795,1730264795,01:06:35 AM,01:06:35 AM,0
2096701,,RIDOMOU2,0,1730264818,1730264818,01:06:58 AM,01:06:58 AM,0
2096701,,UPPECOM2,0,1730264850,1730264850,01:07:30 AM,01:07:30 AM,0
2096701,,UPPECHI4,0,1730264895,1730264895,01:08:15 AM,01:08:15 AM,0
2096701,,CHIDHUN1,0,1730264932,1730264932,01:08:52 AM,01:08:52 AM,0
2096701,,CHIDCHID,0,1730264973,1730264973,01:09:33 AM,01:09:33 AM,0
2096701,,WILKCHI2,0,1730265000,1730265000,01:10:00 AM,01:10:00 AM,0
2096701,,SANDWIL2,0,1730265039,1730265039,01:10:39 AM,01:10:39 AM,0
2096701,,SANDVER1,0,1730265071,1730265071,01:11:11 AM,01:11:11 AM,0
2096701,,VERUEDEN,0,1730265088,1730265088,01:11:28 AM,01:11:28 AM,0
2096701,,EDENEAS2,0,1730265126,1730265126,01:12:06 AM,01:12:06 AM,0
2096701,,EDENNIX,0,1730265158,1730265158,01:12:38 AM,01:12:38 AM,0
2096701,,NIXOCRE2,0,1730265191,1730265191,01:13:11 AM,01:13:11 AM,0
2096701,,NIXOSDAL,0,1730265215,1730265215,01:13:35 AM,01:13:35 AM,0
2096701,,JALNERN3,0,1730265254,1730265254,01:14:14 AM,01:14:14 AM,0
2096701,,JALNBEE2,0,1730265318,1730265318,01:15:18 AM,01:15:18 AM,0
2096701,,JALNTUMB,0,1730265353,1730265353,01:15:53 AM,01:15:53 AM,0
2096701,,JALNBEM2,0,1730265401,1730265401,01:16:41 AM,01:16:41 AM,0
2096701,,JALNBRA4,0,1730265442,1730265442,01:17:22 AM,01:17:22 AM,0
2096701,,WHOKMASB,0,1730265480,1730265480,01:18:00 AM,01:18:00 AM,0
2098056,,ARGYMAL1,0,1730231640,1730231640,03:54:00 PM,03:54:00 PM,0
2098056,,CLARCHU2,0,1730231694,1730231694,03:54:54 PM,03:54:54 PM,0
2098056,,WAVECLA2,0,1730231731,1730231731,03:55:31 PM,03:55:31 PM,0
2098056,,WAVEMER2,0,1730231769,1730231769,03:56:09 PM,03:56:09 PM,0
2098056,,WAVEEDM2,0,1730231815,1730231815,03:56:55 PM,03:56:55 PM,0
2098056,,WAVEWIN2,0,1730231846,1730231846,03:57:26 PM,03:57:26 PM,0
2098056,,WAVESASK,0,1730231885,1730231885,03:58:05 PM,03:58:05 PM,0
2098056,,WAVEKIW2,0,1730231920,1730231920,03:58:40 PM,03:58:40 PM,0
2098056,,BRYDGRAY,0,1730231955,1730231955,03:59:15 PM,03:59:15 PM,0
2098056,,BRYDHAL2,0,1730231993,1730231993,03:59:53 PM,03:59:53 PM,0
2098056,,BRYDHIG2,0,1730232060,1730232060,04:01:00 PM,04:01:00 PM,0
2098056,,HIGBWIL1,0,1730232099,1730232099,04:01:39 PM,04:01:39 PM,0
2098056,,HIGBBEA1,0,1730232145,1730232145,04:02:25 PM,04:02:25 PM,0
2098056,,FLORHIG2,0,1730232179,1730232179,04:02:59 PM,04:02:59 PM,0
2098056,,FLORASH2,0,1730232241,1730232241,04:04:01 PM,04:04:01 PM,0
2098056,,FLORELE2,0,1730232284,1730232284,04:04:44 PM,04:04:44 PM,0
2098056,,FLORKEL2,0,1730232328,1730232328,04:05:28 PM,04:05:28 PM,0
2098056,,FLOREGE2,0,1730232361,1730232361,04:06:01 PM,04:06:01 PM,0
2098056,,FLORFAI2,0,1730232408,1730232408,04:06:48 PM,04:06:48 PM,0
2098056,,YORKREC2,0,1730232480,1730232480,04:08:00 PM,04:08:00 PM,0
2098056,,YORKLYL2,0,1730232577,1730232577,04:09:37 PM,04:09:37 PM,0
2098056,,YORKADE2,0,1730232624,1730232624,04:10:24 PM,04:10:24 PM,0
2098056,,YORKWIL2,0,1730232685,1730232685,04:11:25 PM,04:11:25 PM,0
2098056,,YORKMAI2,0,1730232750,1730232750,04:12:30 PM,04:12:30 PM,0
2098056,,YORKCOL2,0,1730232833,1730232833,04:13:53 PM,04:13:53 PM,0
2098056,,YORKWAT2,0,1730232876,1730232876,04:14:36 PM,04:14:36 PM,0
2098056,,WELLYOR1,,,,,,
2098056,,WELLDUN3,,,,,,
2098056,,QUEECLAR,0,1730233137,1730233137,04:18:57 PM,04:18:57 PM,0
2098056,,QUEERIC1,0,1730233200,1730233200,04:20:00 PM,04:20:00 PM,0
2098056,,QUEERIC1,0,1730233200,1730233200,04:20:00 PM,04:20:00 PM,0
2098056,,RIDOYORK,0,1730233359,1730233359,04:22:39 PM,04:22:39 PM,0
2098056,,YORKTHA2,0,1730233409,1730233409,04:23:29 PM,04:23:29 PM,0
2098056,,WHARHORT,0,1730233585,1730233585,04:26:25 PM,04:26:25 PM,0
2098056,,WHARBYR2,0,1730233625,1730233625,04:27:05 PM,04:27:05 PM,0
2098056,,WHARELM2,0,1730233707,1730233707,04:28:27 PM,04:28:27 PM,0
2098056,,WHARTEC2,0,1730233779,1730233779,04:29:39 PM,04:29:39 PM,0
2098056,,LANGHOLB,0,1730233846,1730233846,04:30:46 PM,04:30:46 PM,0
2098056,,MACKEMER,0,1730233893,1730233893,04:31:33 PM,04:31:33 PM,0
2098056,,EMERWIN2,0,1730233951,1730233951,04:32:31 PM,04:32:31 PM,0
2098056,,EMERHIW2,0,1730233990,1730233990,04:33:10 PM,04:33:10 PM,0
2098056,,EMERPHY2,0,1730234040,1730234040,04:34:00 PM,04:34:00 PM,0
2098056,,EMERRIDG,0,1730234081,1730234081,04:34:41 PM,04:34:41 PM,0
2098056,,SOUTBAS1,0,1730234134,1730234134,04:35:34 PM,04:35:34 PM,0
2098056,,SOUTGAR1,0,1730234190,1730234190,04:36:30 PM,04:36:30 PM,0
2098056,,BERKGAR2,0,1730234217,1730234217,04:36:57 PM,04:36:57 PM,0
2098056,,BERKROB2,0,1730234247,1730234247,04:37:27 PM,04:37:27 PM,0
2098056,,BERKTOP2,0,1730234276,1730234276,04:37:56 PM,04:37:56 PM,0
2098056,,COMMTOP1,0,1730234360,1730234360,04:39:20 PM,04:39:20 PM,0
2098056,,COMMFOE1,0,1730234407,1730234407,04:40:07 PM,04:40:07 PM,0
2098056,,WONDCOM2,0,1730234450,1730234450,04:40:50 PM,04:40:50 PM,0
2098056,,WONDVIL2,0,1730234488,1730234488,04:41:28 PM,04:41:28 PM,0
2098056,,WONDVIS4,0,1730234549,1730234549,04:42:29 PM,04:42:29 PM,0
2098056,,WESTMAL5,0,1730234640,1730234640,04:44:00 PM,04:44:00 PM,0
2098062,,ARGYMAL1,0,1730239440,1730239440,06:04:00 PM,06:04:00 PM,0
2098062,,CLARCHU2,0,1730239486,1730239486,06:04:46 PM,06:04:46 PM,0
2098062,,WAVECLA2,0,1730239518,1730239518,06:05:18 PM,06:05:18 PM,0
2098062,,WAVEMER2,0,1730239551,1730239551,06:05:51 PM,06:05:51 PM,0
2098062,,WAVEEDM2,0,1730239591,1730239591,06:06:31 PM,06:06:31 PM,0
2098062,,WAVEWIN2,0,1730239618,1730239618,06:06:58 PM,06:06:58 PM,0
2098062,,WAVESASK,0,1730239651,1730239651,06:07:31 PM,06:07:31 PM,0
2098062,,WAVEKIW2,0,1730239681,1730239681,06:08:01 PM,06:08:01 PM,0
2098062,,BRYDGRAY,0,1730239711,1730239711,06:08:31 PM,06:08:31 PM,0
2098062,,BRYDHAL2,0,1730239743,1730239743,06:09:03 PM,06:09:03 PM,0
2098062,,BRYDHIG2,0,1730239800,1730239800,06:10:00 PM,06:10:00 PM,0
2098062,,HIGBWIL1,0,1730239833,1730239833,06:10:33 PM,06:10:33 PM,0
2098062,,HIGBBEA1,0,1730239872,1730239872,06:11:12 PM,06:11:12 PM,0
2098062,,FLORHIG2,0,1730239901,1730239901,06:11:41 PM,06:11:41 PM,0
2098062,,FLORASH2,0,1730239954,1730239954,06:12:34 PM,06:12:34 PM,0
2098062,,FLORELE2,0,1730239991,1730239991,06:13:11 PM,06:13:11 PM,0
2098062,,FLORKEL2,0,1730240028,1730240028,06:13:48 PM,06:13:48 PM,0
2098062,,FLOREGE2,0,1730240056,1730240056,06:14:16 PM,06:14:16 PM,0
2098062,,FLORFAI2,0,1730240096,1730240096,06:14:56 PM,06:14:56 PM,0
2098062,,YORKREC2,0,1730240160,1730240160,06:16:00 PM,06:16:00 PM,0
2098062,,YORKLYL2,0,1730240236,1730240236,06:17:16 PM,06:17:16 PM,0
2098062,,YORKADE2,0,1730240272,1730240272,06:17:52 PM,06:17:52 PM,0
2098062,,YORKWIL2,0,1730240320,1730240320,06:18:40 PM,06:18:40 PM,0
2098062,,YORKMAI2,0,1730240370,1730240370,06:19:30 PM,06:19:30 PM,0
2098062,,YORKCOL2,0,1730240435,1730240435,06:20:35 PM,06:20:35 PM,0
2098062,,YORKWAT2,0,1730240468,1730240468,06:21:08 PM,06:21:08 PM,0
2098062,,WELLYOR1,,,,,,
2098062,,WELLDUN3,,,,,,
2098062,,QUEECLAR,0,1730240658,1730240658,06:24:18 PM,06:24:18 PM,0
2098062,,QUEERIC1,0,1730240700,1730240700,06:25:00 PM,06:25:00 PM,0
2098062,,QUEERIC1,0,1730240700,1730240700,06:25:00 PM,06:25:00 PM,0
2098062,,RIDOYORK,0,1730240813,1730240813,06:26:53 PM,06:26:53 PM,0
2098062,,YORKTHA2,0,1730240848,1730240848,06:27:28 PM,06:27:28 PM,0
2098062,,WHARHORT,0,1730240974,1730240974,06:29:34 PM,06:29:34 PM,0
2098062,,WHARBYR2,0,1730241003,1730241003,06:30:03 PM,06:30:03 PM,0
2098062,,WHARELM2,0,1730241062,1730241062,06:31:02 PM,06:31:02 PM,0
2098062,,WHARTEC2,0,1730241113,1730241113,06:31:53 PM,06:31:53 PM,0
2098062,,LANGHOLB,0,1730241160,1730241160,06:32:40 PM,06:32:40 PM,0
2098062,,MACKEMER,0,1730241193,1730241193,06:33:13 PM,06:33:13 PM,0
2098062,,EMERWIN2,0,1730241234,1730241234,06:33:54 PM,06:33:54 PM,0
2098062,,EMERHIW2,0,1730241262,1730241262,06:34:22 PM,06:34:22 PM,0
2098062,,EMERPHY2,0,1730241300,1730241300,06:35:00 PM,06:35:00 PM,0
2098062,,EMERRIDG,0,1730241337,1730241337,06:35:37 PM,06:35:37 PM,0
2098062,,SOUTBAS1,0,1730241385,1730241385,06:36:25 PM,06:36:25 PM,0
2098062,,SOUTGAR1,0,1730241435,1730241435,06:37:15 PM,06:37:15 PM,0
2098062,,BERKGAR2,0,1730241459,1730241459,06:37:39 PM,06:37:39 PM,0
2098062,,BERKROB2,0,1730241486,1730241486,06:38:06 PM,06:38:06 PM,0
2098062,,BERKTOP2,0,1730241512,1730241512,06:38:32 PM,06:38:32 PM,0
2098062,,COMMTOP1,0,1730241588,1730241588,06:39:48 PM,06:39:48 PM,0
2098062,,COMMFOE1,0,1730241630,1730241630,06:40:30 PM,06:40:30 PM,0
2098062,,WONDCOM2,0,1730241668,1730241668,06:41:08 PM,06:41:08 PM,0
2098062,,WONDVIL2,0,1730241702,1730241702,06:41:42 PM,06:41:42 PM,0
2098062,,WONDVIS4,0,1730241757,1730241757,06:42:37 PM,06:42:37 PM,0
2098062,,WESTMAL5,0,1730241840,1730241840,06:44:00 PM,06:44:00 PM,0
2098066,,ARGYMAL1,0,1730245440,1730245440,07:44:00 PM,07:44:00 PM,0
2098066,,CLARCHU2,0,1730245486,1730245486,07:44:46 PM,07:44:46 PM,0
2098066,,WAVECLA2,0,1730245518,1730245518,07:45:18 PM,07:45:18 PM,0
2098066,,WAVEMER2,0,1730245551,1730245551,07:45:51 PM,07:45:51 PM,0
2098066,,WAVEEDM2,0,1730245591,1730245591,07:46:31 PM,07:46:31 PM,0
2098066,,WAVEWIN2,0,1730245618,1730245618,07:46:58 PM,07:46:58 PM,0
2098066,,WAVESASK,0,1730245651,1730245651,07:47:31 PM,07:47:31 PM,0
2098066,,WAVEKIW2,0,1730245681,1730245681,07:48:01 PM,07:48:01 PM,0
2098066,,BRYDGRAY,0,1730245711,1730245711,07:48:31 PM,07:48:31 PM,0
2098066,,BRYDHAL2,0,1730245743,1730245743,07:49:03 PM,07:49:03 PM,0
2098066,,BRYDHIG2,0,1730245800,1730245800,07:50:00 PM,07:50:00 PM,0
2098066,,HIGBWIL1,0,1730245833,1730245833,07:50:33 PM,07:50:33 PM,0
2098066,,HIGBBEA1,0,1730245872,1730245872,07:51:12 PM,07:51:12 PM,0
2098066,,FLORHIG2,0,1730245901,1730245901,07:51:41 PM,07:51:41 PM,0
2098066,,FLORASH2,0,1730245954,1730245954,07:52:34 PM,07:52:34 PM,0
2098066,,FLORELE2,0,1730245991,1730245991,07:53:11 PM,07:53:11 PM,0
2098066,,FLORKEL2,0,1730246028,1730246028,07:53:48 PM,07:53:48 PM,0
2098066,,FLOREGE2,0,1730246056,1730246056,07:54:16 PM,07:54:16 PM,0
2098066,,FLORFAI2,0,1730246096,1730246096,07:54:56 PM,07:54:56 PM,0
2098066,,YORKREC2,0,1730246160,1730246160,07:56:00 PM,07:56:00 PM,0
2098066,,YORKLYL2,0,1730246236,1730246236,07:57:16 PM,07:57:16 PM,0
2098066,,YORKADE2,0,1730246272,1730246272,07:57:52 PM,07:57:52 PM,0
2098066,,YORKWIL2,0,1730246320,1730246320,07:58:40 PM,07:58:40 PM,0
2098066,,YORKMAI2,0,1730246370,1730246370,07:59:30 PM,07:59:30 PM,0
2098066,,YORKCOL2,0,1730246435,1730246435,08:00:35 PM,08:00:35 PM,0
2098066,,YORKWAT2,0,1730246468,1730246468,08:01:08 PM,08:01:08 PM,0
2098066,,WELLYOR1,,,,,,
2098066,,WELLDUN3,,,,,,
2098066,,QUEECLAR,0,1730246658,1730246658,08:04:18 PM,08:04:18 PM,0
2098066,,QUEERIC1,0,1730246700,1730246700,08:05:00 PM,08:05:00 PM,0
2098066,,QUEERIC1,0,1730246700,1730246700,08:05:00 PM,08:05:00 PM,0
2098066,,RIDOYORK,0,1730246813,1730246813,08:06:53 PM,08:06:53 PM,0
2098066,,YORKTHA2,0,1730246848,1730246848,08:07:28 PM,08:07:28 PM,0
2098066,,WHARHORT,0,1730246974,1730246974,08:09:34 PM,08:09:34 PM,0
2098066,,WHARBYR2,0,1730247003,1730247003,08:10:03 PM,08:10:03 PM,0
2098066,,WHARELM2,0,1730247062,1730247062,08:11:02 PM,08:11:02 PM,0
2098066,,WHARTEC2,0,1730247113,1730247113,08:11:53 PM,08:11:53 PM,0
2098066,,LANGHOLB,0,1730247160,1730247160,08:12:40 PM,08:12:40 PM,0
2098066,,MACKEMER,0,1730247193,1730247193,08:13:13 PM,08:13:13 PM,0
2098066,,EMERWIN2,0,1730247234,1730247234,08:13:54 PM,08:13:54 PM,0
2098066,,EMERHIW2,0,1730247262,1730247262,08:14:22 PM,08:14:22 PM,0
2098066,,EMERPHY2,0,1730247300,1730247300,08:15:00 PM,08:15:00 PM,0
2098066,,EMERRIDG,0,1730247337,1730247337,08:15:37 PM,08:15:37 PM,0
2098066,,SOUTBAS1,0,1730247385,1730247385,08:16:25 PM,08:16:25 PM,0
2098066,,SOUTGAR1,0,1730247435,1730247435,08:17:15 PM,08:17:15 PM,0
2098066,,BERKGAR2,0,1730247459,1730247459,08:17:39 PM,08:17:39 PM,0
2098066,,BERKROB2,0,1730247486,1730247486,08:18:06 PM,08:18:06 PM,0
2098066,,BERKTOP2,0,1730247512,1730247512,08:18:32 PM,08:18:32 PM,0
2098066,,COMMTOP1,0,1730247588,1730247588,08:19:48 PM,08:19:48 PM,0
2098066,,COMMFOE1,0,1730247630,1730247630,08:20:30 PM,08:20:30 PM,0
2098066,,WONDCOM2,0,1730247668,1730247668,08:21:08 PM,08:21:08 PM,0
2098066,,WONDVIL2,0,1730247702,1730247702,08:21:42 PM,08:21:42 PM,0
2098066,,WONDVIS4,0,1730247757,1730247757,08:22:37 PM,08:22:37 PM,0
2098066,,WESTMAL5,0,1730247840,1730247840,08:24:00 PM,08:24:00 PM,0
2098069,,ARGYMAL1,0,1730251620,1730251620,09:27:00 PM,09:27:00 PM,0
2098069,,CLARCHU2,0,1730251659,1730251659,09:27:39 PM,09:27:39 PM,0
2098069,,WAVECLA2,0,1730251685,1730251685,09:28:05 PM,09:28:05 PM,0
2098069,,WAVEMER2,0,1730251712,1730251712,09:28:32 PM,09:28:32 PM,0
2098069,,WAVEEDM2,0,1730251745,1730251745,09:29:05 PM,09:29:05 PM,0
2098069,,WAVEWIN2,0,1730251767,1730251767,09:29:27 PM,09:29:27 PM,0
2098069,,WAVESASK,0,1730251795,1730251795,09:29:55 PM,09:29:55 PM,0
2098069,,WAVEKIW2,0,1730251820,1730251820,09:30:20 PM,09:30:20 PM,0
2098069,,BRYDGRAY,0,1730251845,1730251845,09:30:45 PM,09:30:45 PM,0
2098069,,BRYDHAL2,0,1730251872,1730251872,09:31:12 PM,09:31:12 PM,0
2098069,,BRYDHIG2,0,1730251920,1730251920,09:32:00 PM,09:32:00 PM,0
2098069,,HIGBWIL1,0,1730251948,1730251948,09:32:28 PM,09:32:28 PM,0
2098069,,HIGBBEA1,0,1730251981,1730251981,09:33:01 PM,09:33:01 PM,0
2098069,,FLORHIG2,0,1730252005,1730252005,09:33:25 PM,09:33:25 PM,0
2098069,,FLORASH2,0,1730252049,1730252049,09:34:09 PM,09:34:09 PM,0
2098069,,FLORELE2,0,1730252079,1730252079,09:34:39 PM,09:34:39 PM,0
2098069,,FLORKEL2,0,1730252110,1730252110,09:35:10 PM,09:35:10 PM,0
2098069,,FLOREGE2,0,1730252133,1730252133,09:35:33 PM,09:35:33 PM,0
2098069,,FLORFAI2,0,1730252166,1730252166,09:36:06 PM,09:36:06 PM,0
2098069,,YORKREC2,0,1730252220,1730252220,09:37:00 PM,09:37:00 PM,0
2098069,,YORKLYL2,0,1730252285,1730252285,09:38:05 PM,09:38:05 PM,0
2098069,,YORKADE2,0,1730252316,1730252316,09:38:36 PM,09:38:36 PM,0
2098069,,YORKWIL2,0,1730252357,1730252357,09:39:17 PM,09:39:17 PM,0
2098069,,YORKMAI2,0,1730252400,1730252400,09:40:00 PM,09:40:00 PM,0
2098069,,YORKCOL2,0,1730252455,1730252455,09:40:55 PM,09:40:55 PM,0
2098069,,YORKWAT2,0,1730252483,1730252483,09:41:23 PM,09:41:23 PM,0
2098069,,WELLYOR1,,,,,,
2098069,,WELLDUN3,,,,,,
2098069,,QUEECLAR,0,1730252658,1730252658,09:44:18 PM,09:44:18 PM,0
2098069,,QUEERIC1,0,1730252700,1730252700,09:45:00 PM,09:45:00 PM,0
2098069,,QUEERIC1,0,1730252700,1730252700,09:45:00 PM,09:45:00 PM,0
2098069,,RIDOYORK,0,1730252802,1730252802,09:46:42 PM,09:46:42 PM,0
2098069,,YORKTHA2,0,1730252834,1730252834,09:47:14 PM,09:47:14 PM,0
2098069,,WHARHORT,0,1730252947,1730252947,09:49:07 PM,09:49:07 PM,0
2098069,,WHARBYR2,0,1730252973,1730252973,09:49:33 PM,09:49:33 PM,0
2098069,,WHARELM2,0,1730253026,1730253026,09:50:26 PM,09:50:26 PM,0
2098069,,WHARTEC2,0,1730253072,1730253072,09:51:12 PM,09:51:12 PM,0
2098069,,LANGHOLB,0,1730253115,1730253115,09:51:55 PM,09:51:55 PM,0
2098069,,MACKEMER,0,1730253145,1730253145,09:52:25 PM,09:52:25 PM,0
2098069,,EMERWIN2,0,1730253182,1730253182,09:53:02 PM,09:53:02 PM,0
2098069,,EMERHIW2,0,1730253207,1730253207,09:53:27 PM,09:53:27 PM,0
2098069,,EMERPHY2,0,1730253240,1730253240,09:54:00 PM,09:54:00 PM,0
2098069,,EMERRIDG,0,1730253273,1730253273,09:54:33 PM,09:54:33 PM,0
2098069,,SOUTBAS1,0,1730253315,1730253315,09:55:15 PM,09:55:15 PM,0
2098069,,SOUTGAR1,0,1730253360,1730253360,09:56:00 PM,09:56:00 PM,0
2098069,,BERKGAR2,0,1730253382,1730253382,09:56:22 PM,09:56:22 PM,0
2098069,,BERKROB2,0,1730253406,1730253406,09:56:46 PM,09:56:46 PM,0
2098069,,BERKTOP2,0,1730253429,1730253429,09:57:09 PM,09:57:09 PM,0
2098069,,COMMTOP1,0,1730253496,1730253496,09:58:16 PM,09:58:16 PM,0
2098069,,COMMFOE1,0,1730253533,1730253533,09:58:53 PM,09:58:53 PM,0
2098069,,WONDCOM2,0,1730253567,1730253567,09:59:27 PM,09:59:27 PM,0
2098069,,WONDVIL2,0,1730253597,1730253597,09:59:57 PM,09:59:57 PM,0
2098069,,WONDVIS4,0,1730253646,1730253646,10:00:46 PM,10:00:46 PM,0
2098069,,WESTMAL5,0,1730253720,1730253720,10:02:00 PM,10:02:00 PM,0
2098072,,ARGYMAL1,0,1730257020,1730257020,10:57:00 PM,10:57:00 PM,0
2098072,,CLARCHU2,0,1730257059,1730257059,10:57:39 PM,10:57:39 PM,0
2098072,,WAVECLA2,0,1730257085,1730257085,10:58:05 PM,10:58:05 PM,0
2098072,,WAVEMER2,0,1730257112,1730257112,10:58:32 PM,10:58:32 PM,0
2098072,,WAVEEDM2,0,1730257145,1730257145,10:59:05 PM,10:59:05 PM,0
2098072,,WAVEWIN2,0,1730257167,1730257167,10:59:27 PM,10:59:27 PM,0
2098072,,WAVESASK,0,1730257195,1730257195,10:59:55 PM,10:59:55 PM,0
2098072,,WAVEKIW2,0,1730257220,1730257220,11:00:20 PM,11:00:20 PM,0
2098072,,BRYDGRAY,0,1730257245,1730257245,11:00:45 PM,11:00:45 PM,0
2098072,,BRYDHAL2,0,1730257272,1730257272,11:01:12 PM,11:01:12 PM,0
2098072,,BRYDHIG2,0,1730257320,1730257320,11:02:00 PM,11:02:00 PM,0
2098072,,HIGBWIL1,0,1730257348,1730257348,11:02:28 PM,11:02:28 PM,0
2098072,,HIGBBEA1,0,1730257381,1730257381,11:03:01 PM,11:03:01 PM,0
2098072,,FLORHIG2,0,1730257405,1730257405,11:03:25 PM,11:03:25 PM,0
2098072,,FLORASH2,0,1730257449,1730257449,11:04:09 PM,11:04:09 PM,0
2098072,,FLORELE2,0,1730257479,1730257479,11:04:39 PM,11:04:39 PM,0
2098072,,FLORKEL2,0,1730257510,1730257510,11:05:10 PM,11:05:10 PM,0
2098072,,FLOREGE2,0,1730257533,1730257533,11:05:33 PM,11:05:33 PM,0
2098072,,FLORFAI2,0,1730257566,1730257566,11:06:06 PM,11:06:06 PM,0
2098072,,YORKREC2,0,1730257620,1730257620,11:07:00 PM,11:07:00 PM,0
2098072,,YORKLYL2,0,1730257685,1730257685,11:08:05 PM,11:08:05 PM,0
2098072,,YORKADE2,0,1730257716,1730257716,11:08:36 PM,11:08:36 PM,0
2098072,,YORKWIL2,0,1730257757,1730257757,11:09:17 PM,11:09:17 PM,0
2098072,,YORKMAI2,0,1730257800,1730257800,11:10:00 PM,11:10:00 PM,0
2098072,,YORKCOL2,0,1730257855,1730257855,11:10:55 PM,11:10:55 PM,0
2098072,,YORKWAT2,0,1730257883,1730257883,11:11:23 PM,11:11:23 PM,0
2098072,,WELLYOR1,,,,,,
2098072,,WELLDUN3,,,,,,
2098072,,QUEECLAR,0,1730258058,1730258058,11:14:18 PM,11:14:18 PM,0
2098072,,QUEERIC1,0,1730258100,1730258100,11:15:00 PM,11:15:00 PM,0
2098072,,QUEERIC1,0,1730258100,1730258100,11:15:00 PM,11:15:00 PM,0
2098072,,RIDOYORK,0,1730258202,1730258202,11:16:42 PM,11:16:42 PM,0
2098072,,YORKTHA2,0,1730258234,1730258234,11:17:14 PM,11:17:14 PM,0
2098072,,WHARHORT,0,1730258347,1730258347,11:19:07 PM,11:19:07 PM,0
2098072,,WHARBYR2,0,1730258373,1730258373,11:19:33 PM,11:19:33 PM,0
2098072,,WHARELM2,0,1730258426,1730258426,11:20:26 PM,11:20:26 PM,0
2098072,,WHARTEC2,0,1730258472,1730258472,11:21:12 PM,11:21:12 PM,0
2098072,,LANGHOLB,0,1730258515,1730258515,11:21:55 PM,11:21:55 PM,0
2098072,,MACKEMER,0,1730258545,1730258545,11:22:25 PM,11:22:25 PM,0
2098072,,EMERWIN2,0,1730258582,1730258582,11:23:02 PM,11:23:02 PM,0
2098072,,EMERHIW2,0,1730258607,1730258607,11:23:27 PM,11:23:27 PM,0
2098072,,EMERPHY2,0,1730258640,1730258640,11:24:00 PM,11:24:00 PM,0
2098072,,EMERRIDG,0,1730258673,1730258673,11:24:33 PM,11:24:33 PM,0
2098072,,SOUTBAS1,0,1730258715,1730258715,11:25:15 PM,11:25:15 PM,0
2098072,,SOUTGAR1,0,1730258760,1730258760,11:26:00 PM,11:26:00 PM,0
2098072,,BERKGAR2,0,1730258782,1730258782,11:26:22 PM,11:26:22 PM,0
2098072,,BERKROB2,0,1730258806,1730258806,11:26:46 PM,11:26:46 PM,0
2098072,,BERKTOP2,0,1730258829,1730258829,11:27:09 PM,11:27:09 PM,0
2098072,,COMMTOP1,0,1730258896,1730258896,11:28:16 PM,11:28:16 PM,0
2098072,,COMMFOE1,0,1730258933,1730258933,11:28:53 PM,11:28:53 PM,0
2098072,,WONDCOM2,0,1730258967,1730258967,11:29:27 PM,11:29:27 PM,0
2098072,,WONDVIL2,0,1730258997,1730258997,11:29:57 PM,11:29:57 PM,0
2098072,,WONDVIS4,0,1730259046,1730259046,11:30:46 PM,11:30:46 PM,0
2098072,,WESTMAL5,0,1730259120,1730259120,11:32:00 PM,11:32:00 PM,0
2098059,,ARGYMAL1,0,1730235240,1730235240,04:54:00 PM,04:54:00 PM,0
2098059,,CLARCHU2,0,1730235294,1730235294,04:54:54 PM,04:54:54 PM,0
2098059,,WAVECLA2,0,1730235331,1730235331,04:55:31 PM,04:55:31 PM,0
2098059,,WAVEMER2,0,1730235369,1730235369,04:56:09 PM,04:56:09 PM,0
2098059,,WAVEEDM2,0,1730235415,1730235415,04:56:55 PM,04:56:55 PM,0
2098059,,WAVEWIN2,0,1730235446,1730235446,04:57:26 PM,04:57:26 PM,0
2098059,,WAVESASK,0,1730235485,1730235485,04:58:05 PM,04:58:05 PM,0
2098059,,WAVEKIW2,0,1730235520,1730235520,04:58:40 PM,04:58:40 PM,0
2098059,,BRYDGRAY,0,1730235555,1730235555,04:59:15 PM,04:59:15 PM,0
2098059,,BRYDHAL2,0,1730235593,1730235593,04:59:53 PM,04:59:53 PM,0
2098059,,BRYDHIG2,0,1730235660,1730235660,05:01:00 PM,05:01:00 PM,0
2098059,,HIGBWIL1,0,1730235699,1730235699,05:01:39 PM,05:01:39 PM,0
2098059,,HIGBBEA1,0,1730235745,1730235745,05:02:25 PM,05:02:25 PM,0
2098059,,FLORHIG2,0,1730235779,1730235779,05:02:59 PM,05:02:59 PM,0
2098059,,FLORASH2,0,1730235841,1730235841,05:04:01 PM,05:04:01 PM,0
2098059,,FLORELE2,0,1730235884,1730235884,05:04:44 PM,05:04:44 PM,0
2098059,,FLORKEL2,0,1730235928,1730235928,05:05:28 PM,05:05:28 PM,0
2098059,,FLOREGE2,0,1730235961,1730235961,05:06:01 PM,05:06:01 PM,0
2098059,,FLORFAI2,0,1730236008,1730236008,05:06:48 PM,05:06:48 PM,0
2098059,,YORKREC2,0,1730236080,1730236080,05:08:00 PM,05:08:00 PM,0
2098059,,YORKLYL2,0,1730236177,1730236177,05:09:37 PM,05:09:37 PM,0
2098059,,YORKADE2,0,1730236224,1730236224,05:10:24 PM,05:10:24 PM,0
2098059,,YORKWIL2,0,1730236285,1730236285,05:11:25 PM,05:11:25 PM,0
2098059,,YORKMAI2,0,1730236350,1730236350,05:12:30 PM,05:12:30 PM,0
2098059,,YORKCOL2,0,1730236433,1730236433,05:13:53 PM,05:13:53 PM,0
2098059,,YORKWAT2,0,1730236476,1730236476,05:14:36 PM,05:14:36 PM,0
2098059,,WELLYOR1,,,,,,
2098059,,WELLDUN3,,,,,,
2098059,,QUEECLAR,0,1730236737,1730236737,05:18:57 PM,05:18:57 PM,0
2098059,,QUEERIC1,0,1730236800,1730236800,05:20:00 PM,05:20:00 PM,0
2098059,,QUEERIC1,0,1730236800,1730236800,05:20:00 PM,05:20:00 PM,0
2098059,,RIDOYORK,0,1730236959,1730236959,05:22:39 PM,05:22:39 PM,0
2098059,,YORKTHA2,0,1730237009,1730237009,05:23:29 PM,05:23:29 PM,0
2098059,,WHARHORT,0,1730237185,1730237185,05:26:25 PM,05:26:25 PM,0
2098059,,WHARBYR2,0,1730237225,1730237225,05:27:05 PM,05:27:05 PM,0
2098059,,WHARELM2,0,1730237307,1730237307,05:28:27 PM,05:28:27 PM,0
2098059,,WHARTEC2,0,1730237379,1730237379,05:29:39 PM,05:29:39 PM,0
2098059,,LANGHOLB,0,1730237446,1730237446,05:30:46 PM,05:30:46 PM,0
2098059,,MACKEMER,0,1730237493,1730237493,05:31:33 PM,05:31:33 PM,0
2098059,,EMERWIN2,0,1730237551,1730237551,05:32:31 PM,05:32:31 PM,0
2098059,,EMERHIW2,0,1730237590,1730237590,05:33:10 PM,05:33:10 PM,0
2098059,,EMERPHY2,0,1730237640,1730237640,05:34:00 PM,05:34:00 PM,0
2098059,,EMERRIDG,0,1730237681,1730237681,05:34:41 PM,05:34:41 PM,0
2098059,,SOUTBAS1,0,1730237734,1730237734,05:35:34 PM,05:35:34 PM,0
2098059,,SOUTGAR1,0,1730237790,1730237790,05:36:30 PM,05:36:30 PM,0
2098059,,BERKGAR2,0,1730237817,1730237817,05:36:57 PM,05:36:57 PM,0
2098059,,BERKROB2,0,1730237847,1730237847,05:37:27 PM,05:37:27 PM,0
2098059,,BERKTOP2,0,1730237876,1730237876,05:37:56 PM,05:37:56 PM,0
2098059,,COMMTOP1,0,1730237960,1730237960,05:39:20 PM,05:39:20 PM,0
2098059,,COMMFOE1,0,1730238007,1730238007,05:40:07 PM,05:40:07 PM,0
2098059,,WONDCOM2,0,1730238050,1730238050,05:40:50 PM,05:40:50 PM,0
2098059,,WONDVIL2,0,1730238088,1730238088,05:41:28 PM,05:41:28 PM,0
2098059,,WONDVIS4,0,1730238149,1730238149,05:42:29 PM,05:42:29 PM,0
2098059,,WESTMAL5,0,1730238240,1730238240,05:44:00 PM,05:44:00 PM,0
2098064,,ARGYMAL1,0,1730242440,1730242440,06:54:00 PM,06:54:00 PM,0
2098064,,CLARCHU2,0,1730242486,1730242486,06:54:46 PM,06:54:46 PM,0
2098064,,WAVECLA2,0,1730242518,1730242518,06:55:18 PM,06:55:18 PM,0
2098064,,WAVEMER2,0,1730242551,1730242551,06:55:51 PM,06:55:51 PM,0
2098064,,WAVEEDM2,0,1730242591,1730242591,06:56:31 PM,06:56:31 PM,0
2098064,,WAVEWIN2,0,1730242618,1730242618,06:56:58 PM,06:56:58 PM,0
2098064,,WAVESASK,0,1730242651,1730242651,06:57:31 PM,06:57:31 PM,0
2098064,,WAVEKIW2,0,1730242681,1730242681,06:58:01 PM,06:58:01 PM,0
2098064,,BRYDGRAY,0,1730242711,1730242711,06:58:31 PM,06:58:31 PM,0
2098064,,BRYDHAL2,0,1730242743,1730242743,06:59:03 PM,06:59:03 PM,0
2098064,,BRYDHIG2,0,1730242800,1730242800,07:00:00 PM,07:00:00 PM,0
2098064,,HIGBWIL1,0,1730242833,1730242833,07:00:33 PM,07:00:33 PM,0
2098064,,HIGBBEA1,0,1730242872,1730242872,07:01:12 PM,07:01:12 PM,0
2098064,,FLORHIG2,0,1730242901,1730242901,07:01:41 PM,07:01:41 PM,0
2098064,,FLORASH2,0,1730242954,1730242954,07:02:34 PM,07:02:34 PM,0
2098064,,FLORELE2,0,1730242991,1730242991,07:03:11 PM,07:03:11 PM,0
2098064,,FLORKEL2,0,1730243028,1730243028,07:03:48 PM,07:03:48 PM,0
2098064,,FLOREGE2,0,1730243056,1730243056,07:04:16 PM,07:04:16 PM,0
2098064,,FLORFAI2,0,1730243096,1730243096,07:04:56 PM,07:04:56 PM,0
2098064,,YORKREC2,0,1730243160,1730243160,07:06:00 PM,07:06:00 PM,0
2098064,,YORKLYL2,0,1730243236,1730243236,07:07:16 PM,07:07:16 PM,0
2098064,,YORKADE2,0,1730243272,1730243272,07:07:52 PM,07:07:52 PM,0
2098064,,YORKWIL2,0,1730243320,1730243320,07:08:40 PM,07:08:40 PM,0
2098064,,YORKMAI2,0,1730243370,1730243370,07:09:30 PM,07:09:30 PM,0
2098064,,YORKCOL2,0,1730243435,1730243435,07:10:35 PM,07:10:35 PM,0
2098064,,YORKWAT2,0,1730243468,1730243468,07:11:08 PM,07:11:08 PM,0
2098064,,WELLYOR1,,,,,,
2098064,,WELLDUN3,,,,,,
2098064,,QUEECLAR,0,1730243658,1730243658,07:14:18 PM,07:14:18 PM,0
2098064,,QUEERIC1,0,1730243700,1730243700,07:15:00 PM,07:15:00 PM,0
2098064,,QUEERIC1,0,1730243700,1730243700,07:15:00 PM,07:15:00 PM,0
2098064,,RIDOYORK,0,1730243813,1730243813,07:16:53 PM,07:16:53 PM,0
2098064,,YORKTHA2,0,1730243848,1730243848,07:17:28 PM,07:17:28 PM,0
2098064,,WHARHORT,0,1730243974,1730243974,07:19:34 PM,07:19:34 PM,0
2098064,,WHARBYR2,0,1730244003,1730244003,07:20:03 PM,07:20:03 PM,0
2098064,,WHARELM2,0,1730244062,1730244062,07:21:02 PM,07:21:02 PM,0
2098064,,WHARTEC2,0,1730244113,1730244113,07:21:53 PM,07:21:53 PM,0
2098064,,LANGHOLB,0,1730244160,1730244160,07:22:40 PM,07:22:40 PM,0
2098064,,MACKEMER,0,1730244193,1730244193,07:23:13 PM,07:23:13 PM,0
2098064,,EMERWIN2,0,1730244234,1730244234,07:23:54 PM,07:23:54 PM,0
2098064,,EMERHIW2,0,1730244262,1730244262,07:24:22 PM,07:24:22 PM,0
2098064,,EMERPHY2,0,1730244300,1730244300,07:25:00 PM,07:25:00 PM,0
2098064,,EMERRIDG,0,1730244337,1730244337,07:25:37 PM,07:25:37 PM,0
2098064,,SOUTBAS1,0,1730244385,1730244385,07:26:25 PM,07:26:25 PM,0
2098064,,SOUTGAR1,0,1730244435,1730244435,07:27:15 PM,07:27:15 PM,0
2098064,,BERKGAR2,0,1730244459,1730244459,07:27:39 PM,07:27:39 PM,0
2098064,,BERKROB2,0,1730244486,1730244486,07:28:06 PM,07:28:06 PM,0
2098064,,BERKTOP2,0,1730244512,1730244512,07:28:32 PM,07:28:32 PM,0
2098064,,COMMTOP1,0,1730244588,1730244588,07:29:48 PM,07:29:48 PM,0
2098064,,COMMFOE1,0,1730244630,1730244630,07:30:30 PM,07:30:30 PM,0
2098064,,WONDCOM2,0,1730244668,1730244668,07:31:08 PM,07:31:08 PM,0
2098064,,WONDVIL2,0,1730244702,1730244702,07:31:42 PM,07:31:42 PM,0
2098064,,WONDVIS4,0,1730244757,1730244757,07:32:37 PM,07:32:37 PM,0
2098064,,WESTMAL5,0,1730244840,1730244840,07:34:00 PM,07:34:00 PM,0
2098058,,ARGYMAL1,0,1730234040,1730234040,04:34:00 PM,04:34:00 PM,0
2098058,,CLARCHU2,0,1730234094,1730234094,04:34:54 PM,04:34:54 PM,0
2098058,,WAVECLA2,0,1730234131,1730234131,04:35:31 PM,04:35:31 PM,0
2098058,,WAVEMER2,0,1730234169,1730234169,04:36:09 PM,04:36:09 PM,0
2098058,,WAVEEDM2,0,1730234215,1730234215,04:36:55 PM,04:36:55 PM,0
2098058,,WAVEWIN2,0,1730234246,1730234246,04:37:26 PM,04:37:26 PM,0
2098058,,WAVESASK,0,1730234285,1730234285,04:38:05 PM,04:38:05 PM,0
2098058,,WAVEKIW2,0,1730234320,1730234320,04:38:40 PM,04:38:40 PM,0
2098058,,BRYDGRAY,0,1730234355,1730234355,04:39:15 PM,04:39:15 PM,0
2098058,,BRYDHAL2,0,1730234393,1730234393,04:39:53 PM,04:39:53 PM,0
2098058,,BRYDHIG2,0,1730234460,1730234460,04:41:00 PM,04:41:00 PM,0
2098058,,HIGBWIL1,0,1730234499,1730234499,04:41:39 PM,04:41:39 PM,0
2098058,,HIGBBEA1,0,1730234545,1730234545,04:42:25 PM,04:42:25 PM,0
2098058,,FLORHIG2,0,1730234579,1730234579,04:42:59 PM,04:42:59 PM,0
2098058,,FLORASH2,0,1730234641,1730234641,04:44:01 PM,04:44:01 PM,0
2098058,,FLORELE2,0,1730234684,1730234684,04:44:44 PM,04:44:44 PM,0
2098058,,FLORKEL2,0,1730234728,1730234728,04:45:28 PM,04:45:28 PM,0
2098058,,FLOREGE2,0,1730234761,1730234761,04:46:01 PM,04:46:01 PM,0
2098058,,FLORFAI2,0,1730234808,1730234808,04:46:48 PM,04:46:48 PM,0
2098058,,YORKREC2,0,1730234880,1730234880,04:48:00 PM,04:48:00 PM,0
2098058,,YORKLYL2,0,1730234977,1730234977,04:49:37 PM,04:49:37 PM,0
2098058,,YORKADE2,0,1730235024,1730235024,04:50:24 PM,04:50:24 PM,0
2098058,,YORKWIL2,0,1730235085,1730235085,04:51:25 PM,04:51:25 PM,0
2098058,,YORKMAI2,0,1730235150,1730235150,04:52:30 PM,04:52:30 PM,0
2098058,,YORKCOL2,0,1730235233,1730235233,04:53:53 PM,04:53:53 PM,0
2098058,,YORKWAT2,0,1730235276,1730235276,04:54:36 PM,04:54:36 PM,0
2098058,,WELLYOR1,,,,,,
2098058,,WELLDUN3,,,,,,
2098058,,QUEECLAR,0,1730235537,1730235537,04:58:57 PM,04:58:57 PM,0
2098058,,QUEERIC1,0,1730235600,1730235600,05:00:00 PM,05:00:00 PM,0
2098058,,QUEERIC1,0,1730235600,1730235600,05:00:00 PM,05:00:00 PM,0
2098058,,RIDOYORK,0,1730235759,1730235759,05:02:39 PM,05:02:39 PM,0
2098058,,YORKTHA2,0,1730235809,1730235809,05:03:29 PM,05:03:29 PM,0
2098058,,WHARHORT,0,1730235985,1730235985,05:06:25 PM,05:06:25 PM,0
2098058,,WHARBYR2,0,1730236025,1730236025,05:07:05 PM,05:07:05 PM,0
2098058,,WHARELM2,0,1730236107,1730236107,05:08:27 PM,05:08:27 PM,0
2098058,,WHARTEC2,0,1730236179,1730236179,05:09:39 PM,05:09:39 PM,0
2098058,,LANGHOLB,0,1730236246,1730236246,05:10:46 PM,05:10:46 PM,0
2098058,,MACKEMER,0,1730236293,1730236293,05:11:33 PM,05:11:33 PM,0
2098058,,EMERWIN2,0,1730236351,1730236351,05:12:31 PM,05:12:31 PM,0
2098058,,EMERHIW2,0,1730236390,1730236390,05:13:10 PM,05:13:10 PM,0
2098058,,EMERPHY2,0,1730236440,1730236440,05:14:00 PM,05:14:00 PM,0
2098058,,EMERRIDG,0,1730236481,1730236481,05:14:41 PM,05:14:41 PM,0
2098058,,SOUTBAS1,0,1730236534,1730236534,05:15:34 PM,05:15:34 PM,0
2098058,,SOUTGAR1,0,1730236590,1730236590,05:16:30 PM,05:16:30 PM,0
2098058,,BERKGAR2,0,1730236617,1730236617,05:16:57 PM,05:16:57 PM,0
2098058,,BERKROB2,0,1730236647,1730236647,05:17:27 PM,05:17:27 PM,0
2098058,,BERKTOP2,0,1730236676,1730236676,05:17:56 PM,05:17:56 PM,0
2098058,,COMMTOP1,0,1730236760,1730236760,05:19:20 PM,05:19:20 PM,0
2098058,,COMMFOE1,0,1730236807,1730236807,05:20:07 PM,05:20:07 PM,0
2098058,,WONDCOM2,0,1730236850,1730236850,05:20:50 PM,05:20:50 PM,0
2098058,,WONDVIL2,0,1730236888,1730236888,05:21:28 PM,05:21:28 PM,0
2098058,,WONDVIS4,0,1730236949,1730236949,05:22:29 PM,05:22:29 PM,0
2098058,,WESTMAL5,0,1730237040,1730237040,05:24:00 PM,05:24:00 PM,0
2098063,,ARGYMAL1,0,1730240940,1730240940,06:29:00 PM,06:29:00 PM,0
2098063,,CLARCHU2,0,1730240986,1730240986,06:29:46 PM,06:29:46 PM,0
2098063,,WAVECLA2,0,1730241018,1730241018,06:30:18 PM,06:30:18 PM,0
2098063,,WAVEMER2,0,1730241051,1730241051,06:30:51 PM,06:30:51 PM,0
2098063,,WAVEEDM2,0,1730241091,1730241091,06:31:31 PM,06:31:31 PM,0
2098063,,WAVEWIN2,0,1730241118,1730241118,06:31:58 PM,06:31:58 PM,0
2098063,,WAVESASK,0,1730241151,1730241151,06:32:31 PM,06:32:31 PM,0
2098063,,WAVEKIW2,0,1730241181,1730241181,06:33:01 PM,06:33:01 PM,0
2098063,,BRYDGRAY,0,1730241211,1730241211,06:33:31 PM,06:33:31 PM,0
2098063,,BRYDHAL2,0,1730241243,1730241243,06:34:03 PM,06:34:03 PM,0
2098063,,BRYDHIG2,0,1730241300,1730241300,06:35:00 PM,06:35:00 PM,0
2098063,,HIGBWIL1,0,1730241333,1730241333,06:35:33 PM,06:35:33 PM,0
2098063,,HIGBBEA1,0,1730241372,1730241372,06:36:12 PM,06:36:12 PM,0
2098063,,FLORHIG2,0,1730241401,1730241401,06:36:41 PM,06:36:41 PM,0
2098063,,FLORASH2,0,1730241454,1730241454,06:37:34 PM,06:37:34 PM,0
2098063,,FLORELE2,0,1730241491,1730241491,06:38:11 PM,06:38:11 PM,0
2098063,,FLORKEL2,0,1730241528,1730241528,06:38:48 PM,06:38:48 PM,0
2098063,,FLOREGE2,0,1730241556,1730241556,06:39:16 PM,06:39:16 PM,0
2098063,,FLORFAI2,0,1730241596,1730241596,06:39:56 PM,06:39:56 PM,0
2098063,,YORKREC2,0,1730241660,1730241660,06:41:00 PM,06:41:00 PM,0
2098063,,YORKLYL2,0,1730241736,1730241736,06:42:16 PM,06:42:16 PM,0
2098063,,YORKADE2,0,1730241772,1730241772,06:42:52 PM,06:42:52 PM,0
2098063,,YORKWIL2,0,1730241820,1730241820,06:43:40 PM,06:43:40 PM,0
2098063,,YORKMAI2,0,1730241870,1730241870,06:44:30 PM,06:44:30 PM,0
2098063,,YORKCOL2,0,1730241935,1730241935,06:45:35 PM,06:45:35 PM,0
2098063,,YORKWAT2,0,1730241968,1730241968,06:46:08 PM,06:46:08 PM,0
2098063,,WELLYOR1,,,,,,
2098063,,WELLDUN3,,,,,,
2098063,,QUEECLAR,0,1730242158,1730242158,06:49:18 PM,06:49:18 PM,0
2098063,,QUEERIC1,0,1730242200,1730242200,06:50:00 PM,06:50:00 PM,0
2098063,,QUEERIC1,0,1730242200,1730242200,06:50:00 PM,06:50:00 PM,0
2098063,,RIDOYORK,0,1730242313,1730242313,06:51:53 PM,06:51:53 PM,0
2098063,,YORKTHA2,0,1730242348,1730242348,06:52:28 PM,06:52:28 PM,0
2098063,,WHARHORT,0,1730242474,1730242474,06:54:34 PM,06:54:34 PM,0
2098063,,WHARBYR2,0,1730242503,1730242503,06:55:03 PM,06:55:03 PM,0
2098063,,WHARELM2,0,1730242562,1730242562,06:56:02 PM,06:56:02 PM,0
2098063,,WHARTEC2,0,1730242613,1730242613,06:56:53 PM,06:56:53 PM,0
2098063,,LANGHOLB,0,1730242660,1730242660,06:57:40 PM,06:57:40 PM,0
2098063,,MACKEMER,0,1730242693,1730242693,06:58:13 PM,06:58:13 PM,0
2098063,,EMERWIN2,0,1730242734,1730242734,06:58:54 PM,06:58:54 PM,0
2098063,,EMERHIW2,0,1730242762,1730242762,06:59:22 PM,06:59:22 PM,0
2098063,,EMERPHY2,0,1730242800,1730242800,07:00:00 PM,07:00:00 PM,0
2098063,,EMERRIDG,0,1730242837,1730242837,07:00:37 PM,07:00:37 PM,0
2098063,,SOUTBAS1,0,1730242885,1730242885,07:01:25 PM,07:01:25 PM,0
2098063,,SOUTGAR1,0,1730242935,1730242935,07:02:15 PM,07:02:15 PM,0
2098063,,BERKGAR2,0,1730242959,1730242959,07:02:39 PM,07:02:39 PM,0
2098063,,BERKROB2,0,1730242986,1730242986,07:03:06 PM,07:03:06 PM,0
2098063,,BERKTOP2,0,1730243012,1730243012,07:03:32 PM,07:03:32 PM,0
2098063,,COMMTOP1,0,1730243088,1730243088,07:04:48 PM,07:04:48 PM,0
2098063,,COMMFOE1,0,1730243130,1730243130,07:05:30 PM,07:05:30 PM,0
2098063,,WONDCOM2,0,1730243168,1730243168,07:06:08 PM,07:06:08 PM,0
2098063,,WONDVIL2,0,1730243202,1730243202,07:06:42 PM,07:06:42 PM,0
2098063,,WONDVIS4,0,1730243257,1730243257,07:07:37 PM,07:07:37 PM,0
2098063,,WESTMAL5,0,1730243340,1730243340,07:09:00 PM,07:09:00 PM,0
2098067,,ARGYMAL1,0,1730247240,1730247240,08:14:00 PM,08:14:00 PM,0
2098067,,CLARCHU2,0,1730247286,1730247286,08:14:46 PM,08:14:46 PM,0
2098067,,WAVECLA2,0,1730247318,1730247318,08:15:18 PM,08:15:18 PM,0
2098067,,WAVEMER2,0,1730247351,1730247351,08:15:51 PM,08:15:51 PM,0
2098067,,WAVEEDM2,0,1730247391,1730247391,08:16:31 PM,08:16:31 PM,0
2098067,,WAVEWIN2,0,1730247418,1730247418,08:16:58 PM,08:16:58 PM,0
2098067,,WAVESASK,0,1730247451,1730247451,08:17:31 PM,08:17:31 PM,0
2098067,,WAVEKIW2,0,1730247481,1730247481,08:18:01 PM,08:18:01 PM,0
2098067,,BRYDGRAY,0,1730247511,1730247511,08:18:31 PM,08:18:31 PM,0
2098067,,BRYDHAL2,0,1730247543,1730247543,08:19:03 PM,08:19:03 PM,0
2098067,,BRYDHIG2,0,1730247600,1730247600,08:20:00 PM,08:20:00 PM,0
2098067,,HIGBWIL1,0,1730247633,1730247633,08:20:33 PM,08:20:33 PM,0
2098067,,HIGBBEA1,0,1730247672,1730247672,08:21:12 PM,08:21:12 PM,0
2098067,,FLORHIG2,0,1730247701,1730247701,08:21:41 PM,08:21:41 PM,0
2098067,,FLORASH2,0,1730247754,1730247754,08:22:34 PM,08:22:34 PM,0
2098067,,FLORELE2,0,1730247791,1730247791,08:23:11 PM,08:23:11 PM,0
2098067,,FLORKEL2,0,1730247828,1730247828,08:23:48 PM,08:23:48 PM,0
2098067,,FLOREGE2,0,1730247856,1730247856,08:24:16 PM,08:24:16 PM,0
2098067,,FLORFAI2,0,1730247896,1730247896,08:24:56 PM,08:24:56 PM,0
2098067,,YORKREC2,0,1730247960,1730247960,08:26:00 PM,08:26:00 PM,0
2098067,,YORKLYL2,0,1730248036,1730248036,08:27:16 PM,08:27:16 PM,0
2098067,,YORKADE2,0,1730248072,1730248072,08:27:52 PM,08:27:52 PM,0
2098067,,YORKWIL2,0,1730248120,1730248120,08:28:40 PM,08:28:40 PM,0
2098067,,YORKMAI2,0,1730248170,1730248170,08:29:30 PM,08:29:30 PM,0
2098067,,YORKCOL2,0,1730248235,1730248235,08:30:35 PM,08:30:35 PM,0
2098067,,YORKWAT2,0,1730248268,1730248268,08:31:08 PM,08:31:08 PM,0
2098067,,WELLYOR1,,,,,,
2098067,,WELLDUN3,,,,,,
2098067,,QUEECLAR,0,1730248458,1730248458,08:34:18 PM,08:34:18 PM,0
2098067,,QUEERIC1,0,1730248500,1730248500,08:35:00 PM,08:35:00 PM,0
2098067,,QUEERIC1,0,1730248500,1730248500,08:35:00 PM,08:35:00 PM,0
2098067,,RIDOYORK,0,1730248613,1730248613,08:36:53 PM,08:36:53 PM,0
2098067,,YORKTHA2,0,1730248648,1730248648,08:37:28 PM,08:37:28 PM,0
2098067,,WHARHORT,0,1730248774,1730248774,08:39:34 PM,08:39:34 PM,0
2098067,,WHARBYR2,0,1730248803,1730248803,08:40:03 PM,08:40:03 PM,0
2098067,,WHARELM2,0,1730248862,1730248862,08:41:02 PM,08:41:02 PM,0
2098067,,WHARTEC2,0,1730248913,1730248913,08:41:53 PM,08:41:53 PM,0
2098067,,LANGHOLB,0,1730248960,1730248960,08:42:40 PM,08:42:40 PM,0
2098067,,MACKEMER,0,1730248993,1730248993,08:43:13 PM,08:43:13 PM,0
2098067,,EMERWIN2,0,1730249034,1730249034,08:43:54 PM,08:43:54 PM,0
2098067,,EMERHIW2,0,1730249062,1730249062,08:44:22 PM,08:44:22 PM,0
2098067,,EMERPHY2,0,1730249100,1730249100,08:45:00 PM,08:45:00 PM,0
2098067,,EMERRIDG,0,1730249137,1730249137,08:45:37 PM,08:45:37 PM,0
2098067,,SOUTBAS1,0,1730249185,1730249185,08:46:25 PM,08:46:25 PM,0
2098067,,SOUTGAR1,0,1730249235,1730249235,08:47:15 PM,08:47:15 PM,0
2098067,,BERKGAR2,0,1730249259,1730249259,08:47:39 PM,08:47:39 PM,0
2098067,,BERKROB2,0,1730249286,1730249286,08:48:06 PM,08:48:06 PM,0
2098067,,BERKTOP2,0,1730249312,1730249312,08:48:32 PM,08:48:32 PM,0
2098067,,COMMTOP1,0,1730249388,1730249388,08:49:48 PM,08:49:48 PM,0
2098067,,COMMFOE1,0,1730249430,1730249430,08:50:30 PM,08:50:30 PM,0
2098067,,WONDCOM2,0,1730249468,1730249468,08:51:08 PM,08:51:08 PM,0
2098067,,WONDVIL2,0,1730249502,1730249502,08:51:42 PM,08:51:42 PM,0
2098067,,WONDVIS4,0,1730249557,1730249557,08:52:37 PM,08:52:37 PM,0
2098067,,WESTMAL5,0,1730249640,1730249640,08:54:00 PM,08:54:00 PM,0
2098070,,ARGYMAL1,0,1730253420,1730253420,09:57:00 PM,09:57:00 PM,0
2098070,,CLARCHU2,0,1730253459,1730253459,09:57:39 PM,09:57:39 PM,0
2098070,,WAVECLA2,0,1730253485,1730253485,09:58:05 PM,09:58:05 PM,0
2098070,,WAVEMER2,0,1730253512,1730253512,09:58:32 PM,09:58:32 PM,0
2098070,,WAVEEDM2,0,1730253545,1730253545,09:59:05 PM,09:59:05 PM,0
2098070,,WAVEWIN2,0,1730253567,1730253567,09:59:27 PM,09:59:27 PM,0
2098070,,WAVESASK,0,1730253595,1730253595,09:59:55 PM,09:59:55 PM,0
2098070,,WAVEKIW2,0,1730253620,1730253620,10:00:20 PM,10:00:20 PM,0
2098070,,BRYDGRAY,0,1730253645,1730253645,10:00:45 PM,10:00:45 PM,0
2098070,,BRYDHAL2,0,1730253672,1730253672,10:01:12 PM,10:01:12 PM,0
2098070,,BRYDHIG2,0,1730253720,1730253720,10:02:00 PM,10:02:00 PM,0
2098070,,HIGBWIL1,0,1730253748,1730253748,10:02:28 PM,10:02:28 PM,0
2098070,,HIGBBEA1,0,1730253781,1730253781,10:03:01 PM,10:03:01 PM,0
2098070,,FLORHIG2,0,1730253805,1730253805,10:03:25 PM,10:03:25 PM,0
2098070,,FLORASH2,0,1730253849,1730253849,10:04:09 PM,10:04:09 PM,0
2098070,,FLORELE2,0,1730253879,1730253879,10:04:39 PM,10:04:39 PM,0
2098070,,FLORKEL2,0,1730253910,1730253910,10:05:10 PM,10:05:10 PM,0
2098070,,FLOREGE2,0,1730253933,1730253933,10:05:33 PM,10:05:33 PM,0
2098070,,FLORFAI2,0,1730253966,1730253966,10:06:06 PM,10:06:06 PM,0
2098070,,YORKREC2,0,1730254020,1730254020,10:07:00 PM,10:07:00 PM,0
2098070,,YORKLYL2,0,1730254085,1730254085,10:08:05 PM,10:08:05 PM,0
2098070,,YORKADE2,0,1730254116,1730254116,10:08:36 PM,10:08:36 PM,0
2098070,,YORKWIL2,0,1730254157,1730254157,10:09:17 PM,10:09:17 PM,0
2098070,,YORKMAI2,0,1730254200,1730254200,10:10:00 PM,10:10:00 PM,0
2098070,,YORKCOL2,0,1730254255,1730254255,10:10:55 PM,10:10:55 PM,0
2098070,,YORKWAT2,0,1730254283,1730254283,10:11:23 PM,10:11:23 PM,0
2098070,,WELLYOR1,,,,,,
2098070,,WELLDUN3,,,,,,
2098070,,QUEECLAR,0,1730254458,1730254458,10:14:18 PM,10:14:18 PM,0
2098070,,QUEERIC1,0,1730254500,1730254500,10:15:00 PM,10:15:00 PM,0
2098070,,QUEERIC1,0,1730254500,1730254500,10:15:00 PM,10:15:00 PM,0
2098070,,RIDOYORK,0,1730254602,1730254602,10:16:42 PM,10:16:42 PM,0
2098070,,YORKTHA2,0,1730254634,1730254634,10:17:14 PM,10:17:14 PM,0
2098070,,WHARHORT,0,1730254747,1730254747,10:19:07 PM,10:19:07 PM,0
2098070,,WHARBYR2,0,1730254773,1730254773,10:19:33 PM,10:19:33 PM,0
2098070,,WHARELM2,0,1730254826,1730254826,10:20:26 PM,10:20:26 PM,0
2098070,,WHARTEC2,0,1730254872,1730254872,10:21:12 PM,10:21:12 PM,0
2098070,,LANGHOLB,0,1730254915,1730254915,10:21:55 PM,10:21:55 PM,0
2098070,,MACKEMER,0,1730254945,1730254945,10:22:25 PM,10:22:25 PM,0
2098070,,EMERWIN2,0,1730254982,1730254982,10:23:02 PM,10:23:02 PM,0
2098070,,EMERHIW2,0,1730255007,1730255007,10:23:27 PM,10:23:27 PM,0
2098070,,EMERPHY2,0,1730255040,1730255040,10:24:00 PM,10:24:00 PM,0
2098070,,EMERRIDG,0,1730255073,1730255073,10:24:33 PM,10:24:33 PM,0
2098070,,SOUTBAS1,0,1730255115,1730255115,10:25:15 PM,10:25:15 PM,0
2098070,,SOUTGAR1,0,1730255160,1730255160,10:26:00 PM,10:26:00 PM,0
2098070,,BERKGAR2,0,1730255182,1730255182,10:26:22 PM,10:26:22 PM,0
2098070,,BERKROB2,0,1730255206,1730255206,10:26:46 PM,10:26:46 PM,0
2098070,,BERKTOP2,0,1730255229,1730255229,10:27:09 PM,10:27:09 PM,0
2098070,,COMMTOP1,0,1730255296,1730255296,10:28:16 PM,10:28:16 PM,0
2098070,,COMMFOE1,0,1730255333,1730255333,10:28:53 PM,10:28:53 PM,0
2098070,,WONDCOM2,0,1730255367,1730255367,10:29:27 PM,10:29:27 PM,0
2098070,,WONDVIL2,0,1730255397,1730255397,10:29:57 PM,10:29:57 PM,0
2098070,,WONDVIS4,0,1730255446,1730255446,10:30:46 PM,10:30:46 PM,0
2098070,,WESTMAL5,0,1730255520,1730255520,10:32:00 PM,10:32:00 PM,0
2098073,,ARGYMAL1,0,1730258820,1730258820,11:27:00 PM,11:27:00 PM,0
2098073,,CLARCHU2,0,1730258859,1730258859,11:27:39 PM,11:27:39 PM,0
2098073,,WAVECLA2,0,1730258885,1730258885,11:28:05 PM,11:28:05 PM,0
2098073,,WAVEMER2,0,1730258912,1730258912,11:28:32 PM,11:28:32 PM,0
2098073,,WAVEEDM2,0,1730258945,1730258945,11:29:05 PM,11:29:05 PM,0
2098073,,WAVEWIN2,0,1730258967,1730258967,11:29:27 PM,11:29:27 PM,0
2098073,,WAVESASK,0,1730258995,1730258995,11:29:55 PM,11:29:55 PM,0
2098073,,WAVEKIW2,0,1730259020,1730259020,11:30:20 PM,11:30:20 PM,0
2098073,,BRYDGRAY,0,1730259045,1730259045,11:30:45 PM,11:30:45 PM,0
2098073,,BRYDHAL2,0,1730259072,1730259072,11:31:12 PM,11:31:12 PM,0
2098073,,BRYDHIG2,0,1730259120,1730259120,11:32:00 PM,11:32:00 PM,0
2098073,,HIGBWIL1,0,1730259148,1730259148,11:32:28 PM,11:32:28 PM,0
2098073,,HIGBBEA1,0,1730259181,1730259181,11:33:01 PM,11:33:01 PM,0
2098073,,FLORHIG2,0,1730259205,1730259205,11:33:25 PM,11:33:25 PM,0
2098073,,FLORASH2,0,1730259249,1730259249,11:34:09 PM,11:34:09 PM,0
2098073,,FLORELE2,0,1730259279,1730259279,11:34:39 PM,11:34:39 PM,0
2098073,,FLORKEL2,0,1730259310,1730259310,11:35:10 PM,11:35:10 PM,0
2098073,,FLOREGE2,0,1730259333,1730259333,11:35:33 PM,11:35:33 PM,0
2098073,,FLORFAI2,0,1730259366,1730259366,11:36:06 PM,11:36:06 PM,0
2098073,,YORKREC2,0,1730259420,1730259420,11:37:00 PM,11:37:00 PM,0
2098073,,YORKLYL2,0,1730259485,1730259485,11:38:05 PM,11:38:05 PM,0
2098073,,YORKADE2,0,1730259516,1730259516,11:38:36 PM,11:38:36 PM,0
2098073,,YORKWIL2,0,1730259557,1730259557,11:39:17 PM,11:39:17 PM,0
2098073,,YORKMAI2,0,1730259600,1730259600,11:40:00 PM,11:40:00 PM,0
2098073,,YORKCOL2,0,1730259655,1730259655,11:40:55 PM,11:40:55 PM,0
2098073,,YORKWAT2,0,1730259683,1730259683,11:41:23 PM,11:41:23 PM,0
2098073,,WELLYOR1,,,,,,
2098073,,WELLDUN3,,,,,,
2098073,,QUEECLAR,0,1730259858,1730259858,11:44:18 PM,11:44:18 PM,0
2098073,,QUEERIC1,0,1730259900,1730259900,11:45:00 PM,11:45:00 PM,0
2098073,,QUEERIC1,0,1730259900,1730259900,11:45:00 PM,11:45:00 PM,0
2098073,,RIDOYORK,0,1730260002,1730260002,11:46:42 PM,11:46:42 PM,0
2098073,,YORKTHA2,0,1730260034,1730260034,11:47:14 PM,11:47:14 PM,0
2098073,,WHARHORT,0,1730260147,1730260147,11:49:07 PM,11:49:07 PM,0
2098073,,WHARBYR2,0,1730260173,1730260173,11:49:33 PM,11:49:33 PM,0
2098073,,WHARELM2,0,1730260226,1730260226,11:50:26 PM,11:50:26 PM,0
2098073,,WHARTEC2,0,1730260272,1730260272,11:51:12 PM,11:51:12 PM,0
2098073,,LANGHOLB,0,1730260315,1730260315,11:51:55 PM,11:51:55 PM,0
2098073,,MACKEMER,0,1730260345,1730260345,11:52:25 PM,11:52:25 PM,0
2098073,,EMERWIN2,0,1730260382,1730260382,11:53:02 PM,11:53:02 PM,0
2098073,,EMERHIW2,0,1730260407,1730260407,11:53:27 PM,11:53:27 PM,0
2098073,,EMERPHY2,0,1730260440,1730260440,11:54:00 PM,11:54:00 PM,0
2098073,,EMERRIDG,0,1730260473,1730260473,11:54:33 PM,11:54:33 PM,0
2098073,,SOUTBAS1,0,1730260515,1730260515,11:55:15 PM,11:55:15 PM,0
2098073,,SOUTGAR1,0,1730260560,1730260560,11:56:00 PM,11:56:00 PM,0
2098073,,BERKGAR2,0,1730260582,1730260582,11:56:22 PM,11:56:22 PM,0
2098073,,BERKROB2,0,1730260606,1730260606,11:56:46 PM,11:56:46 PM,0
2098073,,BERKTOP2,0,1730260629,1730260629,11:57:09 PM,11:57:09 PM,0
2098073,,COMMTOP1,0,1730260696,1730260696,11:58:16 PM,11:58:16 PM,0
2098073,,COMMFOE1,0,1730260733,1730260733,11:58:53 PM,11:58:53 PM,0
2098073,,WONDCOM2,0,1730260767,1730260767,11:59:27 PM,11:59:27 PM,0
2098073,,WONDVIL2,0,1730260797,1730260797,11:59:57 PM,11:59:57 PM,0
2098073,,WONDVIS4,0,1730260846,1730260846,12:00:46 AM,12:00:46 AM,0
2098073,,WESTMAL5,0,1730260920,1730260920,12:02:00 AM,12:02:00 AM,0
2098055,,ARGYMAL1,0,1730230500,1730230500,03:35:00 PM,03:35:00 PM,0
2098055,,CLARCHU2,0,1730230554,1730230554,03:35:54 PM,03:35:54 PM,0
2098055,,WAVECLA2,0,1730230591,1730230591,03:36:31 PM,03:36:31 PM,0
2098055,,WAVEMER2,0,1730230629,1730230629,03:37:09 PM,03:37:09 PM,0
2098055,,WAVEEDM2,0,1730230675,1730230675,03:37:55 PM,03:37:55 PM,0
2098055,,WAVEWIN2,0,1730230706,1730230706,03:38:26 PM,03:38:26 PM,0
2098055,,WAVESASK,0,1730230745,1730230745,03:39:05 PM,03:39:05 PM,0
2098055,,WAVEKIW2,0,1730230780,1730230780,03:39:40 PM,03:39:40 PM,0
2098055,,BRYDGRAY,0,1730230815,1730230815,03:40:15 PM,03:40:15 PM,0
2098055,,BRYDHAL2,0,1730230853,1730230853,03:40:53 PM,03:40:53 PM,0
2098055,,BRYDHIG2,0,1730230920,1730230920,03:42:00 PM,03:42:00 PM,0
2098055,,HIGBWIL1,0,1730230953,1730230953,03:42:33 PM,03:42:33 PM,0
2098055,,HIGBBEA1,0,1730230992,1730230992,03:43:12 PM,03:43:12 PM,0
2098055,,FLORHIG2,0,1730231021,1730231021,03:43:41 PM,03:43:41 PM,0
2098055,,FLORASH2,0,1730231074,1730231074,03:44:34 PM,03:44:34 PM,0
2098055,,FLORELE2,0,1730231111,1730231111,03:45:11 PM,03:45:11 PM,0
2098055,,FLORKEL2,0,1730231148,1730231148,03:45:48 PM,03:45:48 PM,0
2098055,,FLOREGE2,0,1730231176,1730231176,03:46:16 PM,03:46:16 PM,0
2098055,,FLORFAI2,0,1730231216,1730231216,03:46:56 PM,03:46:56 PM,0
2098055,,YORKREC2,0,1730231280,1730231280,03:48:00 PM,03:48:00 PM,0
2098055,,YORKLYL2,0,1730231377,1730231377,03:49:37 PM,03:49:37 PM,0
2098055,,YORKADE2,0,1730231424,1730231424,03:50:24 PM,03:50:24 PM,0
2098055,,YORKWIL2,0,1730231485,1730231485,03:51:25 PM,03:51:25 PM,0
2098055,,YORKMAI2,0,1730231550,1730231550,03:52:30 PM,03:52:30 PM,0
2098055,,YORKCOL2,0,1730231633,1730231633,03:53:53 PM,03:53:53 PM,0
2098055,,YORKWAT2,0,1730231676,1730231676,03:54:36 PM,03:54:36 PM,0
2098055,,WELLYOR1,,,,,,
2098055,,WELLDUN3,,,,,,
2098055,,QUEECLAR,0,1730231937,1730231937,03:58:57 PM,03:58:57 PM,0
2098055,,QUEERIC1,0,1730232000,1730232000,04:00:00 PM,04:00:00 PM,0
2098055,,QUEERIC1,0,1730232000,1730232000,04:00:00 PM,04:00:00 PM,0
2098055,,RIDOYORK,0,1730232159,1730232159,04:02:39 PM,04:02:39 PM,0
2098055,,YORKTHA2,0,1730232209,1730232209,04:03:29 PM,04:03:29 PM,0
2098055,,WHARHORT,0,1730232385,1730232385,04:06:25 PM,04:06:25 PM,0
2098055,,WHARBYR2,0,1730232425,1730232425,04:07:05 PM,04:07:05 PM,0
2098055,,WHARELM2,0,1730232507,1730232507,04:08:27 PM,04:08:27 PM,0
2098055,,WHARTEC2,0,1730232579,1730232579,04:09:39 PM,04:09:39 PM,0
2098055,,LANGHOLB,0,1730232646,1730232646,04:10:46 PM,04:10:46 PM,0
2098055,,MACKEMER,0,1730232693,1730232693,04:11:33 PM,04:11:33 PM,0
2098055,,EMERWIN2,0,1730232751,1730232751,04:12:31 PM,04:12:31 PM,0
2098055,,EMERHIW2,0,1730232790,1730232790,04:13:10 PM,04:13:10 PM,0
2098055,,EMERPHY2,0,1730232840,1730232840,04:14:00 PM,04:14:00 PM,0
2098055,,EMERRIDG,0,1730232881,1730232881,04:14:41 PM,04:14:41 PM,0
2098055,,SOUTBAS1,0,1730232934,1730232934,04:15:34 PM,04:15:34 PM,0
2098055,,SOUTGAR1,0,1730232990,1730232990,04:16:30 PM,04:16:30 PM,0
2098055,,BERKGAR2,0,1730233017,1730233017,04:16:57 PM,04:16:57 PM,0
2098055,,BERKROB2,0,1730233047,1730233047,04:17:27 PM,04:17:27 PM,0
2098055,,BERKTOP2,0,1730233076,1730233076,04:17:56 PM,04:17:56 PM,0
2098055,,COMMTOP1,0,1730233160,1730233160,04:19:20 PM,04:19:20 PM,0
2098055,,COMMFOE1,0,1730233207,1730233207,04:20:07 PM,04:20:07 PM,0
2098055,,WONDCOM2,0,1730233250,1730233250,04:20:50 PM,04:20:50 PM,0
2098055,,WONDVIL2,0,1730233288,1730233288,04:21:28 PM,04:21:28 PM,0
2098055,,WONDVIS4,0,1730233349,1730233349,04:22:29 PM,04:22:29 PM,0
2098055,,WESTMAL5,0,1730233440,1730233440,04:24:00 PM,04:24:00 PM,0
2098061,,ARGYMAL1,0,1730237700,1730237700,05:35:00 PM,05:35:00 PM,0
2098061,,CLARCHU2,0,1730237754,1730237754,05:35:54 PM,05:35:54 PM,0
2098061,,WAVECLA2,0,1730237791,1730237791,05:36:31 PM,05:36:31 PM,0
2098061,,WAVEMER2,0,1730237829,1730237829,05:37:09 PM,05:37:09 PM,0
2098061,,WAVEEDM2,0,1730237875,1730237875,05:37:55 PM,05:37:55 PM,0
2098061,,WAVEWIN2,0,1730237906,1730237906,05:38:26 PM,05:38:26 PM,0
2098061,,WAVESASK,0,1730237945,1730237945,05:39:05 PM,05:39:05 PM,0
2098061,,WAVEKIW2,0,1730237980,1730237980,05:39:40 PM,05:39:40 PM,0
2098061,,BRYDGRAY,0,1730238015,1730238015,05:40:15 PM,05:40:15 PM,0
2098061,,BRYDHAL2,0,1730238053,1730238053,05:40:53 PM,05:40:53 PM,0
2098061,,BRYDHIG2,0,1730238120,1730238120,05:42:00 PM,05:42:00 PM,0
2098061,,HIGBWIL1,0,1730238159,1730238159,05:42:39 PM,05:42:39 PM,0
2098061,,HIGBBEA1,0,1730238205,1730238205,05:43:25 PM,05:43:25 PM,0
2098061,,FLORHIG2,0,1730238239,1730238239,05:43:59 PM,05:43:59 PM,0
2098061,,FLORASH2,0,1730238301,1730238301,05:45:01 PM,05:45:01 PM,0
2098061,,FLORELE2,0,1730238344,1730238344,05:45:44 PM,05:45:44 PM,0
2098061,,FLORKEL2,0,1730238388,1730238388,05:46:28 PM,05:46:28 PM,0
2098061,,FLOREGE2,0,1730238421,1730238421,05:47:01 PM,05:47:01 PM,0
2098061,,FLORFAI2,0,1730238468,1730238468,05:47:48 PM,05:47:48 PM,0
2098061,,YORKREC2,0,1730238540,1730238540,05:49:00 PM,05:49:00 PM,0
2098061,,YORKLYL2,0,1730238637,1730238637,05:50:37 PM,05:50:37 PM,0
2098061,,YORKADE2,0,1730238684,1730238684,05:51:24 PM,05:51:24 PM,0
2098061,,YORKWIL2,0,1730238745,1730238745,05:52:25 PM,05:52:25 PM,0
2098061,,YORKMAI2,0,1730238810,1730238810,05:53:30 PM,05:53:30 PM,0
2098061,,YORKCOL2,0,1730238893,1730238893,05:54:53 PM,05:54:53 PM,0
2098061,,YORKWAT2,0,1730238936,1730238936,05:55:36 PM,05:55:36 PM,0
2098061,,WELLYOR1,,,,,,
2098061,,WELLDUN3,,,,,,
2098061,,QUEECLAR,0,1730239158,1730239158,05:59:18 PM,05:59:18 PM,0
2098061,,QUEERIC1,0,1730239200,1730239200,06:00:00 PM,06:00:00 PM,0
2098061,,QUEERIC1,0,1730239200,1730239200,06:00:00 PM,06:00:00 PM,0
2098061,,RIDOYORK,0,1730239313,1730239313,06:01:53 PM,06:01:53 PM,0
2098061,,YORKTHA2,0,1730239348,1730239348,06:02:28 PM,06:02:28 PM,0
2098061,,WHARHORT,0,1730239474,1730239474,06:04:34 PM,06:04:34 PM,0
2098061,,WHARBYR2,0,1730239503,1730239503,06:05:03 PM,06:05:03 PM,0
2098061,,WHARELM2,0,1730239562,1730239562,06:06:02 PM,06:06:02 PM,0
2098061,,WHARTEC2,0,1730239613,1730239613,06:06:53 PM,06:06:53 PM,0
2098061,,LANGHOLB,0,1730239660,1730239660,06:07:40 PM,06:07:40 PM,0
2098061,,MACKEMER,0,1730239693,1730239693,06:08:13 PM,06:08:13 PM,0
2098061,,EMERWIN2,0,1730239734,1730239734,06:08:54 PM,06:08:54 PM,0
2098061,,EMERHIW2,0,1730239762,1730239762,06:09:22 PM,06:09:22 PM,0
2098061,,EMERPHY2,0,1730239800,1730239800,06:10:00 PM,06:10:00 PM,0
2098061,,EMERRIDG,0,1730239837,1730239837,06:10:37 PM,06:10:37 PM,0
2098061,,SOUTBAS1,0,1730239885,1730239885,06:11:25 PM,06:11:25 PM,0
2098061,,SOUTGAR1,0,1730239935,1730239935,06:12:15 PM,06:12:15 PM,0
2098061,,BERKGAR2,0,1730239959,1730239959,06:12:39 PM,06:12:39 PM,0
2098061,,BERKROB2,0,1730239986,1730239986,06:13:06 PM,06:13:06 PM,0
2098061,,BERKTOP2,0,1730240012,1730240012,06:13:32 PM,06:13:32 PM,0
2098061,,COMMTOP1,0,1730240088,1730240088,06:14:48 PM,06:14:48 PM,0
2098061,,COMMFOE1,0,1730240130,1730240130,06:15:30 PM,06:15:30 PM,0
2098061,,WONDCOM2,0,1730240168,1730240168,06:16:08 PM,06:16:08 PM,0
2098061,,WONDVIL2,0,1730240202,1730240202,06:16:42 PM,06:16:42 PM,0
2098061,,WONDVIS4,0,1730240257,1730240257,06:17:37 PM,06:17:37 PM,0
2098061,,WESTMAL5,0,1730240340,1730240340,06:19:00 PM,06:19:00 PM,0
2098065,,ARGYMAL1,0,1730243940,1730243940,07:19:00 PM,07:19:00 PM,0
2098065,,CLARCHU2,0,1730243986,1730243986,07:19:46 PM,07:19:46 PM,0
2098065,,WAVECLA2,0,1730244018,1730244018,07:20:18 PM,07:20:18 PM,0
2098065,,WAVEMER2,0,1730244051,1730244051,07:20:51 PM,07:20:51 PM,0
2098065,,WAVEEDM2,0,1730244091,1730244091,07:21:31 PM,07:21:31 PM,0
2098065,,WAVEWIN2,0,1730244118,1730244118,07:21:58 PM,07:21:58 PM,0
2098065,,WAVESASK,0,1730244151,1730244151,07:22:31 PM,07:22:31 PM,0
2098065,,WAVEKIW2,0,1730244181,1730244181,07:23:01 PM,07:23:01 PM,0
2098065,,BRYDGRAY,0,1730244211,1730244211,07:23:31 PM,07:23:31 PM,0
2098065,,BRYDHAL2,0,1730244243,1730244243,07:24:03 PM,07:24:03 PM,0
2098065,,BRYDHIG2,0,1730244300,1730244300,07:25:00 PM,07:25:00 PM,0
2098065,,HIGBWIL1,0,1730244333,1730244333,07:25:33 PM,07:25:33 PM,0
2098065,,HIGBBEA1,0,1730244372,1730244372,07:26:12 PM,07:26:12 PM,0
2098065,,FLORHIG2,0,1730244401,1730244401,07:26:41 PM,07:26:41 PM,0
2098065,,FLORASH2,0,1730244454,1730244454,07:27:34 PM,07:27:34 PM,0
2098065,,FLORELE2,0,1730244491,1730244491,07:28:11 PM,07:28:11 PM,0
2098065,,FLORKEL2,0,1730244528,1730244528,07:28:48 PM,07:28:48 PM,0
2098065,,FLOREGE2,0,1730244556,1730244556,07:29:16 PM,07:29:16 PM,0
2098065,,FLORFAI2,0,1730244596,1730244596,07:29:56 PM,07:29:56 PM,0
2098065,,YORKREC2,0,1730244660,1730244660,07:31:00 PM,07:31:00 PM,0
2098065,,YORKLYL2,0,1730244736,1730244736,07:32:16 PM,07:32:16 PM,0
2098065,,YORKADE2,0,1730244772,1730244772,07:32:52 PM,07:32:52 PM,0
2098065,,YORKWIL2,0,1730244820,1730244820,07:33:40 PM,07:33:40 PM,0
2098065,,YORKMAI2,0,1730244870,1730244870,07:34:30 PM,07:34:30 PM,0
2098065,,YORKCOL2,0,1730244935,1730244935,07:35:35 PM,07:35:35 PM,0
2098065,,YORKWAT2,0,1730244968,1730244968,07:36:08 PM,07:36:08 PM,0
2098065,,WELLYOR1,,,,,,
2098065,,WELLDUN3,,,,,,
2098065,,QUEECLAR,0,1730245158,1730245158,07:39:18 PM,07:39:18 PM,0
2098065,,QUEERIC1,0,1730245200,1730245200,07:40:00 PM,07:40:00 PM,0
2098065,,QUEERIC1,0,1730245200,1730245200,07:40:00 PM,07:40:00 PM,0
2098065,,RIDOYORK,0,1730245313,1730245313,07:41:53 PM,07:41:53 PM,0
2098065,,YORKTHA2,0,1730245348,1730245348,07:42:28 PM,07:42:28 PM,0
2098065,,WHARHORT,0,1730245474,1730245474,07:44:34 PM,07:44:34 PM,0
2098065,,WHARBYR2,0,1730245503,1730245503,07:45:03 PM,07:45:03 PM,0
2098065,,WHARELM2,0,1730245562,1730245562,07:46:02 PM,07:46:02 PM,0
2098065,,WHARTEC2,0,1730245613,1730245613,07:46:53 PM,07:46:53 PM,0
2098065,,LANGHOLB,0,1730245660,1730245660,07:47:40 PM,07:47:40 PM,0
2098065,,MACKEMER,0,1730245693,1730245693,07:48:13 PM,07:48:13 PM,0
2098065,,EMERWIN2,0,1730245734,1730245734,07:48:54 PM,07:48:54 PM,0
2098065,,EMERHIW2,0,1730245762,1730245762,07:49:22 PM,07:49:22 PM,0
2098065,,EMERPHY2,0,1730245800,1730245800,07:50:00 PM,07:50:00 PM,0
2098065,,EMERRIDG,0,1730245837,1730245837,07:50:37 PM,07:50:37 PM,0
2098065,,SOUTBAS1,0,1730245885,1730245885,07:51:25 PM,07:51:25 PM,0
2098065,,SOUTGAR1,0,1730245935,1730245935,07:52:15 PM,07:52:15 PM,0
2098065,,BERKGAR2,0,1730245959,1730245959,07:52:39 PM,07:52:39 PM,0
2098065,,BERKROB2,0,1730245986,1730245986,07:53:06 PM,07:53:06 PM,0
2098065,,BERKTOP2,0,1730246012,1730246012,07:53:32 PM,07:53:32 PM,0
2098065,,COMMTOP1,0,1730246088,1730246088,07:54:48 PM,07:54:48 PM,0
2098065,,COMMFOE1,0,1730246130,1730246130,07:55:30 PM,07:55:30 PM,0
2098065,,WONDCOM2,0,1730246168,1730246168,07:56:08 PM,07:56:08 PM,0
2098065,,WONDVIL2,0,1730246202,1730246202,07:56:42 PM,07:56:42 PM,0
2098065,,WONDVIS4,0,1730246257,1730246257,07:57:37 PM,07:57:37 PM,0
2098065,,WESTMAL5,0,1730246340,1730246340,07:59:00 PM,07:59:00 PM,0
2098068,,ARGYMAL1,0,1730249820,1730249820,08:57:00 PM,08:57:00 PM,0
2098068,,CLARCHU2,0,1730249859,1730249859,08:57:39 PM,08:57:39 PM,0
2098068,,WAVECLA2,0,1730249885,1730249885,08:58:05 PM,08:58:05 PM,0
2098068,,WAVEMER2,0,1730249912,1730249912,08:58:32 PM,08:58:32 PM,0
2098068,,WAVEEDM2,0,1730249945,1730249945,08:59:05 PM,08:59:05 PM,0
2098068,,WAVEWIN2,0,1730249967,1730249967,08:59:27 PM,08:59:27 PM,0
2098068,,WAVESASK,0,1730249995,1730249995,08:59:55 PM,08:59:55 PM,0
2098068,,WAVEKIW2,0,1730250020,1730250020,09:00:20 PM,09:00:20 PM,0
2098068,,BRYDGRAY,0,1730250045,1730250045,09:00:45 PM,09:00:45 PM,0
2098068,,BRYDHAL2,0,1730250072,1730250072,09:01:12 PM,09:01:12 PM,0
2098068,,BRYDHIG2,0,1730250120,1730250120,09:02:00 PM,09:02:00 PM,0
2098068,,HIGBWIL1,0,1730250148,1730250148,09:02:28 PM,09:02:28 PM,0
2098068,,HIGBBEA1,0,1730250181,1730250181,09:03:01 PM,09:03:01 PM,0
2098068,,FLORHIG2,0,1730250205,1730250205,09:03:25 PM,09:03:25 PM,0
2098068,,FLORASH2,0,1730250249,1730250249,09:04:09 PM,09:04:09 PM,0
2098068,,FLORELE2,0,1730250279,1730250279,09:04:39 PM,09:04:39 PM,0
2098068,,FLORKEL2,0,1730250310,1730250310,09:05:10 PM,09:05:10 PM,0
2098068,,FLOREGE2,0,1730250333,1730250333,09:05:33 PM,09:05:33 PM,0
2098068,,FLORFAI2,0,1730250366,1730250366,09:06:06 PM,09:06:06 PM,0
2098068,,YORKREC2,0,1730250420,1730250420,09:07:00 PM,09:07:00 PM,0
2098068,,YORKLYL2,0,1730250485,1730250485,09:08:05 PM,09:08:05 PM,0
2098068,,YORKADE2,0,1730250516,1730250516,09:08:36 PM,09:08:36 PM,0
2098068,,YORKWIL2,0,1730250557,1730250557,09:09:17 PM,09:09:17 PM,0
2098068,,YORKMAI2,0,1730250600,1730250600,09:10:00 PM,09:10:00 PM,0
2098068,,YORKCOL2,0,1730250655,1730250655,09:10:55 PM,09:10:55 PM,0
2098068,,YORKWAT2,0,1730250683,1730250683,09:11:23 PM,09:11:23 PM,0
2098068,,WELLYOR1,,,,,,
2098068,,WELLDUN3,,,,,,
2098068,,QUEECLAR,0,1730250858,1730250858,09:14:18 PM,09:14:18 PM,0
2098068,,QUEERIC1,0,1730250900,1730250900,09:15:00 PM,09:15:00 PM,0
2098068,,QUEERIC1,0,1730250900,1730250900,09:15:00 PM,09:15:00 PM,0
2098068,,RIDOYORK,0,1730251002,1730251002,09:16:42 PM,09:16:42 PM,0
2098068,,YORKTHA2,0,1730251034,1730251034,09:17:14 PM,09:17:14 PM,0
2098068,,WHARHORT,0,1730251147,1730251147,09:19:07 PM,09:19:07 PM,0
2098068,,WHARBYR2,0,1730251173,1730251173,09:19:33 PM,09:19:33 PM,0
2098068,,WHARELM2,0,1730251226,1730251226,09:20:26 PM,09:20:26 PM,0
2098068,,WHARTEC2,0,1730251272,1730251272,09:21:12 PM,09:21:12 PM,0
2098068,,LANGHOLB,0,1730251315,1730251315,09:21:55 PM,09:21:55 PM,0
2098068,,MACKEMER,0,1730251345,1730251345,09:22:25 PM,09:22:25 PM,0
2098068,,EMERWIN2,0,1730251382,1730251382,09:23:02 PM,09:23:02 PM,0
2098068,,EMERHIW2,0,1730251407,1730251407,09:23:27 PM,09:23:27 PM,0
2098068,,EMERPHY2,0,1730251440,1730251440,09:24:00 PM,09:24:00 PM,0
2098068,,EMERRIDG,0,1730251473,1730251473,09:24:33 PM,09:24:33 PM,0
2098068,,SOUTBAS1,0,1730251515,1730251515,09:25:15 PM,09:25:15 PM,0
2098068,,SOUTGAR1,0,1730251560,1730251560,09:26:00 PM,09:26:00 PM,0
2098068,,BERKGAR2,0,1730251582,1730251582,09:26:22 PM,09:26:22 PM,0
2098068,,BERKROB2,0,1730251606,1730251606,09:26:46 PM,09:26:46 PM,0
2098068,,BERKTOP2,0,1730251629,1730251629,09:27:09 PM,09:27:09 PM,0
2098068,,COMMTOP1,0,1730251696,1730251696,09:28:16 PM,09:28:16 PM,0
2098068,,COMMFOE1,0,1730251733,1730251733,09:28:53 PM,09:28:53 PM,0
2098068,,WONDCOM2,0,1730251767,1730251767,09:29:27 PM,09:29:27 PM,0
2098068,,WONDVIL2,0,1730251797,1730251797,09:29:57 PM,09:29:57 PM,0
2098068,,WONDVIS4,0,1730251846,1730251846,09:30:46 PM,09:30:46 PM,0
2098068,,WESTMAL5,0,1730251920,1730251920,09:32:00 PM,09:32:00 PM,0
2098071,,ARGYMAL1,0,1730255220,1730255220,10:27:00 PM,10:27:00 PM,0
2098071,,CLARCHU2,0,1730255259,1730255259,10:27:39 PM,10:27:39 PM,0
2098071,,WAVECLA2,0,1730255285,1730255285,10:28:05 PM,10:28:05 PM,0
2098071,,WAVEMER2,0,1730255312,1730255312,10:28:32 PM,10:28:32 PM,0
2098071,,WAVEEDM2,0,1730255345,1730255345,10:29:05 PM,10:29:05 PM,0
2098071,,WAVEWIN2,0,1730255367,1730255367,10:29:27 PM,10:29:27 PM,0
2098071,,WAVESASK,0,1730255395,1730255395,10:29:55 PM,10:29:55 PM,0
2098071,,WAVEKIW2,0,1730255420,1730255420,10:30:20 PM,10:30:20 PM,0
2098071,,BRYDGRAY,0,1730255445,1730255445,10:30:45 PM,10:30:45 PM,0
2098071,,BRYDHAL2,0,1730255472,1730255472,10:31:12 PM,10:31:12 PM,0
2098071,,BRYDHIG2,0,1730255520,1730255520,10:32:00 PM,10:32:00 PM,0
2098071,,HIGBWIL1,0,1730255548,1730255548,10:32:28 PM,10:32:28 PM,0
2098071,,HIGBBEA1,0,1730255581,1730255581,10:33:01 PM,10:33:01 PM,0
2098071,,FLORHIG2,0,1730255605,1730255605,10:33:25 PM,10:33:25 PM,0
2098071,,FLORASH2,0,1730255649,1730255649,10:34:09 PM,10:34:09 PM,0
2098071,,FLORELE2,0,1730255679,1730255679,10:34:39 PM,10:34:39 PM,0
2098071,,FLORKEL2,0,1730255710,1730255710,10:35:10 PM,10:35:10 PM,0
2098071,,FLOREGE2,0,1730255733,1730255733,10:35:33 PM,10:35:33 PM,0
2098071,,FLORFAI2,0,1730255766,1730255766,10:36:06 PM,10:36:06 PM,0
2098071,,YORKREC2,0,1730255820,1730255820,10:37:00 PM,10:37:00 PM,0
2098071,,YORKLYL2,0,1730255885,1730255885,10:38:05 PM,10:38:05 PM,0
2098071,,YORKADE2,0,1730255916,1730255916,10:38:36 PM,10:38:36 PM,0
2098071,,YORKWIL2,0,1730255957,1730255957,10:39:17 PM,10:39:17 PM,0
2098071,,YORKMAI2,0,1730256000,1730256000,10:40:00 PM,10:40:00 PM,0
2098071,,YORKCOL2,0,1730256055,1730256055,10:40:55 PM,10:40:55 PM,0
2098071,,YORKWAT2,0,1730256083,1730256083,10:41:23 PM,10:41:23 PM,0
2098071,,WELLYOR1,,,,,,
2098071,,WELLDUN3,,,,,,
2098071,,QUEECLAR,0,1730256258,1730256258,10:44:18 PM,10:44:18 PM,0
2098071,,QUEERIC1,0,1730256300,1730256300,10:45:00 PM,10:45:00 PM,0
2098071,,QUEERIC1,0,1730256300,1730256300,10:45:00 PM,10:45:00 PM,0
2098071,,RIDOYORK,0,1730256402,1730256402,10:46:42 PM,10:46:42 PM,0
2098071,,YORKTHA2,0,1730256434,1730256434,10:47:14 PM,10:47:14 PM,0
2098071,,WHARHORT,0,1730256547,1730256547,10:49:07 PM,10:49:07 PM,0
2098071,,WHARBYR2,0,1730256573,1730256573,10:49:33 PM,10:49:33 PM,0
2098071,,WHARELM2,0,1730256626,1730256626,10:50:26 PM,10:50:26 PM,0
2098071,,WHARTEC2,0,1730256672,1730256672,10:51:12 PM,10:51:12 PM,0
2098071,,LANGHOLB,0,1730256715,1730256715,10:51:55 PM,10:51:55 PM,0
2098071,,MACKEMER,0,1730256745,1730256745,10:52:25 PM,10:52:25 PM,0
2098071,,EMERWIN2,0,1730256782,1730256782,10:53:02 PM,10:53:02 PM,0
2098071,,EMERHIW2,0,1730256807,1730256807,10:53:27 PM,10:53:27 PM,0
2098071,,EMERPHY2,0,1730256840,1730256840,10:54:00 PM,10:54:00 PM,0
2098071,,EMERRIDG,0,1730256873,1730256873,10:54:33 PM,10:54:33 PM,0
2098071,,SOUTBAS1,0,1730256915,1730256915,10:55:15 PM,10:55:15 PM,0
2098071,,SOUTGAR1,0,1730256960,1730256960,10:56:00 PM,10:56:00 PM,0
2098071,,BERKGAR2,0,1730256982,1730256982,10:56:22 PM,10:56:22 PM,0
2098071,,BERKROB2,0,1730257006,1730257006,10:56:46 PM,10:56:46 PM,0
2098071,,BERKTOP2,0,1730257029,1730257029,10:57:09 PM,10:57:09 PM,0
2098071,,COMMTOP1,0,1730257096,1730257096,10:58:16 PM,10:58:16 PM,0
2098071,,COMMFOE1,0,1730257133,1730257133,10:58:53 PM,10:58:53 PM,0
2098071,,WONDCOM2,0,1730257167,1730257167,10:59:27 PM,10:59:27 PM,0
2098071,,WONDVIL2,0,1730257197,1730257197,10:59:57 PM,10:59:57 PM,0
2098071,,WONDVIS4,0,1730257246,1730257246,11:00:46 PM,11:00:46 PM,0
2098071,,WESTMAL5,0,1730257320,1730257320,11:02:00 PM,11:02:00 PM,0
2098057,,ARGYMAL1,0,1730232840,1730232840,04:14:00 PM,04:14:00 PM,0
2098057,,CLARCHU2,0,1730232894,1730232894,04:14:54 PM,04:14:54 PM,0
2098057,,WAVECLA2,0,1730232931,1730232931,04:15:31 PM,04:15:31 PM,0
2098057,,WAVEMER2,0,1730232969,1730232969,04:16:09 PM,04:16:09 PM,0
2098057,,WAVEEDM2,0,1730233015,1730233015,04:16:55 PM,04:16:55 PM,0
2098057,,WAVEWIN2,0,1730233046,1730233046,04:17:26 PM,04:17:26 PM,0
2098057,,WAVESASK,0,1730233085,1730233085,04:18:05 PM,04:18:05 PM,0
2098057,,WAVEKIW2,0,1730233120,1730233120,04:18:40 PM,04:18:40 PM,0
2098057,,BRYDGRAY,0,1730233155,1730233155,04:19:15 PM,04:19:15 PM,0
2098057,,BRYDHAL2,0,1730233193,1730233193,04:19:53 PM,04:19:53 PM,0
2098057,,BRYDHIG2,0,1730233260,1730233260,04:21:00 PM,04:21:00 PM,0
2098057,,HIGBWIL1,0,1730233299,1730233299,04:21:39 PM,04:21:39 PM,0
2098057,,HIGBBEA1,0,1730233345,1730233345,04:22:25 PM,04:22:25 PM,0
2098057,,FLORHIG2,0,1730233379,1730233379,04:22:59 PM,04:22:59 PM,0
2098057,,FLORASH2,0,1730233441,1730233441,04:24:01 PM,04:24:01 PM,0
2098057,,FLORELE2,0,1730233484,1730233484,04:24:44 PM,04:24:44 PM,0
2098057,,FLORKEL2,0,1730233528,1730233528,04:25:28 PM,04:25:28 PM,0
2098057,,FLOREGE2,0,1730233561,1730233561,04:26:01 PM,04:26:01 PM,0
2098057,,FLORFAI2,0,1730233608,1730233608,04:26:48 PM,04:26:48 PM,0
2098057,,YORKREC2,0,1730233680,1730233680,04:28:00 PM,04:28:00 PM,0
2098057,,YORKLYL2,0,1730233777,1730233777,04:29:37 PM,04:29:37 PM,0
2098057,,YORKADE2,0,1730233824,1730233824,04:30:24 PM,04:30:24 PM,0
2098057,,YORKWIL2,0,1730233885,1730233885,04:31:25 PM,04:31:25 PM,0
2098057,,YORKMAI2,0,1730233950,1730233950,04:32:30 PM,04:32:30 PM,0
2098057,,YORKCOL2,0,1730234033,1730234033,04:33:53 PM,04:33:53 PM,0
2098057,,YORKWAT2,0,1730234076,1730234076,04:34:36 PM,04:34:36 PM,0
2098057,,WELLYOR1,,,,,,
2098057,,WELLDUN3,,,,,,
2098057,,QUEECLAR,0,1730234337,1730234337,04:38:57 PM,04:38:57 PM,0
2098057,,QUEERIC1,0,1730234400,1730234400,04:40:00 PM,04:40:00 PM,0
2098057,,QUEERIC1,0,1730234400,1730234400,04:40:00 PM,04:40:00 PM,0
2098057,,RIDOYORK,0,1730234559,1730234559,04:42:39 PM,04:42:39 PM,0
2098057,,YORKTHA2,0,1730234609,1730234609,04:43:29 PM,04:43:29 PM,0
2098057,,WHARHORT,0,1730234785,1730234785,04:46:25 PM,04:46:25 PM,0
2098057,,WHARBYR2,0,1730234825,1730234825,04:47:05 PM,04:47:05 PM,0
2098057,,WHARELM2,0,1730234907,1730234907,04:48:27 PM,04:48:27 PM,0
2098057,,WHARTEC2,0,1730234979,1730234979,04:49:39 PM,04:49:39 PM,0
2098057,,LANGHOLB,0,1730235046,1730235046,04:50:46 PM,04:50:46 PM,0
2098057,,MACKEMER,0,1730235093,1730235093,04:51:33 PM,04:51:33 PM,0
2098057,,EMERWIN2,0,1730235151,1730235151,04:52:31 PM,04:52:31 PM,0
2098057,,EMERHIW2,0,1730235190,1730235190,04:53:10 PM,04:53:10 PM,0
2098057,,EMERPHY2,0,1730235240,1730235240,04:54:00 PM,04:54:00 PM,0
2098057,,EMERRIDG,0,1730235281,1730235281,04:54:41 PM,04:54:41 PM,0
2098057,,SOUTBAS1,0,1730235334,1730235334,04:55:34 PM,04:55:34 PM,0
2098057,,SOUTGAR1,0,1730235390,1730235390,04:56:30 PM,04:56:30 PM,0
2098057,,BERKGAR2,0,1730235417,1730235417,04:56:57 PM,04:56:57 PM,0
2098057,,BERKROB2,0,1730235447,1730235447,04:57:27 PM,04:57:27 PM,0
2098057,,BERKTOP2,0,1730235476,1730235476,04:57:56 PM,04:57:56 PM,0
2098057,,COMMTOP1,0,1730235560,1730235560,04:59:20 PM,04:59:20 PM,0
2098057,,COMMFOE1,0,1730235607,1730235607,05:00:07 PM,05:00:07 PM,0
2098057,,WONDCOM2,0,1730235650,1730235650,05:00:50 PM,05:00:50 PM,0
2098057,,WONDVIL2,0,1730235688,1730235688,05:01:28 PM,05:01:28 PM,0
2098057,,WONDVIS4,0,1730235749,1730235749,05:02:29 PM,05:02:29 PM,0
2098057,,WESTMAL5,0,1730235840,1730235840,05:04:00 PM,05:04:00 PM,0
2098054,,ARGYMAL1,0,1730229300,1730229300,03:15:00 PM,03:15:00 PM,0
2098054,,CLARCHU2,0,1730229354,1730229354,03:15:54 PM,03:15:54 PM,0
2098054,,WAVECLA2,0,1730229391,1730229391,03:16:31 PM,03:16:31 PM,0
2098054,,WAVEMER2,0,1730229429,1730229429,03:17:09 PM,03:17:09 PM,0
2098054,,WAVEEDM2,0,1730229475,1730229475,03:17:55 PM,03:17:55 PM,0
2098054,,WAVEWIN2,0,1730229506,1730229506,03:18:26 PM,03:18:26 PM,0
2098054,,WAVESASK,0,1730229545,1730229545,03:19:05 PM,03:19:05 PM,0
2098054,,WAVEKIW2,0,1730229580,1730229580,03:19:40 PM,03:19:40 PM,0
2098054,,BRYDGRAY,0,1730229615,1730229615,03:20:15 PM,03:20:15 PM,0
2098054,,BRYDHAL2,0,1730229653,1730229653,03:20:53 PM,03:20:53 PM,0
2098054,,BRYDHIG2,0,1730229720,1730229720,03:22:00 PM,03:22:00 PM,0
2098054,,HIGBWIL1,0,1730229753,1730229753,03:22:33 PM,03:22:33 PM,0
2098054,,HIGBBEA1,0,1730229792,1730229792,03:23:12 PM,03:23:12 PM,0
2098054,,FLORHIG2,0,1730229821,1730229821,03:23:41 PM,03:23:41 PM,0
2098054,,FLORASH2,0,1730229874,1730229874,03:24:34 PM,03:24:34 PM,0
2098054,,FLORELE2,0,1730229911,1730229911,03:25:11 PM,03:25:11 PM,0
2098054,,FLORKEL2,0,1730229948,1730229948,03:25:48 PM,03:25:48 PM,0
2098054,,FLOREGE2,0,1730229976,1730229976,03:26:16 PM,03:26:16 PM,0
2098054,,FLORFAI2,0,1730230016,1730230016,03:26:56 PM,03:26:56 PM,0
2098054,,YORKREC2,0,1730230080,1730230080,03:28:00 PM,03:28:00 PM,0
2098054,,YORKLYL2,0,1730230177,1730230177,03:29:37 PM,03:29:37 PM,0
2098054,,YORKADE2,0,1730230224,1730230224,03:30:24 PM,03:30:24 PM,0
2098054,,YORKWIL2,0,1730230285,1730230285,03:31:25 PM,03:31:25 PM,0
2098054,,YORKMAI2,0,1730230350,1730230350,03:32:30 PM,03:32:30 PM,0
2098054,,YORKCOL2,0,1730230433,1730230433,03:33:53 PM,03:33:53 PM,0
2098054,,YORKWAT2,0,1730230476,1730230476,03:34:36 PM,03:34:36 PM,0
2098054,,WELLYOR1,,,,,,
2098054,,WELLDUN3,,,,,,
2098054,,QUEECLAR,0,1730230737,1730230737,03:38:57 PM,03:38:57 PM,0
2098054,,QUEERIC1,0,1730230800,1730230800,03:40:00 PM,03:40:00 PM,0
2098054,,QUEERIC1,0,1730230800,1730230800,03:40:00 PM,03:40:00 PM,0
2098054,,RIDOYORK,0,1730230925,1730230925,03:42:05 PM,03:42:05 PM,0
2098054,,YORKTHA2,0,1730230964,1730230964,03:42:44 PM,03:42:44 PM,0
2098054,,WHARHORT,0,1730231102,1730231102,03:45:02 PM,03:45:02 PM,0
2098054,,WHARBYR2,0,1730231134,1730231134,03:45:34 PM,03:45:34 PM,0
2098054,,WHARELM2,0,1730231199,1730231199,03:46:39 PM,03:46:39 PM,0
2098054,,WHARTEC2,0,1730231255,1730231255,03:47:35 PM,03:47:35 PM,0
2098054,,LANGHOLB,0,1730231307,1730231307,03:48:27 PM,03:48:27 PM,0
2098054,,MACKEMER,0,1730231344,1730231344,03:49:04 PM,03:49:04 PM,0
2098054,,EMERWIN2,0,1730231390,1730231390,03:49:50 PM,03:49:50 PM,0
2098054,,EMERHIW2,0,1730231420,1730231420,03:50:20 PM,03:50:20 PM,0
2098054,,EMERPHY2,0,1730231460,1730231460,03:51:00 PM,03:51:00 PM,0
2098054,,EMERRIDG,0,1730231501,1730231501,03:51:41 PM,03:51:41 PM,0
2098054,,SOUTBAS1,0,1730231554,1730231554,03:52:34 PM,03:52:34 PM,0
2098054,,SOUTGAR1,0,1730231610,1730231610,03:53:30 PM,03:53:30 PM,0
2098054,,BERKGAR2,0,1730231637,1730231637,03:53:57 PM,03:53:57 PM,0
2098054,,BERKROB2,0,1730231667,1730231667,03:54:27 PM,03:54:27 PM,0
2098054,,BERKTOP2,0,1730231696,1730231696,03:54:56 PM,03:54:56 PM,0
2098054,,COMMTOP1,0,1730231780,1730231780,03:56:20 PM,03:56:20 PM,0
2098054,,COMMFOE1,0,1730231827,1730231827,03:57:07 PM,03:57:07 PM,0
2098054,,WONDCOM2,0,1730231870,1730231870,03:57:50 PM,03:57:50 PM,0
2098054,,WONDVIL2,0,1730231908,1730231908,03:58:28 PM,03:58:28 PM,0
2098054,,WONDVIS4,0,1730231969,1730231969,03:59:29 PM,03:59:29 PM,0
2098054,,WESTMAL5,0,1730232060,1730232060,04:01:00 PM,04:01:00 PM,0
2098060,,ARGYMAL1,0,1730236440,1730236440,05:14:00 PM,05:14:00 PM,0
2098060,,CLARCHU2,0,1730236494,1730236494,05:14:54 PM,05:14:54 PM,0
2098060,,WAVECLA2,0,1730236531,1730236531,05:15:31 PM,05:15:31 PM,0
2098060,,WAVEMER2,0,1730236569,1730236569,05:16:09 PM,05:16:09 PM,0
2098060,,WAVEEDM2,0,1730236615,1730236615,05:16:55 PM,05:16:55 PM,0
2098060,,WAVEWIN2,0,1730236646,1730236646,05:17:26 PM,05:17:26 PM,0
2098060,,WAVESASK,0,1730236685,1730236685,05:18:05 PM,05:18:05 PM,0
2098060,,WAVEKIW2,0,1730236720,1730236720,05:18:40 PM,05:18:40 PM,0
2098060,,BRYDGRAY,0,1730236755,1730236755,05:19:15 PM,05:19:15 PM,0
2098060,,BRYDHAL2,0,1730236793,1730236793,05:19:53 PM,05:19:53 PM,0
2098060,,BRYDHIG2,0,1730236860,1730236860,05:21:00 PM,05:21:00 PM,0
2098060,,HIGBWIL1,0,1730236899,1730236899,05:21:39 PM,05:21:39 PM,0
2098060,,HIGBBEA1,0,1730236945,1730236945,05:22:25 PM,05:22:25 PM,0
2098060,,FLORHIG2,0,1730236979,1730236979,05:22:59 PM,05:22:59 PM,0
2098060,,FLORASH2,0,1730237041,1730237041,05:24:01 PM,05:24:01 PM,0
2098060,,FLORELE2,0,1730237084,1730237084,05:24:44 PM,05:24:44 PM,0
2098060,,FLORKEL2,0,1730237128,1730237128,05:25:28 PM,05:25:28 PM,0
2098060,,FLOREGE2,0,1730237161,1730237161,05:26:01 PM,05:26:01 PM,0
2098060,,FLORFAI2,0,1730237208,1730237208,05:26:48 PM,05:26:48 PM,0
2098060,,YORKREC2,0,1730237280,1730237280,05:28:00 PM,05:28:00 PM,0
2098060,,YORKLYL2,0,1730237377,1730237377,05:29:37 PM,05:29:37 PM,0
2098060,,YORKADE2,0,1730237424,1730237424,05:30:24 PM,05:30:24 PM,0
2098060,,YORKWIL2,0,1730237485,1730237485,05:31:25 PM,05:31:25 PM,0
2098060,,YORKMAI2,0,1730237550,1730237550,05:32:30 PM,05:32:30 PM,0
2098060,,YORKCOL2,0,1730237633,1730237633,05:33:53 PM,05:33:53 PM,0
2098060,,YORKWAT2,0,1730237676,1730237676,05:34:36 PM,05:34:36 PM,0
2098060,,WELLYOR1,,,,,,
2098060,,WELLDUN3,,,,,,
2098060,,QUEECLAR,0,1730237937,1730237937,05:38:57 PM,05:38:57 PM,0
2098060,,QUEERIC1,0,1730238000,1730238000,05:40:00 PM,05:40:00 PM,0
2098060,,QUEERIC1,0,1730238000,1730238000,05:40:00 PM,05:40:00 PM,0
2098060,,RIDOYORK,0,1730238159,1730238159,05:42:39 PM,05:42:39 PM,0
2098060,,YORKTHA2,0,1730238209,1730238209,05:43:29 PM,05:43:29 PM,0
2098060,,WHARHORT,0,1730238385,1730238385,05:46:25 PM,05:46:25 PM,0
2098060,,WHARBYR2,0,1730238425,1730238425,05:47:05 PM,05:47:05 PM,0
2098060,,WHARELM2,0,1730238507,1730238507,05:48:27 PM,05:48:27 PM,0
2098060,,WHARTEC2,0,1730238579,1730238579,05:49:39 PM,05:49:39 PM,0
2098060,,LANGHOLB,0,1730238646,1730238646,05:50:46 PM,05:50:46 PM,0
2098060,,MACKEMER,0,1730238693,1730238693,05:51:33 PM,05:51:33 PM,0
2098060,,EMERWIN2,0,1730238751,1730238751,05:52:31 PM,05:52:31 PM,0
2098060,,EMERHIW2,0,1730238790,1730238790,05:53:10 PM,05:53:10 PM,0
2098060,,EMERPHY2,0,1730238840,1730238840,05:54:00 PM,05:54:00 PM,0
2098060,,EMERRIDG,0,1730238881,1730238881,05:54:41 PM,05:54:41 PM,0
2098060,,SOUTBAS1,0,1730238934,1730238934,05:55:34 PM,05:55:34 PM,0
2098060,,SOUTGAR1,0,1730238990,1730238990,05:56:30 PM,05:56:30 PM,0
2098060,,BERKGAR2,0,1730239017,1730239017,05:56:57 PM,05:56:57 PM,0
2098060,,BERKROB2,0,1730239047,1730239047,05:57:27 PM,05:57:27 PM,0
2098060,,BERKTOP2,0,1730239076,1730239076,05:57:56 PM,05:57:56 PM,0
2098060,,COMMTOP1,0,1730239160,1730239160,05:59:20 PM,05:59:20 PM,0
2098060,,COMMFOE1,0,1730239207,1730239207,06:00:07 PM,06:00:07 PM,0
2098060,,WONDCOM2,0,1730239250,1730239250,06:00:50 PM,06:00:50 PM,0
2098060,,WONDVIL2,0,1730239288,1730239288,06:01:28 PM,06:01:28 PM,0
2098060,,WONDVIS4,0,1730239349,1730239349,06:02:29 PM,06:02:29 PM,0
2098060,,WESTMAL5,0,1730239440,1730239440,06:04:00 PM,06:04:00 PM,0
2110365,,MASOSTO4,0,1730235240,1730235240,04:54:00 PM,04:54:00 PM,0
2110365,,RICHJACK,0,1730235315,1730235315,04:55:15 PM,04:55:15 PM,0
2110365,,RICHSHAV,0,1730235360,1730235360,04:56:00 PM,04:56:00 PM,0
2110365,,RICHWES2,0,1730235411,1730235411,04:56:51 PM,04:56:51 PM,0
2110365,,RICHWES4,0,1730235437,1730235437,04:57:17 PM,04:57:17 PM,0
2110365,,RICHWYND,0,1730235476,1730235476,04:57:56 PM,04:57:56 PM,0
2110365,,WINDRIC2,0,1730235558,1730235558,04:59:18 PM,04:59:18 PM,0
2110365,,PERTWIN2,0,1730235608,1730235608,05:00:08 PM,05:00:08 PM,0
2110365,,UNIVHOS2,0,1730235666,1730235666,05:01:06 PM,05:01:06 PM,0
2110365,,MIDDPERT,0,1730235820,1730235820,05:03:40 PM,05:03:40 PM,0
2110365,,NATSCI,0,1730235900,1730235900,05:05:00 PM,05:05:00 PM,0
2110365,,NATSCI,0,1730235900,1730235900,05:05:00 PM,05:05:00 PM,0
2110365,,WESTELG2,0,1730236294,1730236294,05:11:34 PM,05:11:34 PM,0
2110365,,WESTLAM2,0,1730236500,1730236500,05:15:00 PM,05:15:00 PM,0
2110365,,SARNWES2,0,1730236632,1730236632,05:17:12 PM,05:17:12 PM,0
2110365,,SARNBRES,0,1730236760,1730236760,05:19:20 PM,05:19:20 PM,0
2110365,,SARNSLEI,0,1730236887,1730236887,05:21:27 PM,05:21:27 PM,0
2110365,,SARNLEYT,0,1730237034,1730237034,05:23:54 PM,05:23:54 PM,0
2110365,,WONDSAR2,0,1730237220,1730237220,05:27:00 PM,05:27:00 PM,0
2110365,,WONDBEA2,0,1730237367,1730237367,05:29:27 PM,05:29:27 PM,0
2110365,,WONDFAR4,0,1730237436,1730237436,05:30:36 PM,05:30:36 PM,0
2110365,,WONDFAR2,0,1730237471,1730237471,05:31:11 PM,05:31:11 PM,0
2110365,,WONDOXF2,0,1730237520,1730237520,05:32:00 PM,05:32:00 PM,0
2110365,,WONDOXF4,0,1730237567,1730237567,05:32:47 PM,05:32:47 PM,0
2110365,,WONDKIW2,0,1730237622,1730237622,05:33:42 PM,05:33:42 PM,0
2110365,,WONDRIV2,0,1730237683,1730237683,05:34:43 PM,05:34:43 PM,0
2110365,,WONDSPRI,0,1730237935,1730237935,05:38:55 PM,05:38:55 PM,0
2110365,,WONDROSE,0,1730238003,1730238003,05:40:03 PM,05:40:03 PM,0
2110365,,WONDCOM2,0,1730238122,1730238122,05:42:02 PM,05:42:02 PM,0
2110365,,WONDVIL2,0,1730238165,1730238165,05:42:45 PM,05:42:45 PM,0
2110365,,WONDVIS4,0,1730238235,1730238235,05:43:55 PM,05:43:55 PM,0
2110365,,WESTMAL4,0,1730238300,1730238300,05:45:00 PM,05:45:00 PM,0
2110365,,VISCWON1,0,1730238367,1730238367,05:46:07 PM,05:46:07 PM,0
2110365,,VISCWON5,0,1730238405,1730238405,05:46:45 PM,05:46:45 PM,0
2110365,,WONDMMA4,0,1730238499,1730238499,05:48:19 PM,05:48:19 PM,0
2110365,,WONDMMA2,0,1730238556,1730238556,05:49:16 PM,05:49:16 PM,0
2110365,,WONDPVA2,0,1730238618,1730238618,05:50:18 PM,05:50:18 PM,0
2110365,,WONDPVA4,0,1730238663,1730238663,05:51:03 PM,05:51:03 PM,0
2110365,,SOUTWON1,0,1730238741,1730238741,05:52:21 PM,05:52:21 PM,0
2110365,,SOUTSING,0,1730238825,1730238825,05:53:45 PM,05:53:45 PM,0
2110365,,SOUTAND1,0,1730238900,1730238900,05:55:00 PM,05:55:00 PM,0
2110365,,SOUTSPRI,0,1730238941,1730238941,05:55:41 PM,05:55:41 PM,0
2110365,,SOUTNOD1,0,1730238985,1730238985,05:56:25 PM,05:56:25 PM,0
2110365,,SOUTNOD3,0,1730239016,1730239016,05:56:56 PM,05:56:56 PM,0
2110365,,SOUTWHA1,0,1730239089,1730239089,05:58:09 PM,05:58:09 PM,0
2110365,,SOUTWHA3,0,1730239117,1730239117,05:58:37 PM,05:58:37 PM,0
2110365,,SOUTWHOK,0,1730239184,1730239184,05:59:44 PM,05:59:44 PM,0
2110365,,SOUTJAL1,0,1730239295,1730239295,06:01:35 PM,06:01:35 PM,0
2110365,,SOUTDUL1,0,1730239328,1730239328,06:02:08 PM,06:02:08 PM,0
2110365,,SOUTNIX1,0,1730239369,1730239369,06:02:49 PM,06:02:49 PM,0
2110365,,SOUTVER1,0,1730239470,1730239470,06:04:30 PM,06:04:30 PM,0
2110365,,WELLHARL,,,,,,
2110365,,WELLMON4,,,,,,
2110365,,WELLMON2,,,,,,
2110365,,WELLBRA2,0,1730239692,1730239692,06:08:12 PM,06:08:12 PM,0
2110365,,WHITOMA3,0,1730239740,1730239740,06:09:00 PM,06:09:00 PM,0
2110365,,WHITOMA3,0,1730240040,1730240040,06:14:00 PM,06:14:00 PM,0
2110365,,BRADWEL3,0,1730240181,1730240181,06:16:21 PM,06:16:21 PM,0
2110365,,BRADWIL1,0,1730240228,1730240228,06:17:08 PM,06:17:08 PM,0
2110365,,BRADAGN1,0,1730240254,1730240254,06:17:34 PM,06:17:34 PM,0
2110365,,BRADADE1,0,1730240304,1730240304,06:18:24 PM,06:18:24 PM,0
2110365,,BRADADE3,0,1730240357,1730240357,06:19:17 PM,06:19:17 PM,0
2110365,,ADELOSG5,0,1730240397,1730240397,06:19:57 PM,06:19:57 PM,0
2110365,,ADELOSG7,0,1730240439,1730240439,06:20:39 PM,06:20:39 PM,0
2110365,,ADELOSG3,0,1730240514,1730240514,06:21:54 PM,06:21:54 PM,0
2110365,,SOUTADE1,0,1730240566,1730240566,06:22:46 PM,06:22:46 PM,0
2110365,,SOUTMIL5,0,1730240594,1730240594,06:23:14 PM,06:23:14 PM,0
2110365,,SOUTMIL3,0,1730240633,1730240633,06:23:53 PM,06:23:53 PM,0
2110365,,SOUTMIL1,0,1730240700,1730240700,06:25:00 PM,06:25:00 PM,0
2110365,,SOUTKOR1,0,1730240755,1730240755,06:25:55 PM,06:25:55 PM,0
2110365,,SOUTPOM1,0,1730240792,1730240792,06:26:32 PM,06:26:32 PM,0
2110365,,PONDPONV,0,1730240874,1730240874,06:27:54 PM,06:27:54 PM,0
2110365,,PONDMIR3,0,1730240912,1730240912,06:28:32 PM,06:28:32 PM,0
2110365,,PONDMIR1,0,1730240940,1730240940,06:29:00 PM,06:29:00 PM,0
2110365,,PONDDEV1,0,1730240990,1730240990,06:29:50 PM,06:29:50 PM,0
2110365,,PONDBAN1,0,1730241014,1730241014,06:30:14 PM,06:30:14 PM,0
2110365,,PONDOLDH,0,1730241080,1730241080,06:31:20 PM,06:31:20 PM,0
2110365,,COMMPOM3,0,1730241135,1730241135,06:32:15 PM,06:32:15 PM,0
2110365,,COMMDEV1,0,1730241180,1730241180,06:33:00 PM,06:33:00 PM,0
2110365,,COMMHIG1,0,1730241241,1730241241,06:34:01 PM,06:34:01 PM,0
2110365,,HIGBHAM1,0,1730241516,1730241516,06:38:36 PM,06:38:36 PM,0
2110365,,HIGBMAGE,0,1730241543,1730241543,06:39:03 PM,06:39:03 PM,0
2110365,,HIGBTRA1,0,1730241600,1730241600,06:40:00 PM,06:40:00 PM,0
2110363,,MASOSTO4,0,1730231220,1730231220,03:47:00 PM,03:47:00 PM,0
2110363,,RICHJACK,0,1730231291,1730231291,03:48:11 PM,03:48:11 PM,0
2110363,,RICHSHAV,0,1730231331,1730231331,03:48:51 PM,03:48:51 PM,0
2110363,,RICHWES2,0,1730231377,1730231377,03:49:37 PM,03:49:37 PM,0
2110363,,RICHWES4,0,1730231400,1730231400,03:50:00 PM,03:50:00 PM,0
2110363,,RICHWYND,0,1730231435,1730231435,03:50:35 PM,03:50:35 PM,0
2110363,,WINDRIC2,0,1730231509,1730231509,03:51:49 PM,03:51:49 PM,0
2110363,,PERTWIN2,0,1730231554,1730231554,03:52:34 PM,03:52:34 PM,0
2110363,,UNIVHOS2,0,1730231606,1730231606,03:53:26 PM,03:53:26 PM,0
2110363,,MIDDPERT,0,1730231745,1730231745,03:55:45 PM,03:55:45 PM,0
2110363,,NATSCI,0,1730231820,1730231820,03:57:00 PM,03:57:00 PM,0
2110363,,NATSCI,0,1730231820,1730231820,03:57:00 PM,03:57:00 PM,0
2110363,,WESTELG2,0,1730232017,1730232017,04:00:17 PM,04:00:17 PM,0
2110363,,WESTLAM2,0,1730232120,1730232120,04:02:00 PM,04:02:00 PM,0
2110363,,SARNWES2,0,1730232241,1730232241,04:04:01 PM,04:04:01 PM,0
2110363,,SARNBRES,0,1730232359,1730232359,04:05:59 PM,04:05:59 PM,0
2110363,,SARNSLEI,0,1730232475,1730232475,04:07:55 PM,04:07:55 PM,0
2110363,,SARNLEYT,0,1730232610,1730232610,04:10:10 PM,04:10:10 PM,0
2110363,,WONDSAR2,0,1730232780,1730232780,04:13:00 PM,04:13:00 PM,0
2110363,,WONDBEA2,0,1730232927,1730232927,04:15:27 PM,04:15:27 PM,0
2110363,,WONDFAR4,0,1730232996,1730232996,04:16:36 PM,04:16:36 PM,0
2110363,,WONDFAR2,0,1730233031,1730233031,04:17:11 PM,04:17:11 PM,0
2110363,,WONDOXF2,0,1730233080,1730233080,04:18:00 PM,04:18:00 PM,0
2110363,,WONDOXF4,0,1730233119,1730233119,04:18:39 PM,04:18:39 PM,0
2110363,,WONDKIW2,0,1730233165,1730233165,04:19:25 PM,04:19:25 PM,0
2110363,,WONDRIV2,0,1730233217,1730233217,04:20:17 PM,04:20:17 PM,0
2110363,,WONDSPRI,0,1730233430,1730233430,04:23:50 PM,04:23:50 PM,0
2110363,,WONDROSE,0,1730233488,1730233488,04:24:48 PM,04:24:48 PM,0
2110363,,WONDCOM2,0,1730233588,1730233588,04:26:28 PM,04:26:28 PM,0
2110363,,WONDVIL2,0,1730233625,1730233625,04:27:05 PM,04:27:05 PM,0
2110363,,WONDVIS4,0,1730233684,1730233684,04:28:04 PM,04:28:04 PM,0
2110363,,WESTMAL4,0,1730233740,1730233740,04:29:00 PM,04:29:00 PM,0
2110363,,VISCWON1,0,1730233800,1730233800,04:30:00 PM,04:30:00 PM,0
2110363,,VISCWON5,0,1730233834,1730233834,04:30:34 PM,04:30:34 PM,0
2110363,,WONDMMA4,0,1730233918,1730233918,04:31:58 PM,04:31:58 PM,0
2110363,,WONDMMA2,0,1730233969,1730233969,04:32:49 PM,04:32:49 PM,0
2110363,,WONDPVA2,0,1730234025,1730234025,04:33:45 PM,04:33:45 PM,0
2110363,,WONDPVA4,0,1730234066,1730234066,04:34:26 PM,04:34:26 PM,0
2110363,,SOUTWON1,0,1730234136,1730234136,04:35:36 PM,04:35:36 PM,0
2110363,,SOUTSING,0,1730234211,1730234211,04:36:51 PM,04:36:51 PM,0
2110363,,SOUTAND1,0,1730234280,1730234280,04:38:00 PM,04:38:00 PM,0
2110363,,SOUTSPRI,0,1730234318,1730234318,04:38:38 PM,04:38:38 PM,0
2110363,,SOUTNOD1,0,1730234358,1730234358,04:39:18 PM,04:39:18 PM,0
2110363,,SOUTNOD3,0,1730234387,1730234387,04:39:47 PM,04:39:47 PM,0
2110363,,SOUTWHA1,0,1730234455,1730234455,04:40:55 PM,04:40:55 PM,0
2110363,,SOUTWHA3,0,1730234481,1730234481,04:41:21 PM,04:41:21 PM,0
2110363,,SOUTWHOK,0,1730234543,1730234543,04:42:23 PM,04:42:23 PM,0
2110363,,SOUTJAL1,0,1730234646,1730234646,04:44:06 PM,04:44:06 PM,0
2110363,,SOUTDUL1,0,1730234677,1730234677,04:44:37 PM,04:44:37 PM,0
2110363,,SOUTNIX1,0,1730234715,1730234715,04:45:15 PM,04:45:15 PM,0
2110363,,SOUTVER1,0,1730234809,1730234809,04:46:49 PM,04:46:49 PM,0
2110363,,WELLHARL,,,,,,
2110363,,WELLMON4,,,,,,
2110363,,WELLMON2,,,,,,
2110363,,WELLBRA2,0,1730235014,1730235014,04:50:14 PM,04:50:14 PM,0
2110363,,WHITOMA3,0,1730235060,1730235060,04:51:00 PM,04:51:00 PM,0
2110363,,WHITOMA3,0,1730236020,1730236020,05:07:00 PM,05:07:00 PM,0
2110363,,BRADWEL3,0,1730236161,1730236161,05:09:21 PM,05:09:21 PM,0
2110363,,BRADWIL1,0,1730236208,1730236208,05:10:08 PM,05:10:08 PM,0
2110363,,BRADAGN1,0,1730236234,1730236234,05:10:34 PM,05:10:34 PM,0
2110363,,BRADADE1,0,1730236284,1730236284,05:11:24 PM,05:11:24 PM,0
2110363,,BRADADE3,0,1730236337,1730236337,05:12:17 PM,05:12:17 PM,0
2110363,,ADELOSG5,0,1730236377,1730236377,05:12:57 PM,05:12:57 PM,0
2110363,,ADELOSG7,0,1730236419,1730236419,05:13:39 PM,05:13:39 PM,0
2110363,,ADELOSG3,0,1730236494,1730236494,05:14:54 PM,05:14:54 PM,0
2110363,,SOUTADE1,0,1730236546,1730236546,05:15:46 PM,05:15:46 PM,0
2110363,,SOUTMIL5,0,1730236574,1730236574,05:16:14 PM,05:16:14 PM,0
2110363,,SOUTMIL3,0,1730236613,1730236613,05:16:53 PM,05:16:53 PM,0
2110363,,SOUTMIL1,0,1730236680,1730236680,05:18:00 PM,05:18:00 PM,0
2110363,,SOUTKOR1,0,1730236735,1730236735,05:18:55 PM,05:18:55 PM,0
2110363,,SOUTPOM1,0,1730236772,1730236772,05:19:32 PM,05:19:32 PM,0
2110363,,PONDPONV,0,1730236854,1730236854,05:20:54 PM,05:20:54 PM,0
2110363,,PONDMIR3,0,1730236892,1730236892,05:21:32 PM,05:21:32 PM,0
2110363,,PONDMIR1,0,1730236920,1730236920,05:22:00 PM,05:22:00 PM,0
2110363,,PONDDEV1,0,1730236970,1730236970,05:22:50 PM,05:22:50 PM,0
2110363,,PONDBAN1,0,1730236994,1730236994,05:23:14 PM,05:23:14 PM,0
2110363,,PONDOLDH,0,1730237060,1730237060,05:24:20 PM,05:24:20 PM,0
2110363,,COMMPOM3,0,1730237115,1730237115,05:25:15 PM,05:25:15 PM,0
2110363,,COMMDEV1,0,1730237160,1730237160,05:26:00 PM,05:26:00 PM,0
2110363,,COMMHIG1,0,1730237212,1730237212,05:26:52 PM,05:26:52 PM,0
2110363,,HIGBHAM1,0,1730237448,1730237448,05:30:48 PM,05:30:48 PM,0
2110363,,HIGBMAGE,0,1730237471,1730237471,05:31:11 PM,05:31:11 PM,0
2110363,,HIGBTRA1,0,1730237518,1730237518,05:31:58 PM,05:31:58 PM,0
2110363,,HIGBBRY1,0,1730237580,1730237580,05:33:00 PM,05:33:00 PM,0
2110363,,HIGBWIL1,0,1730237630,1730237630,05:33:50 PM,05:33:50 PM,0
2110363,,HIGBBEA1,0,1730237679,1730237679,05:34:39 PM,05:34:39 PM,0
2110363,,HIGBDUN1,0,1730237760,1730237760,05:36:00 PM,05:36:00 PM,0
2110363,,HIGBLPH1,,,,,,
2110363,,HIGBOXF1,,,,,,
2110363,,HIGBOXF3,,,,,,
2110363,,HIGBLAN1,0,1730238059,1730238059,05:40:59 PM,05:40:59 PM,0
2110363,,HIGBCHE1,0,1730238100,1730238100,05:41:40 PM,05:41:40 PM,0
2110363,,HIGBGOD1,0,1730238145,1730238145,05:42:25 PM,05:42:25 PM,0
2110363,,HIGBHURO,0,1730238199,1730238199,05:43:19 PM,05:43:19 PM,0
2110363,,HIGBHIC1,0,1730238248,1730238248,05:44:08 PM,05:44:08 PM,0
2110363,,HIGBFUL1,0,1730238282,1730238282,05:44:42 PM,05:44:42 PM,0
2110363,,FULLVES2,0,1730238359,1730238359,05:45:59 PM,05:45:59 PM,0
2110363,,FULLREGA,0,1730238402,1730238402,05:46:42 PM,05:46:42 PM,0
2110363,,MCNAMEL2,0,1730238452,1730238452,05:47:32 PM,05:47:32 PM,0
2110363,,MELSBRIA,0,1730238484,1730238484,05:48:04 PM,05:48:04 PM,0
2110363,,MELSSUSS,0,1730238538,1730238538,05:48:58 PM,05:48:58 PM,0
2110363,,BARKHURO,0,1730238600,1730238600,05:50:00 PM,05:50:00 PM,0
2110317,,BARKHURO,0,1730238900,1730238900,05:55:00 PM,05:55:00 PM,0
2110317,,HUROBRI3,0,1730238977,1730238977,05:56:17 PM,05:56:17 PM,0
2110317,,HUROBRI1,0,1730239001,1730239001,05:56:41 PM,05:56:41 PM,0
2110317,,HUROMCN1,0,1730239045,1730239045,05:57:25 PM,05:57:25 PM,0
2110317,,HUROVES1,0,1730239083,1730239083,05:58:03 PM,05:58:03 PM,0
2110317,,HUROHIG1,0,1730239140,1730239140,05:59:00 PM,05:59:00 PM,0
2110317,,HIGBGOD2,0,1730239245,1730239245,06:00:45 PM,06:00:45 PM,0
2110317,,HIGBCHE2,0,1730239304,1730239304,06:01:44 PM,06:01:44 PM,0
2110317,,HIGBLAN2,0,1730239331,1730239331,06:02:11 PM,06:02:11 PM,0
2110317,,HIGBOXF4,,,,,,
2110317,,HIGBOXF2,,,,,,
2110317,,HIGBLPH2,,,,,,
2110317,,HIGBDUN2,0,1730239560,1730239560,06:06:00 PM,06:06:00 PM,0
2110317,,HIGBBEA2,0,1730239622,1730239622,06:07:02 PM,06:07:02 PM,0
2110317,,HIGBWIL2,0,1730239678,1730239678,06:07:58 PM,06:07:58 PM,0
2110317,,HIGBBRY2,0,1730239740,1730239740,06:09:00 PM,06:09:00 PM,0
2110317,,HIGBTRA2,0,1730239806,1730239806,06:10:06 PM,06:10:06 PM,0
2110317,,HIGBCALV,0,1730239865,1730239865,06:11:05 PM,06:11:05 PM,0
2110317,,HIGBHAM2,0,1730239887,1730239887,06:11:27 PM,06:11:27 PM,0
2110317,,COMMDEV6,0,1730240193,1730240193,06:16:33 PM,06:16:33 PM,0
2110317,,COMMDEV2,0,1730240220,1730240220,06:17:00 PM,06:17:00 PM,0
2110317,,PONDDEV2,0,1730240282,1730240282,06:18:02 PM,06:18:02 PM,0
2110317,,PONDBAN2,0,1730240323,1730240323,06:18:43 PM,06:18:43 PM,0
2110317,,PONDDEV4,0,1730240355,1730240355,06:19:15 PM,06:19:15 PM,0
2110317,,PONDMIR4,0,1730240392,1730240392,06:19:52 PM,06:19:52 PM,0
2110317,,PONDMIR2,0,1730240426,1730240426,06:20:26 PM,06:20:26 PM,0
2110317,,PONDMILL,0,1730240444,1730240444,06:20:44 PM,06:20:44 PM,0
2110317,,SOUTPOM2,0,1730240505,1730240505,06:21:45 PM,06:21:45 PM,0
2110317,,SOUTKOR2,0,1730240543,1730240543,06:22:23 PM,06:22:23 PM,0
2110317,,SOUTMIL2,0,1730240580,1730240580,06:23:00 PM,06:23:00 PM,0
2110317,,SOUTMIL4,0,1730240640,1730240640,06:24:00 PM,06:24:00 PM,0
2110317,,SOUTMIL6,0,1730240675,1730240675,06:24:35 PM,06:24:35 PM,0
2110317,,ADELSDAL,0,1730240710,1730240710,06:25:10 PM,06:25:10 PM,0
2110317,,ADELOSG2,0,1730240743,1730240743,06:25:43 PM,06:25:43 PM,0
2110317,,ADELOSG6,0,1730240796,1730240796,06:26:36 PM,06:26:36 PM,0
2110317,,ADELOSG4,0,1730240826,1730240826,06:27:06 PM,06:27:06 PM,0
2110317,,BRADADE2,0,1730240857,1730240857,06:27:37 PM,06:27:37 PM,0
2110317,,BRADADE4,0,1730240900,1730240900,06:28:20 PM,06:28:20 PM,0
2110317,,BRADAGN2,0,1730240934,1730240934,06:28:54 PM,06:28:54 PM,0
2110317,,BRADWIL4,0,1730240961,1730240961,06:29:21 PM,06:29:21 PM,0
2110317,,BRADDEAR,0,1730240992,1730240992,06:29:52 PM,06:29:52 PM,0
2110317,,WELLBRA2,0,1730241021,1730241021,06:30:21 PM,06:30:21 PM,0
2110317,,WHITOMA3,0,1730241060,1730241060,06:31:00 PM,06:31:00 PM,0
2110317,,WHITOMA3,0,1730241900,1730241900,06:45:00 PM,06:45:00 PM,0
2110317,,WELLBRA1,,,,,,
2110317,,WELLMON1,,,,,,
2110317,,WELLSDA5,,,,,,
2110317,,SOUTMONT,,,,,,
2110317,,SOUTVER2,0,1730242241,1730242241,06:50:41 PM,06:50:41 PM,0
2110317,,SOUTEAS2,0,1730242271,1730242271,06:51:11 PM,06:51:11 PM,0
2110317,,SOUTNIX2,0,1730242342,1730242342,06:52:22 PM,06:52:22 PM,0
2110317,,SOUTDUL2,0,1730242385,1730242385,06:53:05 PM,06:53:05 PM,0
2110317,,SOUTDUN2,0,1730242440,1730242440,06:54:00 PM,06:54:00 PM,0
2110317,,SOUTHOME,0,1730242540,1730242540,06:55:40 PM,06:55:40 PM,0
2110317,,SOUTWHA4,0,1730242593,1730242593,06:56:33 PM,06:56:33 PM,0
2110317,,SOUTWHA2,0,1730242639,1730242639,06:57:19 PM,06:57:19 PM,0
2110317,,SOUTNOD2,0,1730242708,1730242708,06:58:28 PM,06:58:28 PM,0
2110317,,SOUTNOD4,0,1730242745,1730242745,06:59:05 PM,06:59:05 PM,0
2110317,,SOUTAND2,0,1730242825,1730242825,07:00:25 PM,07:00:25 PM,0
2110317,,SOUTWON2,0,1730242903,1730242903,07:01:43 PM,07:01:43 PM,0
2110317,,WONDSDA1,0,1730242948,1730242948,07:02:28 PM,07:02:28 PM,0
2110317,,WONDPVA1,0,1730243008,1730243008,07:03:28 PM,07:03:28 PM,0
2110317,,WONDMMA3,0,1730243034,1730243034,07:03:54 PM,07:03:54 PM,0
2110317,,WONDMMA1,0,1730243073,1730243073,07:04:33 PM,07:04:33 PM,0
2110317,,WESTMAL6,0,1730243220,1730243220,07:07:00 PM,07:07:00 PM,0
2110317,,WONDVIS3,0,1730243277,1730243277,07:07:57 PM,07:07:57 PM,0
2110317,,WONDVIL1,0,1730243310,1730243310,07:08:30 PM,07:08:30 PM,0
2110317,,WONDCOM1,0,1730243361,1730243361,07:09:21 PM,07:09:21 PM,0
2110317,,WONDCOM3,0,1730243406,1730243406,07:10:06 PM,07:10:06 PM,0
2110317,,WONDTEE1,0,1730243475,1730243475,07:11:15 PM,07:11:15 PM,0
2110317,,WONDSPR1,0,1730243580,1730243580,07:13:00 PM,07:13:00 PM,0
2110317,,WONDRIV1,0,1730243767,1730243767,07:16:07 PM,07:16:07 PM,0
2110317,,WONDKIW1,0,1730243798,1730243798,07:16:38 PM,07:16:38 PM,0
2110317,,WONDOXF3,0,1730243853,1730243853,07:17:33 PM,07:17:33 PM,0
2110317,,WONDOXF1,0,1730243880,1730243880,07:18:00 PM,07:18:00 PM,0
2110317,,WONDFAR1,0,1730243925,1730243925,07:18:45 PM,07:18:45 PM,0
2110317,,WONDFAR3,0,1730243965,1730243965,07:19:25 PM,07:19:25 PM,0
2110317,,WONDBEA1,0,1730244025,1730244025,07:20:25 PM,07:20:25 PM,0
2110317,,SARNCAS1,0,1730244180,1730244180,07:23:00 PM,07:23:00 PM,0
2110317,,SARNCAS1,0,1730244180,1730244180,07:23:00 PM,07:23:00 PM,0
2110317,,SARNRIPP,0,1730244259,1730244259,07:24:19 PM,07:24:19 PM,0
2110317,,SARNCAS3,0,1730244349,1730244349,07:25:49 PM,07:25:49 PM,0
2110317,,SARNCOOM,0,1730244428,1730244428,07:27:08 PM,07:27:08 PM,0
2110317,,SARNWES1,0,1730244480,1730244480,07:28:00 PM,07:28:00 PM,0
2110317,,WESTPHA3,0,1730244552,1730244552,07:29:12 PM,07:29:12 PM,0
2110317,,ALUMHAL1,0,1730244703,1730244703,07:31:43 PM,07:31:43 PM,0
2110317,,DELAHALL,0,1730244900,1730244900,07:35:00 PM,07:35:00 PM,0
2110317,,UNIVHOS1,0,1730245008,1730245008,07:36:48 PM,07:36:48 PM,0
2110317,,PERTWIN1,0,1730245033,1730245033,07:37:13 PM,07:37:13 PM,0
2110317,,RICHWIN1,0,1730245097,1730245097,07:38:17 PM,07:38:17 PM,0
2110317,,RICHWEC1,0,1730245133,1730245133,07:38:53 PM,07:38:53 PM,0
2110317,,RICHCANT,0,1730245167,1730245167,07:39:27 PM,07:39:27 PM,0
2110317,,RICHSUNN,0,1730245225,1730245225,07:40:25 PM,07:40:25 PM,0
2110317,,MASOSTO4,0,1730245320,1730245320,07:42:00 PM,07:42:00 PM,0
2110374,,MASOSTO4,0,1730245320,1730245320,07:42:00 PM,07:42:00 PM,0
2110374,,RICHJACK,0,1730245391,1730245391,07:43:11 PM,07:43:11 PM,0
2110374,,RICHSHAV,0,1730245431,1730245431,07:43:51 PM,07:43:51 PM,0
2110374,,RICHWES2,0,1730245477,1730245477,07:44:37 PM,07:44:37 PM,0
2110374,,RICHWES4,0,1730245500,1730245500,07:45:00 PM,07:45:00 PM,0
2110374,,RICHWYND,0,1730245535,1730245535,07:45:35 PM,07:45:35 PM,0
2110374,,WINDRIC2,0,1730245609,1730245609,07:46:49 PM,07:46:49 PM,0
2110374,,PERTWIN2,0,1730245654,1730245654,07:47:34 PM,07:47:34 PM,0
2110374,,UNIVHOS2,0,1730245706,1730245706,07:48:26 PM,07:48:26 PM,0
2110374,,MIDDPERT,0,1730245845,1730245845,07:50:45 PM,07:50:45 PM,0
2110374,,NATSCI,0,1730245920,1730245920,07:52:00 PM,07:52:00 PM,0
2110374,,NATSCI,0,1730245920,1730245920,07:52:00 PM,07:52:00 PM,0
2110374,,WESTELG2,0,1730246077,1730246077,07:54:37 PM,07:54:37 PM,0
2110374,,WESTLAM2,0,1730246160,1730246160,07:56:00 PM,07:56:00 PM,0
2110374,,SARNWES2,0,1730246259,1730246259,07:57:39 PM,07:57:39 PM,0
2110374,,SARNBRES,0,1730246355,1730246355,07:59:15 PM,07:59:15 PM,0
2110374,,SARNSLEI,0,1730246450,1730246450,08:00:50 PM,08:00:50 PM,0
2110374,,SARNLEYT,0,1730246560,1730246560,08:02:40 PM,08:02:40 PM,0
2110374,,WONDSAR2,0,1730246700,1730246700,08:05:00 PM,08:05:00 PM,0
2110374,,WONDBEA2,0,1730246818,1730246818,08:06:58 PM,08:06:58 PM,0
2110374,,WONDFAR4,0,1730246873,1730246873,08:07:53 PM,08:07:53 PM,0
2110374,,WONDFAR2,0,1730246901,1730246901,08:08:21 PM,08:08:21 PM,0
2110374,,WONDOXF2,0,1730246940,1730246940,08:09:00 PM,08:09:00 PM,0
2110374,,WONDOXF4,0,1730246972,1730246972,08:09:32 PM,08:09:32 PM,0
2110374,,WONDKIW2,0,1730247010,1730247010,08:10:10 PM,08:10:10 PM,0
2110374,,WONDRIV2,0,1730247052,1730247052,08:10:52 PM,08:10:52 PM,0
2110374,,WONDSPRI,0,1730247226,1730247226,08:13:46 PM,08:13:46 PM,0
2110374,,WONDROSE,0,1730247273,1730247273,08:14:33 PM,08:14:33 PM,0
2110374,,WONDCOM2,0,1730247355,1730247355,08:15:55 PM,08:15:55 PM,0
2110374,,WONDVIL2,0,1730247385,1730247385,08:16:25 PM,08:16:25 PM,0
2110374,,WONDVIS4,0,1730247433,1730247433,08:17:13 PM,08:17:13 PM,0
2110374,,WESTMAL4,0,1730247480,1730247480,08:18:00 PM,08:18:00 PM,0
2110374,,VISCWON1,0,1730247533,1730247533,08:18:53 PM,08:18:53 PM,0
2110374,,VISCWON5,0,1730247563,1730247563,08:19:23 PM,08:19:23 PM,0
2110374,,WONDMMA4,0,1730247638,1730247638,08:20:38 PM,08:20:38 PM,0
2110374,,WONDMMA2,0,1730247683,1730247683,08:21:23 PM,08:21:23 PM,0
2110374,,WONDPVA2,0,1730247732,1730247732,08:22:12 PM,08:22:12 PM,0
2110374,,WONDPVA4,0,1730247768,1730247768,08:22:48 PM,08:22:48 PM,0
2110374,,SOUTWON1,0,1730247830,1730247830,08:23:50 PM,08:23:50 PM,0
2110374,,SOUTSING,0,1730247897,1730247897,08:24:57 PM,08:24:57 PM,0
2110374,,SOUTAND1,0,1730247960,1730247960,08:26:00 PM,08:26:00 PM,0
2110374,,SOUTSPRI,0,1730247995,1730247995,08:26:35 PM,08:26:35 PM,0
2110374,,SOUTNOD1,0,1730248032,1730248032,08:27:12 PM,08:27:12 PM,0
2110374,,SOUTNOD3,0,1730248059,1730248059,08:27:39 PM,08:27:39 PM,0
2110374,,SOUTWHA1,0,1730248122,1730248122,08:28:42 PM,08:28:42 PM,0
2110374,,SOUTWHA3,0,1730248146,1730248146,08:29:06 PM,08:29:06 PM,0
2110374,,SOUTWHOK,0,1730248203,1730248203,08:30:03 PM,08:30:03 PM,0
2110374,,SOUTJAL1,0,1730248298,1730248298,08:31:38 PM,08:31:38 PM,0
2110374,,SOUTDUL1,0,1730248327,1730248327,08:32:07 PM,08:32:07 PM,0
2110374,,SOUTNIX1,0,1730248362,1730248362,08:32:42 PM,08:32:42 PM,0
2110374,,SOUTVER1,0,1730248448,1730248448,08:34:08 PM,08:34:08 PM,0
2110374,,WELLHARL,,,,,,
2110374,,WELLMON4,,,,,,
2110374,,WELLMON2,,,,,,
2110374,,WELLBRA2,0,1730248639,1730248639,08:37:19 PM,08:37:19 PM,0
2110374,,WHITOMA3,0,1730248680,1730248680,08:38:00 PM,08:38:00 PM,0
2110374,,WHITOMA3,0,1730248680,1730248680,08:38:00 PM,08:38:00 PM,0
2110374,,BRADWEL3,0,1730248821,1730248821,08:40:21 PM,08:40:21 PM,0
2110374,,BRADWIL1,0,1730248868,1730248868,08:41:08 PM,08:41:08 PM,0
2110374,,BRADAGN1,0,1730248894,1730248894,08:41:34 PM,08:41:34 PM,0
2110374,,BRADADE1,0,1730248944,1730248944,08:42:24 PM,08:42:24 PM,0
2110374,,BRADADE3,0,1730248997,1730248997,08:43:17 PM,08:43:17 PM,0
2110374,,ADELOSG5,0,1730249037,1730249037,08:43:57 PM,08:43:57 PM,0
2110374,,ADELOSG7,0,1730249079,1730249079,08:44:39 PM,08:44:39 PM,0
2110374,,ADELOSG3,0,1730249154,1730249154,08:45:54 PM,08:45:54 PM,0
2110374,,SOUTADE1,0,1730249206,1730249206,08:46:46 PM,08:46:46 PM,0
2110374,,SOUTMIL5,0,1730249234,1730249234,08:47:14 PM,08:47:14 PM,0
2110374,,SOUTMIL3,0,1730249273,1730249273,08:47:53 PM,08:47:53 PM,0
2110374,,SOUTMIL1,0,1730249340,1730249340,08:49:00 PM,08:49:00 PM,0
2110374,,SOUTKOR1,0,1730249388,1730249388,08:49:48 PM,08:49:48 PM,0
2110374,,SOUTPOM1,0,1730249421,1730249421,08:50:21 PM,08:50:21 PM,0
2110374,,PONDPONV,0,1730249493,1730249493,08:51:33 PM,08:51:33 PM,0
2110374,,PONDMIR3,0,1730249526,1730249526,08:52:06 PM,08:52:06 PM,0
2110374,,PONDMIR1,0,1730249551,1730249551,08:52:31 PM,08:52:31 PM,0
2110374,,PONDDEV1,0,1730249595,1730249595,08:53:15 PM,08:53:15 PM,0
2110374,,PONDBAN1,0,1730249616,1730249616,08:53:36 PM,08:53:36 PM,0
2110374,,PONDOLDH,0,1730249674,1730249674,08:54:34 PM,08:54:34 PM,0
2110374,,COMMPOM3,0,1730249722,1730249722,08:55:22 PM,08:55:22 PM,0
2110374,,COMMDEV1,0,1730249760,1730249760,08:56:00 PM,08:56:00 PM,0
2110374,,COMMHIG1,0,1730249804,1730249804,08:56:44 PM,08:56:44 PM,0
2110374,,HIGBHAM1,0,1730250006,1730250006,09:00:06 PM,09:00:06 PM,0
2110374,,HIGBMAGE,0,1730250025,1730250025,09:00:25 PM,09:00:25 PM,0
2110374,,HIGBTRA1,0,1730250066,1730250066,09:01:06 PM,09:01:06 PM,0
2110374,,HIGBBRY1,0,1730250120,1730250120,09:02:00 PM,09:02:00 PM,0
2110374,,HIGBWIL1,0,1730250187,1730250187,09:03:07 PM,09:03:07 PM,0
2110374,,HIGBBEA1,0,1730250253,1730250253,09:04:13 PM,09:04:13 PM,0
2110374,,HIGBDUN1,0,1730250360,1730250360,09:06:00 PM,09:06:00 PM,0
2110374,,HIGBLPH1,,,,,,
2110374,,HIGBOXF1,,,,,,
2110374,,HIGBOXF3,,,,,,
2110374,,HIGBLAN1,0,1730250616,1730250616,09:10:16 PM,09:10:16 PM,0
2110374,,HIGBCHE1,0,1730250651,1730250651,09:10:51 PM,09:10:51 PM,0
2110374,,HIGBGOD1,0,1730250689,1730250689,09:11:29 PM,09:11:29 PM,0
2110374,,HIGBHURO,0,1730250735,1730250735,09:12:15 PM,09:12:15 PM,0
2110374,,HIGBHIC1,0,1730250777,1730250777,09:12:57 PM,09:12:57 PM,0
2110374,,HIGBFUL1,0,1730250806,1730250806,09:13:26 PM,09:13:26 PM,0
2110374,,FULLVES2,0,1730250872,1730250872,09:14:32 PM,09:14:32 PM,0
2110374,,FULLREGA,0,1730250909,1730250909,09:15:09 PM,09:15:09 PM,0
2110374,,MCNAMEL2,0,1730250951,1730250951,09:15:51 PM,09:15:51 PM,0
2110374,,MELSBRIA,0,1730250978,1730250978,09:16:18 PM,09:16:18 PM,0
2110374,,MELSSUSS,0,1730251025,1730251025,09:17:05 PM,09:17:05 PM,0
2110374,,BARKHURO,0,1730251080,1730251080,09:18:00 PM,09:18:00 PM,0
2110323,,BARKHURO,0,1730251080,1730251080,09:18:00 PM,09:18:00 PM,0
2110323,,HUROBRI3,0,1730251160,1730251160,09:19:20 PM,09:19:20 PM,0
2110323,,HUROBRI1,0,1730251184,1730251184,09:19:44 PM,09:19:44 PM,0
2110323,,HUROMCN1,0,1730251227,1730251227,09:20:27 PM,09:20:27 PM,0
2110323,,HUROVES1,0,1730251264,1730251264,09:21:04 PM,09:21:04 PM,0
2110323,,HUROHIG1,0,1730251320,1730251320,09:22:00 PM,09:22:00 PM,0
2110323,,HIGBGOD2,0,1730251404,1730251404,09:23:24 PM,09:23:24 PM,0
2110323,,HIGBCHE2,0,1730251451,1730251451,09:24:11 PM,09:24:11 PM,0
2110323,,HIGBLAN2,0,1730251472,1730251472,09:24:32 PM,09:24:32 PM,0
2110323,,HIGBOXF4,,,,,,
2110323,,HIGBOXF2,,,,,,
2110323,,HIGBLPH2,,,,,,
2110323,,HIGBDUN2,0,1730251680,1730251680,09:28:00 PM,09:28:00 PM,0
2110323,,HIGBBEA2,0,1730251721,1730251721,09:28:41 PM,09:28:41 PM,0
2110323,,HIGBWIL2,0,1730251758,1730251758,09:29:18 PM,09:29:18 PM,0
2110323,,HIGBBRY2,0,1730251800,1730251800,09:30:00 PM,09:30:00 PM,0
2110323,,HIGBTRA2,0,1730251857,1730251857,09:30:57 PM,09:30:57 PM,0
2110323,,HIGBCALV,0,1730251908,1730251908,09:31:48 PM,09:31:48 PM,0
2110323,,HIGBHAM2,0,1730251928,1730251928,09:32:08 PM,09:32:08 PM,0
2110323,,COMMDEV6,0,1730252195,1730252195,09:36:35 PM,09:36:35 PM,0
2110323,,COMMDEV2,0,1730252220,1730252220,09:37:00 PM,09:37:00 PM,0
2110323,,PONDDEV2,0,1730252272,1730252272,09:37:52 PM,09:37:52 PM,0
2110323,,PONDBAN2,0,1730252306,1730252306,09:38:26 PM,09:38:26 PM,0
2110323,,PONDDEV4,0,1730252333,1730252333,09:38:53 PM,09:38:53 PM,0
2110323,,PONDMIR4,0,1730252364,1730252364,09:39:24 PM,09:39:24 PM,0
2110323,,PONDMIR2,0,1730252393,1730252393,09:39:53 PM,09:39:53 PM,0
2110323,,PONDMILL,0,1730252408,1730252408,09:40:08 PM,09:40:08 PM,0
2110323,,SOUTPOM2,0,1730252459,1730252459,09:40:59 PM,09:40:59 PM,0
2110323,,SOUTKOR2,0,1730252491,1730252491,09:41:31 PM,09:41:31 PM,0
2110323,,SOUTMIL2,0,1730252520,1730252520,09:42:00 PM,09:42:00 PM,0
2110323,,SOUTMIL4,0,1730252572,1730252572,09:42:52 PM,09:42:52 PM,0
2110323,,SOUTMIL6,0,1730252603,1730252603,09:43:23 PM,09:43:23 PM,0
2110323,,ADELSDAL,0,1730252634,1730252634,09:43:54 PM,09:43:54 PM,0
2110323,,ADELOSG2,0,1730252662,1730252662,09:44:22 PM,09:44:22 PM,0
2110323,,ADELOSG6,0,1730252708,1730252708,09:45:08 PM,09:45:08 PM,0
2110323,,ADELOSG4,0,1730252734,1730252734,09:45:34 PM,09:45:34 PM,0
2110323,,BRADADE2,0,1730252761,1730252761,09:46:01 PM,09:46:01 PM,0
2110323,,BRADADE4,0,1730252799,1730252799,09:46:39 PM,09:46:39 PM,0
2110323,,BRADAGN2,0,1730252829,1730252829,09:47:09 PM,09:47:09 PM,0
2110323,,BRADWIL4,0,1730252853,1730252853,09:47:33 PM,09:47:33 PM,0
2110323,,BRADDEAR,0,1730252880,1730252880,09:48:00 PM,09:48:00 PM,0
2110323,,WELLBRA2,0,1730252906,1730252906,09:48:26 PM,09:48:26 PM,0
2110323,,WHITOMA3,0,1730252940,1730252940,09:49:00 PM,09:49:00 PM,0
2110323,,WHITOMA3,0,1730253240,1730253240,09:54:00 PM,09:54:00 PM,0
2110323,,WELLBRA1,,,,,,
2110323,,WELLMON1,,,,,,
2110323,,WELLSDA5,,,,,,
2110323,,SOUTMONT,,,,,,
2110323,,SOUTVER2,0,1730253543,1730253543,09:59:03 PM,09:59:03 PM,0
2110323,,SOUTEAS2,0,1730253570,1730253570,09:59:30 PM,09:59:30 PM,0
2110323,,SOUTNIX2,0,1730253633,1730253633,10:00:33 PM,10:00:33 PM,0
2110323,,SOUTDUL2,0,1730253671,1730253671,10:01:11 PM,10:01:11 PM,0
2110323,,SOUTDUN2,0,1730253720,1730253720,10:02:00 PM,10:02:00 PM,0
2110323,,SOUTHOME,0,1730253804,1730253804,10:03:24 PM,10:03:24 PM,0
2110323,,SOUTWHA4,0,1730253849,1730253849,10:04:09 PM,10:04:09 PM,0
2110323,,SOUTWHA2,0,1730253888,1730253888,10:04:48 PM,10:04:48 PM,0
2110323,,SOUTNOD2,0,1730253946,1730253946,10:05:46 PM,10:05:46 PM,0
2110323,,SOUTNOD4,0,1730253978,1730253978,10:06:18 PM,10:06:18 PM,0
2110323,,SOUTAND2,0,1730254046,1730254046,10:07:26 PM,10:07:26 PM,0
2110323,,SOUTWON2,0,1730254112,1730254112,10:08:32 PM,10:08:32 PM,0
2110323,,WONDSDA1,0,1730254150,1730254150,10:09:10 PM,10:09:10 PM,0
2110323,,WONDPVA1,0,1730254200,1730254200,10:10:00 PM,10:10:00 PM,0
2110323,,WONDMMA3,0,1730254222,1730254222,10:10:22 PM,10:10:22 PM,0
2110323,,WONDMMA1,0,1730254255,1730254255,10:10:55 PM,10:10:55 PM,0
2110323,,WESTMAL6,0,1730254380,1730254380,10:13:00 PM,10:13:00 PM,0
2110323,,WONDVIS3,0,1730254428,1730254428,10:13:48 PM,10:13:48 PM,0
2110323,,WONDVIL1,0,1730254456,1730254456,10:14:16 PM,10:14:16 PM,0
2110323,,WONDCOM1,0,1730254498,1730254498,10:14:58 PM,10:14:58 PM,0
2110323,,WONDCOM3,0,1730254535,1730254535,10:15:35 PM,10:15:35 PM,0
2110323,,WONDTEE1,0,1730254592,1730254592,10:16:32 PM,10:16:32 PM,0
2110323,,WONDSPR1,0,1730254680,1730254680,10:18:00 PM,10:18:00 PM,0
2110323,,WONDRIV1,0,1730254830,1730254830,10:20:30 PM,10:20:30 PM,0
2110323,,WONDKIW1,0,1730254855,1730254855,10:20:55 PM,10:20:55 PM,0
2110323,,WONDOXF3,0,1730254899,1730254899,10:21:39 PM,10:21:39 PM,0
2110323,,WONDOXF1,0,1730254920,1730254920,10:22:00 PM,10:22:00 PM,0
2110323,,WONDFAR1,0,1730254956,1730254956,10:22:36 PM,10:22:36 PM,0
2110323,,WONDFAR3,0,1730254988,1730254988,10:23:08 PM,10:23:08 PM,0
2110323,,WONDBEA1,0,1730255036,1730255036,10:23:56 PM,10:23:56 PM,0
2110323,,SARNCAS1,0,1730255160,1730255160,10:26:00 PM,10:26:00 PM,0
2110323,,SARNCAS1,0,1730255160,1730255160,10:26:00 PM,10:26:00 PM,0
2110323,,SARNRIPP,0,1730255207,1730255207,10:26:47 PM,10:26:47 PM,0
2110323,,SARNCAS3,0,1730255261,1730255261,10:27:41 PM,10:27:41 PM,0
2110323,,SARNCOOM,0,1730255308,1730255308,10:28:28 PM,10:28:28 PM,0
2110323,,SARNWES1,0,1730255340,1730255340,10:29:00 PM,10:29:00 PM,0
2110323,,WESTPHA3,0,1730255397,1730255397,10:29:57 PM,10:29:57 PM,0
2110323,,ALUMHAL1,0,1730255515,1730255515,10:31:55 PM,10:31:55 PM,0
2110323,,MIDDPERT,0,1730255660,1730255660,10:34:20 PM,10:34:20 PM,0
2110323,,NATSCI,0,1730255760,1730255760,10:36:00 PM,10:36:00 PM,0
2110380,,NATSCI,0,1730256960,1730256960,10:56:00 PM,10:56:00 PM,0
2110380,,WESTELG2,0,1730257078,1730257078,10:57:58 PM,10:57:58 PM,0
2110380,,WESTLAM2,0,1730257140,1730257140,10:59:00 PM,10:59:00 PM,0
2110380,,SARNWES2,0,1730257217,1730257217,11:00:17 PM,11:00:17 PM,0
2110380,,SARNBRES,0,1730257292,1730257292,11:01:32 PM,11:01:32 PM,0
2110380,,SARNSLEI,0,1730257366,1730257366,11:02:46 PM,11:02:46 PM,0
2110380,,SARNLEYT,0,1730257452,1730257452,11:04:12 PM,11:04:12 PM,0
2110380,,WONDSAR2,0,1730257560,1730257560,11:06:00 PM,11:06:00 PM,0
2110380,,WONDBEA2,0,1730257648,1730257648,11:07:28 PM,11:07:28 PM,0
2110380,,WONDFAR4,0,1730257689,1730257689,11:08:09 PM,11:08:09 PM,0
2110380,,WONDFAR2,0,1730257710,1730257710,11:08:30 PM,11:08:30 PM,0
2110380,,WONDOXF2,0,1730257740,1730257740,11:09:00 PM,11:09:00 PM,0
2110380,,WONDOXF4,0,1730257772,1730257772,11:09:32 PM,11:09:32 PM,0
2110380,,WONDKIW2,0,1730257810,1730257810,11:10:10 PM,11:10:10 PM,0
2110380,,WONDRIV2,0,1730257852,1730257852,11:10:52 PM,11:10:52 PM,0
2110380,,WONDSPRI,0,1730258026,1730258026,11:13:46 PM,11:13:46 PM,0
2110380,,WONDROSE,0,1730258073,1730258073,11:14:33 PM,11:14:33 PM,0
2110380,,WONDCOM2,0,1730258155,1730258155,11:15:55 PM,11:15:55 PM,0
2110380,,WONDVIL2,0,1730258185,1730258185,11:16:25 PM,11:16:25 PM,0
2110380,,WONDVIS4,0,1730258233,1730258233,11:17:13 PM,11:17:13 PM,0
2110380,,WESTMAL4,0,1730258280,1730258280,11:18:00 PM,11:18:00 PM,0
2110380,,VISCWON1,0,1730258327,1730258327,11:18:47 PM,11:18:47 PM,0
2110380,,VISCWON5,0,1730258354,1730258354,11:19:14 PM,11:19:14 PM,0
2110380,,WONDMMA4,0,1730258420,1730258420,11:20:20 PM,11:20:20 PM,0
2110380,,WONDMMA2,0,1730258459,1730258459,11:20:59 PM,11:20:59 PM,0
2110380,,WONDPVA2,0,1730258502,1730258502,11:21:42 PM,11:21:42 PM,0
2110380,,WONDPVA4,0,1730258534,1730258534,11:22:14 PM,11:22:14 PM,0
2110380,,SOUTWON1,0,1730258589,1730258589,11:23:09 PM,11:23:09 PM,0
2110380,,SOUTSING,0,1730258647,1730258647,11:24:07 PM,11:24:07 PM,0
2110380,,SOUTAND1,0,1730258700,1730258700,11:25:00 PM,11:25:00 PM,0
2110380,,SOUTSPRI,0,1730258729,1730258729,11:25:29 PM,11:25:29 PM,0
2110380,,SOUTNOD1,0,1730258760,1730258760,11:26:00 PM,11:26:00 PM,0
2110380,,SOUTNOD3,0,1730258782,1730258782,11:26:22 PM,11:26:22 PM,0
2110380,,SOUTWHA1,0,1730258834,1730258834,11:27:14 PM,11:27:14 PM,0
2110380,,SOUTWHA3,0,1730258854,1730258854,11:27:34 PM,11:27:34 PM,0
2110380,,SOUTWHOK,0,1730258902,1730258902,11:28:22 PM,11:28:22 PM,0
2110380,,SOUTJAL1,0,1730258981,1730258981,11:29:41 PM,11:29:41 PM,0
2110380,,SOUTDUL1,0,1730259005,1730259005,11:30:05 PM,11:30:05 PM,0
2110380,,SOUTNIX1,0,1730259034,1730259034,11:30:34 PM,11:30:34 PM,0
2110380,,SOUTVER1,0,1730259106,1730259106,11:31:46 PM,11:31:46 PM,0
2110380,,WELLHARL,,,,,,
2110380,,WELLMON4,,,,,,
2110380,,WELLMON2,,,,,,
2110380,,WELLBRA2,0,1730259264,1730259264,11:34:24 PM,11:34:24 PM,0
2110380,,WHITOMA3,0,1730259300,1730259300,11:35:00 PM,11:35:00 PM,0
2110380,,WHITOMA3,0,1730259300,1730259300,11:35:00 PM,11:35:00 PM,0
2110380,,BRADWEL3,0,1730259415,1730259415,11:36:55 PM,11:36:55 PM,0
2110380,,BRADWIL1,0,1730259454,1730259454,11:37:34 PM,11:37:34 PM,0
2110380,,BRADAGN1,0,1730259475,1730259475,11:37:55 PM,11:37:55 PM,0
2110380,,BRADADE1,0,1730259516,1730259516,11:38:36 PM,11:38:36 PM,0
2110380,,BRADADE3,0,1730259559,1730259559,11:39:19 PM,11:39:19 PM,0
2110380,,ADELOSG5,0,1730259591,1730259591,11:39:51 PM,11:39:51 PM,0
2110380,,ADELOSG7,0,1730259626,1730259626,11:40:26 PM,11:40:26 PM,0
2110380,,ADELOSG3,0,1730259688,1730259688,11:41:28 PM,11:41:28 PM,0
2110380,,SOUTADE1,0,1730259731,1730259731,11:42:11 PM,11:42:11 PM,0
2110380,,SOUTMIL5,0,1730259753,1730259753,11:42:33 PM,11:42:33 PM,0
2110380,,SOUTMIL3,0,1730259785,1730259785,11:43:05 PM,11:43:05 PM,0
2110380,,SOUTMIL1,0,1730259840,1730259840,11:44:00 PM,11:44:00 PM,0
2110380,,SOUTKOR1,0,1730259881,1730259881,11:44:41 PM,11:44:41 PM,0
2110380,,SOUTPOM1,0,1730259909,1730259909,11:45:09 PM,11:45:09 PM,0
2110380,,PONDPONV,0,1730259971,1730259971,11:46:11 PM,11:46:11 PM,0
2110380,,PONDMIR3,0,1730259999,1730259999,11:46:39 PM,11:46:39 PM,0
2110380,,PONDMIR1,0,1730260020,1730260020,11:47:00 PM,11:47:00 PM,0
2110380,,PONDDEV1,0,1730260058,1730260058,11:47:38 PM,11:47:38 PM,0
2110380,,PONDBAN1,0,1730260076,1730260076,11:47:56 PM,11:47:56 PM,0
2110380,,PONDOLDH,0,1730260126,1730260126,11:48:46 PM,11:48:46 PM,0
2110380,,COMMPOM3,0,1730260167,1730260167,11:49:27 PM,11:49:27 PM,0
2110380,,COMMDEV1,0,1730260200,1730260200,11:50:00 PM,11:50:00 PM,0
2110380,,COMMHIG1,0,1730260244,1730260244,11:50:44 PM,11:50:44 PM,0
2110380,,HIGBHAM1,0,1730260446,1730260446,11:54:06 PM,11:54:06 PM,0
2110380,,HIGBMAGE,0,1730260465,1730260465,11:54:25 PM,11:54:25 PM,0
2110380,,HIGBTRA1,0,1730260506,1730260506,11:55:06 PM,11:55:06 PM,0
2110380,,HIGBBRY1,0,1730260560,1730260560,11:56:00 PM,11:56:00 PM,0
2110380,,HIGBWIL1,0,1730260593,1730260593,11:56:33 PM,11:56:33 PM,0
2110380,,HIGBBEA1,0,1730260626,1730260626,11:57:06 PM,11:57:06 PM,0
2110380,,HIGBDUN1,0,1730260680,1730260680,11:58:00 PM,11:58:00 PM,0
2110380,,HIGBLPH1,,,,,,
2110380,,HIGBOXF1,,,,,,
2110380,,HIGBOXF3,,,,,,
2110380,,HIGBLAN1,0,1730260914,1730260914,12:01:54 AM,12:01:54 AM,0
2110380,,HIGBCHE1,0,1730260946,1730260946,12:02:26 AM,12:02:26 AM,0
2110380,,HIGBGOD1,0,1730260981,1730260981,12:03:01 AM,12:03:01 AM,0
2110380,,HIGBHURO,0,1730261023,1730261023,12:03:43 AM,12:03:43 AM,0
2110380,,HIGBHIC1,0,1730261062,1730261062,12:04:22 AM,12:04:22 AM,0
2110380,,HIGBFUL1,0,1730261088,1730261088,12:04:48 AM,12:04:48 AM,0
2110380,,FULLVES2,0,1730261149,1730261149,12:05:49 AM,12:05:49 AM,0
2110380,,FULLREGA,0,1730261183,1730261183,12:06:23 AM,12:06:23 AM,0
2110380,,MCNAMEL2,0,1730261222,1730261222,12:07:02 AM,12:07:02 AM,0
2110380,,MELSBRIA,0,1730261247,1730261247,12:07:27 AM,12:07:27 AM,0
2110380,,MELSSUSS,0,1730261290,1730261290,12:08:10 AM,12:08:10 AM,0
2110380,,BARKHURO,0,1730261340,1730261340,12:09:00 AM,12:09:00 AM,0
2110328,,BARKHURO,0,1730261340,1730261340,12:09:00 AM,12:09:00 AM,0
2110328,,HUROBRI3,0,1730261420,1730261420,12:10:20 AM,12:10:20 AM,0
2110328,,HUROBRI1,0,1730261444,1730261444,12:10:44 AM,12:10:44 AM,0
2110328,,HUROMCN1,0,1730261487,1730261487,12:11:27 AM,12:11:27 AM,0
2110328,,HUROVES1,0,1730261524,1730261524,12:12:04 AM,12:12:04 AM,0
2110328,,HUROHIG1,0,1730261580,1730261580,12:13:00 AM,12:13:00 AM,0
2110328,,HIGBGOD2,0,1730261664,1730261664,12:14:24 AM,12:14:24 AM,0
2110328,,HIGBCHE2,0,1730261711,1730261711,12:15:11 AM,12:15:11 AM,0
2110328,,HIGBLAN2,0,1730261732,1730261732,12:15:32 AM,12:15:32 AM,0
2110328,,HIGBOXF4,,,,,,
2110328,,HIGBOXF2,,,,,,
2110328,,HIGBLPH2,,,,,,
2110328,,HIGBDUN2,0,1730261940,1730261940,12:19:00 AM,12:19:00 AM,0
2110328,,HIGBBEA2,0,1730261981,1730261981,12:19:41 AM,12:19:41 AM,0
2110328,,HIGBWIL2,0,1730262018,1730262018,12:20:18 AM,12:20:18 AM,0
2110328,,HIGBBRY2,0,1730262060,1730262060,12:21:00 AM,12:21:00 AM,0
2110328,,HIGBTRA2,0,1730262117,1730262117,12:21:57 AM,12:21:57 AM,0
2110328,,HIGBCALV,0,1730262168,1730262168,12:22:48 AM,12:22:48 AM,0
2110328,,HIGBHAM2,0,1730262188,1730262188,12:23:08 AM,12:23:08 AM,0
2110328,,COMMDEV6,0,1730262455,1730262455,12:27:35 AM,12:27:35 AM,0
2110328,,COMMDEV2,0,1730262480,1730262480,12:28:00 AM,12:28:00 AM,0
2110328,,PONDDEV2,0,1730262532,1730262532,12:28:52 AM,12:28:52 AM,0
2110328,,PONDBAN2,0,1730262566,1730262566,12:29:26 AM,12:29:26 AM,0
2110328,,PONDDEV4,0,1730262593,1730262593,12:29:53 AM,12:29:53 AM,0
2110328,,PONDMIR4,0,1730262624,1730262624,12:30:24 AM,12:30:24 AM,0
2110328,,PONDMIR2,0,1730262653,1730262653,12:30:53 AM,12:30:53 AM,0
2110328,,PONDMILL,0,1730262668,1730262668,12:31:08 AM,12:31:08 AM,0
2110328,,SOUTPOM2,0,1730262719,1730262719,12:31:59 AM,12:31:59 AM,0
2110328,,SOUTKOR2,0,1730262751,1730262751,12:32:31 AM,12:32:31 AM,0
2110328,,SOUTMIL2,0,1730262780,1730262780,12:33:00 AM,12:33:00 AM,0
2110328,,SOUTMIL4,0,1730262832,1730262832,12:33:52 AM,12:33:52 AM,0
2110328,,SOUTMIL6,0,1730262863,1730262863,12:34:23 AM,12:34:23 AM,0
2110328,,ADELSDAL,0,1730262894,1730262894,12:34:54 AM,12:34:54 AM,0
2110328,,ADELOSG2,0,1730262922,1730262922,12:35:22 AM,12:35:22 AM,0
2110328,,ADELOSG6,0,1730262968,1730262968,12:36:08 AM,12:36:08 AM,0
2110328,,ADELOSG4,0,1730262994,1730262994,12:36:34 AM,12:36:34 AM,0
2110328,,BRADADE2,0,1730263021,1730263021,12:37:01 AM,12:37:01 AM,0
2110328,,BRADADE4,0,1730263059,1730263059,12:37:39 AM,12:37:39 AM,0
2110328,,BRADAGN2,0,1730263089,1730263089,12:38:09 AM,12:38:09 AM,0
2110328,,BRADWIL4,0,1730263113,1730263113,12:38:33 AM,12:38:33 AM,0
2110328,,BRADDEAR,0,1730263140,1730263140,12:39:00 AM,12:39:00 AM,0
2110328,,WELLBRA2,0,1730263166,1730263166,12:39:26 AM,12:39:26 AM,0
2110328,,WHITOMA3,0,1730263200,1730263200,12:40:00 AM,12:40:00 AM,0
2110328,,WHITOMA3,0,1730263500,1730263500,12:45:00 AM,12:45:00 AM,0
2110328,,WELLBRA1,,,,,,
2110328,,WELLMON1,,,,,,
2110328,,WELLSDA5,,,,,,
2110328,,SOUTMONT,,,,,,
2110328,,SOUTVER2,0,1730263803,1730263803,12:50:03 AM,12:50:03 AM,0
2110328,,SOUTEAS2,0,1730263830,1730263830,12:50:30 AM,12:50:30 AM,0
2110328,,SOUTNIX2,0,1730263893,1730263893,12:51:33 AM,12:51:33 AM,0
2110328,,SOUTDUL2,0,1730263931,1730263931,12:52:11 AM,12:52:11 AM,0
2110328,,SOUTDUN2,0,1730263980,1730263980,12:53:00 AM,12:53:00 AM,0
2110328,,SOUTHOME,0,1730264064,1730264064,12:54:24 AM,12:54:24 AM,0
2110328,,SOUTWHA4,0,1730264109,1730264109,12:55:09 AM,12:55:09 AM,0
2110328,,SOUTWHA2,0,1730264148,1730264148,12:55:48 AM,12:55:48 AM,0
2110328,,SOUTNOD2,0,1730264206,1730264206,12:56:46 AM,12:56:46 AM,0
2110328,,SOUTNOD4,0,1730264238,1730264238,12:57:18 AM,12:57:18 AM,0
2110328,,SOUTAND2,0,1730264306,1730264306,12:58:26 AM,12:58:26 AM,0
2110328,,SOUTWON2,0,1730264372,1730264372,12:59:32 AM,12:59:32 AM,0
2110328,,WONDSDA1,0,1730264410,1730264410,01:00:10 AM,01:00:10 AM,0
2110328,,WONDPVA1,0,1730264460,1730264460,01:01:00 AM,01:01:00 AM,0
2110328,,WONDMMA3,0,1730264482,1730264482,01:01:22 AM,01:01:22 AM,0
2110328,,WONDMMA1,0,1730264515,1730264515,01:01:55 AM,01:01:55 AM,0
2110328,,WESTMAL6,0,1730264640,1730264640,01:04:00 AM,01:04:00 AM,0
2110328,,WONDVIS3,0,1730264688,1730264688,01:04:48 AM,01:04:48 AM,0
2110328,,WONDVIL1,0,1730264716,1730264716,01:05:16 AM,01:05:16 AM,0
2110328,,WONDCOM1,0,1730264758,1730264758,01:05:58 AM,01:05:58 AM,0
2110328,,WONDCOM3,0,1730264795,1730264795,01:06:35 AM,01:06:35 AM,0
2110328,,WONDTEE1,0,1730264852,1730264852,01:07:32 AM,01:07:32 AM,0
2110328,,WONDSPR1,0,1730264940,1730264940,01:09:00 AM,01:09:00 AM,0
2110328,,WONDRIV1,0,1730265090,1730265090,01:11:30 AM,01:11:30 AM,0
2110328,,WONDKIW1,0,1730265115,1730265115,01:11:55 AM,01:11:55 AM,0
2110328,,WONDOXF3,0,1730265159,1730265159,01:12:39 AM,01:12:39 AM,0
2110328,,WONDOXF1,0,1730265180,1730265180,01:13:00 AM,01:13:00 AM,0
2110328,,WONDFAR1,0,1730265216,1730265216,01:13:36 AM,01:13:36 AM,0
2110328,,WONDFAR3,0,1730265248,1730265248,01:14:08 AM,01:14:08 AM,0
2110328,,WONDBEA1,0,1730265296,1730265296,01:14:56 AM,01:14:56 AM,0
2110328,,SARNCAS1,0,1730265420,1730265420,01:17:00 AM,01:17:00 AM,0
2110328,,SARNCAS1,0,1730265420,1730265420,01:17:00 AM,01:17:00 AM,0
2110328,,SARNRIPP,0,1730265467,1730265467,01:17:47 AM,01:17:47 AM,0
2110328,,SARNCAS3,0,1730265521,1730265521,01:18:41 AM,01:18:41 AM,0
2110328,,SARNCOOM,0,1730265568,1730265568,01:19:28 AM,01:19:28 AM,0
2110328,,SARNWES1,0,1730265600,1730265600,01:20:00 AM,01:20:00 AM,0
2110328,,WESTPHA3,0,1730265657,1730265657,01:20:57 AM,01:20:57 AM,0
2110328,,ALUMHAL1,0,1730265775,1730265775,01:22:55 AM,01:22:55 AM,0
2110328,,MIDDPERT,0,1730265920,1730265920,01:25:20 AM,01:25:20 AM,0
2110328,,NATSCI,0,1730266020,1730266020,01:27:00 AM,01:27:00 AM,0
2110311,,BARKHURO,0,1730231820,1730231820,03:57:00 PM,03:57:00 PM,0
2110311,,HUROBRI3,0,1730231916,1730231916,03:58:36 PM,03:58:36 PM,0
2110311,,HUROBRI1,0,1730231946,1730231946,03:59:06 PM,03:59:06 PM,0
2110311,,HUROMCN1,0,1730232001,1730232001,04:00:01 PM,04:00:01 PM,0
2110311,,HUROVES1,0,1730232048,1730232048,04:00:48 PM,04:00:48 PM,0
2110311,,HUROHIG1,0,1730232120,1730232120,04:02:00 PM,04:02:00 PM,0
2110311,,HIGBGOD2,0,1730232246,1730232246,04:04:06 PM,04:04:06 PM,0
2110311,,HIGBCHE2,0,1730232317,1730232317,04:05:17 PM,04:05:17 PM,0
2110311,,HIGBLAN2,0,1730232349,1730232349,04:05:49 PM,04:05:49 PM,0
2110311,,HIGBOXF4,,,,,,
2110311,,HIGBOXF2,,,,,,
2110311,,HIGBLPH2,,,,,,
2110311,,HIGBDUN2,0,1730232660,1730232660,04:11:00 PM,04:11:00 PM,0
2110311,,HIGBBEA2,0,1730232742,1730232742,04:12:22 PM,04:12:22 PM,0
2110311,,HIGBWIL2,0,1730232817,1730232817,04:13:37 PM,04:13:37 PM,0
2110311,,HIGBBRY2,0,1730232900,1730232900,04:15:00 PM,04:15:00 PM,0
2110311,,HIGBTRA2,0,1730232991,1730232991,04:16:31 PM,04:16:31 PM,0
2110311,,HIGBCALV,0,1730233072,1730233072,04:17:52 PM,04:17:52 PM,0
2110311,,HIGBHAM2,0,1730233103,1730233103,04:18:23 PM,04:18:23 PM,0
2110311,,COMMDEV6,0,1730233523,1730233523,04:25:23 PM,04:25:23 PM,0
2110311,,COMMDEV2,0,1730233560,1730233560,04:26:00 PM,04:26:00 PM,0
2110311,,PONDDEV2,0,1730233643,1730233643,04:27:23 PM,04:27:23 PM,0
2110311,,PONDBAN2,0,1730233698,1730233698,04:28:18 PM,04:28:18 PM,0
2110311,,PONDDEV4,0,1730233741,1730233741,04:29:01 PM,04:29:01 PM,0
2110311,,PONDMIR4,0,1730233791,1730233791,04:29:51 PM,04:29:51 PM,0
2110311,,PONDMIR2,0,1730233837,1730233837,04:30:37 PM,04:30:37 PM,0
2110311,,PONDMILL,0,1730233861,1730233861,04:31:01 PM,04:31:01 PM,0
2110311,,SOUTPOM2,0,1730233942,1730233942,04:32:22 PM,04:32:22 PM,0
2110311,,SOUTKOR2,0,1730233993,1730233993,04:33:13 PM,04:33:13 PM,0
2110311,,SOUTMIL2,0,1730234040,1730234040,04:34:00 PM,04:34:00 PM,0
2110311,,SOUTMIL4,0,1730234115,1730234115,04:35:15 PM,04:35:15 PM,0
2110311,,SOUTMIL6,0,1730234159,1730234159,04:35:59 PM,04:35:59 PM,0
2110311,,ADELSDAL,0,1730234203,1730234203,04:36:43 PM,04:36:43 PM,0
2110311,,ADELOSG2,0,1730234244,1730234244,04:37:24 PM,04:37:24 PM,0
2110311,,ADELOSG6,0,1730234310,1730234310,04:38:30 PM,04:38:30 PM,0
2110311,,ADELOSG4,0,1730234347,1730234347,04:39:07 PM,04:39:07 PM,0
2110311,,BRADADE2,0,1730234385,1730234385,04:39:45 PM,04:39:45 PM,0
2110311,,BRADADE4,0,1730234439,1730234439,04:40:39 PM,04:40:39 PM,0
2110311,,BRADAGN2,0,1730234482,1730234482,04:41:22 PM,04:41:22 PM,0
2110311,,BRADWIL4,0,1730234516,1730234516,04:41:56 PM,04:41:56 PM,0
2110311,,BRADDEAR,0,1730234554,1730234554,04:42:34 PM,04:42:34 PM,0
2110311,,WELLBRA2,0,1730234591,1730234591,04:43:11 PM,04:43:11 PM,0
2110311,,WHITOMA3,0,1730234640,1730234640,04:44:00 PM,04:44:00 PM,0
2110311,,WHITOMA3,0,1730234940,1730234940,04:49:00 PM,04:49:00 PM,0
2110311,,WELLBRA1,,,,,,
2110311,,WELLMON1,,,,,,
2110311,,WELLSDA5,,,,,,
2110311,,SOUTMONT,,,,,,
2110311,,SOUTVER2,0,1730235318,1730235318,04:55:18 PM,04:55:18 PM,0
2110311,,SOUTEAS2,0,1730235352,1730235352,04:55:52 PM,04:55:52 PM,0
2110311,,SOUTNIX2,0,1730235431,1730235431,04:57:11 PM,04:57:11 PM,0
2110311,,SOUTDUL2,0,1730235478,1730235478,04:57:58 PM,04:57:58 PM,0
2110311,,SOUTDUN2,0,1730235540,1730235540,04:59:00 PM,04:59:00 PM,0
2110311,,SOUTHOME,0,1730235640,1730235640,05:00:40 PM,05:00:40 PM,0
2110311,,SOUTWHA4,0,1730235693,1730235693,05:01:33 PM,05:01:33 PM,0
2110311,,SOUTWHA2,0,1730235739,1730235739,05:02:19 PM,05:02:19 PM,0
2110311,,SOUTNOD2,0,1730235808,1730235808,05:03:28 PM,05:03:28 PM,0
2110311,,SOUTNOD4,0,1730235845,1730235845,05:04:05 PM,05:04:05 PM,0
2110311,,SOUTAND2,0,1730235925,1730235925,05:05:25 PM,05:05:25 PM,0
2110311,,SOUTWON2,0,1730236003,1730236003,05:06:43 PM,05:06:43 PM,0
2110311,,WONDSDA1,0,1730236048,1730236048,05:07:28 PM,05:07:28 PM,0
2110311,,WONDPVA1,0,1730236108,1730236108,05:08:28 PM,05:08:28 PM,0
2110311,,WONDMMA3,0,1730236134,1730236134,05:08:54 PM,05:08:54 PM,0
2110311,,WONDMMA1,0,1730236173,1730236173,05:09:33 PM,05:09:33 PM,0
2110311,,WESTMAL6,0,1730236320,1730236320,05:12:00 PM,05:12:00 PM,0
2110311,,WONDVIS3,0,1730236397,1730236397,05:13:17 PM,05:13:17 PM,0
2110311,,WONDVIL1,0,1730236442,1730236442,05:14:02 PM,05:14:02 PM,0
2110311,,WONDCOM1,0,1730236510,1730236510,05:15:10 PM,05:15:10 PM,0
2110311,,WONDCOM3,0,1730236570,1730236570,05:16:10 PM,05:16:10 PM,0
2110311,,WONDTEE1,0,1730236662,1730236662,05:17:42 PM,05:17:42 PM,0
2110311,,WONDSPR1,0,1730236800,1730236800,05:20:00 PM,05:20:00 PM,0
2110311,,WONDRIV1,0,1730237100,1730237100,05:25:00 PM,05:25:00 PM,0
2110311,,WONDKIW1,0,1730237150,1730237150,05:25:50 PM,05:25:50 PM,0
2110311,,WONDOXF3,0,1730237238,1730237238,05:27:18 PM,05:27:18 PM,0
2110311,,WONDOXF1,0,1730237280,1730237280,05:28:00 PM,05:28:00 PM,0
2110311,,WONDFAR1,0,1730237334,1730237334,05:28:54 PM,05:28:54 PM,0
2110311,,WONDFAR3,0,1730237382,1730237382,05:29:42 PM,05:29:42 PM,0
2110311,,WONDBEA1,0,1730237455,1730237455,05:30:55 PM,05:30:55 PM,0
2110311,,SARNCAS1,0,1730237640,1730237640,05:34:00 PM,05:34:00 PM,0
2110311,,SARNCAS1,0,1730237640,1730237640,05:34:00 PM,05:34:00 PM,0
2110311,,SARNRIPP,0,1730237703,1730237703,05:35:03 PM,05:35:03 PM,0
2110311,,SARNCAS3,0,1730237775,1730237775,05:36:15 PM,05:36:15 PM,0
2110311,,SARNCOOM,0,1730237838,1730237838,05:37:18 PM,05:37:18 PM,0
2110311,,SARNWES1,0,1730237880,1730237880,05:38:00 PM,05:38:00 PM,0
2110311,,WESTPHA3,0,1730237984,1730237984,05:39:44 PM,05:39:44 PM,0
2110311,,ALUMHAL1,0,1730238199,1730238199,05:43:19 PM,05:43:19 PM,0
2110311,,DELAHALL,0,1730238480,1730238480,05:48:00 PM,05:48:00 PM,0
2110311,,UNIVHOS1,0,1730238682,1730238682,05:51:22 PM,05:51:22 PM,0
2110311,,PERTWIN1,0,1730238728,1730238728,05:52:08 PM,05:52:08 PM,0
2110311,,RICHWIN1,0,1730238847,1730238847,05:54:07 PM,05:54:07 PM,0
2110311,,RICHWEC1,0,1730238914,1730238914,05:55:14 PM,05:55:14 PM,0
2110311,,RICHCANT,0,1730238977,1730238977,05:56:17 PM,05:56:17 PM,0
2110311,,RICHSUNN,0,1730239085,1730239085,05:58:05 PM,05:58:05 PM,0
2110311,,MASOSTO4,0,1730239260,1730239260,06:01:00 PM,06:01:00 PM,0
2110370,,MASOSTO4,0,1730239260,1730239260,06:01:00 PM,06:01:00 PM,0
2110370,,RICHJACK,0,1730239328,1730239328,06:02:08 PM,06:02:08 PM,0
2110370,,RICHSHAV,0,1730239368,1730239368,06:02:48 PM,06:02:48 PM,0
2110370,,RICHWES2,0,1730239415,1730239415,06:03:35 PM,06:03:35 PM,0
2110370,,RICHWES4,0,1730239438,1730239438,06:03:58 PM,06:03:58 PM,0
2110370,,RICHWYND,0,1730239473,1730239473,06:04:33 PM,06:04:33 PM,0
2110370,,WINDRIC2,0,1730239548,1730239548,06:05:48 PM,06:05:48 PM,0
2110370,,PERTWIN2,0,1730239594,1730239594,06:06:34 PM,06:06:34 PM,0
2110370,,UNIVHOS2,0,1730239647,1730239647,06:07:27 PM,06:07:27 PM,0
2110370,,MIDDPERT,0,1730239787,1730239787,06:09:47 PM,06:09:47 PM,0
2110370,,NATSCI,0,1730239860,1730239860,06:11:00 PM,06:11:00 PM,0
2110370,,NATSCI,0,1730239860,1730239860,06:11:00 PM,06:11:00 PM,0
2110370,,WESTELG2,0,1730240017,1730240017,06:13:37 PM,06:13:37 PM,0
2110370,,WESTLAM2,0,1730240100,1730240100,06:15:00 PM,06:15:00 PM,0
2110370,,SARNWES2,0,1730240199,1730240199,06:16:39 PM,06:16:39 PM,0
2110370,,SARNBRES,0,1730240295,1730240295,06:18:15 PM,06:18:15 PM,0
2110370,,SARNSLEI,0,1730240390,1730240390,06:19:50 PM,06:19:50 PM,0
2110370,,SARNLEYT,0,1730240500,1730240500,06:21:40 PM,06:21:40 PM,0
2110370,,WONDSAR2,0,1730240640,1730240640,06:24:00 PM,06:24:00 PM,0
2110370,,WONDBEA2,0,1730240758,1730240758,06:25:58 PM,06:25:58 PM,0
2110370,,WONDFAR4,0,1730240813,1730240813,06:26:53 PM,06:26:53 PM,0
2110370,,WONDFAR2,0,1730240841,1730240841,06:27:21 PM,06:27:21 PM,0
2110370,,WONDOXF2,0,1730240880,1730240880,06:28:00 PM,06:28:00 PM,0
2110370,,WONDOXF4,0,1730240912,1730240912,06:28:32 PM,06:28:32 PM,0
2110370,,WONDKIW2,0,1730240950,1730240950,06:29:10 PM,06:29:10 PM,0
2110370,,WONDRIV2,0,1730240992,1730240992,06:29:52 PM,06:29:52 PM,0
2110370,,WONDSPRI,0,1730241166,1730241166,06:32:46 PM,06:32:46 PM,0
2110370,,WONDROSE,0,1730241213,1730241213,06:33:33 PM,06:33:33 PM,0
2110370,,WONDCOM2,0,1730241295,1730241295,06:34:55 PM,06:34:55 PM,0
2110370,,WONDVIL2,0,1730241325,1730241325,06:35:25 PM,06:35:25 PM,0
2110370,,WONDVIS4,0,1730241373,1730241373,06:36:13 PM,06:36:13 PM,0
2110370,,WESTMAL4,0,1730241420,1730241420,06:37:00 PM,06:37:00 PM,0
2110370,,VISCWON1,0,1730241473,1730241473,06:37:53 PM,06:37:53 PM,0
2110370,,VISCWON5,0,1730241503,1730241503,06:38:23 PM,06:38:23 PM,0
2110370,,WONDMMA4,0,1730241578,1730241578,06:39:38 PM,06:39:38 PM,0
2110370,,WONDMMA2,0,1730241623,1730241623,06:40:23 PM,06:40:23 PM,0
2110370,,WONDPVA2,0,1730241672,1730241672,06:41:12 PM,06:41:12 PM,0
2110370,,WONDPVA4,0,1730241708,1730241708,06:41:48 PM,06:41:48 PM,0
2110370,,SOUTWON1,0,1730241770,1730241770,06:42:50 PM,06:42:50 PM,0
2110370,,SOUTSING,0,1730241837,1730241837,06:43:57 PM,06:43:57 PM,0
2110370,,SOUTAND1,0,1730241900,1730241900,06:45:00 PM,06:45:00 PM,0
2110370,,SOUTSPRI,0,1730241935,1730241935,06:45:35 PM,06:45:35 PM,0
2110370,,SOUTNOD1,0,1730241972,1730241972,06:46:12 PM,06:46:12 PM,0
2110370,,SOUTNOD3,0,1730241999,1730241999,06:46:39 PM,06:46:39 PM,0
2110370,,SOUTWHA1,0,1730242062,1730242062,06:47:42 PM,06:47:42 PM,0
2110370,,SOUTWHA3,0,1730242086,1730242086,06:48:06 PM,06:48:06 PM,0
2110370,,SOUTWHOK,0,1730242143,1730242143,06:49:03 PM,06:49:03 PM,0
2110370,,SOUTJAL1,0,1730242238,1730242238,06:50:38 PM,06:50:38 PM,0
2110370,,SOUTDUL1,0,1730242267,1730242267,06:51:07 PM,06:51:07 PM,0
2110370,,SOUTNIX1,0,1730242302,1730242302,06:51:42 PM,06:51:42 PM,0
2110370,,SOUTVER1,0,1730242388,1730242388,06:53:08 PM,06:53:08 PM,0
2110370,,WELLHARL,,,,,,
2110370,,WELLMON4,,,,,,
2110370,,WELLMON2,,,,,,
2110370,,WELLBRA2,0,1730242579,1730242579,06:56:19 PM,06:56:19 PM,0
2110370,,WHITOMA3,0,1730242620,1730242620,06:57:00 PM,06:57:00 PM,0
2110370,,WHITOMA3,0,1730242920,1730242920,07:02:00 PM,07:02:00 PM,0
2110370,,BRADWEL3,0,1730243061,1730243061,07:04:21 PM,07:04:21 PM,0
2110370,,BRADWIL1,0,1730243108,1730243108,07:05:08 PM,07:05:08 PM,0
2110370,,BRADAGN1,0,1730243134,1730243134,07:05:34 PM,07:05:34 PM,0
2110370,,BRADADE1,0,1730243184,1730243184,07:06:24 PM,07:06:24 PM,0
2110370,,BRADADE3,0,1730243237,1730243237,07:07:17 PM,07:07:17 PM,0
2110370,,ADELOSG5,0,1730243277,1730243277,07:07:57 PM,07:07:57 PM,0
2110370,,ADELOSG7,0,1730243319,1730243319,07:08:39 PM,07:08:39 PM,0
2110370,,ADELOSG3,0,1730243394,1730243394,07:09:54 PM,07:09:54 PM,0
2110370,,SOUTADE1,0,1730243446,1730243446,07:10:46 PM,07:10:46 PM,0
2110370,,SOUTMIL5,0,1730243474,1730243474,07:11:14 PM,07:11:14 PM,0
2110370,,SOUTMIL3,0,1730243513,1730243513,07:11:53 PM,07:11:53 PM,0
2110370,,SOUTMIL1,0,1730243580,1730243580,07:13:00 PM,07:13:00 PM,0
2110370,,SOUTKOR1,0,1730243628,1730243628,07:13:48 PM,07:13:48 PM,0
2110370,,SOUTPOM1,0,1730243661,1730243661,07:14:21 PM,07:14:21 PM,0
2110370,,PONDPONV,0,1730243733,1730243733,07:15:33 PM,07:15:33 PM,0
2110370,,PONDMIR3,0,1730243766,1730243766,07:16:06 PM,07:16:06 PM,0
2110370,,PONDMIR1,0,1730243791,1730243791,07:16:31 PM,07:16:31 PM,0
2110370,,PONDDEV1,0,1730243835,1730243835,07:17:15 PM,07:17:15 PM,0
2110370,,PONDBAN1,0,1730243856,1730243856,07:17:36 PM,07:17:36 PM,0
2110370,,PONDOLDH,0,1730243914,1730243914,07:18:34 PM,07:18:34 PM,0
2110370,,COMMPOM3,0,1730243962,1730243962,07:19:22 PM,07:19:22 PM,0
2110370,,COMMDEV1,0,1730244000,1730244000,07:20:00 PM,07:20:00 PM,0
2110370,,COMMHIG1,0,1730244061,1730244061,07:21:01 PM,07:21:01 PM,0
2110370,,HIGBHAM1,0,1730244336,1730244336,07:25:36 PM,07:25:36 PM,0
2110370,,HIGBMAGE,0,1730244363,1730244363,07:26:03 PM,07:26:03 PM,0
2110370,,HIGBTRA1,0,1730244420,1730244420,07:27:00 PM,07:27:00 PM,0
2110364,,MASOSTO4,0,1730233080,1730233080,04:18:00 PM,04:18:00 PM,0
2110364,,RICHJACK,0,1730233158,1730233158,04:19:18 PM,04:19:18 PM,0
2110364,,RICHSHAV,0,1730233202,1730233202,04:20:02 PM,04:20:02 PM,0
2110364,,RICHWES2,0,1730233253,1730233253,04:20:53 PM,04:20:53 PM,0
2110364,,RICHWES4,0,1730233279,1730233279,04:21:19 PM,04:21:19 PM,0
2110364,,RICHWYND,0,1730233318,1730233318,04:21:58 PM,04:21:58 PM,0
2110364,,WINDRIC2,0,1730233400,1730233400,04:23:20 PM,04:23:20 PM,0
2110364,,PERTWIN2,0,1730233450,1730233450,04:24:10 PM,04:24:10 PM,0
2110364,,UNIVHOS2,0,1730233508,1730233508,04:25:08 PM,04:25:08 PM,0
2110364,,MIDDPERT,0,1730233661,1730233661,04:27:41 PM,04:27:41 PM,0
2110364,,NATSCI,0,1730233740,1730233740,04:29:00 PM,04:29:00 PM,0
2110364,,NATSCI,0,1730234040,1730234040,04:34:00 PM,04:34:00 PM,0
2110364,,WESTELG2,0,1730234434,1730234434,04:40:34 PM,04:40:34 PM,0
2110364,,WESTLAM2,0,1730234640,1730234640,04:44:00 PM,04:44:00 PM,0
2110364,,SARNWES2,0,1730234772,1730234772,04:46:12 PM,04:46:12 PM,0
2110364,,SARNBRES,0,1730234900,1730234900,04:48:20 PM,04:48:20 PM,0
2110364,,SARNSLEI,0,1730235027,1730235027,04:50:27 PM,04:50:27 PM,0
2110364,,SARNLEYT,0,1730235174,1730235174,04:52:54 PM,04:52:54 PM,0
2110364,,WONDSAR2,0,1730235360,1730235360,04:56:00 PM,04:56:00 PM,0
2110364,,WONDBEA2,0,1730235507,1730235507,04:58:27 PM,04:58:27 PM,0
2110364,,WONDFAR4,0,1730235576,1730235576,04:59:36 PM,04:59:36 PM,0
2110364,,WONDFAR2,0,1730235611,1730235611,05:00:11 PM,05:00:11 PM,0
2110364,,WONDOXF2,0,1730235660,1730235660,05:01:00 PM,05:01:00 PM,0
2110364,,WONDOXF4,0,1730235707,1730235707,05:01:47 PM,05:01:47 PM,0
2110364,,WONDKIW2,0,1730235762,1730235762,05:02:42 PM,05:02:42 PM,0
2110364,,WONDRIV2,0,1730235823,1730235823,05:03:43 PM,05:03:43 PM,0
2110364,,WONDSPRI,0,1730236075,1730236075,05:07:55 PM,05:07:55 PM,0
2110364,,WONDROSE,0,1730236143,1730236143,05:09:03 PM,05:09:03 PM,0
2110364,,WONDCOM2,0,1730236262,1730236262,05:11:02 PM,05:11:02 PM,0
2110364,,WONDVIL2,0,1730236305,1730236305,05:11:45 PM,05:11:45 PM,0
2110364,,WONDVIS4,0,1730236375,1730236375,05:12:55 PM,05:12:55 PM,0
2110364,,WESTMAL4,0,1730236440,1730236440,05:14:00 PM,05:14:00 PM,0
2110364,,VISCWON1,0,1730236507,1730236507,05:15:07 PM,05:15:07 PM,0
2110364,,VISCWON5,0,1730236545,1730236545,05:15:45 PM,05:15:45 PM,0
2110364,,WONDMMA4,0,1730236639,1730236639,05:17:19 PM,05:17:19 PM,0
2110364,,WONDMMA2,0,1730236696,1730236696,05:18:16 PM,05:18:16 PM,0
2110364,,WONDPVA2,0,1730236758,1730236758,05:19:18 PM,05:19:18 PM,0
2110364,,WONDPVA4,0,1730236803,1730236803,05:20:03 PM,05:20:03 PM,0
2110364,,SOUTWON1,0,1730236881,1730236881,05:21:21 PM,05:21:21 PM,0
2110364,,SOUTSING,0,1730236965,1730236965,05:22:45 PM,05:22:45 PM,0
2110364,,SOUTAND1,0,1730237040,1730237040,05:24:00 PM,05:24:00 PM,0
2110364,,SOUTSPRI,0,1730237081,1730237081,05:24:41 PM,05:24:41 PM,0
2110364,,SOUTNOD1,0,1730237125,1730237125,05:25:25 PM,05:25:25 PM,0
2110364,,SOUTNOD3,0,1730237156,1730237156,05:25:56 PM,05:25:56 PM,0
2110364,,SOUTWHA1,0,1730237229,1730237229,05:27:09 PM,05:27:09 PM,0
2110364,,SOUTWHA3,0,1730237257,1730237257,05:27:37 PM,05:27:37 PM,0
2110364,,SOUTWHOK,0,1730237324,1730237324,05:28:44 PM,05:28:44 PM,0
2110364,,SOUTJAL1,0,1730237435,1730237435,05:30:35 PM,05:30:35 PM,0
2110364,,SOUTDUL1,0,1730237468,1730237468,05:31:08 PM,05:31:08 PM,0
2110364,,SOUTNIX1,0,1730237509,1730237509,05:31:49 PM,05:31:49 PM,0
2110364,,SOUTVER1,0,1730237610,1730237610,05:33:30 PM,05:33:30 PM,0
2110364,,WELLHARL,,,,,,
2110364,,WELLMON4,,,,,,
2110364,,WELLMON2,,,,,,
2110364,,WELLBRA2,0,1730237832,1730237832,05:37:12 PM,05:37:12 PM,0
2110364,,WHITOMA3,0,1730237880,1730237880,05:38:00 PM,05:38:00 PM,0
2110364,,WHITOMA3,0,1730238300,1730238300,05:45:00 PM,05:45:00 PM,0
2110364,,BRADWEL3,0,1730238441,1730238441,05:47:21 PM,05:47:21 PM,0
2110364,,BRADWIL1,0,1730238488,1730238488,05:48:08 PM,05:48:08 PM,0
2110364,,BRADAGN1,0,1730238514,1730238514,05:48:34 PM,05:48:34 PM,0
2110364,,BRADADE1,0,1730238564,1730238564,05:49:24 PM,05:49:24 PM,0
2110364,,BRADADE3,0,1730238617,1730238617,05:50:17 PM,05:50:17 PM,0
2110364,,ADELOSG5,0,1730238657,1730238657,05:50:57 PM,05:50:57 PM,0
2110364,,ADELOSG7,0,1730238699,1730238699,05:51:39 PM,05:51:39 PM,0
2110364,,ADELOSG3,0,1730238774,1730238774,05:52:54 PM,05:52:54 PM,0
2110364,,SOUTADE1,0,1730238826,1730238826,05:53:46 PM,05:53:46 PM,0
2110364,,SOUTMIL5,0,1730238854,1730238854,05:54:14 PM,05:54:14 PM,0
2110364,,SOUTMIL3,0,1730238893,1730238893,05:54:53 PM,05:54:53 PM,0
2110364,,SOUTMIL1,0,1730238960,1730238960,05:56:00 PM,05:56:00 PM,0
2110364,,SOUTKOR1,0,1730239015,1730239015,05:56:55 PM,05:56:55 PM,0
2110364,,SOUTPOM1,0,1730239052,1730239052,05:57:32 PM,05:57:32 PM,0
2110364,,PONDPONV,0,1730239134,1730239134,05:58:54 PM,05:58:54 PM,0
2110364,,PONDMIR3,0,1730239172,1730239172,05:59:32 PM,05:59:32 PM,0
2110364,,PONDMIR1,0,1730239200,1730239200,06:00:00 PM,06:00:00 PM,0
2110364,,PONDDEV1,0,1730239250,1730239250,06:00:50 PM,06:00:50 PM,0
2110364,,PONDBAN1,0,1730239274,1730239274,06:01:14 PM,06:01:14 PM,0
2110364,,PONDOLDH,0,1730239340,1730239340,06:02:20 PM,06:02:20 PM,0
2110364,,COMMPOM3,0,1730239395,1730239395,06:03:15 PM,06:03:15 PM,0
2110364,,COMMDEV1,0,1730239440,1730239440,06:04:00 PM,06:04:00 PM,0
2110364,,COMMHIG1,0,1730239492,1730239492,06:04:52 PM,06:04:52 PM,0
2110364,,HIGBHAM1,0,1730239728,1730239728,06:08:48 PM,06:08:48 PM,0
2110364,,HIGBMAGE,0,1730239751,1730239751,06:09:11 PM,06:09:11 PM,0
2110364,,HIGBTRA1,0,1730239798,1730239798,06:09:58 PM,06:09:58 PM,0
2110364,,HIGBBRY1,0,1730239860,1730239860,06:11:00 PM,06:11:00 PM,0
2110364,,HIGBWIL1,0,1730239927,1730239927,06:12:07 PM,06:12:07 PM,0
2110364,,HIGBBEA1,0,1730239993,1730239993,06:13:13 PM,06:13:13 PM,0
2110364,,HIGBDUN1,0,1730240100,1730240100,06:15:00 PM,06:15:00 PM,0
2110364,,HIGBLPH1,,,,,,
2110364,,HIGBOXF1,,,,,,
2110364,,HIGBOXF3,,,,,,
2110364,,HIGBLAN1,0,1730240399,1730240399,06:19:59 PM,06:19:59 PM,0
2110364,,HIGBCHE1,0,1730240440,1730240440,06:20:40 PM,06:20:40 PM,0
2110364,,HIGBGOD1,0,1730240485,1730240485,06:21:25 PM,06:21:25 PM,0
2110364,,HIGBHURO,0,1730240539,1730240539,06:22:19 PM,06:22:19 PM,0
2110364,,HIGBHIC1,0,1730240588,1730240588,06:23:08 PM,06:23:08 PM,0
2110364,,HIGBFUL1,0,1730240622,1730240622,06:23:42 PM,06:23:42 PM,0
2110364,,FULLVES2,0,1730240699,1730240699,06:24:59 PM,06:24:59 PM,0
2110364,,FULLREGA,0,1730240742,1730240742,06:25:42 PM,06:25:42 PM,0
2110364,,MCNAMEL2,0,1730240792,1730240792,06:26:32 PM,06:26:32 PM,0
2110364,,MELSBRIA,0,1730240824,1730240824,06:27:04 PM,06:27:04 PM,0
2110364,,MELSSUSS,0,1730240878,1730240878,06:27:58 PM,06:27:58 PM,0
2110364,,BARKHURO,0,1730240940,1730240940,06:29:00 PM,06:29:00 PM,0
2110318,,BARKHURO,0,1730240940,1730240940,06:29:00 PM,06:29:00 PM,0
2110318,,HUROBRI3,0,1730241017,1730241017,06:30:17 PM,06:30:17 PM,0
2110318,,HUROBRI1,0,1730241041,1730241041,06:30:41 PM,06:30:41 PM,0
2110318,,HUROMCN1,0,1730241085,1730241085,06:31:25 PM,06:31:25 PM,0
2110318,,HUROVES1,0,1730241123,1730241123,06:32:03 PM,06:32:03 PM,0
2110318,,HUROHIG1,0,1730241180,1730241180,06:33:00 PM,06:33:00 PM,0
2110318,,HIGBGOD2,0,1730241285,1730241285,06:34:45 PM,06:34:45 PM,0
2110318,,HIGBCHE2,0,1730241344,1730241344,06:35:44 PM,06:35:44 PM,0
2110318,,HIGBLAN2,0,1730241371,1730241371,06:36:11 PM,06:36:11 PM,0
2110318,,HIGBOXF4,,,,,,
2110318,,HIGBOXF2,,,,,,
2110318,,HIGBLPH2,,,,,,
2110318,,HIGBDUN2,0,1730241600,1730241600,06:40:00 PM,06:40:00 PM,0
2110318,,HIGBBEA2,0,1730241662,1730241662,06:41:02 PM,06:41:02 PM,0
2110318,,HIGBWIL2,0,1730241718,1730241718,06:41:58 PM,06:41:58 PM,0
2110318,,HIGBBRY2,0,1730241780,1730241780,06:43:00 PM,06:43:00 PM,0
2110318,,HIGBTRA2,0,1730241846,1730241846,06:44:06 PM,06:44:06 PM,0
2110318,,HIGBCALV,0,1730241905,1730241905,06:45:05 PM,06:45:05 PM,0
2110318,,HIGBHAM2,0,1730241927,1730241927,06:45:27 PM,06:45:27 PM,0
2110318,,COMMDEV6,0,1730242233,1730242233,06:50:33 PM,06:50:33 PM,0
2110318,,COMMDEV2,0,1730242260,1730242260,06:51:00 PM,06:51:00 PM,0
2110318,,PONDDEV2,0,1730242322,1730242322,06:52:02 PM,06:52:02 PM,0
2110318,,PONDBAN2,0,1730242363,1730242363,06:52:43 PM,06:52:43 PM,0
2110318,,PONDDEV4,0,1730242395,1730242395,06:53:15 PM,06:53:15 PM,0
2110318,,PONDMIR4,0,1730242432,1730242432,06:53:52 PM,06:53:52 PM,0
2110318,,PONDMIR2,0,1730242466,1730242466,06:54:26 PM,06:54:26 PM,0
2110318,,PONDMILL,0,1730242484,1730242484,06:54:44 PM,06:54:44 PM,0
2110318,,SOUTPOM2,0,1730242545,1730242545,06:55:45 PM,06:55:45 PM,0
2110318,,SOUTKOR2,0,1730242583,1730242583,06:56:23 PM,06:56:23 PM,0
2110318,,SOUTMIL2,0,1730242620,1730242620,06:57:00 PM,06:57:00 PM,0
2110318,,SOUTMIL4,0,1730242680,1730242680,06:58:00 PM,06:58:00 PM,0
2110318,,SOUTMIL6,0,1730242715,1730242715,06:58:35 PM,06:58:35 PM,0
2110318,,ADELSDAL,0,1730242750,1730242750,06:59:10 PM,06:59:10 PM,0
2110318,,ADELOSG2,0,1730242783,1730242783,06:59:43 PM,06:59:43 PM,0
2110318,,ADELOSG6,0,1730242836,1730242836,07:00:36 PM,07:00:36 PM,0
2110318,,ADELOSG4,0,1730242866,1730242866,07:01:06 PM,07:01:06 PM,0
2110318,,BRADADE2,0,1730242897,1730242897,07:01:37 PM,07:01:37 PM,0
2110318,,BRADADE4,0,1730242940,1730242940,07:02:20 PM,07:02:20 PM,0
2110318,,BRADAGN2,0,1730242974,1730242974,07:02:54 PM,07:02:54 PM,0
2110318,,BRADWIL4,0,1730243001,1730243001,07:03:21 PM,07:03:21 PM,0
2110318,,BRADDEAR,0,1730243032,1730243032,07:03:52 PM,07:03:52 PM,0
2110318,,WELLBRA2,0,1730243061,1730243061,07:04:21 PM,07:04:21 PM,0
2110318,,WHITOMA3,0,1730243100,1730243100,07:05:00 PM,07:05:00 PM,0
2110318,,WHITOMA3,0,1730243880,1730243880,07:18:00 PM,07:18:00 PM,0
2110318,,WELLBRA1,,,,,,
2110318,,WELLMON1,,,,,,
2110318,,WELLSDA5,,,,,,
2110318,,SOUTMONT,,,,,,
2110318,,SOUTVER2,0,1730244221,1730244221,07:23:41 PM,07:23:41 PM,0
2110318,,SOUTEAS2,0,1730244251,1730244251,07:24:11 PM,07:24:11 PM,0
2110318,,SOUTNIX2,0,1730244322,1730244322,07:25:22 PM,07:25:22 PM,0
2110318,,SOUTDUL2,0,1730244365,1730244365,07:26:05 PM,07:26:05 PM,0
2110318,,SOUTDUN2,0,1730244420,1730244420,07:27:00 PM,07:27:00 PM,0
2110318,,SOUTHOME,0,1730244520,1730244520,07:28:40 PM,07:28:40 PM,0
2110318,,SOUTWHA4,0,1730244573,1730244573,07:29:33 PM,07:29:33 PM,0
2110318,,SOUTWHA2,0,1730244619,1730244619,07:30:19 PM,07:30:19 PM,0
2110318,,SOUTNOD2,0,1730244688,1730244688,07:31:28 PM,07:31:28 PM,0
2110318,,SOUTNOD4,0,1730244725,1730244725,07:32:05 PM,07:32:05 PM,0
2110318,,SOUTAND2,0,1730244805,1730244805,07:33:25 PM,07:33:25 PM,0
2110318,,SOUTWON2,0,1730244883,1730244883,07:34:43 PM,07:34:43 PM,0
2110318,,WONDSDA1,0,1730244928,1730244928,07:35:28 PM,07:35:28 PM,0
2110318,,WONDPVA1,0,1730244988,1730244988,07:36:28 PM,07:36:28 PM,0
2110318,,WONDMMA3,0,1730245014,1730245014,07:36:54 PM,07:36:54 PM,0
2110318,,WONDMMA1,0,1730245053,1730245053,07:37:33 PM,07:37:33 PM,0
2110318,,WESTMAL6,0,1730245200,1730245200,07:40:00 PM,07:40:00 PM,0
2110318,,WONDVIS3,0,1730245257,1730245257,07:40:57 PM,07:40:57 PM,0
2110318,,WONDVIL1,0,1730245290,1730245290,07:41:30 PM,07:41:30 PM,0
2110318,,WONDCOM1,0,1730245341,1730245341,07:42:21 PM,07:42:21 PM,0
2110318,,WONDCOM3,0,1730245386,1730245386,07:43:06 PM,07:43:06 PM,0
2110318,,WONDTEE1,0,1730245455,1730245455,07:44:15 PM,07:44:15 PM,0
2110318,,WONDSPR1,0,1730245560,1730245560,07:46:00 PM,07:46:00 PM,0
2110318,,WONDRIV1,0,1730245747,1730245747,07:49:07 PM,07:49:07 PM,0
2110318,,WONDKIW1,0,1730245778,1730245778,07:49:38 PM,07:49:38 PM,0
2110318,,WONDOXF3,0,1730245833,1730245833,07:50:33 PM,07:50:33 PM,0
2110318,,WONDOXF1,0,1730245860,1730245860,07:51:00 PM,07:51:00 PM,0
2110318,,WONDFAR1,0,1730245905,1730245905,07:51:45 PM,07:51:45 PM,0
2110318,,WONDFAR3,0,1730245945,1730245945,07:52:25 PM,07:52:25 PM,0
2110318,,WONDBEA1,0,1730246005,1730246005,07:53:25 PM,07:53:25 PM,0
2110318,,SARNCAS1,0,1730246160,1730246160,07:56:00 PM,07:56:00 PM,0
2110318,,SARNCAS1,0,1730246160,1730246160,07:56:00 PM,07:56:00 PM,0
2110318,,SARNRIPP,0,1730246239,1730246239,07:57:19 PM,07:57:19 PM,0
2110318,,SARNCAS3,0,1730246329,1730246329,07:58:49 PM,07:58:49 PM,0
2110318,,SARNCOOM,0,1730246408,1730246408,08:00:08 PM,08:00:08 PM,0
2110318,,SARNWES1,0,1730246460,1730246460,08:01:00 PM,08:01:00 PM,0
2110318,,WESTPHA3,0,1730246532,1730246532,08:02:12 PM,08:02:12 PM,0
2110318,,ALUMHAL1,0,1730246683,1730246683,08:04:43 PM,08:04:43 PM,0
2110318,,DELAHALL,0,1730246880,1730246880,08:08:00 PM,08:08:00 PM,0
2110318,,UNIVHOS1,0,1730246988,1730246988,08:09:48 PM,08:09:48 PM,0
2110318,,PERTWIN1,0,1730247013,1730247013,08:10:13 PM,08:10:13 PM,0
2110318,,RICHWIN1,0,1730247077,1730247077,08:11:17 PM,08:11:17 PM,0
2110318,,RICHWEC1,0,1730247113,1730247113,08:11:53 PM,08:11:53 PM,0
2110318,,RICHCANT,0,1730247147,1730247147,08:12:27 PM,08:12:27 PM,0
2110318,,RICHSUNN,0,1730247205,1730247205,08:13:25 PM,08:13:25 PM,0
2110318,,MASOSTO4,0,1730247300,1730247300,08:15:00 PM,08:15:00 PM,0
2110375,,MASOSTO4,0,1730247300,1730247300,08:15:00 PM,08:15:00 PM,0
2110375,,RICHJACK,0,1730247371,1730247371,08:16:11 PM,08:16:11 PM,0
2110375,,RICHSHAV,0,1730247411,1730247411,08:16:51 PM,08:16:51 PM,0
2110375,,RICHWES2,0,1730247457,1730247457,08:17:37 PM,08:17:37 PM,0
2110375,,RICHWES4,0,1730247480,1730247480,08:18:00 PM,08:18:00 PM,0
2110375,,RICHWYND,0,1730247515,1730247515,08:18:35 PM,08:18:35 PM,0
2110375,,WINDRIC2,0,1730247589,1730247589,08:19:49 PM,08:19:49 PM,0
2110375,,PERTWIN2,0,1730247634,1730247634,08:20:34 PM,08:20:34 PM,0
2110375,,UNIVHOS2,0,1730247686,1730247686,08:21:26 PM,08:21:26 PM,0
2110375,,MIDDPERT,0,1730247825,1730247825,08:23:45 PM,08:23:45 PM,0
2110375,,NATSCI,0,1730247900,1730247900,08:25:00 PM,08:25:00 PM,0
2110375,,NATSCI,0,1730247900,1730247900,08:25:00 PM,08:25:00 PM,0
2110375,,WESTELG2,0,1730248057,1730248057,08:27:37 PM,08:27:37 PM,0
2110375,,WESTLAM2,0,1730248140,1730248140,08:29:00 PM,08:29:00 PM,0
2110375,,SARNWES2,0,1730248239,1730248239,08:30:39 PM,08:30:39 PM,0
2110375,,SARNBRES,0,1730248335,1730248335,08:32:15 PM,08:32:15 PM,0
2110375,,SARNSLEI,0,1730248430,1730248430,08:33:50 PM,08:33:50 PM,0
2110375,,SARNLEYT,0,1730248540,1730248540,08:35:40 PM,08:35:40 PM,0
2110375,,WONDSAR2,0,1730248680,1730248680,08:38:00 PM,08:38:00 PM,0
2110375,,WONDBEA2,0,1730248798,1730248798,08:39:58 PM,08:39:58 PM,0
2110375,,WONDFAR4,0,1730248853,1730248853,08:40:53 PM,08:40:53 PM,0
2110375,,WONDFAR2,0,1730248881,1730248881,08:41:21 PM,08:41:21 PM,0
2110375,,WONDOXF2,0,1730248920,1730248920,08:42:00 PM,08:42:00 PM,0
2110375,,WONDOXF4,0,1730248952,1730248952,08:42:32 PM,08:42:32 PM,0
2110375,,WONDKIW2,0,1730248990,1730248990,08:43:10 PM,08:43:10 PM,0
2110375,,WONDRIV2,0,1730249032,1730249032,08:43:52 PM,08:43:52 PM,0
2110375,,WONDSPRI,0,1730249206,1730249206,08:46:46 PM,08:46:46 PM,0
2110375,,WONDROSE,0,1730249253,1730249253,08:47:33 PM,08:47:33 PM,0
2110375,,WONDCOM2,0,1730249335,1730249335,08:48:55 PM,08:48:55 PM,0
2110375,,WONDVIL2,0,1730249365,1730249365,08:49:25 PM,08:49:25 PM,0
2110375,,WONDVIS4,0,1730249413,1730249413,08:50:13 PM,08:50:13 PM,0
2110375,,WESTMAL4,0,1730249460,1730249460,08:51:00 PM,08:51:00 PM,0
2110375,,VISCWON1,0,1730249513,1730249513,08:51:53 PM,08:51:53 PM,0
2110375,,VISCWON5,0,1730249543,1730249543,08:52:23 PM,08:52:23 PM,0
2110375,,WONDMMA4,0,1730249618,1730249618,08:53:38 PM,08:53:38 PM,0
2110375,,WONDMMA2,0,1730249663,1730249663,08:54:23 PM,08:54:23 PM,0
2110375,,WONDPVA2,0,1730249712,1730249712,08:55:12 PM,08:55:12 PM,0
2110375,,WONDPVA4,0,1730249748,1730249748,08:55:48 PM,08:55:48 PM,0
2110375,,SOUTWON1,0,1730249810,1730249810,08:56:50 PM,08:56:50 PM,0
2110375,,SOUTSING,0,1730249877,1730249877,08:57:57 PM,08:57:57 PM,0
2110375,,SOUTAND1,0,1730249940,1730249940,08:59:00 PM,08:59:00 PM,0
2110375,,SOUTSPRI,0,1730249975,1730249975,08:59:35 PM,08:59:35 PM,0
2110375,,SOUTNOD1,0,1730250012,1730250012,09:00:12 PM,09:00:12 PM,0
2110375,,SOUTNOD3,0,1730250039,1730250039,09:00:39 PM,09:00:39 PM,0
2110375,,SOUTWHA1,0,1730250102,1730250102,09:01:42 PM,09:01:42 PM,0
2110375,,SOUTWHA3,0,1730250126,1730250126,09:02:06 PM,09:02:06 PM,0
2110375,,SOUTWHOK,0,1730250183,1730250183,09:03:03 PM,09:03:03 PM,0
2110375,,SOUTJAL1,0,1730250278,1730250278,09:04:38 PM,09:04:38 PM,0
2110375,,SOUTDUL1,0,1730250307,1730250307,09:05:07 PM,09:05:07 PM,0
2110375,,SOUTNIX1,0,1730250342,1730250342,09:05:42 PM,09:05:42 PM,0
2110375,,SOUTVER1,0,1730250428,1730250428,09:07:08 PM,09:07:08 PM,0
2110375,,WELLHARL,,,,,,
2110375,,WELLMON4,,,,,,
2110375,,WELLMON2,,,,,,
2110375,,WELLBRA2,0,1730250619,1730250619,09:10:19 PM,09:10:19 PM,0
2110375,,WHITOMA3,0,1730250660,1730250660,09:11:00 PM,09:11:00 PM,0
2110375,,WHITOMA3,0,1730250960,1730250960,09:16:00 PM,09:16:00 PM,0
2110375,,BRADWEL3,0,1730251101,1730251101,09:18:21 PM,09:18:21 PM,0
2110375,,BRADWIL1,0,1730251148,1730251148,09:19:08 PM,09:19:08 PM,0
2110375,,BRADAGN1,0,1730251174,1730251174,09:19:34 PM,09:19:34 PM,0
2110375,,BRADADE1,0,1730251224,1730251224,09:20:24 PM,09:20:24 PM,0
2110375,,BRADADE3,0,1730251277,1730251277,09:21:17 PM,09:21:17 PM,0
2110375,,ADELOSG5,0,1730251317,1730251317,09:21:57 PM,09:21:57 PM,0
2110375,,ADELOSG7,0,1730251359,1730251359,09:22:39 PM,09:22:39 PM,0
2110375,,ADELOSG3,0,1730251434,1730251434,09:23:54 PM,09:23:54 PM,0
2110375,,SOUTADE1,0,1730251486,1730251486,09:24:46 PM,09:24:46 PM,0
2110375,,SOUTMIL5,0,1730251514,1730251514,09:25:14 PM,09:25:14 PM,0
2110375,,SOUTMIL3,0,1730251553,1730251553,09:25:53 PM,09:25:53 PM,0
2110375,,SOUTMIL1,0,1730251620,1730251620,09:27:00 PM,09:27:00 PM,0
2110375,,SOUTKOR1,0,1730251668,1730251668,09:27:48 PM,09:27:48 PM,0
2110375,,SOUTPOM1,0,1730251701,1730251701,09:28:21 PM,09:28:21 PM,0
2110375,,PONDPONV,0,1730251773,1730251773,09:29:33 PM,09:29:33 PM,0
2110375,,PONDMIR3,0,1730251806,1730251806,09:30:06 PM,09:30:06 PM,0
2110375,,PONDMIR1,0,1730251831,1730251831,09:30:31 PM,09:30:31 PM,0
2110375,,PONDDEV1,0,1730251875,1730251875,09:31:15 PM,09:31:15 PM,0
2110375,,PONDBAN1,0,1730251896,1730251896,09:31:36 PM,09:31:36 PM,0
2110375,,PONDOLDH,0,1730251954,1730251954,09:32:34 PM,09:32:34 PM,0
2110375,,COMMPOM3,0,1730252002,1730252002,09:33:22 PM,09:33:22 PM,0
2110375,,COMMDEV1,0,1730252040,1730252040,09:34:00 PM,09:34:00 PM,0
2110375,,COMMHIG1,0,1730252084,1730252084,09:34:44 PM,09:34:44 PM,0
2110375,,HIGBHAM1,0,1730252286,1730252286,09:38:06 PM,09:38:06 PM,0
2110375,,HIGBMAGE,0,1730252305,1730252305,09:38:25 PM,09:38:25 PM,0
2110375,,HIGBTRA1,0,1730252346,1730252346,09:39:06 PM,09:39:06 PM,0
2110375,,HIGBBRY1,0,1730252400,1730252400,09:40:00 PM,09:40:00 PM,0
2110375,,HIGBWIL1,0,1730252467,1730252467,09:41:07 PM,09:41:07 PM,0
2110375,,HIGBBEA1,0,1730252533,1730252533,09:42:13 PM,09:42:13 PM,0
2110375,,HIGBDUN1,0,1730252640,1730252640,09:44:00 PM,09:44:00 PM,0
2110375,,HIGBLPH1,,,,,,
2110375,,HIGBOXF1,,,,,,
2110375,,HIGBOXF3,,,,,,
2110375,,HIGBLAN1,0,1730252896,1730252896,09:48:16 PM,09:48:16 PM,0
2110375,,HIGBCHE1,0,1730252931,1730252931,09:48:51 PM,09:48:51 PM,0
2110375,,HIGBGOD1,0,1730252969,1730252969,09:49:29 PM,09:49:29 PM,0
2110375,,HIGBHURO,0,1730253015,1730253015,09:50:15 PM,09:50:15 PM,0
2110375,,HIGBHIC1,0,1730253057,1730253057,09:50:57 PM,09:50:57 PM,0
2110375,,HIGBFUL1,0,1730253086,1730253086,09:51:26 PM,09:51:26 PM,0
2110375,,FULLVES2,0,1730253152,1730253152,09:52:32 PM,09:52:32 PM,0
2110375,,FULLREGA,0,1730253189,1730253189,09:53:09 PM,09:53:09 PM,0
2110375,,MCNAMEL2,0,1730253231,1730253231,09:53:51 PM,09:53:51 PM,0
2110375,,MELSBRIA,0,1730253258,1730253258,09:54:18 PM,09:54:18 PM,0
2110375,,MELSSUSS,0,1730253305,1730253305,09:55:05 PM,09:55:05 PM,0
2110375,,BARKHURO,0,1730253360,1730253360,09:56:00 PM,09:56:00 PM,0
2110324,,BARKHURO,0,1730253360,1730253360,09:56:00 PM,09:56:00 PM,0
2110324,,HUROBRI3,0,1730253440,1730253440,09:57:20 PM,09:57:20 PM,0
2110324,,HUROBRI1,0,1730253464,1730253464,09:57:44 PM,09:57:44 PM,0
2110324,,HUROMCN1,0,1730253507,1730253507,09:58:27 PM,09:58:27 PM,0
2110324,,HUROVES1,0,1730253544,1730253544,09:59:04 PM,09:59:04 PM,0
2110324,,HUROHIG1,0,1730253600,1730253600,10:00:00 PM,10:00:00 PM,0
2110324,,HIGBGOD2,0,1730253684,1730253684,10:01:24 PM,10:01:24 PM,0
2110324,,HIGBCHE2,0,1730253731,1730253731,10:02:11 PM,10:02:11 PM,0
2110324,,HIGBLAN2,0,1730253752,1730253752,10:02:32 PM,10:02:32 PM,0
2110324,,HIGBOXF4,,,,,,
2110324,,HIGBOXF2,,,,,,
2110324,,HIGBLPH2,,,,,,
2110324,,HIGBDUN2,0,1730253960,1730253960,10:06:00 PM,10:06:00 PM,0
2110324,,HIGBBEA2,0,1730254001,1730254001,10:06:41 PM,10:06:41 PM,0
2110324,,HIGBWIL2,0,1730254038,1730254038,10:07:18 PM,10:07:18 PM,0
2110324,,HIGBBRY2,0,1730254080,1730254080,10:08:00 PM,10:08:00 PM,0
2110324,,HIGBTRA2,0,1730254137,1730254137,10:08:57 PM,10:08:57 PM,0
2110324,,HIGBCALV,0,1730254188,1730254188,10:09:48 PM,10:09:48 PM,0
2110324,,HIGBHAM2,0,1730254208,1730254208,10:10:08 PM,10:10:08 PM,0
2110324,,COMMDEV6,0,1730254475,1730254475,10:14:35 PM,10:14:35 PM,0
2110324,,COMMDEV2,0,1730254500,1730254500,10:15:00 PM,10:15:00 PM,0
2110324,,PONDDEV2,0,1730254552,1730254552,10:15:52 PM,10:15:52 PM,0
2110324,,PONDBAN2,0,1730254586,1730254586,10:16:26 PM,10:16:26 PM,0
2110324,,PONDDEV4,0,1730254613,1730254613,10:16:53 PM,10:16:53 PM,0
2110324,,PONDMIR4,0,1730254644,1730254644,10:17:24 PM,10:17:24 PM,0
2110324,,PONDMIR2,0,1730254673,1730254673,10:17:53 PM,10:17:53 PM,0
2110324,,PONDMILL,0,1730254688,1730254688,10:18:08 PM,10:18:08 PM,0
2110324,,SOUTPOM2,0,1730254739,1730254739,10:18:59 PM,10:18:59 PM,0
2110324,,SOUTKOR2,0,1730254771,1730254771,10:19:31 PM,10:19:31 PM,0
2110324,,SOUTMIL2,0,1730254800,1730254800,10:20:00 PM,10:20:00 PM,0
2110324,,SOUTMIL4,0,1730254852,1730254852,10:20:52 PM,10:20:52 PM,0
2110324,,SOUTMIL6,0,1730254883,1730254883,10:21:23 PM,10:21:23 PM,0
2110324,,ADELSDAL,0,1730254914,1730254914,10:21:54 PM,10:21:54 PM,0
2110324,,ADELOSG2,0,1730254942,1730254942,10:22:22 PM,10:22:22 PM,0
2110324,,ADELOSG6,0,1730254988,1730254988,10:23:08 PM,10:23:08 PM,0
2110324,,ADELOSG4,0,1730255014,1730255014,10:23:34 PM,10:23:34 PM,0
2110324,,BRADADE2,0,1730255041,1730255041,10:24:01 PM,10:24:01 PM,0
2110324,,BRADADE4,0,1730255079,1730255079,10:24:39 PM,10:24:39 PM,0
2110324,,BRADAGN2,0,1730255109,1730255109,10:25:09 PM,10:25:09 PM,0
2110324,,BRADWIL4,0,1730255133,1730255133,10:25:33 PM,10:25:33 PM,0
2110324,,BRADDEAR,0,1730255160,1730255160,10:26:00 PM,10:26:00 PM,0
2110324,,WELLBRA2,0,1730255186,1730255186,10:26:26 PM,10:26:26 PM,0
2110324,,WHITOMA3,0,1730255220,1730255220,10:27:00 PM,10:27:00 PM,0
2110324,,WHITOMA3,0,1730255520,1730255520,10:32:00 PM,10:32:00 PM,0
2110324,,WELLBRA1,,,,,,
2110324,,WELLMON1,,,,,,
2110324,,WELLSDA5,,,,,,
2110324,,SOUTMONT,,,,,,
2110324,,SOUTVER2,0,1730255823,1730255823,10:37:03 PM,10:37:03 PM,0
2110324,,SOUTEAS2,0,1730255850,1730255850,10:37:30 PM,10:37:30 PM,0
2110324,,SOUTNIX2,0,1730255913,1730255913,10:38:33 PM,10:38:33 PM,0
2110324,,SOUTDUL2,0,1730255951,1730255951,10:39:11 PM,10:39:11 PM,0
2110324,,SOUTDUN2,0,1730256000,1730256000,10:40:00 PM,10:40:00 PM,0
2110324,,SOUTHOME,0,1730256084,1730256084,10:41:24 PM,10:41:24 PM,0
2110324,,SOUTWHA4,0,1730256129,1730256129,10:42:09 PM,10:42:09 PM,0
2110324,,SOUTWHA2,0,1730256168,1730256168,10:42:48 PM,10:42:48 PM,0
2110324,,SOUTNOD2,0,1730256226,1730256226,10:43:46 PM,10:43:46 PM,0
2110324,,SOUTNOD4,0,1730256258,1730256258,10:44:18 PM,10:44:18 PM,0
2110324,,SOUTAND2,0,1730256326,1730256326,10:45:26 PM,10:45:26 PM,0
2110324,,SOUTWON2,0,1730256392,1730256392,10:46:32 PM,10:46:32 PM,0
2110324,,WONDSDA1,0,1730256430,1730256430,10:47:10 PM,10:47:10 PM,0
2110324,,WONDPVA1,0,1730256480,1730256480,10:48:00 PM,10:48:00 PM,0
2110324,,WONDMMA3,0,1730256502,1730256502,10:48:22 PM,10:48:22 PM,0
2110324,,WONDMMA1,0,1730256535,1730256535,10:48:55 PM,10:48:55 PM,0
2110324,,WESTMAL6,0,1730256660,1730256660,10:51:00 PM,10:51:00 PM,0
2110324,,WONDVIS3,0,1730256708,1730256708,10:51:48 PM,10:51:48 PM,0
2110324,,WONDVIL1,0,1730256736,1730256736,10:52:16 PM,10:52:16 PM,0
2110324,,WONDCOM1,0,1730256778,1730256778,10:52:58 PM,10:52:58 PM,0
2110324,,WONDCOM3,0,1730256815,1730256815,10:53:35 PM,10:53:35 PM,0
2110324,,WONDTEE1,0,1730256872,1730256872,10:54:32 PM,10:54:32 PM,0
2110324,,WONDSPR1,0,1730256960,1730256960,10:56:00 PM,10:56:00 PM,0
2110324,,WONDRIV1,0,1730257110,1730257110,10:58:30 PM,10:58:30 PM,0
2110324,,WONDKIW1,0,1730257135,1730257135,10:58:55 PM,10:58:55 PM,0
2110324,,WONDOXF3,0,1730257179,1730257179,10:59:39 PM,10:59:39 PM,0
2110324,,WONDOXF1,0,1730257200,1730257200,11:00:00 PM,11:00:00 PM,0
2110324,,WONDFAR1,0,1730257236,1730257236,11:00:36 PM,11:00:36 PM,0
2110324,,WONDFAR3,0,1730257268,1730257268,11:01:08 PM,11:01:08 PM,0
2110324,,WONDBEA1,0,1730257316,1730257316,11:01:56 PM,11:01:56 PM,0
2110324,,SARNCAS1,0,1730257440,1730257440,11:04:00 PM,11:04:00 PM,0
2110324,,SARNCAS1,0,1730257440,1730257440,11:04:00 PM,11:04:00 PM,0
2110324,,SARNRIPP,0,1730257487,1730257487,11:04:47 PM,11:04:47 PM,0
2110324,,SARNCAS3,0,1730257541,1730257541,11:05:41 PM,11:05:41 PM,0
2110324,,SARNCOOM,0,1730257588,1730257588,11:06:28 PM,11:06:28 PM,0
2110324,,SARNWES1,0,1730257620,1730257620,11:07:00 PM,11:07:00 PM,0
2110324,,WESTPHA3,0,1730257677,1730257677,11:07:57 PM,11:07:57 PM,0
2110324,,ALUMHAL1,0,1730257795,1730257795,11:09:55 PM,11:09:55 PM,0
2110324,,MIDDPERT,0,1730257940,1730257940,11:12:20 PM,11:12:20 PM,0
2110324,,NATSCI,0,1730258040,1730258040,11:14:00 PM,11:14:00 PM,0
2110381,,NATSCI,0,1730258760,1730258760,11:26:00 PM,11:26:00 PM,0
2110381,,WESTELG2,0,1730258878,1730258878,11:27:58 PM,11:27:58 PM,0
2110381,,WESTLAM2,0,1730258940,1730258940,11:29:00 PM,11:29:00 PM,0
2110381,,SARNWES2,0,1730259017,1730259017,11:30:17 PM,11:30:17 PM,0
2110381,,SARNBRES,0,1730259092,1730259092,11:31:32 PM,11:31:32 PM,0
2110381,,SARNSLEI,0,1730259166,1730259166,11:32:46 PM,11:32:46 PM,0
2110381,,SARNLEYT,0,1730259252,1730259252,11:34:12 PM,11:34:12 PM,0
2110381,,WONDSAR2,0,1730259360,1730259360,11:36:00 PM,11:36:00 PM,0
2110381,,WONDBEA2,0,1730259448,1730259448,11:37:28 PM,11:37:28 PM,0
2110381,,WONDFAR4,0,1730259489,1730259489,11:38:09 PM,11:38:09 PM,0
2110381,,WONDFAR2,0,1730259510,1730259510,11:38:30 PM,11:38:30 PM,0
2110381,,WONDOXF2,0,1730259540,1730259540,11:39:00 PM,11:39:00 PM,0
2110381,,WONDOXF4,0,1730259572,1730259572,11:39:32 PM,11:39:32 PM,0
2110381,,WONDKIW2,0,1730259610,1730259610,11:40:10 PM,11:40:10 PM,0
2110381,,WONDRIV2,0,1730259652,1730259652,11:40:52 PM,11:40:52 PM,0
2110381,,WONDSPRI,0,1730259826,1730259826,11:43:46 PM,11:43:46 PM,0
2110381,,WONDROSE,0,1730259873,1730259873,11:44:33 PM,11:44:33 PM,0
2110381,,WONDCOM2,0,1730259955,1730259955,11:45:55 PM,11:45:55 PM,0
2110381,,WONDVIL2,0,1730259985,1730259985,11:46:25 PM,11:46:25 PM,0
2110381,,WONDVIS4,0,1730260033,1730260033,11:47:13 PM,11:47:13 PM,0
2110381,,WESTMAL4,0,1730260080,1730260080,11:48:00 PM,11:48:00 PM,0
2110381,,VISCWON1,0,1730260127,1730260127,11:48:47 PM,11:48:47 PM,0
2110381,,VISCWON5,0,1730260154,1730260154,11:49:14 PM,11:49:14 PM,0
2110381,,WONDMMA4,0,1730260220,1730260220,11:50:20 PM,11:50:20 PM,0
2110381,,WONDMMA2,0,1730260259,1730260259,11:50:59 PM,11:50:59 PM,0
2110381,,WONDPVA2,0,1730260302,1730260302,11:51:42 PM,11:51:42 PM,0
2110381,,WONDPVA4,0,1730260334,1730260334,11:52:14 PM,11:52:14 PM,0
2110381,,SOUTWON1,0,1730260389,1730260389,11:53:09 PM,11:53:09 PM,0
2110381,,SOUTSING,0,1730260447,1730260447,11:54:07 PM,11:54:07 PM,0
2110381,,SOUTAND1,0,1730260500,1730260500,11:55:00 PM,11:55:00 PM,0
2110381,,SOUTSPRI,0,1730260529,1730260529,11:55:29 PM,11:55:29 PM,0
2110381,,SOUTNOD1,0,1730260560,1730260560,11:56:00 PM,11:56:00 PM,0
2110381,,SOUTNOD3,0,1730260582,1730260582,11:56:22 PM,11:56:22 PM,0
2110381,,SOUTWHA1,0,1730260634,1730260634,11:57:14 PM,11:57:14 PM,0
2110381,,SOUTWHA3,0,1730260654,1730260654,11:57:34 PM,11:57:34 PM,0
2110381,,SOUTWHOK,0,1730260702,1730260702,11:58:22 PM,11:58:22 PM,0
2110381,,SOUTJAL1,0,1730260781,1730260781,11:59:41 PM,11:59:41 PM,0
2110381,,SOUTDUL1,0,1730260805,1730260805,12:00:05 AM,12:00:05 AM,0
2110381,,SOUTNIX1,0,1730260834,1730260834,12:00:34 AM,12:00:34 AM,0
2110381,,SOUTVER1,0,1730260906,1730260906,12:01:46 AM,12:01:46 AM,0
2110381,,WELLHARL,,,,,,
2110381,,WELLMON4,,,,,,
2110381,,WELLMON2,,,,,,
2110381,,WELLBRA2,0,1730261064,1730261064,12:04:24 AM,12:04:24 AM,0
2110381,,WHITOMA3,0,1730261100,1730261100,12:05:00 AM,12:05:00 AM,0
2110381,,WHITOMA3,0,1730261100,1730261100,12:05:00 AM,12:05:00 AM,0
2110381,,BRADWEL3,0,1730261215,1730261215,12:06:55 AM,12:06:55 AM,0
2110381,,BRADWIL1,0,1730261254,1730261254,12:07:34 AM,12:07:34 AM,0
2110381,,BRADAGN1,0,1730261275,1730261275,12:07:55 AM,12:07:55 AM,0
2110381,,BRADADE1,0,1730261316,1730261316,12:08:36 AM,12:08:36 AM,0
2110381,,BRADADE3,0,1730261359,1730261359,12:09:19 AM,12:09:19 AM,0
2110381,,ADELOSG5,0,1730261391,1730261391,12:09:51 AM,12:09:51 AM,0
2110381,,ADELOSG7,0,1730261426,1730261426,12:10:26 AM,12:10:26 AM,0
2110381,,ADELOSG3,0,1730261488,1730261488,12:11:28 AM,12:11:28 AM,0
2110381,,SOUTADE1,0,1730261531,1730261531,12:12:11 AM,12:12:11 AM,0
2110381,,SOUTMIL5,0,1730261553,1730261553,12:12:33 AM,12:12:33 AM,0
2110381,,SOUTMIL3,0,1730261585,1730261585,12:13:05 AM,12:13:05 AM,0
2110381,,SOUTMIL1,0,1730261640,1730261640,12:14:00 AM,12:14:00 AM,0
2110381,,SOUTKOR1,0,1730261681,1730261681,12:14:41 AM,12:14:41 AM,0
2110381,,SOUTPOM1,0,1730261709,1730261709,12:15:09 AM,12:15:09 AM,0
2110381,,PONDPONV,0,1730261771,1730261771,12:16:11 AM,12:16:11 AM,0
2110381,,PONDMIR3,0,1730261799,1730261799,12:16:39 AM,12:16:39 AM,0
2110381,,PONDMIR1,0,1730261820,1730261820,12:17:00 AM,12:17:00 AM,0
2110381,,PONDDEV1,0,1730261858,1730261858,12:17:38 AM,12:17:38 AM,0
2110381,,PONDBAN1,0,1730261876,1730261876,12:17:56 AM,12:17:56 AM,0
2110381,,PONDOLDH,0,1730261926,1730261926,12:18:46 AM,12:18:46 AM,0
2110381,,COMMPOM3,0,1730261967,1730261967,12:19:27 AM,12:19:27 AM,0
2110381,,COMMDEV1,0,1730262000,1730262000,12:20:00 AM,12:20:00 AM,0
2110381,,COMMHIG1,0,1730262044,1730262044,12:20:44 AM,12:20:44 AM,0
2110381,,HIGBHAM1,0,1730262246,1730262246,12:24:06 AM,12:24:06 AM,0
2110381,,HIGBMAGE,0,1730262265,1730262265,12:24:25 AM,12:24:25 AM,0
2110381,,HIGBTRA1,0,1730262306,1730262306,12:25:06 AM,12:25:06 AM,0
2110381,,HIGBBRY1,0,1730262360,1730262360,12:26:00 AM,12:26:00 AM,0
2110381,,HIGBWIL1,0,1730262393,1730262393,12:26:33 AM,12:26:33 AM,0
2110381,,HIGBBEA1,0,1730262426,1730262426,12:27:06 AM,12:27:06 AM,0
2110381,,HIGBDUN1,0,1730262480,1730262480,12:28:00 AM,12:28:00 AM,0
2110381,,HIGBLPH1,,,,,,
2110381,,HIGBOXF1,,,,,,
2110381,,HIGBOXF3,,,,,,
2110381,,HIGBLAN1,0,1730262714,1730262714,12:31:54 AM,12:31:54 AM,0
2110381,,HIGBCHE1,0,1730262746,1730262746,12:32:26 AM,12:32:26 AM,0
2110381,,HIGBGOD1,0,1730262781,1730262781,12:33:01 AM,12:33:01 AM,0
2110381,,HIGBHURO,0,1730262823,1730262823,12:33:43 AM,12:33:43 AM,0
2110381,,HIGBHIC1,0,1730262862,1730262862,12:34:22 AM,12:34:22 AM,0
2110381,,HIGBFUL1,0,1730262888,1730262888,12:34:48 AM,12:34:48 AM,0
2110381,,FULLVES2,0,1730262949,1730262949,12:35:49 AM,12:35:49 AM,0
2110381,,FULLREGA,0,1730262983,1730262983,12:36:23 AM,12:36:23 AM,0
2110381,,MCNAMEL2,0,1730263022,1730263022,12:37:02 AM,12:37:02 AM,0
2110381,,MELSBRIA,0,1730263047,1730263047,12:37:27 AM,12:37:27 AM,0
2110381,,MELSSUSS,0,1730263090,1730263090,12:38:10 AM,12:38:10 AM,0
2110381,,BARKHURO,0,1730263140,1730263140,12:39:00 AM,12:39:00 AM,0
2110329,,BARKHURO,0,1730263140,1730263140,12:39:00 AM,12:39:00 AM,0
2110329,,HUROBRI3,0,1730263220,1730263220,12:40:20 AM,12:40:20 AM,0
2110329,,HUROBRI1,0,1730263244,1730263244,12:40:44 AM,12:40:44 AM,0
2110329,,HUROMCN1,0,1730263287,1730263287,12:41:27 AM,12:41:27 AM,0
2110329,,HUROVES1,0,1730263324,1730263324,12:42:04 AM,12:42:04 AM,0
2110329,,HUROHIG1,0,1730263380,1730263380,12:43:00 AM,12:43:00 AM,0
2110329,,HIGBGOD2,0,1730263464,1730263464,12:44:24 AM,12:44:24 AM,0
2110329,,HIGBCHE2,0,1730263511,1730263511,12:45:11 AM,12:45:11 AM,0
2110329,,HIGBLAN2,0,1730263532,1730263532,12:45:32 AM,12:45:32 AM,0
2110329,,HIGBOXF4,,,,,,
2110329,,HIGBOXF2,,,,,,
2110329,,HIGBLPH2,,,,,,
2110329,,HIGBDUN2,0,1730263740,1730263740,12:49:00 AM,12:49:00 AM,0
2110329,,HIGBBEA2,0,1730263781,1730263781,12:49:41 AM,12:49:41 AM,0
2110329,,HIGBWIL2,0,1730263818,1730263818,12:50:18 AM,12:50:18 AM,0
2110329,,HIGBBRY2,0,1730263860,1730263860,12:51:00 AM,12:51:00 AM,0
2110329,,HIGBTRA2,0,1730263917,1730263917,12:51:57 AM,12:51:57 AM,0
2110329,,HIGBCALV,0,1730263968,1730263968,12:52:48 AM,12:52:48 AM,0
2110329,,HIGBHAM2,0,1730263988,1730263988,12:53:08 AM,12:53:08 AM,0
2110329,,COMMDEV6,0,1730264255,1730264255,12:57:35 AM,12:57:35 AM,0
2110329,,COMMDEV2,0,1730264280,1730264280,12:58:00 AM,12:58:00 AM,0
2110329,,PONDDEV2,0,1730264332,1730264332,12:58:52 AM,12:58:52 AM,0
2110329,,PONDBAN2,0,1730264366,1730264366,12:59:26 AM,12:59:26 AM,0
2110329,,PONDDEV4,0,1730264393,1730264393,12:59:53 AM,12:59:53 AM,0
2110329,,PONDMIR4,0,1730264424,1730264424,01:00:24 AM,01:00:24 AM,0
2110329,,PONDMIR2,0,1730264453,1730264453,01:00:53 AM,01:00:53 AM,0
2110329,,PONDMILL,0,1730264468,1730264468,01:01:08 AM,01:01:08 AM,0
2110329,,SOUTPOM2,0,1730264519,1730264519,01:01:59 AM,01:01:59 AM,0
2110329,,SOUTKOR2,0,1730264551,1730264551,01:02:31 AM,01:02:31 AM,0
2110329,,SOUTMIL2,0,1730264580,1730264580,01:03:00 AM,01:03:00 AM,0
2110329,,SOUTMIL4,0,1730264632,1730264632,01:03:52 AM,01:03:52 AM,0
2110329,,SOUTMIL6,0,1730264663,1730264663,01:04:23 AM,01:04:23 AM,0
2110329,,ADELSDAL,0,1730264694,1730264694,01:04:54 AM,01:04:54 AM,0
2110329,,ADELOSG2,0,1730264722,1730264722,01:05:22 AM,01:05:22 AM,0
2110329,,ADELOSG6,0,1730264768,1730264768,01:06:08 AM,01:06:08 AM,0
2110329,,ADELOSG4,0,1730264794,1730264794,01:06:34 AM,01:06:34 AM,0
2110329,,BRADADE2,0,1730264821,1730264821,01:07:01 AM,01:07:01 AM,0
2110329,,BRADADE4,0,1730264859,1730264859,01:07:39 AM,01:07:39 AM,0
2110329,,BRADAGN2,0,1730264889,1730264889,01:08:09 AM,01:08:09 AM,0
2110329,,BRADWIL4,0,1730264913,1730264913,01:08:33 AM,01:08:33 AM,0
2110329,,BRADDEAR,0,1730264940,1730264940,01:09:00 AM,01:09:00 AM,0
2110329,,WELLBRA2,0,1730264966,1730264966,01:09:26 AM,01:09:26 AM,0
2110329,,WHITOMA3,0,1730265000,1730265000,01:10:00 AM,01:10:00 AM,0
2110329,,WHITOMA3,0,1730265300,1730265300,01:15:00 AM,01:15:00 AM,0
2110329,,WELLBRA1,,,,,,
2110329,,WELLMON1,,,,,,
2110329,,WELLSDA5,,,,,,
2110329,,SOUTMONT,,,,,,
2110329,,SOUTVER2,0,1730265603,1730265603,01:20:03 AM,01:20:03 AM,0
2110329,,SOUTEAS2,0,1730265630,1730265630,01:20:30 AM,01:20:30 AM,0
2110329,,SOUTNIX2,0,1730265693,1730265693,01:21:33 AM,01:21:33 AM,0
2110329,,SOUTDUL2,0,1730265731,1730265731,01:22:11 AM,01:22:11 AM,0
2110329,,SOUTDUN2,0,1730265780,1730265780,01:23:00 AM,01:23:00 AM,0
2110329,,SOUTHOME,0,1730265864,1730265864,01:24:24 AM,01:24:24 AM,0
2110329,,SOUTWHA4,0,1730265909,1730265909,01:25:09 AM,01:25:09 AM,0
2110329,,SOUTWHA2,0,1730265948,1730265948,01:25:48 AM,01:25:48 AM,0
2110329,,SOUTNOD2,0,1730266006,1730266006,01:26:46 AM,01:26:46 AM,0
2110329,,SOUTNOD4,0,1730266038,1730266038,01:27:18 AM,01:27:18 AM,0
2110329,,SOUTAND2,0,1730266106,1730266106,01:28:26 AM,01:28:26 AM,0
2110329,,SOUTWON2,0,1730266172,1730266172,01:29:32 AM,01:29:32 AM,0
2110329,,WONDSDA1,0,1730266210,1730266210,01:30:10 AM,01:30:10 AM,0
2110329,,WONDPVA1,0,1730266260,1730266260,01:31:00 AM,01:31:00 AM,0
2110329,,WONDMMA3,0,1730266282,1730266282,01:31:22 AM,01:31:22 AM,0
2110329,,WONDMMA1,0,1730266315,1730266315,01:31:55 AM,01:31:55 AM,0
2110329,,WESTMAL6,0,1730266440,1730266440,01:34:00 AM,01:34:00 AM,0
2110329,,WONDVIS3,0,1730266488,1730266488,01:34:48 AM,01:34:48 AM,0
2110329,,WONDVIL1,0,1730266516,1730266516,01:35:16 AM,01:35:16 AM,0
2110329,,WONDCOM1,0,1730266558,1730266558,01:35:58 AM,01:35:58 AM,0
2110329,,WONDCOM3,0,1730266595,1730266595,01:36:35 AM,01:36:35 AM,0
2110329,,WONDTEE1,0,1730266652,1730266652,01:37:32 AM,01:37:32 AM,0
2110329,,WONDSPR1,0,1730266740,1730266740,01:39:00 AM,01:39:00 AM,0
2110329,,WONDRIV1,0,1730266890,1730266890,01:41:30 AM,01:41:30 AM,0
2110329,,WONDKIW1,0,1730266915,1730266915,01:41:55 AM,01:41:55 AM,0
2110329,,WONDOXF3,0,1730266959,1730266959,01:42:39 AM,01:42:39 AM,0
2110329,,WONDOXF1,0,1730266980,1730266980,01:43:00 AM,01:43:00 AM,0
2110329,,WONDFAR1,0,1730267016,1730267016,01:43:36 AM,01:43:36 AM,0
2110329,,WONDFAR3,0,1730267048,1730267048,01:44:08 AM,01:44:08 AM,0
2110329,,WONDBEA1,0,1730267096,1730267096,01:44:56 AM,01:44:56 AM,0
2110329,,SARNCAS1,0,1730267220,1730267220,01:47:00 AM,01:47:00 AM,0
2110329,,SARNCAS1,0,1730267220,1730267220,01:47:00 AM,01:47:00 AM,0
2110329,,SARNRIPP,0,1730267267,1730267267,01:47:47 AM,01:47:47 AM,0
2110329,,SARNCAS3,0,1730267321,1730267321,01:48:41 AM,01:48:41 AM,0
2110329,,SARNCOOM,0,1730267368,1730267368,01:49:28 AM,01:49:28 AM,0
2110329,,SARNWES1,0,1730267400,1730267400,01:50:00 AM,01:50:00 AM,0
2110329,,WESTPHA3,0,1730267457,1730267457,01:50:57 AM,01:50:57 AM,0
2110329,,ALUMHAL1,0,1730267575,1730267575,01:52:55 AM,01:52:55 AM,0
2110329,,MIDDPERT,0,1730267720,1730267720,01:55:20 AM,01:55:20 AM,0
2110329,,NATSCI,0,1730267820,1730267820,01:57:00 AM,01:57:00 AM,0
2110313,,BARKHURO,0,1730233620,1730233620,04:27:00 PM,04:27:00 PM,0
2110313,,HUROBRI3,0,1730233716,1730233716,04:28:36 PM,04:28:36 PM,0
2110313,,HUROBRI1,0,1730233746,1730233746,04:29:06 PM,04:29:06 PM,0
2110313,,HUROMCN1,0,1730233801,1730233801,04:30:01 PM,04:30:01 PM,0
2110313,,HUROVES1,0,1730233848,1730233848,04:30:48 PM,04:30:48 PM,0
2110313,,HUROHIG1,0,1730233920,1730233920,04:32:00 PM,04:32:00 PM,0
2110313,,HIGBGOD2,0,1730234046,1730234046,04:34:06 PM,04:34:06 PM,0
2110313,,HIGBCHE2,0,1730234117,1730234117,04:35:17 PM,04:35:17 PM,0
2110313,,HIGBLAN2,0,1730234149,1730234149,04:35:49 PM,04:35:49 PM,0
2110313,,HIGBOXF4,,,,,,
2110313,,HIGBOXF2,,,,,,
2110313,,HIGBLPH2,,,,,,
2110313,,HIGBDUN2,0,1730234460,1730234460,04:41:00 PM,04:41:00 PM,0
2110313,,HIGBBEA2,0,1730234542,1730234542,04:42:22 PM,04:42:22 PM,0
2110313,,HIGBWIL2,0,1730234617,1730234617,04:43:37 PM,04:43:37 PM,0
2110313,,HIGBBRY2,0,1730234700,1730234700,04:45:00 PM,04:45:00 PM,0
2110313,,HIGBTRA2,0,1730234791,1730234791,04:46:31 PM,04:46:31 PM,0
2110313,,HIGBCALV,0,1730234872,1730234872,04:47:52 PM,04:47:52 PM,0
2110313,,HIGBHAM2,0,1730234903,1730234903,04:48:23 PM,04:48:23 PM,0
2110313,,COMMDEV6,0,1730235323,1730235323,04:55:23 PM,04:55:23 PM,0
2110313,,COMMDEV2,0,1730235360,1730235360,04:56:00 PM,04:56:00 PM,0
2110313,,PONDDEV2,0,1730235443,1730235443,04:57:23 PM,04:57:23 PM,0
2110313,,PONDBAN2,0,1730235498,1730235498,04:58:18 PM,04:58:18 PM,0
2110313,,PONDDEV4,0,1730235541,1730235541,04:59:01 PM,04:59:01 PM,0
2110313,,PONDMIR4,0,1730235591,1730235591,04:59:51 PM,04:59:51 PM,0
2110313,,PONDMIR2,0,1730235637,1730235637,05:00:37 PM,05:00:37 PM,0
2110313,,PONDMILL,0,1730235661,1730235661,05:01:01 PM,05:01:01 PM,0
2110313,,SOUTPOM2,0,1730235742,1730235742,05:02:22 PM,05:02:22 PM,0
2110313,,SOUTKOR2,0,1730235793,1730235793,05:03:13 PM,05:03:13 PM,0
2110313,,SOUTMIL2,0,1730235840,1730235840,05:04:00 PM,05:04:00 PM,0
2110313,,SOUTMIL4,0,1730235915,1730235915,05:05:15 PM,05:05:15 PM,0
2110313,,SOUTMIL6,0,1730235959,1730235959,05:05:59 PM,05:05:59 PM,0
2110313,,ADELSDAL,0,1730236003,1730236003,05:06:43 PM,05:06:43 PM,0
2110313,,ADELOSG2,0,1730236044,1730236044,05:07:24 PM,05:07:24 PM,0
2110313,,ADELOSG6,0,1730236110,1730236110,05:08:30 PM,05:08:30 PM,0
2110313,,ADELOSG4,0,1730236147,1730236147,05:09:07 PM,05:09:07 PM,0
2110313,,BRADADE2,0,1730236185,1730236185,05:09:45 PM,05:09:45 PM,0
2110313,,BRADADE4,0,1730236239,1730236239,05:10:39 PM,05:10:39 PM,0
2110313,,BRADAGN2,0,1730236282,1730236282,05:11:22 PM,05:11:22 PM,0
2110313,,BRADWIL4,0,1730236316,1730236316,05:11:56 PM,05:11:56 PM,0
2110313,,BRADDEAR,0,1730236354,1730236354,05:12:34 PM,05:12:34 PM,0
2110313,,WELLBRA2,0,1730236391,1730236391,05:13:11 PM,05:13:11 PM,0
2110313,,WHITOMA3,0,1730236440,1730236440,05:14:00 PM,05:14:00 PM,0
2110313,,WHITOMA3,0,1730237220,1730237220,05:27:00 PM,05:27:00 PM,0
2110313,,WELLBRA1,,,,,,
2110313,,WELLMON1,,,,,,
2110313,,WELLSDA5,,,,,,
2110313,,SOUTMONT,,,,,,
2110313,,SOUTVER2,0,1730237598,1730237598,05:33:18 PM,05:33:18 PM,0
2110313,,SOUTEAS2,0,1730237632,1730237632,05:33:52 PM,05:33:52 PM,0
2110313,,SOUTNIX2,0,1730237711,1730237711,05:35:11 PM,05:35:11 PM,0
2110313,,SOUTDUL2,0,1730237758,1730237758,05:35:58 PM,05:35:58 PM,0
2110313,,SOUTDUN2,0,1730237820,1730237820,05:37:00 PM,05:37:00 PM,0
2110313,,SOUTHOME,0,1730237920,1730237920,05:38:40 PM,05:38:40 PM,0
2110313,,SOUTWHA4,0,1730237973,1730237973,05:39:33 PM,05:39:33 PM,0
2110313,,SOUTWHA2,0,1730238019,1730238019,05:40:19 PM,05:40:19 PM,0
2110313,,SOUTNOD2,0,1730238088,1730238088,05:41:28 PM,05:41:28 PM,0
2110313,,SOUTNOD4,0,1730238125,1730238125,05:42:05 PM,05:42:05 PM,0
2110313,,SOUTAND2,0,1730238205,1730238205,05:43:25 PM,05:43:25 PM,0
2110313,,SOUTWON2,0,1730238283,1730238283,05:44:43 PM,05:44:43 PM,0
2110313,,WONDSDA1,0,1730238328,1730238328,05:45:28 PM,05:45:28 PM,0
2110313,,WONDPVA1,0,1730238388,1730238388,05:46:28 PM,05:46:28 PM,0
2110313,,WONDMMA3,0,1730238414,1730238414,05:46:54 PM,05:46:54 PM,0
2110313,,WONDMMA1,0,1730238453,1730238453,05:47:33 PM,05:47:33 PM,0
2110313,,WESTMAL6,0,1730238600,1730238600,05:50:00 PM,05:50:00 PM,0
2110313,,WONDVIS3,0,1730238677,1730238677,05:51:17 PM,05:51:17 PM,0
2110313,,WONDVIL1,0,1730238722,1730238722,05:52:02 PM,05:52:02 PM,0
2110313,,WONDCOM1,0,1730238790,1730238790,05:53:10 PM,05:53:10 PM,0
2110313,,WONDCOM3,0,1730238850,1730238850,05:54:10 PM,05:54:10 PM,0
2110313,,WONDTEE1,0,1730238942,1730238942,05:55:42 PM,05:55:42 PM,0
2110313,,WONDSPR1,0,1730239080,1730239080,05:58:00 PM,05:58:00 PM,0
2110313,,WONDRIV1,0,1730239380,1730239380,06:03:00 PM,06:03:00 PM,0
2110313,,WONDKIW1,0,1730239430,1730239430,06:03:50 PM,06:03:50 PM,0
2110313,,WONDOXF3,0,1730239518,1730239518,06:05:18 PM,06:05:18 PM,0
2110313,,WONDOXF1,0,1730239560,1730239560,06:06:00 PM,06:06:00 PM,0
2110313,,WONDFAR1,0,1730239614,1730239614,06:06:54 PM,06:06:54 PM,0
2110313,,WONDFAR3,0,1730239662,1730239662,06:07:42 PM,06:07:42 PM,0
2110313,,WONDBEA1,0,1730239735,1730239735,06:08:55 PM,06:08:55 PM,0
2110313,,SARNCAS1,0,1730239920,1730239920,06:12:00 PM,06:12:00 PM,0
2110313,,SARNCAS1,0,1730239920,1730239920,06:12:00 PM,06:12:00 PM,0
2110313,,SARNRIPP,0,1730239983,1730239983,06:13:03 PM,06:13:03 PM,0
2110313,,SARNCAS3,0,1730240055,1730240055,06:14:15 PM,06:14:15 PM,0
2110313,,SARNCOOM,0,1730240118,1730240118,06:15:18 PM,06:15:18 PM,0
2110313,,SARNWES1,0,1730240160,1730240160,06:16:00 PM,06:16:00 PM,0
2110313,,WESTPHA3,0,1730240264,1730240264,06:17:44 PM,06:17:44 PM,0
2110313,,ALUMHAL1,0,1730240479,1730240479,06:21:19 PM,06:21:19 PM,0
2110313,,DELAHALL,0,1730240760,1730240760,06:26:00 PM,06:26:00 PM,0
2110313,,UNIVHOS1,0,1730240962,1730240962,06:29:22 PM,06:29:22 PM,0
2110313,,PERTWIN1,0,1730241008,1730241008,06:30:08 PM,06:30:08 PM,0
2110313,,RICHWIN1,0,1730241127,1730241127,06:32:07 PM,06:32:07 PM,0
2110313,,RICHWEC1,0,1730241194,1730241194,06:33:14 PM,06:33:14 PM,0
2110313,,RICHCANT,0,1730241257,1730241257,06:34:17 PM,06:34:17 PM,0
2110313,,RICHSUNN,0,1730241365,1730241365,06:36:05 PM,06:36:05 PM,0
2110313,,MASOSTO4,0,1730241540,1730241540,06:39:00 PM,06:39:00 PM,0
2110371,,MASOSTO4,0,1730241600,1730241600,06:40:00 PM,06:40:00 PM,0
2110371,,RICHJACK,0,1730241668,1730241668,06:41:08 PM,06:41:08 PM,0
2110371,,RICHSHAV,0,1730241708,1730241708,06:41:48 PM,06:41:48 PM,0
2110371,,RICHWES2,0,1730241755,1730241755,06:42:35 PM,06:42:35 PM,0
2110371,,RICHWES4,0,1730241778,1730241778,06:42:58 PM,06:42:58 PM,0
2110371,,RICHWYND,0,1730241813,1730241813,06:43:33 PM,06:43:33 PM,0
2110371,,WINDRIC2,0,1730241888,1730241888,06:44:48 PM,06:44:48 PM,0
2110371,,PERTWIN2,0,1730241934,1730241934,06:45:34 PM,06:45:34 PM,0
2110371,,UNIVHOS2,0,1730241987,1730241987,06:46:27 PM,06:46:27 PM,0
2110371,,MIDDPERT,0,1730242127,1730242127,06:48:47 PM,06:48:47 PM,0
2110371,,NATSCI,0,1730242200,1730242200,06:50:00 PM,06:50:00 PM,0
2110371,,NATSCI,0,1730242200,1730242200,06:50:00 PM,06:50:00 PM,0
2110371,,WESTELG2,0,1730242357,1730242357,06:52:37 PM,06:52:37 PM,0
2110371,,WESTLAM2,0,1730242440,1730242440,06:54:00 PM,06:54:00 PM,0
2110371,,SARNWES2,0,1730242539,1730242539,06:55:39 PM,06:55:39 PM,0
2110371,,SARNBRES,0,1730242635,1730242635,06:57:15 PM,06:57:15 PM,0
2110371,,SARNSLEI,0,1730242730,1730242730,06:58:50 PM,06:58:50 PM,0
2110371,,SARNLEYT,0,1730242840,1730242840,07:00:40 PM,07:00:40 PM,0
2110371,,WONDSAR2,0,1730242980,1730242980,07:03:00 PM,07:03:00 PM,0
2110371,,WONDBEA2,0,1730243098,1730243098,07:04:58 PM,07:04:58 PM,0
2110371,,WONDFAR4,0,1730243153,1730243153,07:05:53 PM,07:05:53 PM,0
2110371,,WONDFAR2,0,1730243181,1730243181,07:06:21 PM,07:06:21 PM,0
2110371,,WONDOXF2,0,1730243220,1730243220,07:07:00 PM,07:07:00 PM,0
2110371,,WONDOXF4,0,1730243252,1730243252,07:07:32 PM,07:07:32 PM,0
2110371,,WONDKIW2,0,1730243290,1730243290,07:08:10 PM,07:08:10 PM,0
2110371,,WONDRIV2,0,1730243332,1730243332,07:08:52 PM,07:08:52 PM,0
2110371,,WONDSPRI,0,1730243506,1730243506,07:11:46 PM,07:11:46 PM,0
2110371,,WONDROSE,0,1730243553,1730243553,07:12:33 PM,07:12:33 PM,0
2110371,,WONDCOM2,0,1730243635,1730243635,07:13:55 PM,07:13:55 PM,0
2110371,,WONDVIL2,0,1730243665,1730243665,07:14:25 PM,07:14:25 PM,0
2110371,,WONDVIS4,0,1730243713,1730243713,07:15:13 PM,07:15:13 PM,0
2110371,,WESTMAL4,0,1730243760,1730243760,07:16:00 PM,07:16:00 PM,0
2110371,,VISCWON1,0,1730243813,1730243813,07:16:53 PM,07:16:53 PM,0
2110371,,VISCWON5,0,1730243843,1730243843,07:17:23 PM,07:17:23 PM,0
2110371,,WONDMMA4,0,1730243918,1730243918,07:18:38 PM,07:18:38 PM,0
2110371,,WONDMMA2,0,1730243963,1730243963,07:19:23 PM,07:19:23 PM,0
2110371,,WONDPVA2,0,1730244012,1730244012,07:20:12 PM,07:20:12 PM,0
2110371,,WONDPVA4,0,1730244048,1730244048,07:20:48 PM,07:20:48 PM,0
2110371,,SOUTWON1,0,1730244110,1730244110,07:21:50 PM,07:21:50 PM,0
2110371,,SOUTSING,0,1730244177,1730244177,07:22:57 PM,07:22:57 PM,0
2110371,,SOUTAND1,0,1730244240,1730244240,07:24:00 PM,07:24:00 PM,0
2110371,,SOUTSPRI,0,1730244275,1730244275,07:24:35 PM,07:24:35 PM,0
2110371,,SOUTNOD1,0,1730244312,1730244312,07:25:12 PM,07:25:12 PM,0
2110371,,SOUTNOD3,0,1730244339,1730244339,07:25:39 PM,07:25:39 PM,0
2110371,,SOUTWHA1,0,1730244402,1730244402,07:26:42 PM,07:26:42 PM,0
2110371,,SOUTWHA3,0,1730244426,1730244426,07:27:06 PM,07:27:06 PM,0
2110371,,SOUTWHOK,0,1730244483,1730244483,07:28:03 PM,07:28:03 PM,0
2110371,,SOUTJAL1,0,1730244578,1730244578,07:29:38 PM,07:29:38 PM,0
2110371,,SOUTDUL1,0,1730244607,1730244607,07:30:07 PM,07:30:07 PM,0
2110371,,SOUTNIX1,0,1730244642,1730244642,07:30:42 PM,07:30:42 PM,0
2110371,,SOUTVER1,0,1730244728,1730244728,07:32:08 PM,07:32:08 PM,0
2110371,,WELLHARL,,,,,,
2110371,,WELLMON4,,,,,,
2110371,,WELLMON2,,,,,,
2110371,,WELLBRA2,0,1730244919,1730244919,07:35:19 PM,07:35:19 PM,0
2110371,,WHITOMA3,0,1730244960,1730244960,07:36:00 PM,07:36:00 PM,0
2110371,,WHITOMA3,0,1730245260,1730245260,07:41:00 PM,07:41:00 PM,0
2110371,,BRADWEL3,0,1730245401,1730245401,07:43:21 PM,07:43:21 PM,0
2110371,,BRADWIL1,0,1730245448,1730245448,07:44:08 PM,07:44:08 PM,0
2110371,,BRADAGN1,0,1730245474,1730245474,07:44:34 PM,07:44:34 PM,0
2110371,,BRADADE1,0,1730245524,1730245524,07:45:24 PM,07:45:24 PM,0
2110371,,BRADADE3,0,1730245577,1730245577,07:46:17 PM,07:46:17 PM,0
2110371,,ADELOSG5,0,1730245617,1730245617,07:46:57 PM,07:46:57 PM,0
2110371,,ADELOSG7,0,1730245659,1730245659,07:47:39 PM,07:47:39 PM,0
2110371,,ADELOSG3,0,1730245734,1730245734,07:48:54 PM,07:48:54 PM,0
2110371,,SOUTADE1,0,1730245786,1730245786,07:49:46 PM,07:49:46 PM,0
2110371,,SOUTMIL5,0,1730245814,1730245814,07:50:14 PM,07:50:14 PM,0
2110371,,SOUTMIL3,0,1730245853,1730245853,07:50:53 PM,07:50:53 PM,0
2110371,,SOUTMIL1,0,1730245920,1730245920,07:52:00 PM,07:52:00 PM,0
2110371,,SOUTKOR1,0,1730245968,1730245968,07:52:48 PM,07:52:48 PM,0
2110371,,SOUTPOM1,0,1730246001,1730246001,07:53:21 PM,07:53:21 PM,0
2110371,,PONDPONV,0,1730246073,1730246073,07:54:33 PM,07:54:33 PM,0
2110371,,PONDMIR3,0,1730246106,1730246106,07:55:06 PM,07:55:06 PM,0
2110371,,PONDMIR1,0,1730246131,1730246131,07:55:31 PM,07:55:31 PM,0
2110371,,PONDDEV1,0,1730246175,1730246175,07:56:15 PM,07:56:15 PM,0
2110371,,PONDBAN1,0,1730246196,1730246196,07:56:36 PM,07:56:36 PM,0
2110371,,PONDOLDH,0,1730246254,1730246254,07:57:34 PM,07:57:34 PM,0
2110371,,COMMPOM3,0,1730246302,1730246302,07:58:22 PM,07:58:22 PM,0
2110371,,COMMDEV1,0,1730246340,1730246340,07:59:00 PM,07:59:00 PM,0
2110371,,COMMHIG1,0,1730246401,1730246401,08:00:01 PM,08:00:01 PM,0
2110371,,HIGBHAM1,0,1730246676,1730246676,08:04:36 PM,08:04:36 PM,0
2110371,,HIGBMAGE,0,1730246703,1730246703,08:05:03 PM,08:05:03 PM,0
2110371,,HIGBTRA1,0,1730246760,1730246760,08:06:00 PM,08:06:00 PM,0
2110314,,BARKHURO,0,1730235420,1730235420,04:57:00 PM,04:57:00 PM,0
2110314,,HUROBRI3,0,1730235516,1730235516,04:58:36 PM,04:58:36 PM,0
2110314,,HUROBRI1,0,1730235546,1730235546,04:59:06 PM,04:59:06 PM,0
2110314,,HUROMCN1,0,1730235601,1730235601,05:00:01 PM,05:00:01 PM,0
2110314,,HUROVES1,0,1730235648,1730235648,05:00:48 PM,05:00:48 PM,0
2110314,,HUROHIG1,0,1730235720,1730235720,05:02:00 PM,05:02:00 PM,0
2110314,,HIGBGOD2,0,1730235846,1730235846,05:04:06 PM,05:04:06 PM,0
2110314,,HIGBCHE2,0,1730235917,1730235917,05:05:17 PM,05:05:17 PM,0
2110314,,HIGBLAN2,0,1730235949,1730235949,05:05:49 PM,05:05:49 PM,0
2110314,,HIGBOXF4,,,,,,
2110314,,HIGBOXF2,,,,,,
2110314,,HIGBLPH2,,,,,,
2110314,,HIGBDUN2,0,1730236260,1730236260,05:11:00 PM,05:11:00 PM,0
2110314,,HIGBBEA2,0,1730236342,1730236342,05:12:22 PM,05:12:22 PM,0
2110314,,HIGBWIL2,0,1730236417,1730236417,05:13:37 PM,05:13:37 PM,0
2110314,,HIGBBRY2,0,1730236500,1730236500,05:15:00 PM,05:15:00 PM,0
2110314,,HIGBTRA2,0,1730236591,1730236591,05:16:31 PM,05:16:31 PM,0
2110314,,HIGBCALV,0,1730236672,1730236672,05:17:52 PM,05:17:52 PM,0
2110314,,HIGBHAM2,0,1730236703,1730236703,05:18:23 PM,05:18:23 PM,0
2110314,,COMMDEV6,0,1730237123,1730237123,05:25:23 PM,05:25:23 PM,0
2110314,,COMMDEV2,0,1730237160,1730237160,05:26:00 PM,05:26:00 PM,0
2110314,,PONDDEV2,0,1730237243,1730237243,05:27:23 PM,05:27:23 PM,0
2110314,,PONDBAN2,0,1730237298,1730237298,05:28:18 PM,05:28:18 PM,0
2110314,,PONDDEV4,0,1730237341,1730237341,05:29:01 PM,05:29:01 PM,0
2110314,,PONDMIR4,0,1730237391,1730237391,05:29:51 PM,05:29:51 PM,0
2110314,,PONDMIR2,0,1730237437,1730237437,05:30:37 PM,05:30:37 PM,0
2110314,,PONDMILL,0,1730237461,1730237461,05:31:01 PM,05:31:01 PM,0
2110314,,SOUTPOM2,0,1730237542,1730237542,05:32:22 PM,05:32:22 PM,0
2110314,,SOUTKOR2,0,1730237593,1730237593,05:33:13 PM,05:33:13 PM,0
2110314,,SOUTMIL2,0,1730237640,1730237640,05:34:00 PM,05:34:00 PM,0
2110314,,SOUTMIL4,0,1730237715,1730237715,05:35:15 PM,05:35:15 PM,0
2110314,,SOUTMIL6,0,1730237759,1730237759,05:35:59 PM,05:35:59 PM,0
2110314,,ADELSDAL,0,1730237803,1730237803,05:36:43 PM,05:36:43 PM,0
2110314,,ADELOSG2,0,1730237844,1730237844,05:37:24 PM,05:37:24 PM,0
2110314,,ADELOSG6,0,1730237910,1730237910,05:38:30 PM,05:38:30 PM,0
2110314,,ADELOSG4,0,1730237947,1730237947,05:39:07 PM,05:39:07 PM,0
2110314,,BRADADE2,0,1730237985,1730237985,05:39:45 PM,05:39:45 PM,0
2110314,,BRADADE4,0,1730238039,1730238039,05:40:39 PM,05:40:39 PM,0
2110314,,BRADAGN2,0,1730238082,1730238082,05:41:22 PM,05:41:22 PM,0
2110314,,BRADWIL4,0,1730238116,1730238116,05:41:56 PM,05:41:56 PM,0
2110314,,BRADDEAR,0,1730238154,1730238154,05:42:34 PM,05:42:34 PM,0
2110314,,WELLBRA2,0,1730238191,1730238191,05:43:11 PM,05:43:11 PM,0
2110314,,WHITOMA3,0,1730238240,1730238240,05:44:00 PM,05:44:00 PM,0
2110314,,WHITOMA3,0,1730238540,1730238540,05:49:00 PM,05:49:00 PM,0
2110314,,WELLBRA1,,,,,,
2110314,,WELLMON1,,,,,,
2110314,,WELLSDA5,,,,,,
2110314,,SOUTMONT,,,,,,
2110314,,SOUTVER2,0,1730238918,1730238918,05:55:18 PM,05:55:18 PM,0
2110314,,SOUTEAS2,0,1730238952,1730238952,05:55:52 PM,05:55:52 PM,0
2110314,,SOUTNIX2,0,1730239031,1730239031,05:57:11 PM,05:57:11 PM,0
2110314,,SOUTDUL2,0,1730239078,1730239078,05:57:58 PM,05:57:58 PM,0
2110314,,SOUTDUN2,0,1730239140,1730239140,05:59:00 PM,05:59:00 PM,0
2110314,,SOUTHOME,0,1730239240,1730239240,06:00:40 PM,06:00:40 PM,0
2110314,,SOUTWHA4,0,1730239293,1730239293,06:01:33 PM,06:01:33 PM,0
2110314,,SOUTWHA2,0,1730239339,1730239339,06:02:19 PM,06:02:19 PM,0
2110314,,SOUTNOD2,0,1730239408,1730239408,06:03:28 PM,06:03:28 PM,0
2110314,,SOUTNOD4,0,1730239445,1730239445,06:04:05 PM,06:04:05 PM,0
2110314,,SOUTAND2,0,1730239525,1730239525,06:05:25 PM,06:05:25 PM,0
2110314,,SOUTWON2,0,1730239603,1730239603,06:06:43 PM,06:06:43 PM,0
2110314,,WONDSDA1,0,1730239648,1730239648,06:07:28 PM,06:07:28 PM,0
2110314,,WONDPVA1,0,1730239708,1730239708,06:08:28 PM,06:08:28 PM,0
2110314,,WONDMMA3,0,1730239734,1730239734,06:08:54 PM,06:08:54 PM,0
2110314,,WONDMMA1,0,1730239773,1730239773,06:09:33 PM,06:09:33 PM,0
2110314,,WESTMAL6,0,1730239920,1730239920,06:12:00 PM,06:12:00 PM,0
2110314,,WONDVIS3,0,1730239997,1730239997,06:13:17 PM,06:13:17 PM,0
2110314,,WONDVIL1,0,1730240042,1730240042,06:14:02 PM,06:14:02 PM,0
2110314,,WONDCOM1,0,1730240110,1730240110,06:15:10 PM,06:15:10 PM,0
2110314,,WONDCOM3,0,1730240170,1730240170,06:16:10 PM,06:16:10 PM,0
2110314,,WONDTEE1,0,1730240262,1730240262,06:17:42 PM,06:17:42 PM,0
2110314,,WONDSPR1,0,1730240400,1730240400,06:20:00 PM,06:20:00 PM,0
2110314,,WONDRIV1,0,1730240700,1730240700,06:25:00 PM,06:25:00 PM,0
2110314,,WONDKIW1,0,1730240750,1730240750,06:25:50 PM,06:25:50 PM,0
2110314,,WONDOXF3,0,1730240838,1730240838,06:27:18 PM,06:27:18 PM,0
2110314,,WONDOXF1,0,1730240880,1730240880,06:28:00 PM,06:28:00 PM,0
2110314,,WONDFAR1,0,1730240934,1730240934,06:28:54 PM,06:28:54 PM,0
2110314,,WONDFAR3,0,1730240982,1730240982,06:29:42 PM,06:29:42 PM,0
2110314,,WONDBEA1,0,1730241055,1730241055,06:30:55 PM,06:30:55 PM,0
2110314,,SARNCAS1,0,1730241240,1730241240,06:34:00 PM,06:34:00 PM,0
2110314,,SARNCAS1,0,1730241240,1730241240,06:34:00 PM,06:34:00 PM,0
2110314,,SARNRIPP,0,1730241303,1730241303,06:35:03 PM,06:35:03 PM,0
2110314,,SARNCAS3,0,1730241375,1730241375,06:36:15 PM,06:36:15 PM,0
2110314,,SARNCOOM,0,1730241438,1730241438,06:37:18 PM,06:37:18 PM,0
2110314,,SARNWES1,0,1730241480,1730241480,06:38:00 PM,06:38:00 PM,0
2110314,,WESTPHA3,0,1730241584,1730241584,06:39:44 PM,06:39:44 PM,0
2110314,,ALUMHAL1,0,1730241799,1730241799,06:43:19 PM,06:43:19 PM,0
2110314,,DELAHALL,0,1730242080,1730242080,06:48:00 PM,06:48:00 PM,0
2110314,,UNIVHOS1,0,1730242282,1730242282,06:51:22 PM,06:51:22 PM,0
2110314,,PERTWIN1,0,1730242328,1730242328,06:52:08 PM,06:52:08 PM,0
2110314,,RICHWIN1,0,1730242447,1730242447,06:54:07 PM,06:54:07 PM,0
2110314,,RICHWEC1,0,1730242514,1730242514,06:55:14 PM,06:55:14 PM,0
2110314,,RICHCANT,0,1730242577,1730242577,06:56:17 PM,06:56:17 PM,0
2110314,,RICHSUNN,0,1730242685,1730242685,06:58:05 PM,06:58:05 PM,0
2110314,,MASOSTO4,0,1730242860,1730242860,07:01:00 PM,07:01:00 PM,0
2110372,,MASOSTO4,0,1730242860,1730242860,07:01:00 PM,07:01:00 PM,0
2110372,,RICHJACK,0,1730242931,1730242931,07:02:11 PM,07:02:11 PM,0
2110372,,RICHSHAV,0,1730242971,1730242971,07:02:51 PM,07:02:51 PM,0
2110372,,RICHWES2,0,1730243017,1730243017,07:03:37 PM,07:03:37 PM,0
2110372,,RICHWES4,0,1730243040,1730243040,07:04:00 PM,07:04:00 PM,0
2110372,,RICHWYND,0,1730243075,1730243075,07:04:35 PM,07:04:35 PM,0
2110372,,WINDRIC2,0,1730243149,1730243149,07:05:49 PM,07:05:49 PM,0
2110372,,PERTWIN2,0,1730243194,1730243194,07:06:34 PM,07:06:34 PM,0
2110372,,UNIVHOS2,0,1730243246,1730243246,07:07:26 PM,07:07:26 PM,0
2110372,,MIDDPERT,0,1730243385,1730243385,07:09:45 PM,07:09:45 PM,0
2110372,,NATSCI,0,1730243460,1730243460,07:11:00 PM,07:11:00 PM,0
2110372,,NATSCI,0,1730243460,1730243460,07:11:00 PM,07:11:00 PM,0
2110372,,WESTELG2,0,1730243617,1730243617,07:13:37 PM,07:13:37 PM,0
2110372,,WESTLAM2,0,1730243700,1730243700,07:15:00 PM,07:15:00 PM,0
2110372,,SARNWES2,0,1730243799,1730243799,07:16:39 PM,07:16:39 PM,0
2110372,,SARNBRES,0,1730243895,1730243895,07:18:15 PM,07:18:15 PM,0
2110372,,SARNSLEI,0,1730243990,1730243990,07:19:50 PM,07:19:50 PM,0
2110372,,SARNLEYT,0,1730244100,1730244100,07:21:40 PM,07:21:40 PM,0
2110372,,WONDSAR2,0,1730244240,1730244240,07:24:00 PM,07:24:00 PM,0
2110372,,WONDBEA2,0,1730244358,1730244358,07:25:58 PM,07:25:58 PM,0
2110372,,WONDFAR4,0,1730244413,1730244413,07:26:53 PM,07:26:53 PM,0
2110372,,WONDFAR2,0,1730244441,1730244441,07:27:21 PM,07:27:21 PM,0
2110372,,WONDOXF2,0,1730244480,1730244480,07:28:00 PM,07:28:00 PM,0
2110372,,WONDOXF4,0,1730244512,1730244512,07:28:32 PM,07:28:32 PM,0
2110372,,WONDKIW2,0,1730244550,1730244550,07:29:10 PM,07:29:10 PM,0
2110372,,WONDRIV2,0,1730244592,1730244592,07:29:52 PM,07:29:52 PM,0
2110372,,WONDSPRI,0,1730244766,1730244766,07:32:46 PM,07:32:46 PM,0
2110372,,WONDROSE,0,1730244813,1730244813,07:33:33 PM,07:33:33 PM,0
2110372,,WONDCOM2,0,1730244895,1730244895,07:34:55 PM,07:34:55 PM,0
2110372,,WONDVIL2,0,1730244925,1730244925,07:35:25 PM,07:35:25 PM,0
2110372,,WONDVIS4,0,1730244973,1730244973,07:36:13 PM,07:36:13 PM,0
2110372,,WESTMAL4,0,1730245020,1730245020,07:37:00 PM,07:37:00 PM,0
2110372,,VISCWON1,0,1730245073,1730245073,07:37:53 PM,07:37:53 PM,0
2110372,,VISCWON5,0,1730245103,1730245103,07:38:23 PM,07:38:23 PM,0
2110372,,WONDMMA4,0,1730245178,1730245178,07:39:38 PM,07:39:38 PM,0
2110372,,WONDMMA2,0,1730245223,1730245223,07:40:23 PM,07:40:23 PM,0
2110372,,WONDPVA2,0,1730245272,1730245272,07:41:12 PM,07:41:12 PM,0
2110372,,WONDPVA4,0,1730245308,1730245308,07:41:48 PM,07:41:48 PM,0
2110372,,SOUTWON1,0,1730245370,1730245370,07:42:50 PM,07:42:50 PM,0
2110372,,SOUTSING,0,1730245437,1730245437,07:43:57 PM,07:43:57 PM,0
2110372,,SOUTAND1,0,1730245500,1730245500,07:45:00 PM,07:45:00 PM,0
2110372,,SOUTSPRI,0,1730245529,1730245529,07:45:29 PM,07:45:29 PM,0
2110372,,SOUTNOD1,0,1730245560,1730245560,07:46:00 PM,07:46:00 PM,0
2110372,,SOUTNOD3,0,1730245582,1730245582,07:46:22 PM,07:46:22 PM,0
2110372,,SOUTWHA1,0,1730245634,1730245634,07:47:14 PM,07:47:14 PM,0
2110372,,SOUTWHA3,0,1730245654,1730245654,07:47:34 PM,07:47:34 PM,0
2110372,,SOUTWHOK,0,1730245702,1730245702,07:48:22 PM,07:48:22 PM,0
2110372,,SOUTJAL1,0,1730245781,1730245781,07:49:41 PM,07:49:41 PM,0
2110372,,SOUTDUL1,0,1730245805,1730245805,07:50:05 PM,07:50:05 PM,0
2110372,,SOUTNIX1,0,1730245834,1730245834,07:50:34 PM,07:50:34 PM,0
2110372,,SOUTVER1,0,1730245906,1730245906,07:51:46 PM,07:51:46 PM,0
2110372,,WELLHARL,,,,,,
2110372,,WELLMON4,,,,,,
2110372,,WELLMON2,,,,,,
2110372,,WELLBRA2,0,1730246064,1730246064,07:54:24 PM,07:54:24 PM,0
2110372,,WHITOMA3,0,1730246100,1730246100,07:55:00 PM,07:55:00 PM,0
2110372,,WHITOMA3,0,1730246400,1730246400,08:00:00 PM,08:00:00 PM,0
2110372,,BRADWEL3,0,1730246541,1730246541,08:02:21 PM,08:02:21 PM,0
2110372,,BRADWIL1,0,1730246588,1730246588,08:03:08 PM,08:03:08 PM,0
2110372,,BRADAGN1,0,1730246614,1730246614,08:03:34 PM,08:03:34 PM,0
2110372,,BRADADE1,0,1730246664,1730246664,08:04:24 PM,08:04:24 PM,0
2110372,,BRADADE3,0,1730246717,1730246717,08:05:17 PM,08:05:17 PM,0
2110372,,ADELOSG5,0,1730246757,1730246757,08:05:57 PM,08:05:57 PM,0
2110372,,ADELOSG7,0,1730246799,1730246799,08:06:39 PM,08:06:39 PM,0
2110372,,ADELOSG3,0,1730246874,1730246874,08:07:54 PM,08:07:54 PM,0
2110372,,SOUTADE1,0,1730246926,1730246926,08:08:46 PM,08:08:46 PM,0
2110372,,SOUTMIL5,0,1730246954,1730246954,08:09:14 PM,08:09:14 PM,0
2110372,,SOUTMIL3,0,1730246993,1730246993,08:09:53 PM,08:09:53 PM,0
2110372,,SOUTMIL1,0,1730247060,1730247060,08:11:00 PM,08:11:00 PM,0
2110372,,SOUTKOR1,0,1730247108,1730247108,08:11:48 PM,08:11:48 PM,0
2110372,,SOUTPOM1,0,1730247141,1730247141,08:12:21 PM,08:12:21 PM,0
2110372,,PONDPONV,0,1730247213,1730247213,08:13:33 PM,08:13:33 PM,0
2110372,,PONDMIR3,0,1730247246,1730247246,08:14:06 PM,08:14:06 PM,0
2110372,,PONDMIR1,0,1730247271,1730247271,08:14:31 PM,08:14:31 PM,0
2110372,,PONDDEV1,0,1730247315,1730247315,08:15:15 PM,08:15:15 PM,0
2110372,,PONDBAN1,0,1730247336,1730247336,08:15:36 PM,08:15:36 PM,0
2110372,,PONDOLDH,0,1730247394,1730247394,08:16:34 PM,08:16:34 PM,0
2110372,,COMMPOM3,0,1730247442,1730247442,08:17:22 PM,08:17:22 PM,0
2110372,,COMMDEV1,0,1730247480,1730247480,08:18:00 PM,08:18:00 PM,0
2110372,,COMMHIG1,0,1730247524,1730247524,08:18:44 PM,08:18:44 PM,0
2110372,,HIGBHAM1,0,1730247726,1730247726,08:22:06 PM,08:22:06 PM,0
2110372,,HIGBMAGE,0,1730247745,1730247745,08:22:25 PM,08:22:25 PM,0
2110372,,HIGBTRA1,0,1730247786,1730247786,08:23:06 PM,08:23:06 PM,0
2110372,,HIGBBRY1,0,1730247840,1730247840,08:24:00 PM,08:24:00 PM,0
2110372,,HIGBWIL1,0,1730247907,1730247907,08:25:07 PM,08:25:07 PM,0
2110372,,HIGBBEA1,0,1730247973,1730247973,08:26:13 PM,08:26:13 PM,0
2110372,,HIGBDUN1,0,1730248080,1730248080,08:28:00 PM,08:28:00 PM,0
2110372,,HIGBLPH1,,,,,,
2110372,,HIGBOXF1,,,,,,
2110372,,HIGBOXF3,,,,,,
2110372,,HIGBLAN1,0,1730248336,1730248336,08:32:16 PM,08:32:16 PM,0
2110372,,HIGBCHE1,0,1730248371,1730248371,08:32:51 PM,08:32:51 PM,0
2110372,,HIGBGOD1,0,1730248409,1730248409,08:33:29 PM,08:33:29 PM,0
2110372,,HIGBHURO,0,1730248455,1730248455,08:34:15 PM,08:34:15 PM,0
2110372,,HIGBHIC1,0,1730248497,1730248497,08:34:57 PM,08:34:57 PM,0
2110372,,HIGBFUL1,0,1730248526,1730248526,08:35:26 PM,08:35:26 PM,0
2110372,,FULLVES2,0,1730248592,1730248592,08:36:32 PM,08:36:32 PM,0
2110372,,FULLREGA,0,1730248629,1730248629,08:37:09 PM,08:37:09 PM,0
2110372,,MCNAMEL2,0,1730248671,1730248671,08:37:51 PM,08:37:51 PM,0
2110372,,MELSBRIA,0,1730248698,1730248698,08:38:18 PM,08:38:18 PM,0
2110372,,MELSSUSS,0,1730248745,1730248745,08:39:05 PM,08:39:05 PM,0
2110372,,BARKHURO,0,1730248800,1730248800,08:40:00 PM,08:40:00 PM,0
2110322,,BARKHURO,0,1730248800,1730248800,08:40:00 PM,08:40:00 PM,0
2110322,,HUROBRI3,0,1730248877,1730248877,08:41:17 PM,08:41:17 PM,0
2110322,,HUROBRI1,0,1730248901,1730248901,08:41:41 PM,08:41:41 PM,0
2110322,,HUROMCN1,0,1730248945,1730248945,08:42:25 PM,08:42:25 PM,0
2110322,,HUROVES1,0,1730248983,1730248983,08:43:03 PM,08:43:03 PM,0
2110322,,HUROHIG1,0,1730249040,1730249040,08:44:00 PM,08:44:00 PM,0
2110322,,HIGBGOD2,0,1730249145,1730249145,08:45:45 PM,08:45:45 PM,0
2110322,,HIGBCHE2,0,1730249204,1730249204,08:46:44 PM,08:46:44 PM,0
2110322,,HIGBLAN2,0,1730249231,1730249231,08:47:11 PM,08:47:11 PM,0
2110322,,HIGBOXF4,,,,,,
2110322,,HIGBOXF2,,,,,,
2110322,,HIGBLPH2,,,,,,
2110322,,HIGBDUN2,0,1730249460,1730249460,08:51:00 PM,08:51:00 PM,0
2110322,,HIGBBEA2,0,1730249522,1730249522,08:52:02 PM,08:52:02 PM,0
2110322,,HIGBWIL2,0,1730249578,1730249578,08:52:58 PM,08:52:58 PM,0
2110322,,HIGBBRY2,0,1730249640,1730249640,08:54:00 PM,08:54:00 PM,0
2110322,,HIGBTRA2,0,1730249706,1730249706,08:55:06 PM,08:55:06 PM,0
2110322,,HIGBCALV,0,1730249765,1730249765,08:56:05 PM,08:56:05 PM,0
2110322,,HIGBHAM2,0,1730249787,1730249787,08:56:27 PM,08:56:27 PM,0
2110322,,COMMDEV6,0,1730250093,1730250093,09:01:33 PM,09:01:33 PM,0
2110322,,COMMDEV2,0,1730250120,1730250120,09:02:00 PM,09:02:00 PM,0
2110322,,PONDDEV2,0,1730250182,1730250182,09:03:02 PM,09:03:02 PM,0
2110322,,PONDBAN2,0,1730250223,1730250223,09:03:43 PM,09:03:43 PM,0
2110322,,PONDDEV4,0,1730250255,1730250255,09:04:15 PM,09:04:15 PM,0
2110322,,PONDMIR4,0,1730250292,1730250292,09:04:52 PM,09:04:52 PM,0
2110322,,PONDMIR2,0,1730250326,1730250326,09:05:26 PM,09:05:26 PM,0
2110322,,PONDMILL,0,1730250344,1730250344,09:05:44 PM,09:05:44 PM,0
2110322,,SOUTPOM2,0,1730250405,1730250405,09:06:45 PM,09:06:45 PM,0
2110322,,SOUTKOR2,0,1730250443,1730250443,09:07:23 PM,09:07:23 PM,0
2110322,,SOUTMIL2,0,1730250480,1730250480,09:08:00 PM,09:08:00 PM,0
2110322,,SOUTMIL4,0,1730250540,1730250540,09:09:00 PM,09:09:00 PM,0
2110322,,SOUTMIL6,0,1730250575,1730250575,09:09:35 PM,09:09:35 PM,0
2110322,,ADELSDAL,0,1730250610,1730250610,09:10:10 PM,09:10:10 PM,0
2110322,,ADELOSG2,0,1730250643,1730250643,09:10:43 PM,09:10:43 PM,0
2110322,,ADELOSG6,0,1730250696,1730250696,09:11:36 PM,09:11:36 PM,0
2110322,,ADELOSG4,0,1730250726,1730250726,09:12:06 PM,09:12:06 PM,0
2110322,,BRADADE2,0,1730250757,1730250757,09:12:37 PM,09:12:37 PM,0
2110322,,BRADADE4,0,1730250800,1730250800,09:13:20 PM,09:13:20 PM,0
2110322,,BRADAGN2,0,1730250834,1730250834,09:13:54 PM,09:13:54 PM,0
2110322,,BRADWIL4,0,1730250861,1730250861,09:14:21 PM,09:14:21 PM,0
2110322,,BRADDEAR,0,1730250892,1730250892,09:14:52 PM,09:14:52 PM,0
2110322,,WELLBRA2,0,1730250921,1730250921,09:15:21 PM,09:15:21 PM,0
2110322,,WHITOMA3,0,1730250960,1730250960,09:16:00 PM,09:16:00 PM,0
2110322,,WHITOMA3,0,1730251260,1730251260,09:21:00 PM,09:21:00 PM,0
2110322,,WELLBRA1,,,,,,
2110322,,WELLMON1,,,,,,
2110322,,WELLSDA5,,,,,,
2110322,,SOUTMONT,,,,,,
2110322,,SOUTVER2,0,1730251601,1730251601,09:26:41 PM,09:26:41 PM,0
2110322,,SOUTEAS2,0,1730251631,1730251631,09:27:11 PM,09:27:11 PM,0
2110322,,SOUTNIX2,0,1730251702,1730251702,09:28:22 PM,09:28:22 PM,0
2110322,,SOUTDUL2,0,1730251745,1730251745,09:29:05 PM,09:29:05 PM,0
2110322,,SOUTDUN2,0,1730251800,1730251800,09:30:00 PM,09:30:00 PM,0
2110322,,SOUTHOME,0,1730251900,1730251900,09:31:40 PM,09:31:40 PM,0
2110322,,SOUTWHA4,0,1730251953,1730251953,09:32:33 PM,09:32:33 PM,0
2110322,,SOUTWHA2,0,1730251999,1730251999,09:33:19 PM,09:33:19 PM,0
2110322,,SOUTNOD2,0,1730252068,1730252068,09:34:28 PM,09:34:28 PM,0
2110322,,SOUTNOD4,0,1730252105,1730252105,09:35:05 PM,09:35:05 PM,0
2110322,,SOUTAND2,0,1730252185,1730252185,09:36:25 PM,09:36:25 PM,0
2110322,,SOUTWON2,0,1730252263,1730252263,09:37:43 PM,09:37:43 PM,0
2110322,,WONDSDA1,0,1730252308,1730252308,09:38:28 PM,09:38:28 PM,0
2110322,,WONDPVA1,0,1730252368,1730252368,09:39:28 PM,09:39:28 PM,0
2110322,,WONDMMA3,0,1730252394,1730252394,09:39:54 PM,09:39:54 PM,0
2110322,,WONDMMA1,0,1730252433,1730252433,09:40:33 PM,09:40:33 PM,0
2110322,,WESTMAL6,0,1730252580,1730252580,09:43:00 PM,09:43:00 PM,0
2110322,,WONDVIS3,0,1730252637,1730252637,09:43:57 PM,09:43:57 PM,0
2110322,,WONDVIL1,0,1730252670,1730252670,09:44:30 PM,09:44:30 PM,0
2110322,,WONDCOM1,0,1730252721,1730252721,09:45:21 PM,09:45:21 PM,0
2110322,,WONDCOM3,0,1730252766,1730252766,09:46:06 PM,09:46:06 PM,0
2110322,,WONDTEE1,0,1730252835,1730252835,09:47:15 PM,09:47:15 PM,0
2110322,,WONDSPR1,0,1730252940,1730252940,09:49:00 PM,09:49:00 PM,0
2110322,,WONDRIV1,0,1730253127,1730253127,09:52:07 PM,09:52:07 PM,0
2110322,,WONDKIW1,0,1730253158,1730253158,09:52:38 PM,09:52:38 PM,0
2110322,,WONDOXF3,0,1730253213,1730253213,09:53:33 PM,09:53:33 PM,0
2110322,,WONDOXF1,0,1730253240,1730253240,09:54:00 PM,09:54:00 PM,0
2110322,,WONDFAR1,0,1730253285,1730253285,09:54:45 PM,09:54:45 PM,0
2110322,,WONDFAR3,0,1730253325,1730253325,09:55:25 PM,09:55:25 PM,0
2110322,,WONDBEA1,0,1730253385,1730253385,09:56:25 PM,09:56:25 PM,0
2110322,,SARNCAS1,0,1730253540,1730253540,09:59:00 PM,09:59:00 PM,0
2110322,,SARNCAS1,0,1730253540,1730253540,09:59:00 PM,09:59:00 PM,0
2110322,,SARNRIPP,0,1730253619,1730253619,10:00:19 PM,10:00:19 PM,0
2110322,,SARNCAS3,0,1730253709,1730253709,10:01:49 PM,10:01:49 PM,0
2110322,,SARNCOOM,0,1730253788,1730253788,10:03:08 PM,10:03:08 PM,0
2110322,,SARNWES1,0,1730253840,1730253840,10:04:00 PM,10:04:00 PM,0
2110322,,WESTPHA3,0,1730253912,1730253912,10:05:12 PM,10:05:12 PM,0
2110322,,ALUMHAL1,0,1730254063,1730254063,10:07:43 PM,10:07:43 PM,0
2110322,,DELAHALL,0,1730254260,1730254260,10:11:00 PM,10:11:00 PM,0
2110322,,UNIVHOS1,0,1730254368,1730254368,10:12:48 PM,10:12:48 PM,0
2110322,,PERTWIN1,0,1730254393,1730254393,10:13:13 PM,10:13:13 PM,0
2110322,,RICHWIN1,0,1730254457,1730254457,10:14:17 PM,10:14:17 PM,0
2110322,,RICHWEC1,0,1730254493,1730254493,10:14:53 PM,10:14:53 PM,0
2110322,,RICHCANT,0,1730254527,1730254527,10:15:27 PM,10:15:27 PM,0
2110322,,RICHSUNN,0,1730254585,1730254585,10:16:25 PM,10:16:25 PM,0
2110322,,MASOSTO4,0,1730254680,1730254680,10:18:00 PM,10:18:00 PM,0
2110379,,MASOSTO4,0,1730254680,1730254680,10:18:00 PM,10:18:00 PM,0
2110379,,RICHJACK,0,1730254736,1730254736,10:18:56 PM,10:18:56 PM,0
2110379,,RICHSHAV,0,1730254768,1730254768,10:19:28 PM,10:19:28 PM,0
2110379,,RICHWES2,0,1730254805,1730254805,10:20:05 PM,10:20:05 PM,0
2110379,,RICHWES4,0,1730254823,1730254823,10:20:23 PM,10:20:23 PM,0
2110379,,RICHWYND,0,1730254851,1730254851,10:20:51 PM,10:20:51 PM,0
2110379,,WINDRIC2,0,1730254910,1730254910,10:21:50 PM,10:21:50 PM,0
2110379,,PERTWIN2,0,1730254946,1730254946,10:22:26 PM,10:22:26 PM,0
2110379,,UNIVHOS2,0,1730254988,1730254988,10:23:08 PM,10:23:08 PM,0
2110379,,MIDDPERT,0,1730255099,1730255099,10:24:59 PM,10:24:59 PM,0
2110379,,NATSCI,0,1730255160,1730255160,10:26:00 PM,10:26:00 PM,0
2110379,,NATSCI,0,1730255160,1730255160,10:26:00 PM,10:26:00 PM,0
2110379,,WESTELG2,0,1730255278,1730255278,10:27:58 PM,10:27:58 PM,0
2110379,,WESTLAM2,0,1730255340,1730255340,10:29:00 PM,10:29:00 PM,0
2110379,,SARNWES2,0,1730255417,1730255417,10:30:17 PM,10:30:17 PM,0
2110379,,SARNBRES,0,1730255492,1730255492,10:31:32 PM,10:31:32 PM,0
2110379,,SARNSLEI,0,1730255566,1730255566,10:32:46 PM,10:32:46 PM,0
2110379,,SARNLEYT,0,1730255652,1730255652,10:34:12 PM,10:34:12 PM,0
2110379,,WONDSAR2,0,1730255760,1730255760,10:36:00 PM,10:36:00 PM,0
2110379,,WONDBEA2,0,1730255848,1730255848,10:37:28 PM,10:37:28 PM,0
2110379,,WONDFAR4,0,1730255889,1730255889,10:38:09 PM,10:38:09 PM,0
2110379,,WONDFAR2,0,1730255910,1730255910,10:38:30 PM,10:38:30 PM,0
2110379,,WONDOXF2,0,1730255940,1730255940,10:39:00 PM,10:39:00 PM,0
2110379,,WONDOXF4,0,1730255972,1730255972,10:39:32 PM,10:39:32 PM,0
2110379,,WONDKIW2,0,1730256010,1730256010,10:40:10 PM,10:40:10 PM,0
2110379,,WONDRIV2,0,1730256052,1730256052,10:40:52 PM,10:40:52 PM,0
2110379,,WONDSPRI,0,1730256226,1730256226,10:43:46 PM,10:43:46 PM,0
2110379,,WONDROSE,0,1730256273,1730256273,10:44:33 PM,10:44:33 PM,0
2110379,,WONDCOM2,0,1730256355,1730256355,10:45:55 PM,10:45:55 PM,0
2110379,,WONDVIL2,0,1730256385,1730256385,10:46:25 PM,10:46:25 PM,0
2110379,,WONDVIS4,0,1730256433,1730256433,10:47:13 PM,10:47:13 PM,0
2110379,,WESTMAL4,0,1730256480,1730256480,10:48:00 PM,10:48:00 PM,0
2110379,,VISCWON1,0,1730256527,1730256527,10:48:47 PM,10:48:47 PM,0
2110379,,VISCWON5,0,1730256554,1730256554,10:49:14 PM,10:49:14 PM,0
2110379,,WONDMMA4,0,1730256620,1730256620,10:50:20 PM,10:50:20 PM,0
2110379,,WONDMMA2,0,1730256659,1730256659,10:50:59 PM,10:50:59 PM,0
2110379,,WONDPVA2,0,1730256702,1730256702,10:51:42 PM,10:51:42 PM,0
2110379,,WONDPVA4,0,1730256734,1730256734,10:52:14 PM,10:52:14 PM,0
2110379,,SOUTWON1,0,1730256789,1730256789,10:53:09 PM,10:53:09 PM,0
2110379,,SOUTSING,0,1730256847,1730256847,10:54:07 PM,10:54:07 PM,0
2110379,,SOUTAND1,0,1730256900,1730256900,10:55:00 PM,10:55:00 PM,0
2110379,,SOUTSPRI,0,1730256929,1730256929,10:55:29 PM,10:55:29 PM,0
2110379,,SOUTNOD1,0,1730256960,1730256960,10:56:00 PM,10:56:00 PM,0
2110379,,SOUTNOD3,0,1730256982,1730256982,10:56:22 PM,10:56:22 PM,0
2110379,,SOUTWHA1,0,1730257034,1730257034,10:57:14 PM,10:57:14 PM,0
2110379,,SOUTWHA3,0,1730257054,1730257054,10:57:34 PM,10:57:34 PM,0
2110379,,SOUTWHOK,0,1730257102,1730257102,10:58:22 PM,10:58:22 PM,0
2110379,,SOUTJAL1,0,1730257181,1730257181,10:59:41 PM,10:59:41 PM,0
2110379,,SOUTDUL1,0,1730257205,1730257205,11:00:05 PM,11:00:05 PM,0
2110379,,SOUTNIX1,0,1730257234,1730257234,11:00:34 PM,11:00:34 PM,0
2110379,,SOUTVER1,0,1730257306,1730257306,11:01:46 PM,11:01:46 PM,0
2110379,,WELLHARL,,,,,,
2110379,,WELLMON4,,,,,,
2110379,,WELLMON2,,,,,,
2110379,,WELLBRA2,0,1730257464,1730257464,11:04:24 PM,11:04:24 PM,0
2110379,,WHITOMA3,0,1730257500,1730257500,11:05:00 PM,11:05:00 PM,0
2110379,,WHITOMA3,0,1730257800,1730257800,11:10:00 PM,11:10:00 PM,0
2110379,,BRADWEL3,0,1730257915,1730257915,11:11:55 PM,11:11:55 PM,0
2110379,,BRADWIL1,0,1730257954,1730257954,11:12:34 PM,11:12:34 PM,0
2110379,,BRADAGN1,0,1730257975,1730257975,11:12:55 PM,11:12:55 PM,0
2110379,,BRADADE1,0,1730258016,1730258016,11:13:36 PM,11:13:36 PM,0
2110379,,BRADADE3,0,1730258059,1730258059,11:14:19 PM,11:14:19 PM,0
2110379,,ADELOSG5,0,1730258091,1730258091,11:14:51 PM,11:14:51 PM,0
2110379,,ADELOSG7,0,1730258126,1730258126,11:15:26 PM,11:15:26 PM,0
2110379,,ADELOSG3,0,1730258188,1730258188,11:16:28 PM,11:16:28 PM,0
2110379,,SOUTADE1,0,1730258231,1730258231,11:17:11 PM,11:17:11 PM,0
2110379,,SOUTMIL5,0,1730258253,1730258253,11:17:33 PM,11:17:33 PM,0
2110379,,SOUTMIL3,0,1730258285,1730258285,11:18:05 PM,11:18:05 PM,0
2110379,,SOUTMIL1,0,1730258340,1730258340,11:19:00 PM,11:19:00 PM,0
2110379,,SOUTKOR1,0,1730258381,1730258381,11:19:41 PM,11:19:41 PM,0
2110379,,SOUTPOM1,0,1730258409,1730258409,11:20:09 PM,11:20:09 PM,0
2110379,,PONDPONV,0,1730258471,1730258471,11:21:11 PM,11:21:11 PM,0
2110379,,PONDMIR3,0,1730258499,1730258499,11:21:39 PM,11:21:39 PM,0
2110379,,PONDMIR1,0,1730258520,1730258520,11:22:00 PM,11:22:00 PM,0
2110379,,PONDDEV1,0,1730258558,1730258558,11:22:38 PM,11:22:38 PM,0
2110379,,PONDBAN1,0,1730258576,1730258576,11:22:56 PM,11:22:56 PM,0
2110379,,PONDOLDH,0,1730258626,1730258626,11:23:46 PM,11:23:46 PM,0
2110379,,COMMPOM3,0,1730258667,1730258667,11:24:27 PM,11:24:27 PM,0
2110379,,COMMDEV1,0,1730258700,1730258700,11:25:00 PM,11:25:00 PM,0
2110379,,COMMHIG1,0,1730258744,1730258744,11:25:44 PM,11:25:44 PM,0
2110379,,HIGBHAM1,0,1730258946,1730258946,11:29:06 PM,11:29:06 PM,0
2110379,,HIGBMAGE,0,1730258965,1730258965,11:29:25 PM,11:29:25 PM,0
2110379,,HIGBTRA1,0,1730259006,1730259006,11:30:06 PM,11:30:06 PM,0
2110379,,HIGBBRY1,0,1730259060,1730259060,11:31:00 PM,11:31:00 PM,0
2110379,,HIGBWIL1,0,1730259093,1730259093,11:31:33 PM,11:31:33 PM,0
2110379,,HIGBBEA1,0,1730259126,1730259126,11:32:06 PM,11:32:06 PM,0
2110379,,HIGBDUN1,0,1730259180,1730259180,11:33:00 PM,11:33:00 PM,0
2110379,,HIGBLPH1,,,,,,
2110379,,HIGBOXF1,,,,,,
2110379,,HIGBOXF3,,,,,,
2110379,,HIGBLAN1,0,1730259414,1730259414,11:36:54 PM,11:36:54 PM,0
2110379,,HIGBCHE1,0,1730259446,1730259446,11:37:26 PM,11:37:26 PM,0
2110379,,HIGBGOD1,0,1730259481,1730259481,11:38:01 PM,11:38:01 PM,0
2110379,,HIGBHURO,0,1730259523,1730259523,11:38:43 PM,11:38:43 PM,0
2110379,,HIGBHIC1,0,1730259562,1730259562,11:39:22 PM,11:39:22 PM,0
2110379,,HIGBFUL1,0,1730259588,1730259588,11:39:48 PM,11:39:48 PM,0
2110379,,FULLVES2,0,1730259649,1730259649,11:40:49 PM,11:40:49 PM,0
2110379,,FULLREGA,0,1730259683,1730259683,11:41:23 PM,11:41:23 PM,0
2110379,,MCNAMEL2,0,1730259722,1730259722,11:42:02 PM,11:42:02 PM,0
2110379,,MELSBRIA,0,1730259747,1730259747,11:42:27 PM,11:42:27 PM,0
2110379,,MELSSUSS,0,1730259790,1730259790,11:43:10 PM,11:43:10 PM,0
2110379,,BARKHURO,0,1730259840,1730259840,11:44:00 PM,11:44:00 PM,0
2110327,,BARKHURO,0,1730259840,1730259840,11:44:00 PM,11:44:00 PM,0
2110327,,HUROBRI3,0,1730259920,1730259920,11:45:20 PM,11:45:20 PM,0
2110327,,HUROBRI1,0,1730259944,1730259944,11:45:44 PM,11:45:44 PM,0
2110327,,HUROMCN1,0,1730259987,1730259987,11:46:27 PM,11:46:27 PM,0
2110327,,HUROVES1,0,1730260024,1730260024,11:47:04 PM,11:47:04 PM,0
2110327,,HUROHIG1,0,1730260080,1730260080,11:48:00 PM,11:48:00 PM,0
2110327,,HIGBGOD2,0,1730260164,1730260164,11:49:24 PM,11:49:24 PM,0
2110327,,HIGBCHE2,0,1730260211,1730260211,11:50:11 PM,11:50:11 PM,0
2110327,,HIGBLAN2,0,1730260232,1730260232,11:50:32 PM,11:50:32 PM,0
2110327,,HIGBOXF4,,,,,,
2110327,,HIGBOXF2,,,,,,
2110327,,HIGBLPH2,,,,,,
2110327,,HIGBDUN2,0,1730260440,1730260440,11:54:00 PM,11:54:00 PM,0
2110327,,HIGBBEA2,0,1730260481,1730260481,11:54:41 PM,11:54:41 PM,0
2110327,,HIGBWIL2,0,1730260518,1730260518,11:55:18 PM,11:55:18 PM,0
2110327,,HIGBBRY2,0,1730260560,1730260560,11:56:00 PM,11:56:00 PM,0
2110327,,HIGBTRA2,0,1730260617,1730260617,11:56:57 PM,11:56:57 PM,0
2110327,,HIGBCALV,0,1730260668,1730260668,11:57:48 PM,11:57:48 PM,0
2110327,,HIGBHAM2,0,1730260688,1730260688,11:58:08 PM,11:58:08 PM,0
2110327,,COMMDEV6,0,1730260955,1730260955,12:02:35 AM,12:02:35 AM,0
2110327,,COMMDEV2,0,1730260980,1730260980,12:03:00 AM,12:03:00 AM,0
2110327,,PONDDEV2,0,1730261032,1730261032,12:03:52 AM,12:03:52 AM,0
2110327,,PONDBAN2,0,1730261066,1730261066,12:04:26 AM,12:04:26 AM,0
2110327,,PONDDEV4,0,1730261093,1730261093,12:04:53 AM,12:04:53 AM,0
2110327,,PONDMIR4,0,1730261124,1730261124,12:05:24 AM,12:05:24 AM,0
2110327,,PONDMIR2,0,1730261153,1730261153,12:05:53 AM,12:05:53 AM,0
2110327,,PONDMILL,0,1730261168,1730261168,12:06:08 AM,12:06:08 AM,0
2110327,,SOUTPOM2,0,1730261219,1730261219,12:06:59 AM,12:06:59 AM,0
2110327,,SOUTKOR2,0,1730261251,1730261251,12:07:31 AM,12:07:31 AM,0
2110327,,SOUTMIL2,0,1730261280,1730261280,12:08:00 AM,12:08:00 AM,0
2110327,,SOUTMIL4,0,1730261332,1730261332,12:08:52 AM,12:08:52 AM,0
2110327,,SOUTMIL6,0,1730261363,1730261363,12:09:23 AM,12:09:23 AM,0
2110327,,ADELSDAL,0,1730261394,1730261394,12:09:54 AM,12:09:54 AM,0
2110327,,ADELOSG2,0,1730261422,1730261422,12:10:22 AM,12:10:22 AM,0
2110327,,ADELOSG6,0,1730261468,1730261468,12:11:08 AM,12:11:08 AM,0
2110327,,ADELOSG4,0,1730261494,1730261494,12:11:34 AM,12:11:34 AM,0
2110327,,BRADADE2,0,1730261521,1730261521,12:12:01 AM,12:12:01 AM,0
2110327,,BRADADE4,0,1730261559,1730261559,12:12:39 AM,12:12:39 AM,0
2110327,,BRADAGN2,0,1730261589,1730261589,12:13:09 AM,12:13:09 AM,0
2110327,,BRADWIL4,0,1730261613,1730261613,12:13:33 AM,12:13:33 AM,0
2110327,,BRADDEAR,0,1730261640,1730261640,12:14:00 AM,12:14:00 AM,0
2110327,,WELLBRA2,0,1730261666,1730261666,12:14:26 AM,12:14:26 AM,0
2110327,,WHITOMA3,0,1730261700,1730261700,12:15:00 AM,12:15:00 AM,0
2110327,,WHITOMA3,0,1730262000,1730262000,12:20:00 AM,12:20:00 AM,0
2110327,,WELLBRA1,,,,,,
2110327,,WELLMON1,,,,,,
2110327,,WELLSDA5,,,,,,
2110327,,SOUTMONT,,,,,,
2110327,,SOUTVER2,0,1730262303,1730262303,12:25:03 AM,12:25:03 AM,0
2110327,,SOUTEAS2,0,1730262330,1730262330,12:25:30 AM,12:25:30 AM,0
2110327,,SOUTNIX2,0,1730262393,1730262393,12:26:33 AM,12:26:33 AM,0
2110327,,SOUTDUL2,0,1730262431,1730262431,12:27:11 AM,12:27:11 AM,0
2110327,,SOUTDUN2,0,1730262480,1730262480,12:28:00 AM,12:28:00 AM,0
2110327,,SOUTHOME,0,1730262564,1730262564,12:29:24 AM,12:29:24 AM,0
2110327,,SOUTWHA4,0,1730262609,1730262609,12:30:09 AM,12:30:09 AM,0
2110327,,SOUTWHA2,0,1730262648,1730262648,12:30:48 AM,12:30:48 AM,0
2110327,,SOUTNOD2,0,1730262706,1730262706,12:31:46 AM,12:31:46 AM,0
2110327,,SOUTNOD4,0,1730262738,1730262738,12:32:18 AM,12:32:18 AM,0
2110327,,SOUTAND2,0,1730262806,1730262806,12:33:26 AM,12:33:26 AM,0
2110327,,SOUTWON2,0,1730262872,1730262872,12:34:32 AM,12:34:32 AM,0
2110327,,WONDSDA1,0,1730262910,1730262910,12:35:10 AM,12:35:10 AM,0
2110327,,WONDPVA1,0,1730262960,1730262960,12:36:00 AM,12:36:00 AM,0
2110327,,WONDMMA3,0,1730262982,1730262982,12:36:22 AM,12:36:22 AM,0
2110327,,WONDMMA1,0,1730263015,1730263015,12:36:55 AM,12:36:55 AM,0
2110327,,WESTMAL6,0,1730263140,1730263140,12:39:00 AM,12:39:00 AM,0
2110327,,WONDVIS3,0,1730263188,1730263188,12:39:48 AM,12:39:48 AM,0
2110327,,WONDVIL1,0,1730263216,1730263216,12:40:16 AM,12:40:16 AM,0
2110327,,WONDCOM1,0,1730263258,1730263258,12:40:58 AM,12:40:58 AM,0
2110327,,WONDCOM3,0,1730263295,1730263295,12:41:35 AM,12:41:35 AM,0
2110327,,WONDTEE1,0,1730263352,1730263352,12:42:32 AM,12:42:32 AM,0
2110327,,WONDSPR1,0,1730263440,1730263440,12:44:00 AM,12:44:00 AM,0
2110327,,WONDRIV1,0,1730263590,1730263590,12:46:30 AM,12:46:30 AM,0
2110327,,WONDKIW1,0,1730263615,1730263615,12:46:55 AM,12:46:55 AM,0
2110327,,WONDOXF3,0,1730263659,1730263659,12:47:39 AM,12:47:39 AM,0
2110327,,WONDOXF1,0,1730263680,1730263680,12:48:00 AM,12:48:00 AM,0
2110327,,WONDFAR1,0,1730263716,1730263716,12:48:36 AM,12:48:36 AM,0
2110327,,WONDFAR3,0,1730263748,1730263748,12:49:08 AM,12:49:08 AM,0
2110327,,WONDBEA1,0,1730263796,1730263796,12:49:56 AM,12:49:56 AM,0
2110327,,SARNCAS1,0,1730263920,1730263920,12:52:00 AM,12:52:00 AM,0
2110327,,SARNCAS1,0,1730263920,1730263920,12:52:00 AM,12:52:00 AM,0
2110327,,SARNRIPP,0,1730263967,1730263967,12:52:47 AM,12:52:47 AM,0
2110327,,SARNCAS3,0,1730264021,1730264021,12:53:41 AM,12:53:41 AM,0
2110327,,SARNCOOM,0,1730264068,1730264068,12:54:28 AM,12:54:28 AM,0
2110327,,SARNWES1,0,1730264100,1730264100,12:55:00 AM,12:55:00 AM,0
2110327,,WESTPHA3,0,1730264157,1730264157,12:55:57 AM,12:55:57 AM,0
2110327,,ALUMHAL1,0,1730264275,1730264275,12:57:55 AM,12:57:55 AM,0
2110327,,MIDDPERT,0,1730264420,1730264420,01:00:20 AM,01:00:20 AM,0
2110327,,NATSCI,0,1730264520,1730264520,01:02:00 AM,01:02:00 AM,0
2110384,,NATSCI,0,1730264520,1730264520,01:02:00 AM,01:02:00 AM,0
2110384,,WESTELG2,0,1730264638,1730264638,01:03:58 AM,01:03:58 AM,0
2110384,,WESTLAM2,0,1730264700,1730264700,01:05:00 AM,01:05:00 AM,0
2110384,,SARNWES2,0,1730264777,1730264777,01:06:17 AM,01:06:17 AM,0
2110384,,SARNBRES,0,1730264852,1730264852,01:07:32 AM,01:07:32 AM,0
2110384,,SARNSLEI,0,1730264926,1730264926,01:08:46 AM,01:08:46 AM,0
2110384,,SARNLEYT,0,1730265012,1730265012,01:10:12 AM,01:10:12 AM,0
2110384,,WONDSAR2,0,1730265120,1730265120,01:12:00 AM,01:12:00 AM,0
2110384,,WONDBEA2,0,1730265208,1730265208,01:13:28 AM,01:13:28 AM,0
2110384,,WONDFAR4,0,1730265249,1730265249,01:14:09 AM,01:14:09 AM,0
2110384,,WONDFAR2,0,1730265270,1730265270,01:14:30 AM,01:14:30 AM,0
2110384,,WONDOXF2,0,1730265300,1730265300,01:15:00 AM,01:15:00 AM,0
2110384,,WONDOXF4,0,1730265332,1730265332,01:15:32 AM,01:15:32 AM,0
2110384,,WONDKIW2,0,1730265370,1730265370,01:16:10 AM,01:16:10 AM,0
2110384,,WONDRIV2,0,1730265412,1730265412,01:16:52 AM,01:16:52 AM,0
2110384,,WONDSPRI,0,1730265586,1730265586,01:19:46 AM,01:19:46 AM,0
2110384,,WONDROSE,0,1730265633,1730265633,01:20:33 AM,01:20:33 AM,0
2110384,,WONDCOM2,0,1730265715,1730265715,01:21:55 AM,01:21:55 AM,0
2110384,,WONDVIL2,0,1730265745,1730265745,01:22:25 AM,01:22:25 AM,0
2110384,,WONDVIS4,0,1730265793,1730265793,01:23:13 AM,01:23:13 AM,0
2110384,,WESTMAL4,0,1730265840,1730265840,01:24:00 AM,01:24:00 AM,0
2110384,,VISCWON1,0,1730265887,1730265887,01:24:47 AM,01:24:47 AM,0
2110384,,VISCWON5,0,1730265914,1730265914,01:25:14 AM,01:25:14 AM,0
2110384,,WONDMMA4,0,1730265980,1730265980,01:26:20 AM,01:26:20 AM,0
2110384,,WONDMMA2,0,1730266019,1730266019,01:26:59 AM,01:26:59 AM,0
2110384,,WONDPVA2,0,1730266062,1730266062,01:27:42 AM,01:27:42 AM,0
2110384,,WONDPVA4,0,1730266094,1730266094,01:28:14 AM,01:28:14 AM,0
2110384,,SOUTWON1,0,1730266149,1730266149,01:29:09 AM,01:29:09 AM,0
2110384,,SOUTSING,0,1730266207,1730266207,01:30:07 AM,01:30:07 AM,0
2110384,,SOUTAND1,0,1730266260,1730266260,01:31:00 AM,01:31:00 AM,0
2110384,,SOUTSPRI,0,1730266289,1730266289,01:31:29 AM,01:31:29 AM,0
2110384,,SOUTNOD1,0,1730266320,1730266320,01:32:00 AM,01:32:00 AM,0
2110384,,SOUTNOD3,0,1730266342,1730266342,01:32:22 AM,01:32:22 AM,0
2110384,,SOUTWHA1,0,1730266394,1730266394,01:33:14 AM,01:33:14 AM,0
2110384,,SOUTWHA3,0,1730266414,1730266414,01:33:34 AM,01:33:34 AM,0
2110384,,SOUTWHOK,0,1730266462,1730266462,01:34:22 AM,01:34:22 AM,0
2110384,,SOUTJAL1,0,1730266541,1730266541,01:35:41 AM,01:35:41 AM,0
2110384,,SOUTDUL1,0,1730266565,1730266565,01:36:05 AM,01:36:05 AM,0
2110384,,SOUTNIX1,0,1730266594,1730266594,01:36:34 AM,01:36:34 AM,0
2110384,,SOUTVER1,0,1730266666,1730266666,01:37:46 AM,01:37:46 AM,0
2110384,,WELLHARL,,,,,,
2110384,,WELLMON4,,,,,,
2110384,,WELLMON2,,,,,,
2110384,,WELLBRA2,0,1730266824,1730266824,01:40:24 AM,01:40:24 AM,0
2110384,,WHITOMA3,0,1730266860,1730266860,01:41:00 AM,01:41:00 AM,0
2110384,,WHITOMA3,0,1730266860,1730266860,01:41:00 AM,01:41:00 AM,0
2110384,,BRADWEL3,0,1730266975,1730266975,01:42:55 AM,01:42:55 AM,0
2110384,,BRADWIL1,0,1730267014,1730267014,01:43:34 AM,01:43:34 AM,0
2110384,,BRADAGN1,0,1730267035,1730267035,01:43:55 AM,01:43:55 AM,0
2110384,,BRADADE1,0,1730267076,1730267076,01:44:36 AM,01:44:36 AM,0
2110384,,BRADADE3,0,1730267119,1730267119,01:45:19 AM,01:45:19 AM,0
2110384,,ADELOSG5,0,1730267151,1730267151,01:45:51 AM,01:45:51 AM,0
2110384,,ADELOSG7,0,1730267186,1730267186,01:46:26 AM,01:46:26 AM,0
2110384,,ADELOSG3,0,1730267248,1730267248,01:47:28 AM,01:47:28 AM,0
2110384,,SOUTADE1,0,1730267291,1730267291,01:48:11 AM,01:48:11 AM,0
2110384,,SOUTMIL5,0,1730267313,1730267313,01:48:33 AM,01:48:33 AM,0
2110384,,SOUTMIL3,0,1730267345,1730267345,01:49:05 AM,01:49:05 AM,0
2110384,,SOUTMIL1,0,1730267400,1730267400,01:50:00 AM,01:50:00 AM,0
2110384,,SOUTKOR1,0,1730267441,1730267441,01:50:41 AM,01:50:41 AM,0
2110384,,SOUTPOM1,0,1730267469,1730267469,01:51:09 AM,01:51:09 AM,0
2110384,,PONDPONV,0,1730267531,1730267531,01:52:11 AM,01:52:11 AM,0
2110384,,PONDMIR3,0,1730267559,1730267559,01:52:39 AM,01:52:39 AM,0
2110384,,PONDMIR1,0,1730267580,1730267580,01:53:00 AM,01:53:00 AM,0
2110384,,PONDDEV1,0,1730267618,1730267618,01:53:38 AM,01:53:38 AM,0
2110384,,PONDBAN1,0,1730267636,1730267636,01:53:56 AM,01:53:56 AM,0
2110384,,PONDOLDH,0,1730267686,1730267686,01:54:46 AM,01:54:46 AM,0
2110384,,COMMPOM3,0,1730267727,1730267727,01:55:27 AM,01:55:27 AM,0
2110384,,COMMDEV1,0,1730267760,1730267760,01:56:00 AM,01:56:00 AM,0
2110384,,COMMHIG1,0,1730267821,1730267821,01:57:01 AM,01:57:01 AM,0
2110384,,HIGBHAM1,0,1730268096,1730268096,02:01:36 AM,02:01:36 AM,0
2110384,,HIGBMAGE,0,1730268123,1730268123,02:02:03 AM,02:02:03 AM,0
2110384,,HIGBTRA1,0,1730268180,1730268180,02:03:00 AM,02:03:00 AM,0
2110362,,MASOSTO4,0,1730229900,1730229900,03:25:00 PM,03:25:00 PM,0
2110362,,RICHJACK,0,1730229971,1730229971,03:26:11 PM,03:26:11 PM,0
2110362,,RICHSHAV,0,1730230011,1730230011,03:26:51 PM,03:26:51 PM,0
2110362,,RICHWES2,0,1730230057,1730230057,03:27:37 PM,03:27:37 PM,0
2110362,,RICHWES4,0,1730230080,1730230080,03:28:00 PM,03:28:00 PM,0
2110362,,RICHWYND,0,1730230115,1730230115,03:28:35 PM,03:28:35 PM,0
2110362,,WINDRIC2,0,1730230189,1730230189,03:29:49 PM,03:29:49 PM,0
2110362,,PERTWIN2,0,1730230234,1730230234,03:30:34 PM,03:30:34 PM,0
2110362,,UNIVHOS2,0,1730230286,1730230286,03:31:26 PM,03:31:26 PM,0
2110362,,MIDDPERT,0,1730230425,1730230425,03:33:45 PM,03:33:45 PM,0
2110362,,NATSCI,0,1730230500,1730230500,03:35:00 PM,03:35:00 PM,0
2110362,,NATSCI,0,1730230800,1730230800,03:40:00 PM,03:40:00 PM,0
2110362,,WESTELG2,0,1730230997,1730230997,03:43:17 PM,03:43:17 PM,0
2110362,,WESTLAM2,0,1730231100,1730231100,03:45:00 PM,03:45:00 PM,0
2110362,,SARNWES2,0,1730231221,1730231221,03:47:01 PM,03:47:01 PM,0
2110362,,SARNBRES,0,1730231339,1730231339,03:48:59 PM,03:48:59 PM,0
2110362,,SARNSLEI,0,1730231455,1730231455,03:50:55 PM,03:50:55 PM,0
2110362,,SARNLEYT,0,1730231590,1730231590,03:53:10 PM,03:53:10 PM,0
2110362,,WONDSAR2,0,1730231760,1730231760,03:56:00 PM,03:56:00 PM,0
2110362,,WONDBEA2,0,1730231907,1730231907,03:58:27 PM,03:58:27 PM,0
2110362,,WONDFAR4,0,1730231976,1730231976,03:59:36 PM,03:59:36 PM,0
2110362,,WONDFAR2,0,1730232011,1730232011,04:00:11 PM,04:00:11 PM,0
2110362,,WONDOXF2,0,1730232060,1730232060,04:01:00 PM,04:01:00 PM,0
2110362,,WONDOXF4,0,1730232099,1730232099,04:01:39 PM,04:01:39 PM,0
2110362,,WONDKIW2,0,1730232145,1730232145,04:02:25 PM,04:02:25 PM,0
2110362,,WONDRIV2,0,1730232197,1730232197,04:03:17 PM,04:03:17 PM,0
2110362,,WONDSPRI,0,1730232410,1730232410,04:06:50 PM,04:06:50 PM,0
2110362,,WONDROSE,0,1730232468,1730232468,04:07:48 PM,04:07:48 PM,0
2110362,,WONDCOM2,0,1730232568,1730232568,04:09:28 PM,04:09:28 PM,0
2110362,,WONDVIL2,0,1730232605,1730232605,04:10:05 PM,04:10:05 PM,0
2110362,,WONDVIS4,0,1730232664,1730232664,04:11:04 PM,04:11:04 PM,0
2110362,,WESTMAL4,0,1730232720,1730232720,04:12:00 PM,04:12:00 PM,0
2110362,,VISCWON1,0,1730232780,1730232780,04:13:00 PM,04:13:00 PM,0
2110362,,VISCWON5,0,1730232814,1730232814,04:13:34 PM,04:13:34 PM,0
2110362,,WONDMMA4,0,1730232898,1730232898,04:14:58 PM,04:14:58 PM,0
2110362,,WONDMMA2,0,1730232949,1730232949,04:15:49 PM,04:15:49 PM,0
2110362,,WONDPVA2,0,1730233005,1730233005,04:16:45 PM,04:16:45 PM,0
2110362,,WONDPVA4,0,1730233046,1730233046,04:17:26 PM,04:17:26 PM,0
2110362,,SOUTWON1,0,1730233116,1730233116,04:18:36 PM,04:18:36 PM,0
2110362,,SOUTSING,0,1730233191,1730233191,04:19:51 PM,04:19:51 PM,0
2110362,,SOUTAND1,0,1730233260,1730233260,04:21:00 PM,04:21:00 PM,0
2110362,,SOUTSPRI,0,1730233298,1730233298,04:21:38 PM,04:21:38 PM,0
2110362,,SOUTNOD1,0,1730233338,1730233338,04:22:18 PM,04:22:18 PM,0
2110362,,SOUTNOD3,0,1730233367,1730233367,04:22:47 PM,04:22:47 PM,0
2110362,,SOUTWHA1,0,1730233435,1730233435,04:23:55 PM,04:23:55 PM,0
2110362,,SOUTWHA3,0,1730233461,1730233461,04:24:21 PM,04:24:21 PM,0
2110362,,SOUTWHOK,0,1730233523,1730233523,04:25:23 PM,04:25:23 PM,0
2110362,,SOUTJAL1,0,1730233626,1730233626,04:27:06 PM,04:27:06 PM,0
2110362,,SOUTDUL1,0,1730233657,1730233657,04:27:37 PM,04:27:37 PM,0
2110362,,SOUTNIX1,0,1730233695,1730233695,04:28:15 PM,04:28:15 PM,0
2110362,,SOUTVER1,0,1730233789,1730233789,04:29:49 PM,04:29:49 PM,0
2110362,,WELLHARL,,,,,,
2110362,,WELLMON4,,,,,,
2110362,,WELLMON2,,,,,,
2110362,,WELLBRA2,0,1730233994,1730233994,04:33:14 PM,04:33:14 PM,0
2110362,,WHITOMA3,0,1730234040,1730234040,04:34:00 PM,04:34:00 PM,0
2110362,,WHITOMA3,0,1730234820,1730234820,04:47:00 PM,04:47:00 PM,0
2110362,,BRADWEL3,0,1730234961,1730234961,04:49:21 PM,04:49:21 PM,0
2110362,,BRADWIL1,0,1730235008,1730235008,04:50:08 PM,04:50:08 PM,0
2110362,,BRADAGN1,0,1730235034,1730235034,04:50:34 PM,04:50:34 PM,0
2110362,,BRADADE1,0,1730235084,1730235084,04:51:24 PM,04:51:24 PM,0
2110362,,BRADADE3,0,1730235137,1730235137,04:52:17 PM,04:52:17 PM,0
2110362,,ADELOSG5,0,1730235177,1730235177,04:52:57 PM,04:52:57 PM,0
2110362,,ADELOSG7,0,1730235219,1730235219,04:53:39 PM,04:53:39 PM,0
2110362,,ADELOSG3,0,1730235294,1730235294,04:54:54 PM,04:54:54 PM,0
2110362,,SOUTADE1,0,1730235346,1730235346,04:55:46 PM,04:55:46 PM,0
2110362,,SOUTMIL5,0,1730235374,1730235374,04:56:14 PM,04:56:14 PM,0
2110362,,SOUTMIL3,0,1730235413,1730235413,04:56:53 PM,04:56:53 PM,0
2110362,,SOUTMIL1,0,1730235480,1730235480,04:58:00 PM,04:58:00 PM,0
2110362,,SOUTKOR1,0,1730235535,1730235535,04:58:55 PM,04:58:55 PM,0
2110362,,SOUTPOM1,0,1730235572,1730235572,04:59:32 PM,04:59:32 PM,0
2110362,,PONDPONV,0,1730235654,1730235654,05:00:54 PM,05:00:54 PM,0
2110362,,PONDMIR3,0,1730235692,1730235692,05:01:32 PM,05:01:32 PM,0
2110362,,PONDMIR1,0,1730235720,1730235720,05:02:00 PM,05:02:00 PM,0
2110362,,PONDDEV1,0,1730235770,1730235770,05:02:50 PM,05:02:50 PM,0
2110362,,PONDBAN1,0,1730235794,1730235794,05:03:14 PM,05:03:14 PM,0
2110362,,PONDOLDH,0,1730235860,1730235860,05:04:20 PM,05:04:20 PM,0
2110362,,COMMPOM3,0,1730235915,1730235915,05:05:15 PM,05:05:15 PM,0
2110362,,COMMDEV1,0,1730235960,1730235960,05:06:00 PM,05:06:00 PM,0
2110362,,COMMHIG1,0,1730236012,1730236012,05:06:52 PM,05:06:52 PM,0
2110362,,HIGBHAM1,0,1730236248,1730236248,05:10:48 PM,05:10:48 PM,0
2110362,,HIGBMAGE,0,1730236271,1730236271,05:11:11 PM,05:11:11 PM,0
2110362,,HIGBTRA1,0,1730236318,1730236318,05:11:58 PM,05:11:58 PM,0
2110362,,HIGBBRY1,0,1730236380,1730236380,05:13:00 PM,05:13:00 PM,0
2110362,,HIGBWIL1,0,1730236430,1730236430,05:13:50 PM,05:13:50 PM,0
2110362,,HIGBBEA1,0,1730236479,1730236479,05:14:39 PM,05:14:39 PM,0
2110362,,HIGBDUN1,0,1730236560,1730236560,05:16:00 PM,05:16:00 PM,0
2110362,,HIGBLPH1,,,,,,
2110362,,HIGBOXF1,,,,,,
2110362,,HIGBOXF3,,,,,,
2110362,,HIGBLAN1,0,1730236859,1730236859,05:20:59 PM,05:20:59 PM,0
2110362,,HIGBCHE1,0,1730236900,1730236900,05:21:40 PM,05:21:40 PM,0
2110362,,HIGBGOD1,0,1730236945,1730236945,05:22:25 PM,05:22:25 PM,0
2110362,,HIGBHURO,0,1730236999,1730236999,05:23:19 PM,05:23:19 PM,0
2110362,,HIGBHIC1,0,1730237048,1730237048,05:24:08 PM,05:24:08 PM,0
2110362,,HIGBFUL1,0,1730237082,1730237082,05:24:42 PM,05:24:42 PM,0
2110362,,FULLVES2,0,1730237159,1730237159,05:25:59 PM,05:25:59 PM,0
2110362,,FULLREGA,0,1730237202,1730237202,05:26:42 PM,05:26:42 PM,0
2110362,,MCNAMEL2,0,1730237252,1730237252,05:27:32 PM,05:27:32 PM,0
2110362,,MELSBRIA,0,1730237284,1730237284,05:28:04 PM,05:28:04 PM,0
2110362,,MELSSUSS,0,1730237338,1730237338,05:28:58 PM,05:28:58 PM,0
2110362,,BARKHURO,0,1730237400,1730237400,05:30:00 PM,05:30:00 PM,0
2110316,,BARKHURO,0,1730237400,1730237400,05:30:00 PM,05:30:00 PM,0
2110316,,HUROBRI3,0,1730237496,1730237496,05:31:36 PM,05:31:36 PM,0
2110316,,HUROBRI1,0,1730237526,1730237526,05:32:06 PM,05:32:06 PM,0
2110316,,HUROMCN1,0,1730237581,1730237581,05:33:01 PM,05:33:01 PM,0
2110316,,HUROVES1,0,1730237628,1730237628,05:33:48 PM,05:33:48 PM,0
2110316,,HUROHIG1,0,1730237700,1730237700,05:35:00 PM,05:35:00 PM,0
2110316,,HIGBGOD2,0,1730237826,1730237826,05:37:06 PM,05:37:06 PM,0
2110316,,HIGBCHE2,0,1730237897,1730237897,05:38:17 PM,05:38:17 PM,0
2110316,,HIGBLAN2,0,1730237929,1730237929,05:38:49 PM,05:38:49 PM,0
2110316,,HIGBOXF4,,,,,,
2110316,,HIGBOXF2,,,,,,
2110316,,HIGBLPH2,,,,,,
2110316,,HIGBDUN2,0,1730238240,1730238240,05:44:00 PM,05:44:00 PM,0
2110316,,HIGBBEA2,0,1730238322,1730238322,05:45:22 PM,05:45:22 PM,0
2110316,,HIGBWIL2,0,1730238397,1730238397,05:46:37 PM,05:46:37 PM,0
2110316,,HIGBBRY2,0,1730238480,1730238480,05:48:00 PM,05:48:00 PM,0
2110316,,HIGBTRA2,0,1730238571,1730238571,05:49:31 PM,05:49:31 PM,0
2110316,,HIGBCALV,0,1730238652,1730238652,05:50:52 PM,05:50:52 PM,0
2110316,,HIGBHAM2,0,1730238683,1730238683,05:51:23 PM,05:51:23 PM,0
2110316,,COMMDEV6,0,1730239103,1730239103,05:58:23 PM,05:58:23 PM,0
2110316,,COMMDEV2,0,1730239140,1730239140,05:59:00 PM,05:59:00 PM,0
2110316,,PONDDEV2,0,1730239223,1730239223,06:00:23 PM,06:00:23 PM,0
2110316,,PONDBAN2,0,1730239278,1730239278,06:01:18 PM,06:01:18 PM,0
2110316,,PONDDEV4,0,1730239321,1730239321,06:02:01 PM,06:02:01 PM,0
2110316,,PONDMIR4,0,1730239371,1730239371,06:02:51 PM,06:02:51 PM,0
2110316,,PONDMIR2,0,1730239417,1730239417,06:03:37 PM,06:03:37 PM,0
2110316,,PONDMILL,0,1730239441,1730239441,06:04:01 PM,06:04:01 PM,0
2110316,,SOUTPOM2,0,1730239522,1730239522,06:05:22 PM,06:05:22 PM,0
2110316,,SOUTKOR2,0,1730239573,1730239573,06:06:13 PM,06:06:13 PM,0
2110316,,SOUTMIL2,0,1730239620,1730239620,06:07:00 PM,06:07:00 PM,0
2110316,,SOUTMIL4,0,1730239695,1730239695,06:08:15 PM,06:08:15 PM,0
2110316,,SOUTMIL6,0,1730239739,1730239739,06:08:59 PM,06:08:59 PM,0
2110316,,ADELSDAL,0,1730239783,1730239783,06:09:43 PM,06:09:43 PM,0
2110316,,ADELOSG2,0,1730239824,1730239824,06:10:24 PM,06:10:24 PM,0
2110316,,ADELOSG6,0,1730239890,1730239890,06:11:30 PM,06:11:30 PM,0
2110316,,ADELOSG4,0,1730239927,1730239927,06:12:07 PM,06:12:07 PM,0
2110316,,BRADADE2,0,1730239965,1730239965,06:12:45 PM,06:12:45 PM,0
2110316,,BRADADE4,0,1730240019,1730240019,06:13:39 PM,06:13:39 PM,0
2110316,,BRADAGN2,0,1730240062,1730240062,06:14:22 PM,06:14:22 PM,0
2110316,,BRADWIL4,0,1730240096,1730240096,06:14:56 PM,06:14:56 PM,0
2110316,,BRADDEAR,0,1730240134,1730240134,06:15:34 PM,06:15:34 PM,0
2110316,,WELLBRA2,0,1730240171,1730240171,06:16:11 PM,06:16:11 PM,0
2110316,,WHITOMA3,0,1730240220,1730240220,06:17:00 PM,06:17:00 PM,0
2110316,,WHITOMA3,0,1730240520,1730240520,06:22:00 PM,06:22:00 PM,0
2110316,,WELLBRA1,,,,,,
2110316,,WELLMON1,,,,,,
2110316,,WELLSDA5,,,,,,
2110316,,SOUTMONT,,,,,,
2110316,,SOUTVER2,0,1730240898,1730240898,06:28:18 PM,06:28:18 PM,0
2110316,,SOUTEAS2,0,1730240932,1730240932,06:28:52 PM,06:28:52 PM,0
2110316,,SOUTNIX2,0,1730241011,1730241011,06:30:11 PM,06:30:11 PM,0
2110316,,SOUTDUL2,0,1730241058,1730241058,06:30:58 PM,06:30:58 PM,0
2110316,,SOUTDUN2,0,1730241120,1730241120,06:32:00 PM,06:32:00 PM,0
2110316,,SOUTHOME,0,1730241220,1730241220,06:33:40 PM,06:33:40 PM,0
2110316,,SOUTWHA4,0,1730241273,1730241273,06:34:33 PM,06:34:33 PM,0
2110316,,SOUTWHA2,0,1730241319,1730241319,06:35:19 PM,06:35:19 PM,0
2110316,,SOUTNOD2,0,1730241388,1730241388,06:36:28 PM,06:36:28 PM,0
2110316,,SOUTNOD4,0,1730241425,1730241425,06:37:05 PM,06:37:05 PM,0
2110316,,SOUTAND2,0,1730241505,1730241505,06:38:25 PM,06:38:25 PM,0
2110316,,SOUTWON2,0,1730241583,1730241583,06:39:43 PM,06:39:43 PM,0
2110316,,WONDSDA1,0,1730241628,1730241628,06:40:28 PM,06:40:28 PM,0
2110316,,WONDPVA1,0,1730241688,1730241688,06:41:28 PM,06:41:28 PM,0
2110316,,WONDMMA3,0,1730241714,1730241714,06:41:54 PM,06:41:54 PM,0
2110316,,WONDMMA1,0,1730241753,1730241753,06:42:33 PM,06:42:33 PM,0
2110316,,WESTMAL6,0,1730241900,1730241900,06:45:00 PM,06:45:00 PM,0
2110316,,WONDVIS3,0,1730241977,1730241977,06:46:17 PM,06:46:17 PM,0
2110316,,WONDVIL1,0,1730242022,1730242022,06:47:02 PM,06:47:02 PM,0
2110316,,WONDCOM1,0,1730242090,1730242090,06:48:10 PM,06:48:10 PM,0
2110316,,WONDCOM3,0,1730242150,1730242150,06:49:10 PM,06:49:10 PM,0
2110316,,WONDTEE1,0,1730242242,1730242242,06:50:42 PM,06:50:42 PM,0
2110316,,WONDSPR1,0,1730242380,1730242380,06:53:00 PM,06:53:00 PM,0
2110316,,WONDRIV1,0,1730242680,1730242680,06:58:00 PM,06:58:00 PM,0
2110316,,WONDKIW1,0,1730242730,1730242730,06:58:50 PM,06:58:50 PM,0
2110316,,WONDOXF3,0,1730242818,1730242818,07:00:18 PM,07:00:18 PM,0
2110316,,WONDOXF1,0,1730242860,1730242860,07:01:00 PM,07:01:00 PM,0
2110316,,WONDFAR1,0,1730242914,1730242914,07:01:54 PM,07:01:54 PM,0
2110316,,WONDFAR3,0,1730242962,1730242962,07:02:42 PM,07:02:42 PM,0
2110316,,WONDBEA1,0,1730243035,1730243035,07:03:55 PM,07:03:55 PM,0
2110316,,SARNCAS1,0,1730243220,1730243220,07:07:00 PM,07:07:00 PM,0
2110316,,SARNCAS1,0,1730243220,1730243220,07:07:00 PM,07:07:00 PM,0
2110316,,SARNRIPP,0,1730243283,1730243283,07:08:03 PM,07:08:03 PM,0
2110316,,SARNCAS3,0,1730243355,1730243355,07:09:15 PM,07:09:15 PM,0
2110316,,SARNCOOM,0,1730243418,1730243418,07:10:18 PM,07:10:18 PM,0
2110316,,SARNWES1,0,1730243460,1730243460,07:11:00 PM,07:11:00 PM,0
2110316,,WESTPHA3,0,1730243564,1730243564,07:12:44 PM,07:12:44 PM,0
2110316,,ALUMHAL1,0,1730243779,1730243779,07:16:19 PM,07:16:19 PM,0
2110316,,DELAHALL,0,1730244060,1730244060,07:21:00 PM,07:21:00 PM,0
2110316,,UNIVHOS1,0,1730244262,1730244262,07:24:22 PM,07:24:22 PM,0
2110316,,PERTWIN1,0,1730244308,1730244308,07:25:08 PM,07:25:08 PM,0
2110316,,RICHWIN1,0,1730244427,1730244427,07:27:07 PM,07:27:07 PM,0
2110316,,RICHWEC1,0,1730244494,1730244494,07:28:14 PM,07:28:14 PM,0
2110316,,RICHCANT,0,1730244557,1730244557,07:29:17 PM,07:29:17 PM,0
2110316,,RICHSUNN,0,1730244665,1730244665,07:31:05 PM,07:31:05 PM,0
2110316,,MASOSTO4,0,1730244840,1730244840,07:34:00 PM,07:34:00 PM,0
2110373,,MASOSTO4,0,1730244900,1730244900,07:35:00 PM,07:35:00 PM,0
2110373,,RICHJACK,0,1730244968,1730244968,07:36:08 PM,07:36:08 PM,0
2110373,,RICHSHAV,0,1730245008,1730245008,07:36:48 PM,07:36:48 PM,0
2110373,,RICHWES2,0,1730245055,1730245055,07:37:35 PM,07:37:35 PM,0
2110373,,RICHWES4,0,1730245078,1730245078,07:37:58 PM,07:37:58 PM,0
2110373,,RICHWYND,0,1730245113,1730245113,07:38:33 PM,07:38:33 PM,0
2110373,,WINDRIC2,0,1730245188,1730245188,07:39:48 PM,07:39:48 PM,0
2110373,,PERTWIN2,0,1730245234,1730245234,07:40:34 PM,07:40:34 PM,0
2110373,,UNIVHOS2,0,1730245287,1730245287,07:41:27 PM,07:41:27 PM,0
2110373,,MIDDPERT,0,1730245427,1730245427,07:43:47 PM,07:43:47 PM,0
2110373,,NATSCI,0,1730245500,1730245500,07:45:00 PM,07:45:00 PM,0
2110373,,NATSCI,0,1730245500,1730245500,07:45:00 PM,07:45:00 PM,0
2110373,,WESTELG2,0,1730245657,1730245657,07:47:37 PM,07:47:37 PM,0
2110373,,WESTLAM2,0,1730245740,1730245740,07:49:00 PM,07:49:00 PM,0
2110373,,SARNWES2,0,1730245839,1730245839,07:50:39 PM,07:50:39 PM,0
2110373,,SARNBRES,0,1730245935,1730245935,07:52:15 PM,07:52:15 PM,0
2110373,,SARNSLEI,0,1730246030,1730246030,07:53:50 PM,07:53:50 PM,0
2110373,,SARNLEYT,0,1730246140,1730246140,07:55:40 PM,07:55:40 PM,0
2110373,,WONDSAR2,0,1730246280,1730246280,07:58:00 PM,07:58:00 PM,0
2110373,,WONDBEA2,0,1730246398,1730246398,07:59:58 PM,07:59:58 PM,0
2110373,,WONDFAR4,0,1730246453,1730246453,08:00:53 PM,08:00:53 PM,0
2110373,,WONDFAR2,0,1730246481,1730246481,08:01:21 PM,08:01:21 PM,0
2110373,,WONDOXF2,0,1730246520,1730246520,08:02:00 PM,08:02:00 PM,0
2110373,,WONDOXF4,0,1730246552,1730246552,08:02:32 PM,08:02:32 PM,0
2110373,,WONDKIW2,0,1730246590,1730246590,08:03:10 PM,08:03:10 PM,0
2110373,,WONDRIV2,0,1730246632,1730246632,08:03:52 PM,08:03:52 PM,0
2110373,,WONDSPRI,0,1730246806,1730246806,08:06:46 PM,08:06:46 PM,0
2110373,,WONDROSE,0,1730246853,1730246853,08:07:33 PM,08:07:33 PM,0
2110373,,WONDCOM2,0,1730246935,1730246935,08:08:55 PM,08:08:55 PM,0
2110373,,WONDVIL2,0,1730246965,1730246965,08:09:25 PM,08:09:25 PM,0
2110373,,WONDVIS4,0,1730247013,1730247013,08:10:13 PM,08:10:13 PM,0
2110373,,WESTMAL4,0,1730247060,1730247060,08:11:00 PM,08:11:00 PM,0
2110373,,VISCWON1,0,1730247113,1730247113,08:11:53 PM,08:11:53 PM,0
2110373,,VISCWON5,0,1730247143,1730247143,08:12:23 PM,08:12:23 PM,0
2110373,,WONDMMA4,0,1730247218,1730247218,08:13:38 PM,08:13:38 PM,0
2110373,,WONDMMA2,0,1730247263,1730247263,08:14:23 PM,08:14:23 PM,0
2110373,,WONDPVA2,0,1730247312,1730247312,08:15:12 PM,08:15:12 PM,0
2110373,,WONDPVA4,0,1730247348,1730247348,08:15:48 PM,08:15:48 PM,0
2110373,,SOUTWON1,0,1730247410,1730247410,08:16:50 PM,08:16:50 PM,0
2110373,,SOUTSING,0,1730247477,1730247477,08:17:57 PM,08:17:57 PM,0
2110373,,SOUTAND1,0,1730247540,1730247540,08:19:00 PM,08:19:00 PM,0
2110373,,SOUTSPRI,0,1730247575,1730247575,08:19:35 PM,08:19:35 PM,0
2110373,,SOUTNOD1,0,1730247612,1730247612,08:20:12 PM,08:20:12 PM,0
2110373,,SOUTNOD3,0,1730247639,1730247639,08:20:39 PM,08:20:39 PM,0
2110373,,SOUTWHA1,0,1730247702,1730247702,08:21:42 PM,08:21:42 PM,0
2110373,,SOUTWHA3,0,1730247726,1730247726,08:22:06 PM,08:22:06 PM,0
2110373,,SOUTWHOK,0,1730247783,1730247783,08:23:03 PM,08:23:03 PM,0
2110373,,SOUTJAL1,0,1730247878,1730247878,08:24:38 PM,08:24:38 PM,0
2110373,,SOUTDUL1,0,1730247907,1730247907,08:25:07 PM,08:25:07 PM,0
2110373,,SOUTNIX1,0,1730247942,1730247942,08:25:42 PM,08:25:42 PM,0
2110373,,SOUTVER1,0,1730248028,1730248028,08:27:08 PM,08:27:08 PM,0
2110373,,WELLHARL,,,,,,
2110373,,WELLMON4,,,,,,
2110373,,WELLMON2,,,,,,
2110373,,WELLBRA2,0,1730248219,1730248219,08:30:19 PM,08:30:19 PM,0
2110373,,WHITOMA3,0,1730248260,1730248260,08:31:00 PM,08:31:00 PM,0
2110373,,WHITOMA3,0,1730248560,1730248560,08:36:00 PM,08:36:00 PM,0
2110373,,BRADWEL3,0,1730248701,1730248701,08:38:21 PM,08:38:21 PM,0
2110373,,BRADWIL1,0,1730248748,1730248748,08:39:08 PM,08:39:08 PM,0
2110373,,BRADAGN1,0,1730248774,1730248774,08:39:34 PM,08:39:34 PM,0
2110373,,BRADADE1,0,1730248824,1730248824,08:40:24 PM,08:40:24 PM,0
2110373,,BRADADE3,0,1730248877,1730248877,08:41:17 PM,08:41:17 PM,0
2110373,,ADELOSG5,0,1730248917,1730248917,08:41:57 PM,08:41:57 PM,0
2110373,,ADELOSG7,0,1730248959,1730248959,08:42:39 PM,08:42:39 PM,0
2110373,,ADELOSG3,0,1730249034,1730249034,08:43:54 PM,08:43:54 PM,0
2110373,,SOUTADE1,0,1730249086,1730249086,08:44:46 PM,08:44:46 PM,0
2110373,,SOUTMIL5,0,1730249114,1730249114,08:45:14 PM,08:45:14 PM,0
2110373,,SOUTMIL3,0,1730249153,1730249153,08:45:53 PM,08:45:53 PM,0
2110373,,SOUTMIL1,0,1730249220,1730249220,08:47:00 PM,08:47:00 PM,0
2110373,,SOUTKOR1,0,1730249268,1730249268,08:47:48 PM,08:47:48 PM,0
2110373,,SOUTPOM1,0,1730249301,1730249301,08:48:21 PM,08:48:21 PM,0
2110373,,PONDPONV,0,1730249373,1730249373,08:49:33 PM,08:49:33 PM,0
2110373,,PONDMIR3,0,1730249406,1730249406,08:50:06 PM,08:50:06 PM,0
2110373,,PONDMIR1,0,1730249431,1730249431,08:50:31 PM,08:50:31 PM,0
2110373,,PONDDEV1,0,1730249475,1730249475,08:51:15 PM,08:51:15 PM,0
2110373,,PONDBAN1,0,1730249496,1730249496,08:51:36 PM,08:51:36 PM,0
2110373,,PONDOLDH,0,1730249554,1730249554,08:52:34 PM,08:52:34 PM,0
2110373,,COMMPOM3,0,1730249602,1730249602,08:53:22 PM,08:53:22 PM,0
2110373,,COMMDEV1,0,1730249640,1730249640,08:54:00 PM,08:54:00 PM,0
2110373,,COMMHIG1,0,1730249701,1730249701,08:55:01 PM,08:55:01 PM,0
2110373,,HIGBHAM1,0,1730249976,1730249976,08:59:36 PM,08:59:36 PM,0
2110373,,HIGBMAGE,0,1730250003,1730250003,09:00:03 PM,09:00:03 PM,0
2110373,,HIGBTRA1,0,1730250060,1730250060,09:01:00 PM,09:01:00 PM,0
2110309,,BARKHURO,0,1730230020,1730230020,03:27:00 PM,03:27:00 PM,0
2110309,,HUROBRI3,0,1730230116,1730230116,03:28:36 PM,03:28:36 PM,0
2110309,,HUROBRI1,0,1730230146,1730230146,03:29:06 PM,03:29:06 PM,0
2110309,,HUROMCN1,0,1730230201,1730230201,03:30:01 PM,03:30:01 PM,0
2110309,,HUROVES1,0,1730230248,1730230248,03:30:48 PM,03:30:48 PM,0
2110309,,HUROHIG1,0,1730230320,1730230320,03:32:00 PM,03:32:00 PM,0
2110309,,HIGBGOD2,0,1730230446,1730230446,03:34:06 PM,03:34:06 PM,0
2110309,,HIGBCHE2,0,1730230517,1730230517,03:35:17 PM,03:35:17 PM,0
2110309,,HIGBLAN2,0,1730230549,1730230549,03:35:49 PM,03:35:49 PM,0
2110309,,HIGBOXF4,,,,,,
2110309,,HIGBOXF2,,,,,,
2110309,,HIGBLPH2,,,,,,
2110309,,HIGBDUN2,0,1730230860,1730230860,03:41:00 PM,03:41:00 PM,0
2110309,,HIGBBEA2,0,1730230942,1730230942,03:42:22 PM,03:42:22 PM,0
2110309,,HIGBWIL2,0,1730231017,1730231017,03:43:37 PM,03:43:37 PM,0
2110309,,HIGBBRY2,0,1730231100,1730231100,03:45:00 PM,03:45:00 PM,0
2110309,,HIGBTRA2,0,1730231174,1730231174,03:46:14 PM,03:46:14 PM,0
2110309,,HIGBCALV,0,1730231240,1730231240,03:47:20 PM,03:47:20 PM,0
2110309,,HIGBHAM2,0,1730231265,1730231265,03:47:45 PM,03:47:45 PM,0
2110309,,COMMDEV6,0,1730231609,1730231609,03:53:29 PM,03:53:29 PM,0
2110309,,COMMDEV2,0,1730231640,1730231640,03:54:00 PM,03:54:00 PM,0
2110309,,PONDDEV2,0,1730231712,1730231712,03:55:12 PM,03:55:12 PM,0
2110309,,PONDBAN2,0,1730231760,1730231760,03:56:00 PM,03:56:00 PM,0
2110309,,PONDDEV4,0,1730231798,1730231798,03:56:38 PM,03:56:38 PM,0
2110309,,PONDMIR4,0,1730231842,1730231842,03:57:22 PM,03:57:22 PM,0
2110309,,PONDMIR2,0,1730231882,1730231882,03:58:02 PM,03:58:02 PM,0
2110309,,PONDMILL,0,1730231903,1730231903,03:58:23 PM,03:58:23 PM,0
2110309,,SOUTPOM2,0,1730231974,1730231974,03:59:34 PM,03:59:34 PM,0
2110309,,SOUTKOR2,0,1730232019,1730232019,04:00:19 PM,04:00:19 PM,0
2110309,,SOUTMIL2,0,1730232060,1730232060,04:01:00 PM,04:01:00 PM,0
2110309,,SOUTMIL4,0,1730232135,1730232135,04:02:15 PM,04:02:15 PM,0
2110309,,SOUTMIL6,0,1730232179,1730232179,04:02:59 PM,04:02:59 PM,0
2110309,,ADELSDAL,0,1730232223,1730232223,04:03:43 PM,04:03:43 PM,0
2110309,,ADELOSG2,0,1730232264,1730232264,04:04:24 PM,04:04:24 PM,0
2110309,,ADELOSG6,0,1730232330,1730232330,04:05:30 PM,04:05:30 PM,0
2110309,,ADELOSG4,0,1730232367,1730232367,04:06:07 PM,04:06:07 PM,0
2110309,,BRADADE2,0,1730232405,1730232405,04:06:45 PM,04:06:45 PM,0
2110309,,BRADADE4,0,1730232459,1730232459,04:07:39 PM,04:07:39 PM,0
2110309,,BRADAGN2,0,1730232502,1730232502,04:08:22 PM,04:08:22 PM,0
2110309,,BRADWIL4,0,1730232536,1730232536,04:08:56 PM,04:08:56 PM,0
2110309,,BRADDEAR,0,1730232574,1730232574,04:09:34 PM,04:09:34 PM,0
2110309,,WELLBRA2,0,1730232611,1730232611,04:10:11 PM,04:10:11 PM,0
2110309,,WHITOMA3,0,1730232660,1730232660,04:11:00 PM,04:11:00 PM,0
2110309,,WHITOMA3,0,1730232960,1730232960,04:16:00 PM,04:16:00 PM,0
2110309,,WELLBRA1,,,,,,
2110309,,WELLMON1,,,,,,
2110309,,WELLSDA5,,,,,,
2110309,,SOUTMONT,,,,,,
2110309,,SOUTVER2,0,1730233338,1730233338,04:22:18 PM,04:22:18 PM,0
2110309,,SOUTEAS2,0,1730233372,1730233372,04:22:52 PM,04:22:52 PM,0
2110309,,SOUTNIX2,0,1730233451,1730233451,04:24:11 PM,04:24:11 PM,0
2110309,,SOUTDUL2,0,1730233498,1730233498,04:24:58 PM,04:24:58 PM,0
2110309,,SOUTDUN2,0,1730233560,1730233560,04:26:00 PM,04:26:00 PM,0
2110309,,SOUTHOME,0,1730233667,1730233667,04:27:47 PM,04:27:47 PM,0
2110309,,SOUTWHA4,0,1730233724,1730233724,04:28:44 PM,04:28:44 PM,0
2110309,,SOUTWHA2,0,1730233774,1730233774,04:29:34 PM,04:29:34 PM,0
2110309,,SOUTNOD2,0,1730233848,1730233848,04:30:48 PM,04:30:48 PM,0
2110309,,SOUTNOD4,0,1730233888,1730233888,04:31:28 PM,04:31:28 PM,0
2110309,,SOUTAND2,0,1730233975,1730233975,04:32:55 PM,04:32:55 PM,0
2110309,,SOUTWON2,0,1730234059,1730234059,04:34:19 PM,04:34:19 PM,0
2110309,,WONDSDA1,0,1730234107,1730234107,04:35:07 PM,04:35:07 PM,0
2110309,,WONDPVA1,0,1730234171,1730234171,04:36:11 PM,04:36:11 PM,0
2110309,,WONDMMA3,0,1730234199,1730234199,04:36:39 PM,04:36:39 PM,0
2110309,,WONDMMA1,0,1730234241,1730234241,04:37:21 PM,04:37:21 PM,0
2110309,,WESTMAL6,0,1730234400,1730234400,04:40:00 PM,04:40:00 PM,0
2110309,,WONDVIS3,0,1730234467,1730234467,04:41:07 PM,04:41:07 PM,0
2110309,,WONDVIL1,0,1730234506,1730234506,04:41:46 PM,04:41:46 PM,0
2110309,,WONDCOM1,0,1730234566,1730234566,04:42:46 PM,04:42:46 PM,0
2110309,,WONDCOM3,0,1730234618,1730234618,04:43:38 PM,04:43:38 PM,0
2110309,,WONDTEE1,0,1730234698,1730234698,04:44:58 PM,04:44:58 PM,0
2110309,,WONDSPR1,0,1730234820,1730234820,04:47:00 PM,04:47:00 PM,0
2110309,,WONDRIV1,0,1730235045,1730235045,04:50:45 PM,04:50:45 PM,0
2110309,,WONDKIW1,0,1730235082,1730235082,04:51:22 PM,04:51:22 PM,0
2110309,,WONDOXF3,0,1730235148,1730235148,04:52:28 PM,04:52:28 PM,0
2110309,,WONDOXF1,0,1730235180,1730235180,04:53:00 PM,04:53:00 PM,0
2110309,,WONDFAR1,0,1730235234,1730235234,04:53:54 PM,04:53:54 PM,0
2110309,,WONDFAR3,0,1730235282,1730235282,04:54:42 PM,04:54:42 PM,0
2110309,,WONDBEA1,0,1730235355,1730235355,04:55:55 PM,04:55:55 PM,0
2110309,,SARNCAS1,0,1730235540,1730235540,04:59:00 PM,04:59:00 PM,0
2110309,,SARNCAS1,0,1730235540,1730235540,04:59:00 PM,04:59:00 PM,0
2110309,,SARNRIPP,0,1730235603,1730235603,05:00:03 PM,05:00:03 PM,0
2110309,,SARNCAS3,0,1730235675,1730235675,05:01:15 PM,05:01:15 PM,0
2110309,,SARNCOOM,0,1730235738,1730235738,05:02:18 PM,05:02:18 PM,0
2110309,,SARNWES1,0,1730235780,1730235780,05:03:00 PM,05:03:00 PM,0
2110309,,WESTPHA3,0,1730235873,1730235873,05:04:33 PM,05:04:33 PM,0
2110309,,ALUMHAL1,0,1730236067,1730236067,05:07:47 PM,05:07:47 PM,0
2110309,,DELAHALL,0,1730236320,1730236320,05:12:00 PM,05:12:00 PM,0
2110309,,UNIVHOS1,0,1730236475,1730236475,05:14:35 PM,05:14:35 PM,0
2110309,,PERTWIN1,0,1730236511,1730236511,05:15:11 PM,05:15:11 PM,0
2110309,,RICHWIN1,0,1730236603,1730236603,05:16:43 PM,05:16:43 PM,0
2110309,,RICHWEC1,0,1730236655,1730236655,05:17:35 PM,05:17:35 PM,0
2110309,,RICHCANT,0,1730236703,1730236703,05:18:23 PM,05:18:23 PM,0
2110309,,RICHSUNN,0,1730236786,1730236786,05:19:46 PM,05:19:46 PM,0
2110309,,MASOSTO4,0,1730236920,1730236920,05:22:00 PM,05:22:00 PM,0
2110366,,MASOSTO4,0,1730237040,1730237040,05:24:00 PM,05:24:00 PM,0
2110366,,RICHJACK,0,1730237115,1730237115,05:25:15 PM,05:25:15 PM,0
2110366,,RICHSHAV,0,1730237160,1730237160,05:26:00 PM,05:26:00 PM,0
2110366,,RICHWES2,0,1730237211,1730237211,05:26:51 PM,05:26:51 PM,0
2110366,,RICHWES4,0,1730237237,1730237237,05:27:17 PM,05:27:17 PM,0
2110366,,RICHWYND,0,1730237276,1730237276,05:27:56 PM,05:27:56 PM,0
2110366,,WINDRIC2,0,1730237358,1730237358,05:29:18 PM,05:29:18 PM,0
2110366,,PERTWIN2,0,1730237408,1730237408,05:30:08 PM,05:30:08 PM,0
2110366,,UNIVHOS2,0,1730237466,1730237466,05:31:06 PM,05:31:06 PM,0
2110366,,MIDDPERT,0,1730237620,1730237620,05:33:40 PM,05:33:40 PM,0
2110366,,NATSCI,0,1730237700,1730237700,05:35:00 PM,05:35:00 PM,0
2110366,,NATSCI,0,1730237700,1730237700,05:35:00 PM,05:35:00 PM,0
2110366,,WESTELG2,0,1730238094,1730238094,05:41:34 PM,05:41:34 PM,0
2110366,,WESTLAM2,0,1730238300,1730238300,05:45:00 PM,05:45:00 PM,0
2110366,,SARNWES2,0,1730238432,1730238432,05:47:12 PM,05:47:12 PM,0
2110366,,SARNBRES,0,1730238560,1730238560,05:49:20 PM,05:49:20 PM,0
2110366,,SARNSLEI,0,1730238687,1730238687,05:51:27 PM,05:51:27 PM,0
2110366,,SARNLEYT,0,1730238834,1730238834,05:53:54 PM,05:53:54 PM,0
2110366,,WONDSAR2,0,1730239020,1730239020,05:57:00 PM,05:57:00 PM,0
2110366,,WONDBEA2,0,1730239167,1730239167,05:59:27 PM,05:59:27 PM,0
2110366,,WONDFAR4,0,1730239236,1730239236,06:00:36 PM,06:00:36 PM,0
2110366,,WONDFAR2,0,1730239271,1730239271,06:01:11 PM,06:01:11 PM,0
2110366,,WONDOXF2,0,1730239320,1730239320,06:02:00 PM,06:02:00 PM,0
2110366,,WONDOXF4,0,1730239367,1730239367,06:02:47 PM,06:02:47 PM,0
2110366,,WONDKIW2,0,1730239422,1730239422,06:03:42 PM,06:03:42 PM,0
2110366,,WONDRIV2,0,1730239483,1730239483,06:04:43 PM,06:04:43 PM,0
2110366,,WONDSPRI,0,1730239735,1730239735,06:08:55 PM,06:08:55 PM,0
2110366,,WONDROSE,0,1730239803,1730239803,06:10:03 PM,06:10:03 PM,0
2110366,,WONDCOM2,0,1730239922,1730239922,06:12:02 PM,06:12:02 PM,0
2110366,,WONDVIL2,0,1730239965,1730239965,06:12:45 PM,06:12:45 PM,0
2110366,,WONDVIS4,0,1730240035,1730240035,06:13:55 PM,06:13:55 PM,0
2110366,,WESTMAL4,0,1730240100,1730240100,06:15:00 PM,06:15:00 PM,0
2110366,,VISCWON1,0,1730240167,1730240167,06:16:07 PM,06:16:07 PM,0
2110366,,VISCWON5,0,1730240205,1730240205,06:16:45 PM,06:16:45 PM,0
2110366,,WONDMMA4,0,1730240299,1730240299,06:18:19 PM,06:18:19 PM,0
2110366,,WONDMMA2,0,1730240356,1730240356,06:19:16 PM,06:19:16 PM,0
2110366,,WONDPVA2,0,1730240418,1730240418,06:20:18 PM,06:20:18 PM,0
2110366,,WONDPVA4,0,1730240463,1730240463,06:21:03 PM,06:21:03 PM,0
2110366,,SOUTWON1,0,1730240541,1730240541,06:22:21 PM,06:22:21 PM,0
2110366,,SOUTSING,0,1730240625,1730240625,06:23:45 PM,06:23:45 PM,0
2110366,,SOUTAND1,0,1730240700,1730240700,06:25:00 PM,06:25:00 PM,0
2110366,,SOUTSPRI,0,1730240741,1730240741,06:25:41 PM,06:25:41 PM,0
2110366,,SOUTNOD1,0,1730240785,1730240785,06:26:25 PM,06:26:25 PM,0
2110366,,SOUTNOD3,0,1730240816,1730240816,06:26:56 PM,06:26:56 PM,0
2110366,,SOUTWHA1,0,1730240889,1730240889,06:28:09 PM,06:28:09 PM,0
2110366,,SOUTWHA3,0,1730240917,1730240917,06:28:37 PM,06:28:37 PM,0
2110366,,SOUTWHOK,0,1730240984,1730240984,06:29:44 PM,06:29:44 PM,0
2110366,,SOUTJAL1,0,1730241095,1730241095,06:31:35 PM,06:31:35 PM,0
2110366,,SOUTDUL1,0,1730241128,1730241128,06:32:08 PM,06:32:08 PM,0
2110366,,SOUTNIX1,0,1730241169,1730241169,06:32:49 PM,06:32:49 PM,0
2110366,,SOUTVER1,0,1730241270,1730241270,06:34:30 PM,06:34:30 PM,0
2110366,,WELLHARL,,,,,,
2110366,,WELLMON4,,,,,,
2110366,,WELLMON2,,,,,,
2110366,,WELLBRA2,0,1730241492,1730241492,06:38:12 PM,06:38:12 PM,0
2110366,,WHITOMA3,0,1730241540,1730241540,06:39:00 PM,06:39:00 PM,0
2110366,,WHITOMA3,0,1730241840,1730241840,06:44:00 PM,06:44:00 PM,0
2110366,,BRADWEL3,0,1730241981,1730241981,06:46:21 PM,06:46:21 PM,0
2110366,,BRADWIL1,0,1730242028,1730242028,06:47:08 PM,06:47:08 PM,0
2110366,,BRADAGN1,0,1730242054,1730242054,06:47:34 PM,06:47:34 PM,0
2110366,,BRADADE1,0,1730242104,1730242104,06:48:24 PM,06:48:24 PM,0
2110366,,BRADADE3,0,1730242157,1730242157,06:49:17 PM,06:49:17 PM,0
2110366,,ADELOSG5,0,1730242197,1730242197,06:49:57 PM,06:49:57 PM,0
2110366,,ADELOSG7,0,1730242239,1730242239,06:50:39 PM,06:50:39 PM,0
2110366,,ADELOSG3,0,1730242314,1730242314,06:51:54 PM,06:51:54 PM,0
2110366,,SOUTADE1,0,1730242366,1730242366,06:52:46 PM,06:52:46 PM,0
2110366,,SOUTMIL5,0,1730242394,1730242394,06:53:14 PM,06:53:14 PM,0
2110366,,SOUTMIL3,0,1730242433,1730242433,06:53:53 PM,06:53:53 PM,0
2110366,,SOUTMIL1,0,1730242500,1730242500,06:55:00 PM,06:55:00 PM,0
2110366,,SOUTKOR1,0,1730242555,1730242555,06:55:55 PM,06:55:55 PM,0
2110366,,SOUTPOM1,0,1730242592,1730242592,06:56:32 PM,06:56:32 PM,0
2110366,,PONDPONV,0,1730242674,1730242674,06:57:54 PM,06:57:54 PM,0
2110366,,PONDMIR3,0,1730242712,1730242712,06:58:32 PM,06:58:32 PM,0
2110366,,PONDMIR1,0,1730242740,1730242740,06:59:00 PM,06:59:00 PM,0
2110366,,PONDDEV1,0,1730242790,1730242790,06:59:50 PM,06:59:50 PM,0
2110366,,PONDBAN1,0,1730242814,1730242814,07:00:14 PM,07:00:14 PM,0
2110366,,PONDOLDH,0,1730242880,1730242880,07:01:20 PM,07:01:20 PM,0
2110366,,COMMPOM3,0,1730242935,1730242935,07:02:15 PM,07:02:15 PM,0
2110366,,COMMDEV1,0,1730242980,1730242980,07:03:00 PM,07:03:00 PM,0
2110366,,COMMHIG1,0,1730243041,1730243041,07:04:01 PM,07:04:01 PM,0
2110366,,HIGBHAM1,0,1730243316,1730243316,07:08:36 PM,07:08:36 PM,0
2110366,,HIGBMAGE,0,1730243343,1730243343,07:09:03 PM,07:09:03 PM,0
2110366,,HIGBTRA1,0,1730243400,1730243400,07:10:00 PM,07:10:00 PM,0
2110315,,BARKHURO,0,1730229360,1730229360,03:16:00 PM,03:16:00 PM,0
2110315,,HUROBRI3,0,1730229456,1730229456,03:17:36 PM,03:17:36 PM,0
2110315,,HUROBRI1,0,1730229486,1730229486,03:18:06 PM,03:18:06 PM,0
2110315,,HUROMCN1,0,1730229541,1730229541,03:19:01 PM,03:19:01 PM,0
2110315,,HUROVES1,0,1730229588,1730229588,03:19:48 PM,03:19:48 PM,0
2110315,,HUROHIG1,0,1730229660,1730229660,03:21:00 PM,03:21:00 PM,0
2110315,,HIGBGOD2,0,1730229786,1730229786,03:23:06 PM,03:23:06 PM,0
2110315,,HIGBCHE2,0,1730229857,1730229857,03:24:17 PM,03:24:17 PM,0
2110315,,HIGBLAN2,0,1730229889,1730229889,03:24:49 PM,03:24:49 PM,0
2110315,,HIGBOXF4,,,,,,
2110315,,HIGBOXF2,,,,,,
2110315,,HIGBLPH2,,,,,,
2110315,,HIGBDUN2,0,1730230200,1730230200,03:30:00 PM,03:30:00 PM,0
2110315,,HIGBBEA2,0,1730230282,1730230282,03:31:22 PM,03:31:22 PM,0
2110315,,HIGBWIL2,0,1730230357,1730230357,03:32:37 PM,03:32:37 PM,0
2110315,,HIGBBRY2,0,1730230440,1730230440,03:34:00 PM,03:34:00 PM,0
2110315,,HIGBTRA2,0,1730230489,1730230489,03:34:49 PM,03:34:49 PM,0
2110315,,HIGBCALV,0,1730230533,1730230533,03:35:33 PM,03:35:33 PM,0
2110315,,HIGBHAM2,0,1730230550,1730230550,03:35:50 PM,03:35:50 PM,0
2110315,,COMMDEV6,0,1730230779,1730230779,03:39:39 PM,03:39:39 PM,0
2110315,,COMMDEV2,0,1730230800,1730230800,03:40:00 PM,03:40:00 PM,0
2110315,,PONDDEV2,0,1730230883,1730230883,03:41:23 PM,03:41:23 PM,0
2110315,,PONDBAN2,0,1730230938,1730230938,03:42:18 PM,03:42:18 PM,0
2110315,,PONDDEV4,0,1730230981,1730230981,03:43:01 PM,03:43:01 PM,0
2110315,,PONDMIR4,0,1730231031,1730231031,03:43:51 PM,03:43:51 PM,0
2110315,,PONDMIR2,0,1730231077,1730231077,03:44:37 PM,03:44:37 PM,0
2110315,,PONDMILL,0,1730231101,1730231101,03:45:01 PM,03:45:01 PM,0
2110315,,SOUTPOM2,0,1730231182,1730231182,03:46:22 PM,03:46:22 PM,0
2110315,,SOUTKOR2,0,1730231233,1730231233,03:47:13 PM,03:47:13 PM,0
2110315,,SOUTMIL2,0,1730231280,1730231280,03:48:00 PM,03:48:00 PM,0
2110315,,SOUTMIL4,0,1730231355,1730231355,03:49:15 PM,03:49:15 PM,0
2110315,,SOUTMIL6,0,1730231399,1730231399,03:49:59 PM,03:49:59 PM,0
2110315,,ADELSDAL,0,1730231443,1730231443,03:50:43 PM,03:50:43 PM,0
2110315,,ADELOSG2,0,1730231484,1730231484,03:51:24 PM,03:51:24 PM,0
2110315,,ADELOSG6,0,1730231550,1730231550,03:52:30 PM,03:52:30 PM,0
2110315,,ADELOSG4,0,1730231587,1730231587,03:53:07 PM,03:53:07 PM,0
2110315,,BRADADE2,0,1730231625,1730231625,03:53:45 PM,03:53:45 PM,0
2110315,,BRADADE4,0,1730231679,1730231679,03:54:39 PM,03:54:39 PM,0
2110315,,BRADAGN2,0,1730231722,1730231722,03:55:22 PM,03:55:22 PM,0
2110315,,BRADWIL4,0,1730231756,1730231756,03:55:56 PM,03:55:56 PM,0
2110315,,BRADDEAR,0,1730231794,1730231794,03:56:34 PM,03:56:34 PM,0
2110315,,WELLBRA2,0,1730231831,1730231831,03:57:11 PM,03:57:11 PM,0
2110315,,WHITOMA3,0,1730231880,1730231880,03:58:00 PM,03:58:00 PM,0
2110315,,WHITOMA3,0,1730232180,1730232180,04:03:00 PM,04:03:00 PM,0
2110315,,WELLBRA1,,,,,,
2110315,,WELLMON1,,,,,,
2110315,,WELLSDA5,,,,,,
2110315,,SOUTMONT,,,,,,
2110315,,SOUTVER2,0,1730232558,1730232558,04:09:18 PM,04:09:18 PM,0
2110315,,SOUTEAS2,0,1730232592,1730232592,04:09:52 PM,04:09:52 PM,0
2110315,,SOUTNIX2,0,1730232671,1730232671,04:11:11 PM,04:11:11 PM,0
2110315,,SOUTDUL2,0,1730232718,1730232718,04:11:58 PM,04:11:58 PM,0
2110315,,SOUTDUN2,0,1730232780,1730232780,04:13:00 PM,04:13:00 PM,0
2110315,,SOUTHOME,0,1730232880,1730232880,04:14:40 PM,04:14:40 PM,0
2110315,,SOUTWHA4,0,1730232933,1730232933,04:15:33 PM,04:15:33 PM,0
2110315,,SOUTWHA2,0,1730232979,1730232979,04:16:19 PM,04:16:19 PM,0
2110315,,SOUTNOD2,0,1730233048,1730233048,04:17:28 PM,04:17:28 PM,0
2110315,,SOUTNOD4,0,1730233085,1730233085,04:18:05 PM,04:18:05 PM,0
2110315,,SOUTAND2,0,1730233165,1730233165,04:19:25 PM,04:19:25 PM,0
2110315,,SOUTWON2,0,1730233243,1730233243,04:20:43 PM,04:20:43 PM,0
2110315,,WONDSDA1,0,1730233288,1730233288,04:21:28 PM,04:21:28 PM,0
2110315,,WONDPVA1,0,1730233348,1730233348,04:22:28 PM,04:22:28 PM,0
2110315,,WONDMMA3,0,1730233374,1730233374,04:22:54 PM,04:22:54 PM,0
2110315,,WONDMMA1,0,1730233413,1730233413,04:23:33 PM,04:23:33 PM,0
2110315,,WESTMAL6,0,1730233560,1730233560,04:26:00 PM,04:26:00 PM,0
2110315,,WONDVIS3,0,1730233637,1730233637,04:27:17 PM,04:27:17 PM,0
2110315,,WONDVIL1,0,1730233682,1730233682,04:28:02 PM,04:28:02 PM,0
2110315,,WONDCOM1,0,1730233750,1730233750,04:29:10 PM,04:29:10 PM,0
2110315,,WONDCOM3,0,1730233810,1730233810,04:30:10 PM,04:30:10 PM,0
2110315,,WONDTEE1,0,1730233902,1730233902,04:31:42 PM,04:31:42 PM,0
2110315,,WONDSPR1,0,1730234040,1730234040,04:34:00 PM,04:34:00 PM,0
2110315,,WONDRIV1,0,1730234302,1730234302,04:38:22 PM,04:38:22 PM,0
2110315,,WONDKIW1,0,1730234345,1730234345,04:39:05 PM,04:39:05 PM,0
2110315,,WONDOXF3,0,1730234422,1730234422,04:40:22 PM,04:40:22 PM,0
2110315,,WONDOXF1,0,1730234460,1730234460,04:41:00 PM,04:41:00 PM,0
2110315,,WONDFAR1,0,1730234514,1730234514,04:41:54 PM,04:41:54 PM,0
2110315,,WONDFAR3,0,1730234562,1730234562,04:42:42 PM,04:42:42 PM,0
2110315,,WONDBEA1,0,1730234635,1730234635,04:43:55 PM,04:43:55 PM,0
2110315,,SARNCAS1,0,1730234820,1730234820,04:47:00 PM,04:47:00 PM,0
2110315,,SARNCAS1,0,1730234820,1730234820,04:47:00 PM,04:47:00 PM,0
2110315,,SARNRIPP,0,1730234883,1730234883,04:48:03 PM,04:48:03 PM,0
2110315,,SARNCAS3,0,1730234955,1730234955,04:49:15 PM,04:49:15 PM,0
2110315,,SARNCOOM,0,1730235018,1730235018,04:50:18 PM,04:50:18 PM,0
2110315,,SARNWES1,0,1730235060,1730235060,04:51:00 PM,04:51:00 PM,0
2110315,,WESTPHA3,0,1730235153,1730235153,04:52:33 PM,04:52:33 PM,0
2110315,,ALUMHAL1,0,1730235347,1730235347,04:55:47 PM,04:55:47 PM,0
2110315,,DELAHALL,0,1730235600,1730235600,05:00:00 PM,05:00:00 PM,0
2110315,,UNIVHOS1,0,1730235755,1730235755,05:02:35 PM,05:02:35 PM,0
2110315,,PERTWIN1,0,1730235791,1730235791,05:03:11 PM,05:03:11 PM,0
2110315,,RICHWIN1,0,1730235883,1730235883,05:04:43 PM,05:04:43 PM,0
2110315,,RICHWEC1,0,1730235935,1730235935,05:05:35 PM,05:05:35 PM,0
2110315,,RICHCANT,0,1730235983,1730235983,05:06:23 PM,05:06:23 PM,0
2110315,,RICHSUNN,0,1730236066,1730236066,05:07:46 PM,05:07:46 PM,0
2110315,,MASOSTO4,0,1730236200,1730236200,05:10:00 PM,05:10:00 PM,0
2110369,,MASOSTO4,0,1730236200,1730236200,05:10:00 PM,05:10:00 PM,0
2110369,,RICHJACK,0,1730236278,1730236278,05:11:18 PM,05:11:18 PM,0
2110369,,RICHSHAV,0,1730236322,1730236322,05:12:02 PM,05:12:02 PM,0
2110369,,RICHWES2,0,1730236373,1730236373,05:12:53 PM,05:12:53 PM,0
2110369,,RICHWES4,0,1730236399,1730236399,05:13:19 PM,05:13:19 PM,0
2110369,,RICHWYND,0,1730236438,1730236438,05:13:58 PM,05:13:58 PM,0
2110369,,WINDRIC2,0,1730236520,1730236520,05:15:20 PM,05:15:20 PM,0
2110369,,PERTWIN2,0,1730236570,1730236570,05:16:10 PM,05:16:10 PM,0
2110369,,UNIVHOS2,0,1730236628,1730236628,05:17:08 PM,05:17:08 PM,0
2110369,,MIDDPERT,0,1730236781,1730236781,05:19:41 PM,05:19:41 PM,0
2110369,,NATSCI,0,1730236860,1730236860,05:21:00 PM,05:21:00 PM,0
2110369,,NATSCI,0,1730236860,1730236860,05:21:00 PM,05:21:00 PM,0
2110369,,WESTELG2,0,1730237254,1730237254,05:27:34 PM,05:27:34 PM,0
2110369,,WESTLAM2,0,1730237460,1730237460,05:31:00 PM,05:31:00 PM,0
2110369,,SARNWES2,0,1730237592,1730237592,05:33:12 PM,05:33:12 PM,0
2110369,,SARNBRES,0,1730237720,1730237720,05:35:20 PM,05:35:20 PM,0
2110369,,SARNSLEI,0,1730237847,1730237847,05:37:27 PM,05:37:27 PM,0
2110369,,SARNLEYT,0,1730237994,1730237994,05:39:54 PM,05:39:54 PM,0
2110369,,WONDSAR2,0,1730238180,1730238180,05:43:00 PM,05:43:00 PM,0
2110369,,WONDBEA2,0,1730238327,1730238327,05:45:27 PM,05:45:27 PM,0
2110369,,WONDFAR4,0,1730238396,1730238396,05:46:36 PM,05:46:36 PM,0
2110369,,WONDFAR2,0,1730238431,1730238431,05:47:11 PM,05:47:11 PM,0
2110369,,WONDOXF2,0,1730238480,1730238480,05:48:00 PM,05:48:00 PM,0
2110369,,WONDOXF4,0,1730238527,1730238527,05:48:47 PM,05:48:47 PM,0
2110369,,WONDKIW2,0,1730238582,1730238582,05:49:42 PM,05:49:42 PM,0
2110369,,WONDRIV2,0,1730238643,1730238643,05:50:43 PM,05:50:43 PM,0
2110369,,WONDSPRI,0,1730238895,1730238895,05:54:55 PM,05:54:55 PM,0
2110369,,WONDROSE,0,1730238963,1730238963,05:56:03 PM,05:56:03 PM,0
2110369,,WONDCOM2,0,1730239082,1730239082,05:58:02 PM,05:58:02 PM,0
2110369,,WONDVIL2,0,1730239125,1730239125,05:58:45 PM,05:58:45 PM,0
2110369,,WONDVIS4,0,1730239195,1730239195,05:59:55 PM,05:59:55 PM,0
2110369,,WESTMAL4,0,1730239260,1730239260,06:01:00 PM,06:01:00 PM,0
2110369,,VISCWON1,0,1730239327,1730239327,06:02:07 PM,06:02:07 PM,0
2110369,,VISCWON5,0,1730239365,1730239365,06:02:45 PM,06:02:45 PM,0
2110369,,WONDMMA4,0,1730239459,1730239459,06:04:19 PM,06:04:19 PM,0
2110369,,WONDMMA2,0,1730239516,1730239516,06:05:16 PM,06:05:16 PM,0
2110369,,WONDPVA2,0,1730239578,1730239578,06:06:18 PM,06:06:18 PM,0
2110369,,WONDPVA4,0,1730239623,1730239623,06:07:03 PM,06:07:03 PM,0
2110369,,SOUTWON1,0,1730239701,1730239701,06:08:21 PM,06:08:21 PM,0
2110369,,SOUTSING,0,1730239785,1730239785,06:09:45 PM,06:09:45 PM,0
2110369,,SOUTAND1,0,1730239860,1730239860,06:11:00 PM,06:11:00 PM,0
2110369,,SOUTSPRI,0,1730239901,1730239901,06:11:41 PM,06:11:41 PM,0
2110369,,SOUTNOD1,0,1730239945,1730239945,06:12:25 PM,06:12:25 PM,0
2110369,,SOUTNOD3,0,1730239976,1730239976,06:12:56 PM,06:12:56 PM,0
2110369,,SOUTWHA1,0,1730240049,1730240049,06:14:09 PM,06:14:09 PM,0
2110369,,SOUTWHA3,0,1730240077,1730240077,06:14:37 PM,06:14:37 PM,0
2110369,,SOUTWHOK,0,1730240144,1730240144,06:15:44 PM,06:15:44 PM,0
2110369,,SOUTJAL1,0,1730240255,1730240255,06:17:35 PM,06:17:35 PM,0
2110369,,SOUTDUL1,0,1730240288,1730240288,06:18:08 PM,06:18:08 PM,0
2110369,,SOUTNIX1,0,1730240329,1730240329,06:18:49 PM,06:18:49 PM,0
2110369,,SOUTVER1,0,1730240430,1730240430,06:20:30 PM,06:20:30 PM,0
2110369,,WELLHARL,,,,,,
2110369,,WELLMON4,,,,,,
2110369,,WELLMON2,,,,,,
2110369,,WELLBRA2,0,1730240652,1730240652,06:24:12 PM,06:24:12 PM,0
2110369,,WHITOMA3,0,1730240700,1730240700,06:25:00 PM,06:25:00 PM,0
2110369,,WHITOMA3,0,1730240700,1730240700,06:25:00 PM,06:25:00 PM,0
2110369,,BRADWEL3,0,1730240841,1730240841,06:27:21 PM,06:27:21 PM,0
2110369,,BRADWIL1,0,1730240888,1730240888,06:28:08 PM,06:28:08 PM,0
2110369,,BRADAGN1,0,1730240914,1730240914,06:28:34 PM,06:28:34 PM,0
2110369,,BRADADE1,0,1730240964,1730240964,06:29:24 PM,06:29:24 PM,0
2110369,,BRADADE3,0,1730241017,1730241017,06:30:17 PM,06:30:17 PM,0
2110369,,ADELOSG5,0,1730241057,1730241057,06:30:57 PM,06:30:57 PM,0
2110369,,ADELOSG7,0,1730241099,1730241099,06:31:39 PM,06:31:39 PM,0
2110369,,ADELOSG3,0,1730241174,1730241174,06:32:54 PM,06:32:54 PM,0
2110369,,SOUTADE1,0,1730241226,1730241226,06:33:46 PM,06:33:46 PM,0
2110369,,SOUTMIL5,0,1730241254,1730241254,06:34:14 PM,06:34:14 PM,0
2110369,,SOUTMIL3,0,1730241293,1730241293,06:34:53 PM,06:34:53 PM,0
2110369,,SOUTMIL1,0,1730241360,1730241360,06:36:00 PM,06:36:00 PM,0
2110369,,SOUTKOR1,0,1730241415,1730241415,06:36:55 PM,06:36:55 PM,0
2110369,,SOUTPOM1,0,1730241452,1730241452,06:37:32 PM,06:37:32 PM,0
2110369,,PONDPONV,0,1730241534,1730241534,06:38:54 PM,06:38:54 PM,0
2110369,,PONDMIR3,0,1730241572,1730241572,06:39:32 PM,06:39:32 PM,0
2110369,,PONDMIR1,0,1730241600,1730241600,06:40:00 PM,06:40:00 PM,0
2110369,,PONDDEV1,0,1730241650,1730241650,06:40:50 PM,06:40:50 PM,0
2110369,,PONDBAN1,0,1730241674,1730241674,06:41:14 PM,06:41:14 PM,0
2110369,,PONDOLDH,0,1730241740,1730241740,06:42:20 PM,06:42:20 PM,0
2110369,,COMMPOM3,0,1730241795,1730241795,06:43:15 PM,06:43:15 PM,0
2110369,,COMMDEV1,0,1730241840,1730241840,06:44:00 PM,06:44:00 PM,0
2110369,,COMMHIG1,0,1730241892,1730241892,06:44:52 PM,06:44:52 PM,0
2110369,,HIGBHAM1,0,1730242128,1730242128,06:48:48 PM,06:48:48 PM,0
2110369,,HIGBMAGE,0,1730242151,1730242151,06:49:11 PM,06:49:11 PM,0
2110369,,HIGBTRA1,0,1730242198,1730242198,06:49:58 PM,06:49:58 PM,0
2110369,,HIGBBRY1,0,1730242260,1730242260,06:51:00 PM,06:51:00 PM,0
2110369,,HIGBWIL1,0,1730242327,1730242327,06:52:07 PM,06:52:07 PM,0
2110369,,HIGBBEA1,0,1730242393,1730242393,06:53:13 PM,06:53:13 PM,0
2110369,,HIGBDUN1,0,1730242500,1730242500,06:55:00 PM,06:55:00 PM,0
2110369,,HIGBLPH1,,,,,,
2110369,,HIGBOXF1,,,,,,
2110369,,HIGBOXF3,,,,,,
2110369,,HIGBLAN1,0,1730242799,1730242799,06:59:59 PM,06:59:59 PM,0
2110369,,HIGBCHE1,0,1730242840,1730242840,07:00:40 PM,07:00:40 PM,0
2110369,,HIGBGOD1,0,1730242885,1730242885,07:01:25 PM,07:01:25 PM,0
2110369,,HIGBHURO,0,1730242939,1730242939,07:02:19 PM,07:02:19 PM,0
2110369,,HIGBHIC1,0,1730242988,1730242988,07:03:08 PM,07:03:08 PM,0
2110369,,HIGBFUL1,0,1730243022,1730243022,07:03:42 PM,07:03:42 PM,0
2110369,,FULLVES2,0,1730243099,1730243099,07:04:59 PM,07:04:59 PM,0
2110369,,FULLREGA,0,1730243142,1730243142,07:05:42 PM,07:05:42 PM,0
2110369,,MCNAMEL2,0,1730243192,1730243192,07:06:32 PM,07:06:32 PM,0
2110369,,MELSBRIA,0,1730243224,1730243224,07:07:04 PM,07:07:04 PM,0
2110369,,MELSSUSS,0,1730243278,1730243278,07:07:58 PM,07:07:58 PM,0
2110369,,BARKHURO,0,1730243340,1730243340,07:09:00 PM,07:09:00 PM,0
2110319,,BARKHURO,0,1730243400,1730243400,07:10:00 PM,07:10:00 PM,0
2110319,,HUROBRI3,0,1730243477,1730243477,07:11:17 PM,07:11:17 PM,0
2110319,,HUROBRI1,0,1730243501,1730243501,07:11:41 PM,07:11:41 PM,0
2110319,,HUROMCN1,0,1730243545,1730243545,07:12:25 PM,07:12:25 PM,0
2110319,,HUROVES1,0,1730243583,1730243583,07:13:03 PM,07:13:03 PM,0
2110319,,HUROHIG1,0,1730243640,1730243640,07:14:00 PM,07:14:00 PM,0
2110319,,HIGBGOD2,0,1730243745,1730243745,07:15:45 PM,07:15:45 PM,0
2110319,,HIGBCHE2,0,1730243804,1730243804,07:16:44 PM,07:16:44 PM,0
2110319,,HIGBLAN2,0,1730243831,1730243831,07:17:11 PM,07:17:11 PM,0
2110319,,HIGBOXF4,,,,,,
2110319,,HIGBOXF2,,,,,,
2110319,,HIGBLPH2,,,,,,
2110319,,HIGBDUN2,0,1730244060,1730244060,07:21:00 PM,07:21:00 PM,0
2110319,,HIGBBEA2,0,1730244122,1730244122,07:22:02 PM,07:22:02 PM,0
2110319,,HIGBWIL2,0,1730244178,1730244178,07:22:58 PM,07:22:58 PM,0
2110319,,HIGBBRY2,0,1730244240,1730244240,07:24:00 PM,07:24:00 PM,0
2110319,,HIGBTRA2,0,1730244306,1730244306,07:25:06 PM,07:25:06 PM,0
2110319,,HIGBCALV,0,1730244365,1730244365,07:26:05 PM,07:26:05 PM,0
2110319,,HIGBHAM2,0,1730244387,1730244387,07:26:27 PM,07:26:27 PM,0
2110319,,COMMDEV6,0,1730244693,1730244693,07:31:33 PM,07:31:33 PM,0
2110319,,COMMDEV2,0,1730244720,1730244720,07:32:00 PM,07:32:00 PM,0
2110319,,PONDDEV2,0,1730244782,1730244782,07:33:02 PM,07:33:02 PM,0
2110319,,PONDBAN2,0,1730244823,1730244823,07:33:43 PM,07:33:43 PM,0
2110319,,PONDDEV4,0,1730244855,1730244855,07:34:15 PM,07:34:15 PM,0
2110319,,PONDMIR4,0,1730244892,1730244892,07:34:52 PM,07:34:52 PM,0
2110319,,PONDMIR2,0,1730244926,1730244926,07:35:26 PM,07:35:26 PM,0
2110319,,PONDMILL,0,1730244944,1730244944,07:35:44 PM,07:35:44 PM,0
2110319,,SOUTPOM2,0,1730245005,1730245005,07:36:45 PM,07:36:45 PM,0
2110319,,SOUTKOR2,0,1730245043,1730245043,07:37:23 PM,07:37:23 PM,0
2110319,,SOUTMIL2,0,1730245080,1730245080,07:38:00 PM,07:38:00 PM,0
2110319,,SOUTMIL4,0,1730245140,1730245140,07:39:00 PM,07:39:00 PM,0
2110319,,SOUTMIL6,0,1730245175,1730245175,07:39:35 PM,07:39:35 PM,0
2110319,,ADELSDAL,0,1730245210,1730245210,07:40:10 PM,07:40:10 PM,0
2110319,,ADELOSG2,0,1730245243,1730245243,07:40:43 PM,07:40:43 PM,0
2110319,,ADELOSG6,0,1730245296,1730245296,07:41:36 PM,07:41:36 PM,0
2110319,,ADELOSG4,0,1730245326,1730245326,07:42:06 PM,07:42:06 PM,0
2110319,,BRADADE2,0,1730245357,1730245357,07:42:37 PM,07:42:37 PM,0
2110319,,BRADADE4,0,1730245400,1730245400,07:43:20 PM,07:43:20 PM,0
2110319,,BRADAGN2,0,1730245434,1730245434,07:43:54 PM,07:43:54 PM,0
2110319,,BRADWIL4,0,1730245461,1730245461,07:44:21 PM,07:44:21 PM,0
2110319,,BRADDEAR,0,1730245492,1730245492,07:44:52 PM,07:44:52 PM,0
2110319,,WELLBRA2,0,1730245521,1730245521,07:45:21 PM,07:45:21 PM,0
2110319,,WHITOMA3,0,1730245560,1730245560,07:46:00 PM,07:46:00 PM,0
2110319,,WHITOMA3,0,1730245860,1730245860,07:51:00 PM,07:51:00 PM,0
2110319,,WELLBRA1,,,,,,
2110319,,WELLMON1,,,,,,
2110319,,WELLSDA5,,,,,,
2110319,,SOUTMONT,,,,,,
2110319,,SOUTVER2,0,1730246201,1730246201,07:56:41 PM,07:56:41 PM,0
2110319,,SOUTEAS2,0,1730246231,1730246231,07:57:11 PM,07:57:11 PM,0
2110319,,SOUTNIX2,0,1730246302,1730246302,07:58:22 PM,07:58:22 PM,0
2110319,,SOUTDUL2,0,1730246345,1730246345,07:59:05 PM,07:59:05 PM,0
2110319,,SOUTDUN2,0,1730246400,1730246400,08:00:00 PM,08:00:00 PM,0
2110319,,SOUTHOME,0,1730246500,1730246500,08:01:40 PM,08:01:40 PM,0
2110319,,SOUTWHA4,0,1730246553,1730246553,08:02:33 PM,08:02:33 PM,0
2110319,,SOUTWHA2,0,1730246599,1730246599,08:03:19 PM,08:03:19 PM,0
2110319,,SOUTNOD2,0,1730246668,1730246668,08:04:28 PM,08:04:28 PM,0
2110319,,SOUTNOD4,0,1730246705,1730246705,08:05:05 PM,08:05:05 PM,0
2110319,,SOUTAND2,0,1730246785,1730246785,08:06:25 PM,08:06:25 PM,0
2110319,,SOUTWON2,0,1730246863,1730246863,08:07:43 PM,08:07:43 PM,0
2110319,,WONDSDA1,0,1730246908,1730246908,08:08:28 PM,08:08:28 PM,0
2110319,,WONDPVA1,0,1730246968,1730246968,08:09:28 PM,08:09:28 PM,0
2110319,,WONDMMA3,0,1730246994,1730246994,08:09:54 PM,08:09:54 PM,0
2110319,,WONDMMA1,0,1730247033,1730247033,08:10:33 PM,08:10:33 PM,0
2110319,,WESTMAL6,0,1730247180,1730247180,08:13:00 PM,08:13:00 PM,0
2110319,,WONDVIS3,0,1730247237,1730247237,08:13:57 PM,08:13:57 PM,0
2110319,,WONDVIL1,0,1730247270,1730247270,08:14:30 PM,08:14:30 PM,0
2110319,,WONDCOM1,0,1730247321,1730247321,08:15:21 PM,08:15:21 PM,0
2110319,,WONDCOM3,0,1730247366,1730247366,08:16:06 PM,08:16:06 PM,0
2110319,,WONDTEE1,0,1730247435,1730247435,08:17:15 PM,08:17:15 PM,0
2110319,,WONDSPR1,0,1730247540,1730247540,08:19:00 PM,08:19:00 PM,0
2110319,,WONDRIV1,0,1730247727,1730247727,08:22:07 PM,08:22:07 PM,0
2110319,,WONDKIW1,0,1730247758,1730247758,08:22:38 PM,08:22:38 PM,0
2110319,,WONDOXF3,0,1730247813,1730247813,08:23:33 PM,08:23:33 PM,0
2110319,,WONDOXF1,0,1730247840,1730247840,08:24:00 PM,08:24:00 PM,0
2110319,,WONDFAR1,0,1730247885,1730247885,08:24:45 PM,08:24:45 PM,0
2110319,,WONDFAR3,0,1730247925,1730247925,08:25:25 PM,08:25:25 PM,0
2110319,,WONDBEA1,0,1730247985,1730247985,08:26:25 PM,08:26:25 PM,0
2110319,,SARNCAS1,0,1730248140,1730248140,08:29:00 PM,08:29:00 PM,0
2110319,,SARNCAS1,0,1730248140,1730248140,08:29:00 PM,08:29:00 PM,0
2110319,,SARNRIPP,0,1730248219,1730248219,08:30:19 PM,08:30:19 PM,0
2110319,,SARNCAS3,0,1730248309,1730248309,08:31:49 PM,08:31:49 PM,0
2110319,,SARNCOOM,0,1730248388,1730248388,08:33:08 PM,08:33:08 PM,0
2110319,,SARNWES1,0,1730248440,1730248440,08:34:00 PM,08:34:00 PM,0
2110319,,WESTPHA3,0,1730248512,1730248512,08:35:12 PM,08:35:12 PM,0
2110319,,ALUMHAL1,0,1730248663,1730248663,08:37:43 PM,08:37:43 PM,0
2110319,,DELAHALL,0,1730248860,1730248860,08:41:00 PM,08:41:00 PM,0
2110319,,UNIVHOS1,0,1730248968,1730248968,08:42:48 PM,08:42:48 PM,0
2110319,,PERTWIN1,0,1730248993,1730248993,08:43:13 PM,08:43:13 PM,0
2110319,,RICHWIN1,0,1730249057,1730249057,08:44:17 PM,08:44:17 PM,0
2110319,,RICHWEC1,0,1730249093,1730249093,08:44:53 PM,08:44:53 PM,0
2110319,,RICHCANT,0,1730249127,1730249127,08:45:27 PM,08:45:27 PM,0
2110319,,RICHSUNN,0,1730249185,1730249185,08:46:25 PM,08:46:25 PM,0
2110319,,MASOSTO4,0,1730249280,1730249280,08:48:00 PM,08:48:00 PM,0
2110376,,MASOSTO4,0,1730249280,1730249280,08:48:00 PM,08:48:00 PM,0
2110376,,RICHJACK,0,1730249351,1730249351,08:49:11 PM,08:49:11 PM,0
2110376,,RICHSHAV,0,1730249391,1730249391,08:49:51 PM,08:49:51 PM,0
2110376,,RICHWES2,0,1730249437,1730249437,08:50:37 PM,08:50:37 PM,0
2110376,,RICHWES4,0,1730249460,1730249460,08:51:00 PM,08:51:00 PM,0
2110376,,RICHWYND,0,1730249495,1730249495,08:51:35 PM,08:51:35 PM,0
2110376,,WINDRIC2,0,1730249569,1730249569,08:52:49 PM,08:52:49 PM,0
2110376,,PERTWIN2,0,1730249614,1730249614,08:53:34 PM,08:53:34 PM,0
2110376,,UNIVHOS2,0,1730249666,1730249666,08:54:26 PM,08:54:26 PM,0
2110376,,MIDDPERT,0,1730249805,1730249805,08:56:45 PM,08:56:45 PM,0
2110376,,NATSCI,0,1730249880,1730249880,08:58:00 PM,08:58:00 PM,0
2110376,,NATSCI,0,1730249880,1730249880,08:58:00 PM,08:58:00 PM,0
2110376,,WESTELG2,0,1730250037,1730250037,09:00:37 PM,09:00:37 PM,0
2110376,,WESTLAM2,0,1730250120,1730250120,09:02:00 PM,09:02:00 PM,0
2110376,,SARNWES2,0,1730250219,1730250219,09:03:39 PM,09:03:39 PM,0
2110376,,SARNBRES,0,1730250315,1730250315,09:05:15 PM,09:05:15 PM,0
2110376,,SARNSLEI,0,1730250410,1730250410,09:06:50 PM,09:06:50 PM,0
2110376,,SARNLEYT,0,1730250520,1730250520,09:08:40 PM,09:08:40 PM,0
2110376,,WONDSAR2,0,1730250660,1730250660,09:11:00 PM,09:11:00 PM,0
2110376,,WONDBEA2,0,1730250778,1730250778,09:12:58 PM,09:12:58 PM,0
2110376,,WONDFAR4,0,1730250833,1730250833,09:13:53 PM,09:13:53 PM,0
2110376,,WONDFAR2,0,1730250861,1730250861,09:14:21 PM,09:14:21 PM,0
2110376,,WONDOXF2,0,1730250900,1730250900,09:15:00 PM,09:15:00 PM,0
2110376,,WONDOXF4,0,1730250932,1730250932,09:15:32 PM,09:15:32 PM,0
2110376,,WONDKIW2,0,1730250970,1730250970,09:16:10 PM,09:16:10 PM,0
2110376,,WONDRIV2,0,1730251012,1730251012,09:16:52 PM,09:16:52 PM,0
2110376,,WONDSPRI,0,1730251186,1730251186,09:19:46 PM,09:19:46 PM,0
2110376,,WONDROSE,0,1730251233,1730251233,09:20:33 PM,09:20:33 PM,0
2110376,,WONDCOM2,0,1730251315,1730251315,09:21:55 PM,09:21:55 PM,0
2110376,,WONDVIL2,0,1730251345,1730251345,09:22:25 PM,09:22:25 PM,0
2110376,,WONDVIS4,0,1730251393,1730251393,09:23:13 PM,09:23:13 PM,0
2110376,,WESTMAL4,0,1730251440,1730251440,09:24:00 PM,09:24:00 PM,0
2110376,,VISCWON1,0,1730251493,1730251493,09:24:53 PM,09:24:53 PM,0
2110376,,VISCWON5,0,1730251523,1730251523,09:25:23 PM,09:25:23 PM,0
2110376,,WONDMMA4,0,1730251598,1730251598,09:26:38 PM,09:26:38 PM,0
2110376,,WONDMMA2,0,1730251643,1730251643,09:27:23 PM,09:27:23 PM,0
2110376,,WONDPVA2,0,1730251692,1730251692,09:28:12 PM,09:28:12 PM,0
2110376,,WONDPVA4,0,1730251728,1730251728,09:28:48 PM,09:28:48 PM,0
2110376,,SOUTWON1,0,1730251790,1730251790,09:29:50 PM,09:29:50 PM,0
2110376,,SOUTSING,0,1730251857,1730251857,09:30:57 PM,09:30:57 PM,0
2110376,,SOUTAND1,0,1730251920,1730251920,09:32:00 PM,09:32:00 PM,0
2110376,,SOUTSPRI,0,1730251955,1730251955,09:32:35 PM,09:32:35 PM,0
2110376,,SOUTNOD1,0,1730251992,1730251992,09:33:12 PM,09:33:12 PM,0
2110376,,SOUTNOD3,0,1730252019,1730252019,09:33:39 PM,09:33:39 PM,0
2110376,,SOUTWHA1,0,1730252082,1730252082,09:34:42 PM,09:34:42 PM,0
2110376,,SOUTWHA3,0,1730252106,1730252106,09:35:06 PM,09:35:06 PM,0
2110376,,SOUTWHOK,0,1730252163,1730252163,09:36:03 PM,09:36:03 PM,0
2110376,,SOUTJAL1,0,1730252258,1730252258,09:37:38 PM,09:37:38 PM,0
2110376,,SOUTDUL1,0,1730252287,1730252287,09:38:07 PM,09:38:07 PM,0
2110376,,SOUTNIX1,0,1730252322,1730252322,09:38:42 PM,09:38:42 PM,0
2110376,,SOUTVER1,0,1730252408,1730252408,09:40:08 PM,09:40:08 PM,0
2110376,,WELLHARL,,,,,,
2110376,,WELLMON4,,,,,,
2110376,,WELLMON2,,,,,,
2110376,,WELLBRA2,0,1730252599,1730252599,09:43:19 PM,09:43:19 PM,0
2110376,,WHITOMA3,0,1730252640,1730252640,09:44:00 PM,09:44:00 PM,0
2110376,,WHITOMA3,0,1730253240,1730253240,09:54:00 PM,09:54:00 PM,0
2110376,,BRADWEL3,0,1730253381,1730253381,09:56:21 PM,09:56:21 PM,0
2110376,,BRADWIL1,0,1730253428,1730253428,09:57:08 PM,09:57:08 PM,0
2110376,,BRADAGN1,0,1730253454,1730253454,09:57:34 PM,09:57:34 PM,0
2110376,,BRADADE1,0,1730253504,1730253504,09:58:24 PM,09:58:24 PM,0
2110376,,BRADADE3,0,1730253557,1730253557,09:59:17 PM,09:59:17 PM,0
2110376,,ADELOSG5,0,1730253597,1730253597,09:59:57 PM,09:59:57 PM,0
2110376,,ADELOSG7,0,1730253639,1730253639,10:00:39 PM,10:00:39 PM,0
2110376,,ADELOSG3,0,1730253714,1730253714,10:01:54 PM,10:01:54 PM,0
2110376,,SOUTADE1,0,1730253766,1730253766,10:02:46 PM,10:02:46 PM,0
2110376,,SOUTMIL5,0,1730253794,1730253794,10:03:14 PM,10:03:14 PM,0
2110376,,SOUTMIL3,0,1730253833,1730253833,10:03:53 PM,10:03:53 PM,0
2110376,,SOUTMIL1,0,1730253900,1730253900,10:05:00 PM,10:05:00 PM,0
2110376,,SOUTKOR1,0,1730253948,1730253948,10:05:48 PM,10:05:48 PM,0
2110376,,SOUTPOM1,0,1730253981,1730253981,10:06:21 PM,10:06:21 PM,0
2110376,,PONDPONV,0,1730254053,1730254053,10:07:33 PM,10:07:33 PM,0
2110376,,PONDMIR3,0,1730254086,1730254086,10:08:06 PM,10:08:06 PM,0
2110376,,PONDMIR1,0,1730254111,1730254111,10:08:31 PM,10:08:31 PM,0
2110376,,PONDDEV1,0,1730254155,1730254155,10:09:15 PM,10:09:15 PM,0
2110376,,PONDBAN1,0,1730254176,1730254176,10:09:36 PM,10:09:36 PM,0
2110376,,PONDOLDH,0,1730254234,1730254234,10:10:34 PM,10:10:34 PM,0
2110376,,COMMPOM3,0,1730254282,1730254282,10:11:22 PM,10:11:22 PM,0
2110376,,COMMDEV1,0,1730254320,1730254320,10:12:00 PM,10:12:00 PM,0
2110376,,COMMHIG1,0,1730254364,1730254364,10:12:44 PM,10:12:44 PM,0
2110376,,HIGBHAM1,0,1730254566,1730254566,10:16:06 PM,10:16:06 PM,0
2110376,,HIGBMAGE,0,1730254585,1730254585,10:16:25 PM,10:16:25 PM,0
2110376,,HIGBTRA1,0,1730254626,1730254626,10:17:06 PM,10:17:06 PM,0
2110376,,HIGBBRY1,0,1730254680,1730254680,10:18:00 PM,10:18:00 PM,0
2110376,,HIGBWIL1,0,1730254747,1730254747,10:19:07 PM,10:19:07 PM,0
2110376,,HIGBBEA1,0,1730254813,1730254813,10:20:13 PM,10:20:13 PM,0
2110376,,HIGBDUN1,0,1730254920,1730254920,10:22:00 PM,10:22:00 PM,0
2110376,,HIGBLPH1,,,,,,
2110376,,HIGBOXF1,,,,,,
2110376,,HIGBOXF3,,,,,,
2110376,,HIGBLAN1,0,1730255176,1730255176,10:26:16 PM,10:26:16 PM,0
2110376,,HIGBCHE1,0,1730255211,1730255211,10:26:51 PM,10:26:51 PM,0
2110376,,HIGBGOD1,0,1730255249,1730255249,10:27:29 PM,10:27:29 PM,0
2110376,,HIGBHURO,0,1730255295,1730255295,10:28:15 PM,10:28:15 PM,0
2110376,,HIGBHIC1,0,1730255337,1730255337,10:28:57 PM,10:28:57 PM,0
2110376,,HIGBFUL1,0,1730255366,1730255366,10:29:26 PM,10:29:26 PM,0
2110376,,FULLVES2,0,1730255432,1730255432,10:30:32 PM,10:30:32 PM,0
2110376,,FULLREGA,0,1730255469,1730255469,10:31:09 PM,10:31:09 PM,0
2110376,,MCNAMEL2,0,1730255511,1730255511,10:31:51 PM,10:31:51 PM,0
2110376,,MELSBRIA,0,1730255538,1730255538,10:32:18 PM,10:32:18 PM,0
2110376,,MELSSUSS,0,1730255585,1730255585,10:33:05 PM,10:33:05 PM,0
2110376,,BARKHURO,0,1730255640,1730255640,10:34:00 PM,10:34:00 PM,0
2110325,,BARKHURO,0,1730255640,1730255640,10:34:00 PM,10:34:00 PM,0
2110325,,HUROBRI3,0,1730255720,1730255720,10:35:20 PM,10:35:20 PM,0
2110325,,HUROBRI1,0,1730255744,1730255744,10:35:44 PM,10:35:44 PM,0
2110325,,HUROMCN1,0,1730255787,1730255787,10:36:27 PM,10:36:27 PM,0
2110325,,HUROVES1,0,1730255824,1730255824,10:37:04 PM,10:37:04 PM,0
2110325,,HUROHIG1,0,1730255880,1730255880,10:38:00 PM,10:38:00 PM,0
2110325,,HIGBGOD2,0,1730255964,1730255964,10:39:24 PM,10:39:24 PM,0
2110325,,HIGBCHE2,0,1730256011,1730256011,10:40:11 PM,10:40:11 PM,0
2110325,,HIGBLAN2,0,1730256032,1730256032,10:40:32 PM,10:40:32 PM,0
2110325,,HIGBOXF4,,,,,,
2110325,,HIGBOXF2,,,,,,
2110325,,HIGBLPH2,,,,,,
2110325,,HIGBDUN2,0,1730256240,1730256240,10:44:00 PM,10:44:00 PM,0
2110325,,HIGBBEA2,0,1730256281,1730256281,10:44:41 PM,10:44:41 PM,0
2110325,,HIGBWIL2,0,1730256318,1730256318,10:45:18 PM,10:45:18 PM,0
2110325,,HIGBBRY2,0,1730256360,1730256360,10:46:00 PM,10:46:00 PM,0
2110325,,HIGBTRA2,0,1730256417,1730256417,10:46:57 PM,10:46:57 PM,0
2110325,,HIGBCALV,0,1730256468,1730256468,10:47:48 PM,10:47:48 PM,0
2110325,,HIGBHAM2,0,1730256488,1730256488,10:48:08 PM,10:48:08 PM,0
2110325,,COMMDEV6,0,1730256755,1730256755,10:52:35 PM,10:52:35 PM,0
2110325,,COMMDEV2,0,1730256780,1730256780,10:53:00 PM,10:53:00 PM,0
2110325,,PONDDEV2,0,1730256832,1730256832,10:53:52 PM,10:53:52 PM,0
2110325,,PONDBAN2,0,1730256866,1730256866,10:54:26 PM,10:54:26 PM,0
2110325,,PONDDEV4,0,1730256893,1730256893,10:54:53 PM,10:54:53 PM,0
2110325,,PONDMIR4,0,1730256924,1730256924,10:55:24 PM,10:55:24 PM,0
2110325,,PONDMIR2,0,1730256953,1730256953,10:55:53 PM,10:55:53 PM,0
2110325,,PONDMILL,0,1730256968,1730256968,10:56:08 PM,10:56:08 PM,0
2110325,,SOUTPOM2,0,1730257019,1730257019,10:56:59 PM,10:56:59 PM,0
2110325,,SOUTKOR2,0,1730257051,1730257051,10:57:31 PM,10:57:31 PM,0
2110325,,SOUTMIL2,0,1730257080,1730257080,10:58:00 PM,10:58:00 PM,0
2110325,,SOUTMIL4,0,1730257132,1730257132,10:58:52 PM,10:58:52 PM,0
2110325,,SOUTMIL6,0,1730257163,1730257163,10:59:23 PM,10:59:23 PM,0
2110325,,ADELSDAL,0,1730257194,1730257194,10:59:54 PM,10:59:54 PM,0
2110325,,ADELOSG2,0,1730257222,1730257222,11:00:22 PM,11:00:22 PM,0
2110325,,ADELOSG6,0,1730257268,1730257268,11:01:08 PM,11:01:08 PM,0
2110325,,ADELOSG4,0,1730257294,1730257294,11:01:34 PM,11:01:34 PM,0
2110325,,BRADADE2,0,1730257321,1730257321,11:02:01 PM,11:02:01 PM,0
2110325,,BRADADE4,0,1730257359,1730257359,11:02:39 PM,11:02:39 PM,0
2110325,,BRADAGN2,0,1730257389,1730257389,11:03:09 PM,11:03:09 PM,0
2110325,,BRADWIL4,0,1730257413,1730257413,11:03:33 PM,11:03:33 PM,0
2110325,,BRADDEAR,0,1730257440,1730257440,11:04:00 PM,11:04:00 PM,0
2110325,,WELLBRA2,0,1730257466,1730257466,11:04:26 PM,11:04:26 PM,0
2110325,,WHITOMA3,0,1730257500,1730257500,11:05:00 PM,11:05:00 PM,0
2110325,,WHITOMA3,0,1730257800,1730257800,11:10:00 PM,11:10:00 PM,0
2110325,,WELLBRA1,,,,,,
2110325,,WELLMON1,,,,,,
2110325,,WELLSDA5,,,,,,
2110325,,SOUTMONT,,,,,,
2110325,,SOUTVER2,0,1730258103,1730258103,11:15:03 PM,11:15:03 PM,0
2110325,,SOUTEAS2,0,1730258130,1730258130,11:15:30 PM,11:15:30 PM,0
2110325,,SOUTNIX2,0,1730258193,1730258193,11:16:33 PM,11:16:33 PM,0
2110325,,SOUTDUL2,0,1730258231,1730258231,11:17:11 PM,11:17:11 PM,0
2110325,,SOUTDUN2,0,1730258280,1730258280,11:18:00 PM,11:18:00 PM,0
2110325,,SOUTHOME,0,1730258364,1730258364,11:19:24 PM,11:19:24 PM,0
2110325,,SOUTWHA4,0,1730258409,1730258409,11:20:09 PM,11:20:09 PM,0
2110325,,SOUTWHA2,0,1730258448,1730258448,11:20:48 PM,11:20:48 PM,0
2110325,,SOUTNOD2,0,1730258506,1730258506,11:21:46 PM,11:21:46 PM,0
2110325,,SOUTNOD4,0,1730258538,1730258538,11:22:18 PM,11:22:18 PM,0
2110325,,SOUTAND2,0,1730258606,1730258606,11:23:26 PM,11:23:26 PM,0
2110325,,SOUTWON2,0,1730258672,1730258672,11:24:32 PM,11:24:32 PM,0
2110325,,WONDSDA1,0,1730258710,1730258710,11:25:10 PM,11:25:10 PM,0
2110325,,WONDPVA1,0,1730258760,1730258760,11:26:00 PM,11:26:00 PM,0
2110325,,WONDMMA3,0,1730258782,1730258782,11:26:22 PM,11:26:22 PM,0
2110325,,WONDMMA1,0,1730258815,1730258815,11:26:55 PM,11:26:55 PM,0
2110325,,WESTMAL6,0,1730258940,1730258940,11:29:00 PM,11:29:00 PM,0
2110325,,WONDVIS3,0,1730258988,1730258988,11:29:48 PM,11:29:48 PM,0
2110325,,WONDVIL1,0,1730259016,1730259016,11:30:16 PM,11:30:16 PM,0
2110325,,WONDCOM1,0,1730259058,1730259058,11:30:58 PM,11:30:58 PM,0
2110325,,WONDCOM3,0,1730259095,1730259095,11:31:35 PM,11:31:35 PM,0
2110325,,WONDTEE1,0,1730259152,1730259152,11:32:32 PM,11:32:32 PM,0
2110325,,WONDSPR1,0,1730259240,1730259240,11:34:00 PM,11:34:00 PM,0
2110325,,WONDRIV1,0,1730259390,1730259390,11:36:30 PM,11:36:30 PM,0
2110325,,WONDKIW1,0,1730259415,1730259415,11:36:55 PM,11:36:55 PM,0
2110325,,WONDOXF3,0,1730259459,1730259459,11:37:39 PM,11:37:39 PM,0
2110325,,WONDOXF1,0,1730259480,1730259480,11:38:00 PM,11:38:00 PM,0
2110325,,WONDFAR1,0,1730259516,1730259516,11:38:36 PM,11:38:36 PM,0
2110325,,WONDFAR3,0,1730259548,1730259548,11:39:08 PM,11:39:08 PM,0
2110325,,WONDBEA1,0,1730259596,1730259596,11:39:56 PM,11:39:56 PM,0
2110325,,SARNCAS1,0,1730259720,1730259720,11:42:00 PM,11:42:00 PM,0
2110325,,SARNCAS1,0,1730259720,1730259720,11:42:00 PM,11:42:00 PM,0
2110325,,SARNRIPP,0,1730259767,1730259767,11:42:47 PM,11:42:47 PM,0
2110325,,SARNCAS3,0,1730259821,1730259821,11:43:41 PM,11:43:41 PM,0
2110325,,SARNCOOM,0,1730259868,1730259868,11:44:28 PM,11:44:28 PM,0
2110325,,SARNWES1,0,1730259900,1730259900,11:45:00 PM,11:45:00 PM,0
2110325,,WESTPHA3,0,1730259957,1730259957,11:45:57 PM,11:45:57 PM,0
2110325,,ALUMHAL1,0,1730260075,1730260075,11:47:55 PM,11:47:55 PM,0
2110325,,MIDDPERT,0,1730260220,1730260220,11:50:20 PM,11:50:20 PM,0
2110325,,NATSCI,0,1730260320,1730260320,11:52:00 PM,11:52:00 PM,0
2110382,,NATSCI,0,1730260560,1730260560,11:56:00 PM,11:56:00 PM,0
2110382,,WESTELG2,0,1730260678,1730260678,11:57:58 PM,11:57:58 PM,0
2110382,,WESTLAM2,0,1730260740,1730260740,11:59:00 PM,11:59:00 PM,0
2110382,,SARNWES2,0,1730260817,1730260817,12:00:17 AM,12:00:17 AM,0
2110382,,SARNBRES,0,1730260892,1730260892,12:01:32 AM,12:01:32 AM,0
2110382,,SARNSLEI,0,1730260966,1730260966,12:02:46 AM,12:02:46 AM,0
2110382,,SARNLEYT,0,1730261052,1730261052,12:04:12 AM,12:04:12 AM,0
2110382,,WONDSAR2,0,1730261160,1730261160,12:06:00 AM,12:06:00 AM,0
2110382,,WONDBEA2,0,1730261248,1730261248,12:07:28 AM,12:07:28 AM,0
2110382,,WONDFAR4,0,1730261289,1730261289,12:08:09 AM,12:08:09 AM,0
2110382,,WONDFAR2,0,1730261310,1730261310,12:08:30 AM,12:08:30 AM,0
2110382,,WONDOXF2,0,1730261340,1730261340,12:09:00 AM,12:09:00 AM,0
2110382,,WONDOXF4,0,1730261372,1730261372,12:09:32 AM,12:09:32 AM,0
2110382,,WONDKIW2,0,1730261410,1730261410,12:10:10 AM,12:10:10 AM,0
2110382,,WONDRIV2,0,1730261452,1730261452,12:10:52 AM,12:10:52 AM,0
2110382,,WONDSPRI,0,1730261626,1730261626,12:13:46 AM,12:13:46 AM,0
2110382,,WONDROSE,0,1730261673,1730261673,12:14:33 AM,12:14:33 AM,0
2110382,,WONDCOM2,0,1730261755,1730261755,12:15:55 AM,12:15:55 AM,0
2110382,,WONDVIL2,0,1730261785,1730261785,12:16:25 AM,12:16:25 AM,0
2110382,,WONDVIS4,0,1730261833,1730261833,12:17:13 AM,12:17:13 AM,0
2110382,,WESTMAL4,0,1730261880,1730261880,12:18:00 AM,12:18:00 AM,0
2110382,,VISCWON1,0,1730261927,1730261927,12:18:47 AM,12:18:47 AM,0
2110382,,VISCWON5,0,1730261954,1730261954,12:19:14 AM,12:19:14 AM,0
2110382,,WONDMMA4,0,1730262020,1730262020,12:20:20 AM,12:20:20 AM,0
2110382,,WONDMMA2,0,1730262059,1730262059,12:20:59 AM,12:20:59 AM,0
2110382,,WONDPVA2,0,1730262102,1730262102,12:21:42 AM,12:21:42 AM,0
2110382,,WONDPVA4,0,1730262134,1730262134,12:22:14 AM,12:22:14 AM,0
2110382,,SOUTWON1,0,1730262189,1730262189,12:23:09 AM,12:23:09 AM,0
2110382,,SOUTSING,0,1730262247,1730262247,12:24:07 AM,12:24:07 AM,0
2110382,,SOUTAND1,0,1730262300,1730262300,12:25:00 AM,12:25:00 AM,0
2110382,,SOUTSPRI,0,1730262329,1730262329,12:25:29 AM,12:25:29 AM,0
2110382,,SOUTNOD1,0,1730262360,1730262360,12:26:00 AM,12:26:00 AM,0
2110382,,SOUTNOD3,0,1730262382,1730262382,12:26:22 AM,12:26:22 AM,0
2110382,,SOUTWHA1,0,1730262434,1730262434,12:27:14 AM,12:27:14 AM,0
2110382,,SOUTWHA3,0,1730262454,1730262454,12:27:34 AM,12:27:34 AM,0
2110382,,SOUTWHOK,0,1730262502,1730262502,12:28:22 AM,12:28:22 AM,0
2110382,,SOUTJAL1,0,1730262581,1730262581,12:29:41 AM,12:29:41 AM,0
2110382,,SOUTDUL1,0,1730262605,1730262605,12:30:05 AM,12:30:05 AM,0
2110382,,SOUTNIX1,0,1730262634,1730262634,12:30:34 AM,12:30:34 AM,0
2110382,,SOUTVER1,0,1730262706,1730262706,12:31:46 AM,12:31:46 AM,0
2110382,,WELLHARL,,,,,,
2110382,,WELLMON4,,,,,,
2110382,,WELLMON2,,,,,,
2110382,,WELLBRA2,0,1730262864,1730262864,12:34:24 AM,12:34:24 AM,0
2110382,,WHITOMA3,0,1730262900,1730262900,12:35:00 AM,12:35:00 AM,0
2110382,,WHITOMA3,0,1730262900,1730262900,12:35:00 AM,12:35:00 AM,0
2110382,,BRADWEL3,0,1730263015,1730263015,12:36:55 AM,12:36:55 AM,0
2110382,,BRADWIL1,0,1730263054,1730263054,12:37:34 AM,12:37:34 AM,0
2110382,,BRADAGN1,0,1730263075,1730263075,12:37:55 AM,12:37:55 AM,0
2110382,,BRADADE1,0,1730263116,1730263116,12:38:36 AM,12:38:36 AM,0
2110382,,BRADADE3,0,1730263159,1730263159,12:39:19 AM,12:39:19 AM,0
2110382,,ADELOSG5,0,1730263191,1730263191,12:39:51 AM,12:39:51 AM,0
2110382,,ADELOSG7,0,1730263226,1730263226,12:40:26 AM,12:40:26 AM,0
2110382,,ADELOSG3,0,1730263288,1730263288,12:41:28 AM,12:41:28 AM,0
2110382,,SOUTADE1,0,1730263331,1730263331,12:42:11 AM,12:42:11 AM,0
2110382,,SOUTMIL5,0,1730263353,1730263353,12:42:33 AM,12:42:33 AM,0
2110382,,SOUTMIL3,0,1730263385,1730263385,12:43:05 AM,12:43:05 AM,0
2110382,,SOUTMIL1,0,1730263440,1730263440,12:44:00 AM,12:44:00 AM,0
2110382,,SOUTKOR1,0,1730263481,1730263481,12:44:41 AM,12:44:41 AM,0
2110382,,SOUTPOM1,0,1730263509,1730263509,12:45:09 AM,12:45:09 AM,0
2110382,,PONDPONV,0,1730263571,1730263571,12:46:11 AM,12:46:11 AM,0
2110382,,PONDMIR3,0,1730263599,1730263599,12:46:39 AM,12:46:39 AM,0
2110382,,PONDMIR1,0,1730263620,1730263620,12:47:00 AM,12:47:00 AM,0
2110382,,PONDDEV1,0,1730263658,1730263658,12:47:38 AM,12:47:38 AM,0
2110382,,PONDBAN1,0,1730263676,1730263676,12:47:56 AM,12:47:56 AM,0
2110382,,PONDOLDH,0,1730263726,1730263726,12:48:46 AM,12:48:46 AM,0
2110382,,COMMPOM3,0,1730263767,1730263767,12:49:27 AM,12:49:27 AM,0
2110382,,COMMDEV1,0,1730263800,1730263800,12:50:00 AM,12:50:00 AM,0
2110382,,COMMHIG1,0,1730263844,1730263844,12:50:44 AM,12:50:44 AM,0
2110382,,HIGBHAM1,0,1730264046,1730264046,12:54:06 AM,12:54:06 AM,0
2110382,,HIGBMAGE,0,1730264065,1730264065,12:54:25 AM,12:54:25 AM,0
2110382,,HIGBTRA1,0,1730264106,1730264106,12:55:06 AM,12:55:06 AM,0
2110382,,HIGBBRY1,0,1730264160,1730264160,12:56:00 AM,12:56:00 AM,0
2110382,,HIGBWIL1,0,1730264193,1730264193,12:56:33 AM,12:56:33 AM,0
2110382,,HIGBBEA1,0,1730264226,1730264226,12:57:06 AM,12:57:06 AM,0
2110382,,HIGBDUN1,0,1730264280,1730264280,12:58:00 AM,12:58:00 AM,0
2110382,,HIGBLPH1,,,,,,
2110382,,HIGBOXF1,,,,,,
2110382,,HIGBOXF3,,,,,,
2110382,,HIGBLAN1,0,1730264514,1730264514,01:01:54 AM,01:01:54 AM,0
2110382,,HIGBCHE1,0,1730264546,1730264546,01:02:26 AM,01:02:26 AM,0
2110382,,HIGBGOD1,0,1730264581,1730264581,01:03:01 AM,01:03:01 AM,0
2110382,,HIGBHURO,0,1730264623,1730264623,01:03:43 AM,01:03:43 AM,0
2110382,,HIGBHIC1,0,1730264662,1730264662,01:04:22 AM,01:04:22 AM,0
2110382,,HIGBFUL1,0,1730264688,1730264688,01:04:48 AM,01:04:48 AM,0
2110382,,FULLVES2,0,1730264749,1730264749,01:05:49 AM,01:05:49 AM,0
2110382,,FULLREGA,0,1730264783,1730264783,01:06:23 AM,01:06:23 AM,0
2110382,,MCNAMEL2,0,1730264822,1730264822,01:07:02 AM,01:07:02 AM,0
2110382,,MELSBRIA,0,1730264847,1730264847,01:07:27 AM,01:07:27 AM,0
2110382,,MELSSUSS,0,1730264890,1730264890,01:08:10 AM,01:08:10 AM,0
2110382,,BARKHURO,0,1730264940,1730264940,01:09:00 AM,01:09:00 AM,0
2110330,,BARKHURO,0,1730264940,1730264940,01:09:00 AM,01:09:00 AM,0
2110330,,HUROBRI3,0,1730265045,1730265045,01:10:45 AM,01:10:45 AM,0
2110330,,HUROBRI1,0,1730265083,1730265083,01:11:23 AM,01:11:23 AM,0
2110330,,HUROMCN1,0,1730265152,1730265152,01:12:32 AM,01:12:32 AM,0
2110330,,HUROVES1,0,1730265211,1730265211,01:13:31 AM,01:13:31 AM,0
2110330,,HUROHIG1,0,1730265300,1730265300,01:15:00 AM,01:15:00 AM,0
2110330,,HIGBGOD2,0,1730265384,1730265384,01:16:24 AM,01:16:24 AM,0
2110330,,HIGBCHE2,0,1730265431,1730265431,01:17:11 AM,01:17:11 AM,0
2110330,,HIGBLAN2,0,1730265452,1730265452,01:17:32 AM,01:17:32 AM,0
2110330,,HIGBOXF4,,,,,,
2110330,,HIGBOXF2,,,,,,
2110330,,HIGBLPH2,,,,,,
2110330,,HIGBDUN2,0,1730265720,1730265720,01:22:00 AM,01:22:00 AM,0
2110330,,HIGBBEA2,0,1730265782,1730265782,01:23:02 AM,01:23:02 AM,0
2110330,,HIGBWIL2,0,1730265838,1730265838,01:23:58 AM,01:23:58 AM,0
2110330,,HIGBBRY2,0,1730265900,1730265900,01:25:00 AM,01:25:00 AM,0
2110310,,BARKHURO,0,1730230920,1730230920,03:42:00 PM,03:42:00 PM,0
2110310,,HUROBRI3,0,1730231016,1730231016,03:43:36 PM,03:43:36 PM,0
2110310,,HUROBRI1,0,1730231046,1730231046,03:44:06 PM,03:44:06 PM,0
2110310,,HUROMCN1,0,1730231101,1730231101,03:45:01 PM,03:45:01 PM,0
2110310,,HUROVES1,0,1730231148,1730231148,03:45:48 PM,03:45:48 PM,0
2110310,,HUROHIG1,0,1730231220,1730231220,03:47:00 PM,03:47:00 PM,0
2110310,,HIGBGOD2,0,1730231346,1730231346,03:49:06 PM,03:49:06 PM,0
2110310,,HIGBCHE2,0,1730231417,1730231417,03:50:17 PM,03:50:17 PM,0
2110310,,HIGBLAN2,0,1730231449,1730231449,03:50:49 PM,03:50:49 PM,0
2110310,,HIGBOXF4,,,,,,
2110310,,HIGBOXF2,,,,,,
2110310,,HIGBLPH2,,,,,,
2110310,,HIGBDUN2,0,1730231760,1730231760,03:56:00 PM,03:56:00 PM,0
2110310,,HIGBBEA2,0,1730231842,1730231842,03:57:22 PM,03:57:22 PM,0
2110310,,HIGBWIL2,0,1730231917,1730231917,03:58:37 PM,03:58:37 PM,0
2110310,,HIGBBRY2,0,1730232000,1730232000,04:00:00 PM,04:00:00 PM,0
2110310,,HIGBTRA2,0,1730232082,1730232082,04:01:22 PM,04:01:22 PM,0
2110310,,HIGBCALV,0,1730232155,1730232155,04:02:35 PM,04:02:35 PM,0
2110310,,HIGBHAM2,0,1730232183,1730232183,04:03:03 PM,04:03:03 PM,0
2110310,,COMMDEV6,0,1730232565,1730232565,04:09:25 PM,04:09:25 PM,0
2110310,,COMMDEV2,0,1730232600,1730232600,04:10:00 PM,04:10:00 PM,0
2110310,,PONDDEV2,0,1730232683,1730232683,04:11:23 PM,04:11:23 PM,0
2110310,,PONDBAN2,0,1730232738,1730232738,04:12:18 PM,04:12:18 PM,0
2110310,,PONDDEV4,0,1730232781,1730232781,04:13:01 PM,04:13:01 PM,0
2110310,,PONDMIR4,0,1730232831,1730232831,04:13:51 PM,04:13:51 PM,0
2110310,,PONDMIR2,0,1730232877,1730232877,04:14:37 PM,04:14:37 PM,0
2110310,,PONDMILL,0,1730232901,1730232901,04:15:01 PM,04:15:01 PM,0
2110310,,SOUTPOM2,0,1730232982,1730232982,04:16:22 PM,04:16:22 PM,0
2110310,,SOUTKOR2,0,1730233033,1730233033,04:17:13 PM,04:17:13 PM,0
2110310,,SOUTMIL2,0,1730233080,1730233080,04:18:00 PM,04:18:00 PM,0
2110310,,SOUTMIL4,0,1730233155,1730233155,04:19:15 PM,04:19:15 PM,0
2110310,,SOUTMIL6,0,1730233199,1730233199,04:19:59 PM,04:19:59 PM,0
2110310,,ADELSDAL,0,1730233243,1730233243,04:20:43 PM,04:20:43 PM,0
2110310,,ADELOSG2,0,1730233284,1730233284,04:21:24 PM,04:21:24 PM,0
2110310,,ADELOSG6,0,1730233350,1730233350,04:22:30 PM,04:22:30 PM,0
2110310,,ADELOSG4,0,1730233387,1730233387,04:23:07 PM,04:23:07 PM,0
2110310,,BRADADE2,0,1730233425,1730233425,04:23:45 PM,04:23:45 PM,0
2110310,,BRADADE4,0,1730233479,1730233479,04:24:39 PM,04:24:39 PM,0
2110310,,BRADAGN2,0,1730233522,1730233522,04:25:22 PM,04:25:22 PM,0
2110310,,BRADWIL4,0,1730233556,1730233556,04:25:56 PM,04:25:56 PM,0
2110310,,BRADDEAR,0,1730233594,1730233594,04:26:34 PM,04:26:34 PM,0
2110310,,WELLBRA2,0,1730233631,1730233631,04:27:11 PM,04:27:11 PM,0
2110310,,WHITOMA3,0,1730233680,1730233680,04:28:00 PM,04:28:00 PM,0
2110310,,WHITOMA3,0,1730233980,1730233980,04:33:00 PM,04:33:00 PM,0
2110310,,WELLBRA1,,,,,,
2110310,,WELLMON1,,,,,,
2110310,,WELLSDA5,,,,,,
2110310,,SOUTMONT,,,,,,
2110310,,SOUTVER2,0,1730234358,1730234358,04:39:18 PM,04:39:18 PM,0
2110310,,SOUTEAS2,0,1730234392,1730234392,04:39:52 PM,04:39:52 PM,0
2110310,,SOUTNIX2,0,1730234471,1730234471,04:41:11 PM,04:41:11 PM,0
2110310,,SOUTDUL2,0,1730234518,1730234518,04:41:58 PM,04:41:58 PM,0
2110310,,SOUTDUN2,0,1730234580,1730234580,04:43:00 PM,04:43:00 PM,0
2110310,,SOUTHOME,0,1730234680,1730234680,04:44:40 PM,04:44:40 PM,0
2110310,,SOUTWHA4,0,1730234733,1730234733,04:45:33 PM,04:45:33 PM,0
2110310,,SOUTWHA2,0,1730234779,1730234779,04:46:19 PM,04:46:19 PM,0
2110310,,SOUTNOD2,0,1730234848,1730234848,04:47:28 PM,04:47:28 PM,0
2110310,,SOUTNOD4,0,1730234885,1730234885,04:48:05 PM,04:48:05 PM,0
2110310,,SOUTAND2,0,1730234965,1730234965,04:49:25 PM,04:49:25 PM,0
2110310,,SOUTWON2,0,1730235043,1730235043,04:50:43 PM,04:50:43 PM,0
2110310,,WONDSDA1,0,1730235088,1730235088,04:51:28 PM,04:51:28 PM,0
2110310,,WONDPVA1,0,1730235148,1730235148,04:52:28 PM,04:52:28 PM,0
2110310,,WONDMMA3,0,1730235174,1730235174,04:52:54 PM,04:52:54 PM,0
2110310,,WONDMMA1,0,1730235213,1730235213,04:53:33 PM,04:53:33 PM,0
2110310,,WESTMAL6,0,1730235360,1730235360,04:56:00 PM,04:56:00 PM,0
2110310,,WONDVIS3,0,1730235437,1730235437,04:57:17 PM,04:57:17 PM,0
2110310,,WONDVIL1,0,1730235482,1730235482,04:58:02 PM,04:58:02 PM,0
2110310,,WONDCOM1,0,1730235550,1730235550,04:59:10 PM,04:59:10 PM,0
2110310,,WONDCOM3,0,1730235610,1730235610,05:00:10 PM,05:00:10 PM,0
2110310,,WONDTEE1,0,1730235702,1730235702,05:01:42 PM,05:01:42 PM,0
2110310,,WONDSPR1,0,1730235840,1730235840,05:04:00 PM,05:04:00 PM,0
2110310,,WONDRIV1,0,1730236102,1730236102,05:08:22 PM,05:08:22 PM,0
2110310,,WONDKIW1,0,1730236145,1730236145,05:09:05 PM,05:09:05 PM,0
2110310,,WONDOXF3,0,1730236222,1730236222,05:10:22 PM,05:10:22 PM,0
2110310,,WONDOXF1,0,1730236260,1730236260,05:11:00 PM,05:11:00 PM,0
2110310,,WONDFAR1,0,1730236314,1730236314,05:11:54 PM,05:11:54 PM,0
2110310,,WONDFAR3,0,1730236362,1730236362,05:12:42 PM,05:12:42 PM,0
2110310,,WONDBEA1,0,1730236435,1730236435,05:13:55 PM,05:13:55 PM,0
2110310,,SARNCAS1,0,1730236620,1730236620,05:17:00 PM,05:17:00 PM,0
2110310,,SARNCAS1,0,1730236620,1730236620,05:17:00 PM,05:17:00 PM,0
2110310,,SARNRIPP,0,1730236683,1730236683,05:18:03 PM,05:18:03 PM,0
2110310,,SARNCAS3,0,1730236755,1730236755,05:19:15 PM,05:19:15 PM,0
2110310,,SARNCOOM,0,1730236818,1730236818,05:20:18 PM,05:20:18 PM,0
2110310,,SARNWES1,0,1730236860,1730236860,05:21:00 PM,05:21:00 PM,0
2110310,,WESTPHA3,0,1730236953,1730236953,05:22:33 PM,05:22:33 PM,0
2110310,,ALUMHAL1,0,1730237147,1730237147,05:25:47 PM,05:25:47 PM,0
2110310,,DELAHALL,0,1730237400,1730237400,05:30:00 PM,05:30:00 PM,0
2110310,,UNIVHOS1,0,1730237555,1730237555,05:32:35 PM,05:32:35 PM,0
2110310,,PERTWIN1,0,1730237591,1730237591,05:33:11 PM,05:33:11 PM,0
2110310,,RICHWIN1,0,1730237683,1730237683,05:34:43 PM,05:34:43 PM,0
2110310,,RICHWEC1,0,1730237735,1730237735,05:35:35 PM,05:35:35 PM,0
2110310,,RICHCANT,0,1730237783,1730237783,05:36:23 PM,05:36:23 PM,0
2110310,,RICHSUNN,0,1730237866,1730237866,05:37:46 PM,05:37:46 PM,0
2110310,,MASOSTO4,0,1730238000,1730238000,05:40:00 PM,05:40:00 PM,0
2110367,,MASOSTO4,0,1730238300,1730238300,05:45:00 PM,05:45:00 PM,0
2110367,,RICHJACK,0,1730238371,1730238371,05:46:11 PM,05:46:11 PM,0
2110367,,RICHSHAV,0,1730238411,1730238411,05:46:51 PM,05:46:51 PM,0
2110367,,RICHWES2,0,1730238457,1730238457,05:47:37 PM,05:47:37 PM,0
2110367,,RICHWES4,0,1730238480,1730238480,05:48:00 PM,05:48:00 PM,0
2110367,,RICHWYND,0,1730238515,1730238515,05:48:35 PM,05:48:35 PM,0
2110367,,WINDRIC2,0,1730238589,1730238589,05:49:49 PM,05:49:49 PM,0
2110367,,PERTWIN2,0,1730238634,1730238634,05:50:34 PM,05:50:34 PM,0
2110367,,UNIVHOS2,0,1730238686,1730238686,05:51:26 PM,05:51:26 PM,0
2110367,,MIDDPERT,0,1730238825,1730238825,05:53:45 PM,05:53:45 PM,0
2110367,,NATSCI,0,1730238900,1730238900,05:55:00 PM,05:55:00 PM,0
2110367,,NATSCI,0,1730239200,1730239200,06:00:00 PM,06:00:00 PM,0
2110367,,WESTELG2,0,1730239357,1730239357,06:02:37 PM,06:02:37 PM,0
2110367,,WESTLAM2,0,1730239440,1730239440,06:04:00 PM,06:04:00 PM,0
2110367,,SARNWES2,0,1730239539,1730239539,06:05:39 PM,06:05:39 PM,0
2110367,,SARNBRES,0,1730239635,1730239635,06:07:15 PM,06:07:15 PM,0
2110367,,SARNSLEI,0,1730239730,1730239730,06:08:50 PM,06:08:50 PM,0
2110367,,SARNLEYT,0,1730239840,1730239840,06:10:40 PM,06:10:40 PM,0
2110367,,WONDSAR2,0,1730239980,1730239980,06:13:00 PM,06:13:00 PM,0
2110367,,WONDBEA2,0,1730240098,1730240098,06:14:58 PM,06:14:58 PM,0
2110367,,WONDFAR4,0,1730240153,1730240153,06:15:53 PM,06:15:53 PM,0
2110367,,WONDFAR2,0,1730240181,1730240181,06:16:21 PM,06:16:21 PM,0
2110367,,WONDOXF2,0,1730240220,1730240220,06:17:00 PM,06:17:00 PM,0
2110367,,WONDOXF4,0,1730240252,1730240252,06:17:32 PM,06:17:32 PM,0
2110367,,WONDKIW2,0,1730240290,1730240290,06:18:10 PM,06:18:10 PM,0
2110367,,WONDRIV2,0,1730240332,1730240332,06:18:52 PM,06:18:52 PM,0
2110367,,WONDSPRI,0,1730240506,1730240506,06:21:46 PM,06:21:46 PM,0
2110367,,WONDROSE,0,1730240553,1730240553,06:22:33 PM,06:22:33 PM,0
2110367,,WONDCOM2,0,1730240635,1730240635,06:23:55 PM,06:23:55 PM,0
2110367,,WONDVIL2,0,1730240665,1730240665,06:24:25 PM,06:24:25 PM,0
2110367,,WONDVIS4,0,1730240713,1730240713,06:25:13 PM,06:25:13 PM,0
2110367,,WESTMAL4,0,1730240760,1730240760,06:26:00 PM,06:26:00 PM,0
2110367,,VISCWON1,0,1730240813,1730240813,06:26:53 PM,06:26:53 PM,0
2110367,,VISCWON5,0,1730240843,1730240843,06:27:23 PM,06:27:23 PM,0
2110367,,WONDMMA4,0,1730240918,1730240918,06:28:38 PM,06:28:38 PM,0
2110367,,WONDMMA2,0,1730240963,1730240963,06:29:23 PM,06:29:23 PM,0
2110367,,WONDPVA2,0,1730241012,1730241012,06:30:12 PM,06:30:12 PM,0
2110367,,WONDPVA4,0,1730241048,1730241048,06:30:48 PM,06:30:48 PM,0
2110367,,SOUTWON1,0,1730241110,1730241110,06:31:50 PM,06:31:50 PM,0
2110367,,SOUTSING,0,1730241177,1730241177,06:32:57 PM,06:32:57 PM,0
2110367,,SOUTAND1,0,1730241240,1730241240,06:34:00 PM,06:34:00 PM,0
2110367,,SOUTSPRI,0,1730241275,1730241275,06:34:35 PM,06:34:35 PM,0
2110367,,SOUTNOD1,0,1730241312,1730241312,06:35:12 PM,06:35:12 PM,0
2110367,,SOUTNOD3,0,1730241339,1730241339,06:35:39 PM,06:35:39 PM,0
2110367,,SOUTWHA1,0,1730241402,1730241402,06:36:42 PM,06:36:42 PM,0
2110367,,SOUTWHA3,0,1730241426,1730241426,06:37:06 PM,06:37:06 PM,0
2110367,,SOUTWHOK,0,1730241483,1730241483,06:38:03 PM,06:38:03 PM,0
2110367,,SOUTJAL1,0,1730241578,1730241578,06:39:38 PM,06:39:38 PM,0
2110367,,SOUTDUL1,0,1730241607,1730241607,06:40:07 PM,06:40:07 PM,0
2110367,,SOUTNIX1,0,1730241642,1730241642,06:40:42 PM,06:40:42 PM,0
2110367,,SOUTVER1,0,1730241728,1730241728,06:42:08 PM,06:42:08 PM,0
2110367,,WELLHARL,,,,,,
2110367,,WELLMON4,,,,,,
2110367,,WELLMON2,,,,,,
2110367,,WELLBRA2,0,1730241919,1730241919,06:45:19 PM,06:45:19 PM,0
2110367,,WHITOMA3,0,1730241960,1730241960,06:46:00 PM,06:46:00 PM,0
2110367,,WHITOMA3,0,1730242560,1730242560,06:56:00 PM,06:56:00 PM,0
2110367,,BRADWEL3,0,1730242701,1730242701,06:58:21 PM,06:58:21 PM,0
2110367,,BRADWIL1,0,1730242748,1730242748,06:59:08 PM,06:59:08 PM,0
2110367,,BRADAGN1,0,1730242774,1730242774,06:59:34 PM,06:59:34 PM,0
2110367,,BRADADE1,0,1730242824,1730242824,07:00:24 PM,07:00:24 PM,0
2110367,,BRADADE3,0,1730242877,1730242877,07:01:17 PM,07:01:17 PM,0
2110367,,ADELOSG5,0,1730242917,1730242917,07:01:57 PM,07:01:57 PM,0
2110367,,ADELOSG7,0,1730242959,1730242959,07:02:39 PM,07:02:39 PM,0
2110367,,ADELOSG3,0,1730243034,1730243034,07:03:54 PM,07:03:54 PM,0
2110367,,SOUTADE1,0,1730243086,1730243086,07:04:46 PM,07:04:46 PM,0
2110367,,SOUTMIL5,0,1730243114,1730243114,07:05:14 PM,07:05:14 PM,0
2110367,,SOUTMIL3,0,1730243153,1730243153,07:05:53 PM,07:05:53 PM,0
2110367,,SOUTMIL1,0,1730243220,1730243220,07:07:00 PM,07:07:00 PM,0
2110367,,SOUTKOR1,0,1730243268,1730243268,07:07:48 PM,07:07:48 PM,0
2110367,,SOUTPOM1,0,1730243301,1730243301,07:08:21 PM,07:08:21 PM,0
2110367,,PONDPONV,0,1730243373,1730243373,07:09:33 PM,07:09:33 PM,0
2110367,,PONDMIR3,0,1730243406,1730243406,07:10:06 PM,07:10:06 PM,0
2110367,,PONDMIR1,0,1730243431,1730243431,07:10:31 PM,07:10:31 PM,0
2110367,,PONDDEV1,0,1730243475,1730243475,07:11:15 PM,07:11:15 PM,0
2110367,,PONDBAN1,0,1730243496,1730243496,07:11:36 PM,07:11:36 PM,0
2110367,,PONDOLDH,0,1730243554,1730243554,07:12:34 PM,07:12:34 PM,0
2110367,,COMMPOM3,0,1730243602,1730243602,07:13:22 PM,07:13:22 PM,0
2110367,,COMMDEV1,0,1730243640,1730243640,07:14:00 PM,07:14:00 PM,0
2110367,,COMMHIG1,0,1730243684,1730243684,07:14:44 PM,07:14:44 PM,0
2110367,,HIGBHAM1,0,1730243886,1730243886,07:18:06 PM,07:18:06 PM,0
2110367,,HIGBMAGE,0,1730243905,1730243905,07:18:25 PM,07:18:25 PM,0
2110367,,HIGBTRA1,0,1730243946,1730243946,07:19:06 PM,07:19:06 PM,0
2110367,,HIGBBRY1,0,1730244000,1730244000,07:20:00 PM,07:20:00 PM,0
2110367,,HIGBWIL1,0,1730244067,1730244067,07:21:07 PM,07:21:07 PM,0
2110367,,HIGBBEA1,0,1730244133,1730244133,07:22:13 PM,07:22:13 PM,0
2110367,,HIGBDUN1,0,1730244240,1730244240,07:24:00 PM,07:24:00 PM,0
2110367,,HIGBLPH1,,,,,,
2110367,,HIGBOXF1,,,,,,
2110367,,HIGBOXF3,,,,,,
2110367,,HIGBLAN1,0,1730244496,1730244496,07:28:16 PM,07:28:16 PM,0
2110367,,HIGBCHE1,0,1730244531,1730244531,07:28:51 PM,07:28:51 PM,0
2110367,,HIGBGOD1,0,1730244569,1730244569,07:29:29 PM,07:29:29 PM,0
2110367,,HIGBHURO,0,1730244615,1730244615,07:30:15 PM,07:30:15 PM,0
2110367,,HIGBHIC1,0,1730244657,1730244657,07:30:57 PM,07:30:57 PM,0
2110367,,HIGBFUL1,0,1730244686,1730244686,07:31:26 PM,07:31:26 PM,0
2110367,,FULLVES2,0,1730244752,1730244752,07:32:32 PM,07:32:32 PM,0
2110367,,FULLREGA,0,1730244789,1730244789,07:33:09 PM,07:33:09 PM,0
2110367,,MCNAMEL2,0,1730244831,1730244831,07:33:51 PM,07:33:51 PM,0
2110367,,MELSBRIA,0,1730244858,1730244858,07:34:18 PM,07:34:18 PM,0
2110367,,MELSSUSS,0,1730244905,1730244905,07:35:05 PM,07:35:05 PM,0
2110367,,BARKHURO,0,1730244960,1730244960,07:36:00 PM,07:36:00 PM,0
2110320,,BARKHURO,0,1730244960,1730244960,07:36:00 PM,07:36:00 PM,0
2110320,,HUROBRI3,0,1730245037,1730245037,07:37:17 PM,07:37:17 PM,0
2110320,,HUROBRI1,0,1730245061,1730245061,07:37:41 PM,07:37:41 PM,0
2110320,,HUROMCN1,0,1730245105,1730245105,07:38:25 PM,07:38:25 PM,0
2110320,,HUROVES1,0,1730245143,1730245143,07:39:03 PM,07:39:03 PM,0
2110320,,HUROHIG1,0,1730245200,1730245200,07:40:00 PM,07:40:00 PM,0
2110320,,HIGBGOD2,0,1730245305,1730245305,07:41:45 PM,07:41:45 PM,0
2110320,,HIGBCHE2,0,1730245364,1730245364,07:42:44 PM,07:42:44 PM,0
2110320,,HIGBLAN2,0,1730245391,1730245391,07:43:11 PM,07:43:11 PM,0
2110320,,HIGBOXF4,,,,,,
2110320,,HIGBOXF2,,,,,,
2110320,,HIGBLPH2,,,,,,
2110320,,HIGBDUN2,0,1730245620,1730245620,07:47:00 PM,07:47:00 PM,0
2110320,,HIGBBEA2,0,1730245785,1730245785,07:49:45 PM,07:49:45 PM,0
2110320,,HIGBWIL2,0,1730245935,1730245935,07:52:15 PM,07:52:15 PM,0
2110320,,HIGBBRY2,0,1730246100,1730246100,07:55:00 PM,07:55:00 PM,0
2110320,,HIGBTRA2,0,1730246166,1730246166,07:56:06 PM,07:56:06 PM,0
2110320,,HIGBCALV,0,1730246225,1730246225,07:57:05 PM,07:57:05 PM,0
2110320,,HIGBHAM2,0,1730246247,1730246247,07:57:27 PM,07:57:27 PM,0
2110320,,COMMDEV6,0,1730246553,1730246553,08:02:33 PM,08:02:33 PM,0
2110320,,COMMDEV2,0,1730246580,1730246580,08:03:00 PM,08:03:00 PM,0
2110320,,PONDDEV2,0,1730246642,1730246642,08:04:02 PM,08:04:02 PM,0
2110320,,PONDBAN2,0,1730246683,1730246683,08:04:43 PM,08:04:43 PM,0
2110320,,PONDDEV4,0,1730246715,1730246715,08:05:15 PM,08:05:15 PM,0
2110320,,PONDMIR4,0,1730246752,1730246752,08:05:52 PM,08:05:52 PM,0
2110320,,PONDMIR2,0,1730246786,1730246786,08:06:26 PM,08:06:26 PM,0
2110320,,PONDMILL,0,1730246804,1730246804,08:06:44 PM,08:06:44 PM,0
2110320,,SOUTPOM2,0,1730246865,1730246865,08:07:45 PM,08:07:45 PM,0
2110320,,SOUTKOR2,0,1730246903,1730246903,08:08:23 PM,08:08:23 PM,0
2110320,,SOUTMIL2,0,1730246940,1730246940,08:09:00 PM,08:09:00 PM,0
2110320,,SOUTMIL4,0,1730247000,1730247000,08:10:00 PM,08:10:00 PM,0
2110320,,SOUTMIL6,0,1730247035,1730247035,08:10:35 PM,08:10:35 PM,0
2110320,,ADELSDAL,0,1730247070,1730247070,08:11:10 PM,08:11:10 PM,0
2110320,,ADELOSG2,0,1730247103,1730247103,08:11:43 PM,08:11:43 PM,0
2110320,,ADELOSG6,0,1730247156,1730247156,08:12:36 PM,08:12:36 PM,0
2110320,,ADELOSG4,0,1730247186,1730247186,08:13:06 PM,08:13:06 PM,0
2110320,,BRADADE2,0,1730247217,1730247217,08:13:37 PM,08:13:37 PM,0
2110320,,BRADADE4,0,1730247260,1730247260,08:14:20 PM,08:14:20 PM,0
2110320,,BRADAGN2,0,1730247294,1730247294,08:14:54 PM,08:14:54 PM,0
2110320,,BRADWIL4,0,1730247321,1730247321,08:15:21 PM,08:15:21 PM,0
2110320,,BRADDEAR,0,1730247352,1730247352,08:15:52 PM,08:15:52 PM,0
2110320,,WELLBRA2,0,1730247381,1730247381,08:16:21 PM,08:16:21 PM,0
2110320,,WHITOMA3,0,1730247420,1730247420,08:17:00 PM,08:17:00 PM,0
2110320,,WHITOMA3,0,1730247660,1730247660,08:21:00 PM,08:21:00 PM,0
2110320,,WELLBRA1,,,,,,
2110320,,WELLMON1,,,,,,
2110320,,WELLSDA5,,,,,,
2110320,,SOUTMONT,,,,,,
2110320,,SOUTVER2,0,1730248001,1730248001,08:26:41 PM,08:26:41 PM,0
2110320,,SOUTEAS2,0,1730248031,1730248031,08:27:11 PM,08:27:11 PM,0
2110320,,SOUTNIX2,0,1730248102,1730248102,08:28:22 PM,08:28:22 PM,0
2110320,,SOUTDUL2,0,1730248145,1730248145,08:29:05 PM,08:29:05 PM,0
2110320,,SOUTDUN2,0,1730248200,1730248200,08:30:00 PM,08:30:00 PM,0
2110320,,SOUTHOME,0,1730248300,1730248300,08:31:40 PM,08:31:40 PM,0
2110320,,SOUTWHA4,0,1730248353,1730248353,08:32:33 PM,08:32:33 PM,0
2110320,,SOUTWHA2,0,1730248399,1730248399,08:33:19 PM,08:33:19 PM,0
2110320,,SOUTNOD2,0,1730248468,1730248468,08:34:28 PM,08:34:28 PM,0
2110320,,SOUTNOD4,0,1730248505,1730248505,08:35:05 PM,08:35:05 PM,0
2110320,,SOUTAND2,0,1730248585,1730248585,08:36:25 PM,08:36:25 PM,0
2110320,,SOUTWON2,0,1730248663,1730248663,08:37:43 PM,08:37:43 PM,0
2110320,,WONDSDA1,0,1730248708,1730248708,08:38:28 PM,08:38:28 PM,0
2110320,,WONDPVA1,0,1730248768,1730248768,08:39:28 PM,08:39:28 PM,0
2110320,,WONDMMA3,0,1730248794,1730248794,08:39:54 PM,08:39:54 PM,0
2110320,,WONDMMA1,0,1730248833,1730248833,08:40:33 PM,08:40:33 PM,0
2110320,,WESTMAL6,0,1730248980,1730248980,08:43:00 PM,08:43:00 PM,0
2110320,,WONDVIS3,0,1730249037,1730249037,08:43:57 PM,08:43:57 PM,0
2110320,,WONDVIL1,0,1730249070,1730249070,08:44:30 PM,08:44:30 PM,0
2110320,,WONDCOM1,0,1730249121,1730249121,08:45:21 PM,08:45:21 PM,0
2110320,,WONDCOM3,0,1730249166,1730249166,08:46:06 PM,08:46:06 PM,0
2110320,,WONDTEE1,0,1730249235,1730249235,08:47:15 PM,08:47:15 PM,0
2110320,,WONDSPR1,0,1730249340,1730249340,08:49:00 PM,08:49:00 PM,0
2110320,,WONDRIV1,0,1730249527,1730249527,08:52:07 PM,08:52:07 PM,0
2110320,,WONDKIW1,0,1730249558,1730249558,08:52:38 PM,08:52:38 PM,0
2110320,,WONDOXF3,0,1730249613,1730249613,08:53:33 PM,08:53:33 PM,0
2110320,,WONDOXF1,0,1730249640,1730249640,08:54:00 PM,08:54:00 PM,0
2110320,,WONDFAR1,0,1730249685,1730249685,08:54:45 PM,08:54:45 PM,0
2110320,,WONDFAR3,0,1730249725,1730249725,08:55:25 PM,08:55:25 PM,0
2110320,,WONDBEA1,0,1730249785,1730249785,08:56:25 PM,08:56:25 PM,0
2110320,,SARNCAS1,0,1730249940,1730249940,08:59:00 PM,08:59:00 PM,0
2110320,,SARNCAS1,0,1730249940,1730249940,08:59:00 PM,08:59:00 PM,0
2110320,,SARNRIPP,0,1730250019,1730250019,09:00:19 PM,09:00:19 PM,0
2110320,,SARNCAS3,0,1730250109,1730250109,09:01:49 PM,09:01:49 PM,0
2110320,,SARNCOOM,0,1730250188,1730250188,09:03:08 PM,09:03:08 PM,0
2110320,,SARNWES1,0,1730250240,1730250240,09:04:00 PM,09:04:00 PM,0
2110320,,WESTPHA3,0,1730250312,1730250312,09:05:12 PM,09:05:12 PM,0
2110320,,ALUMHAL1,0,1730250463,1730250463,09:07:43 PM,09:07:43 PM,0
2110320,,DELAHALL,0,1730250660,1730250660,09:11:00 PM,09:11:00 PM,0
2110320,,UNIVHOS1,0,1730250768,1730250768,09:12:48 PM,09:12:48 PM,0
2110320,,PERTWIN1,0,1730250793,1730250793,09:13:13 PM,09:13:13 PM,0
2110320,,RICHWIN1,0,1730250857,1730250857,09:14:17 PM,09:14:17 PM,0
2110320,,RICHWEC1,0,1730250893,1730250893,09:14:53 PM,09:14:53 PM,0
2110320,,RICHCANT,0,1730250927,1730250927,09:15:27 PM,09:15:27 PM,0
2110320,,RICHSUNN,0,1730250985,1730250985,09:16:25 PM,09:16:25 PM,0
2110320,,MASOSTO4,0,1730251080,1730251080,09:18:00 PM,09:18:00 PM,0
2110377,,MASOSTO4,0,1730251080,1730251080,09:18:00 PM,09:18:00 PM,0
2110377,,RICHJACK,0,1730251134,1730251134,09:18:54 PM,09:18:54 PM,0
2110377,,RICHSHAV,0,1730251166,1730251166,09:19:26 PM,09:19:26 PM,0
2110377,,RICHWES2,0,1730251203,1730251203,09:20:03 PM,09:20:03 PM,0
2110377,,RICHWES4,0,1730251222,1730251222,09:20:22 PM,09:20:22 PM,0
2110377,,RICHWYND,0,1730251250,1730251250,09:20:50 PM,09:20:50 PM,0
2110377,,WINDRIC2,0,1730251310,1730251310,09:21:50 PM,09:21:50 PM,0
2110377,,PERTWIN2,0,1730251346,1730251346,09:22:26 PM,09:22:26 PM,0
2110377,,UNIVHOS2,0,1730251388,1730251388,09:23:08 PM,09:23:08 PM,0
2110377,,MIDDPERT,0,1730251500,1730251500,09:25:00 PM,09:25:00 PM,0
2110377,,NATSCI,0,1730251560,1730251560,09:26:00 PM,09:26:00 PM,0
2110377,,NATSCI,0,1730251560,1730251560,09:26:00 PM,09:26:00 PM,0
2110377,,WESTELG2,0,1730251678,1730251678,09:27:58 PM,09:27:58 PM,0
2110377,,WESTLAM2,0,1730251740,1730251740,09:29:00 PM,09:29:00 PM,0
2110377,,SARNWES2,0,1730251817,1730251817,09:30:17 PM,09:30:17 PM,0
2110377,,SARNBRES,0,1730251892,1730251892,09:31:32 PM,09:31:32 PM,0
2110377,,SARNSLEI,0,1730251966,1730251966,09:32:46 PM,09:32:46 PM,0
2110377,,SARNLEYT,0,1730252052,1730252052,09:34:12 PM,09:34:12 PM,0
2110377,,WONDSAR2,0,1730252160,1730252160,09:36:00 PM,09:36:00 PM,0
2110377,,WONDBEA2,0,1730252248,1730252248,09:37:28 PM,09:37:28 PM,0
2110377,,WONDFAR4,0,1730252289,1730252289,09:38:09 PM,09:38:09 PM,0
2110377,,WONDFAR2,0,1730252310,1730252310,09:38:30 PM,09:38:30 PM,0
2110377,,WONDOXF2,0,1730252340,1730252340,09:39:00 PM,09:39:00 PM,0
2110377,,WONDOXF4,0,1730252372,1730252372,09:39:32 PM,09:39:32 PM,0
2110377,,WONDKIW2,0,1730252410,1730252410,09:40:10 PM,09:40:10 PM,0
2110377,,WONDRIV2,0,1730252452,1730252452,09:40:52 PM,09:40:52 PM,0
2110377,,WONDSPRI,0,1730252626,1730252626,09:43:46 PM,09:43:46 PM,0
2110377,,WONDROSE,0,1730252673,1730252673,09:44:33 PM,09:44:33 PM,0
2110377,,WONDCOM2,0,1730252755,1730252755,09:45:55 PM,09:45:55 PM,0
2110377,,WONDVIL2,0,1730252785,1730252785,09:46:25 PM,09:46:25 PM,0
2110377,,WONDVIS4,0,1730252833,1730252833,09:47:13 PM,09:47:13 PM,0
2110377,,WESTMAL4,0,1730252880,1730252880,09:48:00 PM,09:48:00 PM,0
2110377,,VISCWON1,0,1730252927,1730252927,09:48:47 PM,09:48:47 PM,0
2110377,,VISCWON5,0,1730252954,1730252954,09:49:14 PM,09:49:14 PM,0
2110377,,WONDMMA4,0,1730253020,1730253020,09:50:20 PM,09:50:20 PM,0
2110377,,WONDMMA2,0,1730253059,1730253059,09:50:59 PM,09:50:59 PM,0
2110377,,WONDPVA2,0,1730253102,1730253102,09:51:42 PM,09:51:42 PM,0
2110377,,WONDPVA4,0,1730253134,1730253134,09:52:14 PM,09:52:14 PM,0
2110377,,SOUTWON1,0,1730253189,1730253189,09:53:09 PM,09:53:09 PM,0
2110377,,SOUTSING,0,1730253247,1730253247,09:54:07 PM,09:54:07 PM,0
2110377,,SOUTAND1,0,1730253300,1730253300,09:55:00 PM,09:55:00 PM,0
2110377,,SOUTSPRI,0,1730253329,1730253329,09:55:29 PM,09:55:29 PM,0
2110377,,SOUTNOD1,0,1730253360,1730253360,09:56:00 PM,09:56:00 PM,0
2110377,,SOUTNOD3,0,1730253382,1730253382,09:56:22 PM,09:56:22 PM,0
2110377,,SOUTWHA1,0,1730253434,1730253434,09:57:14 PM,09:57:14 PM,0
2110377,,SOUTWHA3,0,1730253454,1730253454,09:57:34 PM,09:57:34 PM,0
2110377,,SOUTWHOK,0,1730253502,1730253502,09:58:22 PM,09:58:22 PM,0
2110377,,SOUTJAL1,0,1730253581,1730253581,09:59:41 PM,09:59:41 PM,0
2110377,,SOUTDUL1,0,1730253605,1730253605,10:00:05 PM,10:00:05 PM,0
2110377,,SOUTNIX1,0,1730253634,1730253634,10:00:34 PM,10:00:34 PM,0
2110377,,SOUTVER1,0,1730253706,1730253706,10:01:46 PM,10:01:46 PM,0
2110377,,WELLHARL,,,,,,
2110377,,WELLMON4,,,,,,
2110377,,WELLMON2,,,,,,
2110377,,WELLBRA2,0,1730253864,1730253864,10:04:24 PM,10:04:24 PM,0
2110377,,WHITOMA3,0,1730253900,1730253900,10:05:00 PM,10:05:00 PM,0
2110377,,WHITOMA3,0,1730253900,1730253900,10:05:00 PM,10:05:00 PM,0
2110377,,BRADWEL3,0,1730254015,1730254015,10:06:55 PM,10:06:55 PM,0
2110377,,BRADWIL1,0,1730254054,1730254054,10:07:34 PM,10:07:34 PM,0
2110377,,BRADAGN1,0,1730254075,1730254075,10:07:55 PM,10:07:55 PM,0
2110377,,BRADADE1,0,1730254116,1730254116,10:08:36 PM,10:08:36 PM,0
2110377,,BRADADE3,0,1730254159,1730254159,10:09:19 PM,10:09:19 PM,0
2110377,,ADELOSG5,0,1730254191,1730254191,10:09:51 PM,10:09:51 PM,0
2110377,,ADELOSG7,0,1730254226,1730254226,10:10:26 PM,10:10:26 PM,0
2110377,,ADELOSG3,0,1730254288,1730254288,10:11:28 PM,10:11:28 PM,0
2110377,,SOUTADE1,0,1730254331,1730254331,10:12:11 PM,10:12:11 PM,0
2110377,,SOUTMIL5,0,1730254353,1730254353,10:12:33 PM,10:12:33 PM,0
2110377,,SOUTMIL3,0,1730254385,1730254385,10:13:05 PM,10:13:05 PM,0
2110377,,SOUTMIL1,0,1730254440,1730254440,10:14:00 PM,10:14:00 PM,0
2110377,,SOUTKOR1,0,1730254481,1730254481,10:14:41 PM,10:14:41 PM,0
2110377,,SOUTPOM1,0,1730254509,1730254509,10:15:09 PM,10:15:09 PM,0
2110377,,PONDPONV,0,1730254571,1730254571,10:16:11 PM,10:16:11 PM,0
2110377,,PONDMIR3,0,1730254599,1730254599,10:16:39 PM,10:16:39 PM,0
2110377,,PONDMIR1,0,1730254620,1730254620,10:17:00 PM,10:17:00 PM,0
2110377,,PONDDEV1,0,1730254658,1730254658,10:17:38 PM,10:17:38 PM,0
2110377,,PONDBAN1,0,1730254676,1730254676,10:17:56 PM,10:17:56 PM,0
2110377,,PONDOLDH,0,1730254726,1730254726,10:18:46 PM,10:18:46 PM,0
2110377,,COMMPOM3,0,1730254767,1730254767,10:19:27 PM,10:19:27 PM,0
2110377,,COMMDEV1,0,1730254800,1730254800,10:20:00 PM,10:20:00 PM,0
2110377,,COMMHIG1,0,1730254852,1730254852,10:20:52 PM,10:20:52 PM,0
2110377,,HIGBHAM1,0,1730255088,1730255088,10:24:48 PM,10:24:48 PM,0
2110377,,HIGBMAGE,0,1730255111,1730255111,10:25:11 PM,10:25:11 PM,0
2110377,,HIGBTRA1,0,1730255160,1730255160,10:26:00 PM,10:26:00 PM,0
2110312,,BARKHURO,0,1730232720,1730232720,04:12:00 PM,04:12:00 PM,0
2110312,,HUROBRI3,0,1730232816,1730232816,04:13:36 PM,04:13:36 PM,0
2110312,,HUROBRI1,0,1730232846,1730232846,04:14:06 PM,04:14:06 PM,0
2110312,,HUROMCN1,0,1730232901,1730232901,04:15:01 PM,04:15:01 PM,0
2110312,,HUROVES1,0,1730232948,1730232948,04:15:48 PM,04:15:48 PM,0
2110312,,HUROHIG1,0,1730233020,1730233020,04:17:00 PM,04:17:00 PM,0
2110312,,HIGBGOD2,0,1730233146,1730233146,04:19:06 PM,04:19:06 PM,0
2110312,,HIGBCHE2,0,1730233217,1730233217,04:20:17 PM,04:20:17 PM,0
2110312,,HIGBLAN2,0,1730233249,1730233249,04:20:49 PM,04:20:49 PM,0
2110312,,HIGBOXF4,,,,,,
2110312,,HIGBOXF2,,,,,,
2110312,,HIGBLPH2,,,,,,
2110312,,HIGBDUN2,0,1730233560,1730233560,04:26:00 PM,04:26:00 PM,0
2110312,,HIGBBEA2,0,1730233642,1730233642,04:27:22 PM,04:27:22 PM,0
2110312,,HIGBWIL2,0,1730233717,1730233717,04:28:37 PM,04:28:37 PM,0
2110312,,HIGBBRY2,0,1730233800,1730233800,04:30:00 PM,04:30:00 PM,0
2110312,,HIGBTRA2,0,1730233882,1730233882,04:31:22 PM,04:31:22 PM,0
2110312,,HIGBCALV,0,1730233955,1730233955,04:32:35 PM,04:32:35 PM,0
2110312,,HIGBHAM2,0,1730233983,1730233983,04:33:03 PM,04:33:03 PM,0
2110312,,COMMDEV6,0,1730234365,1730234365,04:39:25 PM,04:39:25 PM,0
2110312,,COMMDEV2,0,1730234400,1730234400,04:40:00 PM,04:40:00 PM,0
2110312,,PONDDEV2,0,1730234483,1730234483,04:41:23 PM,04:41:23 PM,0
2110312,,PONDBAN2,0,1730234538,1730234538,04:42:18 PM,04:42:18 PM,0
2110312,,PONDDEV4,0,1730234581,1730234581,04:43:01 PM,04:43:01 PM,0
2110312,,PONDMIR4,0,1730234631,1730234631,04:43:51 PM,04:43:51 PM,0
2110312,,PONDMIR2,0,1730234677,1730234677,04:44:37 PM,04:44:37 PM,0
2110312,,PONDMILL,0,1730234701,1730234701,04:45:01 PM,04:45:01 PM,0
2110312,,SOUTPOM2,0,1730234782,1730234782,04:46:22 PM,04:46:22 PM,0
2110312,,SOUTKOR2,0,1730234833,1730234833,04:47:13 PM,04:47:13 PM,0
2110312,,SOUTMIL2,0,1730234880,1730234880,04:48:00 PM,04:48:00 PM,0
2110312,,SOUTMIL4,0,1730234955,1730234955,04:49:15 PM,04:49:15 PM,0
2110312,,SOUTMIL6,0,1730234999,1730234999,04:49:59 PM,04:49:59 PM,0
2110312,,ADELSDAL,0,1730235043,1730235043,04:50:43 PM,04:50:43 PM,0
2110312,,ADELOSG2,0,1730235084,1730235084,04:51:24 PM,04:51:24 PM,0
2110312,,ADELOSG6,0,1730235150,1730235150,04:52:30 PM,04:52:30 PM,0
2110312,,ADELOSG4,0,1730235187,1730235187,04:53:07 PM,04:53:07 PM,0
2110312,,BRADADE2,0,1730235225,1730235225,04:53:45 PM,04:53:45 PM,0
2110312,,BRADADE4,0,1730235279,1730235279,04:54:39 PM,04:54:39 PM,0
2110312,,BRADAGN2,0,1730235322,1730235322,04:55:22 PM,04:55:22 PM,0
2110312,,BRADWIL4,0,1730235356,1730235356,04:55:56 PM,04:55:56 PM,0
2110312,,BRADDEAR,0,1730235394,1730235394,04:56:34 PM,04:56:34 PM,0
2110312,,WELLBRA2,0,1730235431,1730235431,04:57:11 PM,04:57:11 PM,0
2110312,,WHITOMA3,0,1730235480,1730235480,04:58:00 PM,04:58:00 PM,0
2110312,,WHITOMA3,0,1730236020,1730236020,05:07:00 PM,05:07:00 PM,0
2110312,,WELLBRA1,,,,,,
2110312,,WELLMON1,,,,,,
2110312,,WELLSDA5,,,,,,
2110312,,SOUTMONT,,,,,,
2110312,,SOUTVER2,0,1730236398,1730236398,05:13:18 PM,05:13:18 PM,0
2110312,,SOUTEAS2,0,1730236432,1730236432,05:13:52 PM,05:13:52 PM,0
2110312,,SOUTNIX2,0,1730236511,1730236511,05:15:11 PM,05:15:11 PM,0
2110312,,SOUTDUL2,0,1730236558,1730236558,05:15:58 PM,05:15:58 PM,0
2110312,,SOUTDUN2,0,1730236620,1730236620,05:17:00 PM,05:17:00 PM,0
2110312,,SOUTHOME,0,1730236720,1730236720,05:18:40 PM,05:18:40 PM,0
2110312,,SOUTWHA4,0,1730236773,1730236773,05:19:33 PM,05:19:33 PM,0
2110312,,SOUTWHA2,0,1730236819,1730236819,05:20:19 PM,05:20:19 PM,0
2110312,,SOUTNOD2,0,1730236888,1730236888,05:21:28 PM,05:21:28 PM,0
2110312,,SOUTNOD4,0,1730236925,1730236925,05:22:05 PM,05:22:05 PM,0
2110312,,SOUTAND2,0,1730237005,1730237005,05:23:25 PM,05:23:25 PM,0
2110312,,SOUTWON2,0,1730237083,1730237083,05:24:43 PM,05:24:43 PM,0
2110312,,WONDSDA1,0,1730237128,1730237128,05:25:28 PM,05:25:28 PM,0
2110312,,WONDPVA1,0,1730237188,1730237188,05:26:28 PM,05:26:28 PM,0
2110312,,WONDMMA3,0,1730237214,1730237214,05:26:54 PM,05:26:54 PM,0
2110312,,WONDMMA1,0,1730237253,1730237253,05:27:33 PM,05:27:33 PM,0
2110312,,WESTMAL6,0,1730237400,1730237400,05:30:00 PM,05:30:00 PM,0
2110312,,WONDVIS3,0,1730237477,1730237477,05:31:17 PM,05:31:17 PM,0
2110312,,WONDVIL1,0,1730237522,1730237522,05:32:02 PM,05:32:02 PM,0
2110312,,WONDCOM1,0,1730237590,1730237590,05:33:10 PM,05:33:10 PM,0
2110312,,WONDCOM3,0,1730237650,1730237650,05:34:10 PM,05:34:10 PM,0
2110312,,WONDTEE1,0,1730237742,1730237742,05:35:42 PM,05:35:42 PM,0
2110312,,WONDSPR1,0,1730237880,1730237880,05:38:00 PM,05:38:00 PM,0
2110312,,WONDRIV1,0,1730238142,1730238142,05:42:22 PM,05:42:22 PM,0
2110312,,WONDKIW1,0,1730238185,1730238185,05:43:05 PM,05:43:05 PM,0
2110312,,WONDOXF3,0,1730238262,1730238262,05:44:22 PM,05:44:22 PM,0
2110312,,WONDOXF1,0,1730238300,1730238300,05:45:00 PM,05:45:00 PM,0
2110312,,WONDFAR1,0,1730238354,1730238354,05:45:54 PM,05:45:54 PM,0
2110312,,WONDFAR3,0,1730238402,1730238402,05:46:42 PM,05:46:42 PM,0
2110312,,WONDBEA1,0,1730238475,1730238475,05:47:55 PM,05:47:55 PM,0
2110312,,SARNCAS1,0,1730238660,1730238660,05:51:00 PM,05:51:00 PM,0
2110312,,SARNCAS1,0,1730238660,1730238660,05:51:00 PM,05:51:00 PM,0
2110312,,SARNRIPP,0,1730238723,1730238723,05:52:03 PM,05:52:03 PM,0
2110312,,SARNCAS3,0,1730238795,1730238795,05:53:15 PM,05:53:15 PM,0
2110312,,SARNCOOM,0,1730238858,1730238858,05:54:18 PM,05:54:18 PM,0
2110312,,SARNWES1,0,1730238900,1730238900,05:55:00 PM,05:55:00 PM,0
2110312,,WESTPHA3,0,1730238993,1730238993,05:56:33 PM,05:56:33 PM,0
2110312,,ALUMHAL1,0,1730239187,1730239187,05:59:47 PM,05:59:47 PM,0
2110312,,DELAHALL,0,1730239440,1730239440,06:04:00 PM,06:04:00 PM,0
2110312,,UNIVHOS1,0,1730239595,1730239595,06:06:35 PM,06:06:35 PM,0
2110312,,PERTWIN1,0,1730239631,1730239631,06:07:11 PM,06:07:11 PM,0
2110312,,RICHWIN1,0,1730239723,1730239723,06:08:43 PM,06:08:43 PM,0
2110312,,RICHWEC1,0,1730239775,1730239775,06:09:35 PM,06:09:35 PM,0
2110312,,RICHCANT,0,1730239823,1730239823,06:10:23 PM,06:10:23 PM,0
2110312,,RICHSUNN,0,1730239906,1730239906,06:11:46 PM,06:11:46 PM,0
2110312,,MASOSTO4,0,1730240040,1730240040,06:14:00 PM,06:14:00 PM,0
2110368,,MASOSTO4,0,1730240700,1730240700,06:25:00 PM,06:25:00 PM,0
2110368,,RICHJACK,0,1730240771,1730240771,06:26:11 PM,06:26:11 PM,0
2110368,,RICHSHAV,0,1730240811,1730240811,06:26:51 PM,06:26:51 PM,0
2110368,,RICHWES2,0,1730240857,1730240857,06:27:37 PM,06:27:37 PM,0
2110368,,RICHWES4,0,1730240880,1730240880,06:28:00 PM,06:28:00 PM,0
2110368,,RICHWYND,0,1730240915,1730240915,06:28:35 PM,06:28:35 PM,0
2110368,,WINDRIC2,0,1730240989,1730240989,06:29:49 PM,06:29:49 PM,0
2110368,,PERTWIN2,0,1730241034,1730241034,06:30:34 PM,06:30:34 PM,0
2110368,,UNIVHOS2,0,1730241086,1730241086,06:31:26 PM,06:31:26 PM,0
2110368,,MIDDPERT,0,1730241225,1730241225,06:33:45 PM,06:33:45 PM,0
2110368,,NATSCI,0,1730241300,1730241300,06:35:00 PM,06:35:00 PM,0
2110368,,NATSCI,0,1730241300,1730241300,06:35:00 PM,06:35:00 PM,0
2110368,,WESTELG2,0,1730241457,1730241457,06:37:37 PM,06:37:37 PM,0
2110368,,WESTLAM2,0,1730241540,1730241540,06:39:00 PM,06:39:00 PM,0
2110368,,SARNWES2,0,1730241639,1730241639,06:40:39 PM,06:40:39 PM,0
2110368,,SARNBRES,0,1730241735,1730241735,06:42:15 PM,06:42:15 PM,0
2110368,,SARNSLEI,0,1730241830,1730241830,06:43:50 PM,06:43:50 PM,0
2110368,,SARNLEYT,0,1730241940,1730241940,06:45:40 PM,06:45:40 PM,0
2110368,,WONDSAR2,0,1730242080,1730242080,06:48:00 PM,06:48:00 PM,0
2110368,,WONDBEA2,0,1730242198,1730242198,06:49:58 PM,06:49:58 PM,0
2110368,,WONDFAR4,0,1730242253,1730242253,06:50:53 PM,06:50:53 PM,0
2110368,,WONDFAR2,0,1730242281,1730242281,06:51:21 PM,06:51:21 PM,0
2110368,,WONDOXF2,0,1730242320,1730242320,06:52:00 PM,06:52:00 PM,0
2110368,,WONDOXF4,0,1730242352,1730242352,06:52:32 PM,06:52:32 PM,0
2110368,,WONDKIW2,0,1730242390,1730242390,06:53:10 PM,06:53:10 PM,0
2110368,,WONDRIV2,0,1730242432,1730242432,06:53:52 PM,06:53:52 PM,0
2110368,,WONDSPRI,0,1730242606,1730242606,06:56:46 PM,06:56:46 PM,0
2110368,,WONDROSE,0,1730242653,1730242653,06:57:33 PM,06:57:33 PM,0
2110368,,WONDCOM2,0,1730242735,1730242735,06:58:55 PM,06:58:55 PM,0
2110368,,WONDVIL2,0,1730242765,1730242765,06:59:25 PM,06:59:25 PM,0
2110368,,WONDVIS4,0,1730242813,1730242813,07:00:13 PM,07:00:13 PM,0
2110368,,WESTMAL4,0,1730242860,1730242860,07:01:00 PM,07:01:00 PM,0
2110368,,VISCWON1,0,1730242913,1730242913,07:01:53 PM,07:01:53 PM,0
2110368,,VISCWON5,0,1730242943,1730242943,07:02:23 PM,07:02:23 PM,0
2110368,,WONDMMA4,0,1730243018,1730243018,07:03:38 PM,07:03:38 PM,0
2110368,,WONDMMA2,0,1730243063,1730243063,07:04:23 PM,07:04:23 PM,0
2110368,,WONDPVA2,0,1730243112,1730243112,07:05:12 PM,07:05:12 PM,0
2110368,,WONDPVA4,0,1730243148,1730243148,07:05:48 PM,07:05:48 PM,0
2110368,,SOUTWON1,0,1730243210,1730243210,07:06:50 PM,07:06:50 PM,0
2110368,,SOUTSING,0,1730243277,1730243277,07:07:57 PM,07:07:57 PM,0
2110368,,SOUTAND1,0,1730243340,1730243340,07:09:00 PM,07:09:00 PM,0
2110368,,SOUTSPRI,0,1730243375,1730243375,07:09:35 PM,07:09:35 PM,0
2110368,,SOUTNOD1,0,1730243412,1730243412,07:10:12 PM,07:10:12 PM,0
2110368,,SOUTNOD3,0,1730243439,1730243439,07:10:39 PM,07:10:39 PM,0
2110368,,SOUTWHA1,0,1730243502,1730243502,07:11:42 PM,07:11:42 PM,0
2110368,,SOUTWHA3,0,1730243526,1730243526,07:12:06 PM,07:12:06 PM,0
2110368,,SOUTWHOK,0,1730243583,1730243583,07:13:03 PM,07:13:03 PM,0
2110368,,SOUTJAL1,0,1730243678,1730243678,07:14:38 PM,07:14:38 PM,0
2110368,,SOUTDUL1,0,1730243707,1730243707,07:15:07 PM,07:15:07 PM,0
2110368,,SOUTNIX1,0,1730243742,1730243742,07:15:42 PM,07:15:42 PM,0
2110368,,SOUTVER1,0,1730243828,1730243828,07:17:08 PM,07:17:08 PM,0
2110368,,WELLHARL,,,,,,
2110368,,WELLMON4,,,,,,
2110368,,WELLMON2,,,,,,
2110368,,WELLBRA2,0,1730244019,1730244019,07:20:19 PM,07:20:19 PM,0
2110368,,WHITOMA3,0,1730244060,1730244060,07:21:00 PM,07:21:00 PM,0
2110368,,WHITOMA3,0,1730244600,1730244600,07:30:00 PM,07:30:00 PM,0
2110368,,BRADWEL3,0,1730244741,1730244741,07:32:21 PM,07:32:21 PM,0
2110368,,BRADWIL1,0,1730244788,1730244788,07:33:08 PM,07:33:08 PM,0
2110368,,BRADAGN1,0,1730244814,1730244814,07:33:34 PM,07:33:34 PM,0
2110368,,BRADADE1,0,1730244864,1730244864,07:34:24 PM,07:34:24 PM,0
2110368,,BRADADE3,0,1730244917,1730244917,07:35:17 PM,07:35:17 PM,0
2110368,,ADELOSG5,0,1730244957,1730244957,07:35:57 PM,07:35:57 PM,0
2110368,,ADELOSG7,0,1730244999,1730244999,07:36:39 PM,07:36:39 PM,0
2110368,,ADELOSG3,0,1730245074,1730245074,07:37:54 PM,07:37:54 PM,0
2110368,,SOUTADE1,0,1730245126,1730245126,07:38:46 PM,07:38:46 PM,0
2110368,,SOUTMIL5,0,1730245154,1730245154,07:39:14 PM,07:39:14 PM,0
2110368,,SOUTMIL3,0,1730245193,1730245193,07:39:53 PM,07:39:53 PM,0
2110368,,SOUTMIL1,0,1730245260,1730245260,07:41:00 PM,07:41:00 PM,0
2110368,,SOUTKOR1,0,1730245308,1730245308,07:41:48 PM,07:41:48 PM,0
2110368,,SOUTPOM1,0,1730245341,1730245341,07:42:21 PM,07:42:21 PM,0
2110368,,PONDPONV,0,1730245413,1730245413,07:43:33 PM,07:43:33 PM,0
2110368,,PONDMIR3,0,1730245446,1730245446,07:44:06 PM,07:44:06 PM,0
2110368,,PONDMIR1,0,1730245471,1730245471,07:44:31 PM,07:44:31 PM,0
2110368,,PONDDEV1,0,1730245515,1730245515,07:45:15 PM,07:45:15 PM,0
2110368,,PONDBAN1,0,1730245536,1730245536,07:45:36 PM,07:45:36 PM,0
2110368,,PONDOLDH,0,1730245594,1730245594,07:46:34 PM,07:46:34 PM,0
2110368,,COMMPOM3,0,1730245642,1730245642,07:47:22 PM,07:47:22 PM,0
2110368,,COMMDEV1,0,1730245680,1730245680,07:48:00 PM,07:48:00 PM,0
2110368,,COMMHIG1,0,1730245724,1730245724,07:48:44 PM,07:48:44 PM,0
2110368,,HIGBHAM1,0,1730245926,1730245926,07:52:06 PM,07:52:06 PM,0
2110368,,HIGBMAGE,0,1730245945,1730245945,07:52:25 PM,07:52:25 PM,0
2110368,,HIGBTRA1,0,1730245986,1730245986,07:53:06 PM,07:53:06 PM,0
2110368,,HIGBBRY1,0,1730246040,1730246040,07:54:00 PM,07:54:00 PM,0
2110368,,HIGBWIL1,0,1730246107,1730246107,07:55:07 PM,07:55:07 PM,0
2110368,,HIGBBEA1,0,1730246173,1730246173,07:56:13 PM,07:56:13 PM,0
2110368,,HIGBDUN1,0,1730246280,1730246280,07:58:00 PM,07:58:00 PM,0
2110368,,HIGBLPH1,,,,,,
2110368,,HIGBOXF1,,,,,,
2110368,,HIGBOXF3,,,,,,
2110368,,HIGBLAN1,0,1730246536,1730246536,08:02:16 PM,08:02:16 PM,0
2110368,,HIGBCHE1,0,1730246571,1730246571,08:02:51 PM,08:02:51 PM,0
2110368,,HIGBGOD1,0,1730246609,1730246609,08:03:29 PM,08:03:29 PM,0
2110368,,HIGBHURO,0,1730246655,1730246655,08:04:15 PM,08:04:15 PM,0
2110368,,HIGBHIC1,0,1730246697,1730246697,08:04:57 PM,08:04:57 PM,0
2110368,,HIGBFUL1,0,1730246726,1730246726,08:05:26 PM,08:05:26 PM,0
2110368,,FULLVES2,0,1730246792,1730246792,08:06:32 PM,08:06:32 PM,0
2110368,,FULLREGA,0,1730246829,1730246829,08:07:09 PM,08:07:09 PM,0
2110368,,MCNAMEL2,0,1730246871,1730246871,08:07:51 PM,08:07:51 PM,0
2110368,,MELSBRIA,0,1730246898,1730246898,08:08:18 PM,08:08:18 PM,0
2110368,,MELSSUSS,0,1730246945,1730246945,08:09:05 PM,08:09:05 PM,0
2110368,,BARKHURO,0,1730247000,1730247000,08:10:00 PM,08:10:00 PM,0
2110321,,BARKHURO,0,1730247000,1730247000,08:10:00 PM,08:10:00 PM,0
2110321,,HUROBRI3,0,1730247077,1730247077,08:11:17 PM,08:11:17 PM,0
2110321,,HUROBRI1,0,1730247101,1730247101,08:11:41 PM,08:11:41 PM,0
2110321,,HUROMCN1,0,1730247145,1730247145,08:12:25 PM,08:12:25 PM,0
2110321,,HUROVES1,0,1730247183,1730247183,08:13:03 PM,08:13:03 PM,0
2110321,,HUROHIG1,0,1730247240,1730247240,08:14:00 PM,08:14:00 PM,0
2110321,,HIGBGOD2,0,1730247345,1730247345,08:15:45 PM,08:15:45 PM,0
2110321,,HIGBCHE2,0,1730247404,1730247404,08:16:44 PM,08:16:44 PM,0
2110321,,HIGBLAN2,0,1730247431,1730247431,08:17:11 PM,08:17:11 PM,0
2110321,,HIGBOXF4,,,,,,
2110321,,HIGBOXF2,,,,,,
2110321,,HIGBLPH2,,,,,,
2110321,,HIGBDUN2,0,1730247660,1730247660,08:21:00 PM,08:21:00 PM,0
2110321,,HIGBBEA2,0,1730247722,1730247722,08:22:02 PM,08:22:02 PM,0
2110321,,HIGBWIL2,0,1730247778,1730247778,08:22:58 PM,08:22:58 PM,0
2110321,,HIGBBRY2,0,1730247840,1730247840,08:24:00 PM,08:24:00 PM,0
2110321,,HIGBTRA2,0,1730247906,1730247906,08:25:06 PM,08:25:06 PM,0
2110321,,HIGBCALV,0,1730247965,1730247965,08:26:05 PM,08:26:05 PM,0
2110321,,HIGBHAM2,0,1730247987,1730247987,08:26:27 PM,08:26:27 PM,0
2110321,,COMMDEV6,0,1730248293,1730248293,08:31:33 PM,08:31:33 PM,0
2110321,,COMMDEV2,0,1730248320,1730248320,08:32:00 PM,08:32:00 PM,0
2110321,,PONDDEV2,0,1730248382,1730248382,08:33:02 PM,08:33:02 PM,0
2110321,,PONDBAN2,0,1730248423,1730248423,08:33:43 PM,08:33:43 PM,0
2110321,,PONDDEV4,0,1730248455,1730248455,08:34:15 PM,08:34:15 PM,0
2110321,,PONDMIR4,0,1730248492,1730248492,08:34:52 PM,08:34:52 PM,0
2110321,,PONDMIR2,0,1730248526,1730248526,08:35:26 PM,08:35:26 PM,0
2110321,,PONDMILL,0,1730248544,1730248544,08:35:44 PM,08:35:44 PM,0
2110321,,SOUTPOM2,0,1730248605,1730248605,08:36:45 PM,08:36:45 PM,0
2110321,,SOUTKOR2,0,1730248643,1730248643,08:37:23 PM,08:37:23 PM,0
2110321,,SOUTMIL2,0,1730248680,1730248680,08:38:00 PM,08:38:00 PM,0
2110321,,SOUTMIL4,0,1730248740,1730248740,08:39:00 PM,08:39:00 PM,0
2110321,,SOUTMIL6,0,1730248775,1730248775,08:39:35 PM,08:39:35 PM,0
2110321,,ADELSDAL,0,1730248810,1730248810,08:40:10 PM,08:40:10 PM,0
2110321,,ADELOSG2,0,1730248843,1730248843,08:40:43 PM,08:40:43 PM,0
2110321,,ADELOSG6,0,1730248896,1730248896,08:41:36 PM,08:41:36 PM,0
2110321,,ADELOSG4,0,1730248926,1730248926,08:42:06 PM,08:42:06 PM,0
2110321,,BRADADE2,0,1730248957,1730248957,08:42:37 PM,08:42:37 PM,0
2110321,,BRADADE4,0,1730249000,1730249000,08:43:20 PM,08:43:20 PM,0
2110321,,BRADAGN2,0,1730249034,1730249034,08:43:54 PM,08:43:54 PM,0
2110321,,BRADWIL4,0,1730249061,1730249061,08:44:21 PM,08:44:21 PM,0
2110321,,BRADDEAR,0,1730249092,1730249092,08:44:52 PM,08:44:52 PM,0
2110321,,WELLBRA2,0,1730249121,1730249121,08:45:21 PM,08:45:21 PM,0
2110321,,WHITOMA3,0,1730249160,1730249160,08:46:00 PM,08:46:00 PM,0
2110321,,WHITOMA3,0,1730249460,1730249460,08:51:00 PM,08:51:00 PM,0
2110321,,WELLBRA1,,,,,,
2110321,,WELLMON1,,,,,,
2110321,,WELLSDA5,,,,,,
2110321,,SOUTMONT,,,,,,
2110321,,SOUTVER2,0,1730249801,1730249801,08:56:41 PM,08:56:41 PM,0
2110321,,SOUTEAS2,0,1730249831,1730249831,08:57:11 PM,08:57:11 PM,0
2110321,,SOUTNIX2,0,1730249902,1730249902,08:58:22 PM,08:58:22 PM,0
2110321,,SOUTDUL2,0,1730249945,1730249945,08:59:05 PM,08:59:05 PM,0
2110321,,SOUTDUN2,0,1730250000,1730250000,09:00:00 PM,09:00:00 PM,0
2110321,,SOUTHOME,0,1730250100,1730250100,09:01:40 PM,09:01:40 PM,0
2110321,,SOUTWHA4,0,1730250153,1730250153,09:02:33 PM,09:02:33 PM,0
2110321,,SOUTWHA2,0,1730250199,1730250199,09:03:19 PM,09:03:19 PM,0
2110321,,SOUTNOD2,0,1730250268,1730250268,09:04:28 PM,09:04:28 PM,0
2110321,,SOUTNOD4,0,1730250305,1730250305,09:05:05 PM,09:05:05 PM,0
2110321,,SOUTAND2,0,1730250385,1730250385,09:06:25 PM,09:06:25 PM,0
2110321,,SOUTWON2,0,1730250463,1730250463,09:07:43 PM,09:07:43 PM,0
2110321,,WONDSDA1,0,1730250508,1730250508,09:08:28 PM,09:08:28 PM,0
2110321,,WONDPVA1,0,1730250568,1730250568,09:09:28 PM,09:09:28 PM,0
2110321,,WONDMMA3,0,1730250594,1730250594,09:09:54 PM,09:09:54 PM,0
2110321,,WONDMMA1,0,1730250633,1730250633,09:10:33 PM,09:10:33 PM,0
2110321,,WESTMAL6,0,1730250780,1730250780,09:13:00 PM,09:13:00 PM,0
2110321,,WONDVIS3,0,1730250837,1730250837,09:13:57 PM,09:13:57 PM,0
2110321,,WONDVIL1,0,1730250870,1730250870,09:14:30 PM,09:14:30 PM,0
2110321,,WONDCOM1,0,1730250921,1730250921,09:15:21 PM,09:15:21 PM,0
2110321,,WONDCOM3,0,1730250966,1730250966,09:16:06 PM,09:16:06 PM,0
2110321,,WONDTEE1,0,1730251035,1730251035,09:17:15 PM,09:17:15 PM,0
2110321,,WONDSPR1,0,1730251140,1730251140,09:19:00 PM,09:19:00 PM,0
2110321,,WONDRIV1,0,1730251327,1730251327,09:22:07 PM,09:22:07 PM,0
2110321,,WONDKIW1,0,1730251358,1730251358,09:22:38 PM,09:22:38 PM,0
2110321,,WONDOXF3,0,1730251413,1730251413,09:23:33 PM,09:23:33 PM,0
2110321,,WONDOXF1,0,1730251440,1730251440,09:24:00 PM,09:24:00 PM,0
2110321,,WONDFAR1,0,1730251485,1730251485,09:24:45 PM,09:24:45 PM,0
2110321,,WONDFAR3,0,1730251525,1730251525,09:25:25 PM,09:25:25 PM,0
2110321,,WONDBEA1,0,1730251585,1730251585,09:26:25 PM,09:26:25 PM,0
2110321,,SARNCAS1,0,1730251740,1730251740,09:29:00 PM,09:29:00 PM,0
2110321,,SARNCAS1,0,1730251740,1730251740,09:29:00 PM,09:29:00 PM,0
2110321,,SARNRIPP,0,1730251819,1730251819,09:30:19 PM,09:30:19 PM,0
2110321,,SARNCAS3,0,1730251909,1730251909,09:31:49 PM,09:31:49 PM,0
2110321,,SARNCOOM,0,1730251988,1730251988,09:33:08 PM,09:33:08 PM,0
2110321,,SARNWES1,0,1730252040,1730252040,09:34:00 PM,09:34:00 PM,0
2110321,,WESTPHA3,0,1730252112,1730252112,09:35:12 PM,09:35:12 PM,0
2110321,,ALUMHAL1,0,1730252263,1730252263,09:37:43 PM,09:37:43 PM,0
2110321,,DELAHALL,0,1730252460,1730252460,09:41:00 PM,09:41:00 PM,0
2110321,,UNIVHOS1,0,1730252568,1730252568,09:42:48 PM,09:42:48 PM,0
2110321,,PERTWIN1,0,1730252593,1730252593,09:43:13 PM,09:43:13 PM,0
2110321,,RICHWIN1,0,1730252657,1730252657,09:44:17 PM,09:44:17 PM,0
2110321,,RICHWEC1,0,1730252693,1730252693,09:44:53 PM,09:44:53 PM,0
2110321,,RICHCANT,0,1730252727,1730252727,09:45:27 PM,09:45:27 PM,0
2110321,,RICHSUNN,0,1730252785,1730252785,09:46:25 PM,09:46:25 PM,0
2110321,,MASOSTO4,0,1730252880,1730252880,09:48:00 PM,09:48:00 PM,0
2110378,,MASOSTO4,0,1730252880,1730252880,09:48:00 PM,09:48:00 PM,0
2110378,,RICHJACK,0,1730252936,1730252936,09:48:56 PM,09:48:56 PM,0
2110378,,RICHSHAV,0,1730252968,1730252968,09:49:28 PM,09:49:28 PM,0
2110378,,RICHWES2,0,1730253005,1730253005,09:50:05 PM,09:50:05 PM,0
2110378,,RICHWES4,0,1730253023,1730253023,09:50:23 PM,09:50:23 PM,0
2110378,,RICHWYND,0,1730253051,1730253051,09:50:51 PM,09:50:51 PM,0
2110378,,WINDRIC2,0,1730253110,1730253110,09:51:50 PM,09:51:50 PM,0
2110378,,PERTWIN2,0,1730253146,1730253146,09:52:26 PM,09:52:26 PM,0
2110378,,UNIVHOS2,0,1730253188,1730253188,09:53:08 PM,09:53:08 PM,0
2110378,,MIDDPERT,0,1730253299,1730253299,09:54:59 PM,09:54:59 PM,0
2110378,,NATSCI,0,1730253360,1730253360,09:56:00 PM,09:56:00 PM,0
2110378,,NATSCI,0,1730253360,1730253360,09:56:00 PM,09:56:00 PM,0
2110378,,WESTELG2,0,1730253478,1730253478,09:57:58 PM,09:57:58 PM,0
2110378,,WESTLAM2,0,1730253540,1730253540,09:59:00 PM,09:59:00 PM,0
2110378,,SARNWES2,0,1730253617,1730253617,10:00:17 PM,10:00:17 PM,0
2110378,,SARNBRES,0,1730253692,1730253692,10:01:32 PM,10:01:32 PM,0
2110378,,SARNSLEI,0,1730253766,1730253766,10:02:46 PM,10:02:46 PM,0
2110378,,SARNLEYT,0,1730253852,1730253852,10:04:12 PM,10:04:12 PM,0
2110378,,WONDSAR2,0,1730253960,1730253960,10:06:00 PM,10:06:00 PM,0
2110378,,WONDBEA2,0,1730254048,1730254048,10:07:28 PM,10:07:28 PM,0
2110378,,WONDFAR4,0,1730254089,1730254089,10:08:09 PM,10:08:09 PM,0
2110378,,WONDFAR2,0,1730254110,1730254110,10:08:30 PM,10:08:30 PM,0
2110378,,WONDOXF2,0,1730254140,1730254140,10:09:00 PM,10:09:00 PM,0
2110378,,WONDOXF4,0,1730254172,1730254172,10:09:32 PM,10:09:32 PM,0
2110378,,WONDKIW2,0,1730254210,1730254210,10:10:10 PM,10:10:10 PM,0
2110378,,WONDRIV2,0,1730254252,1730254252,10:10:52 PM,10:10:52 PM,0
2110378,,WONDSPRI,0,1730254426,1730254426,10:13:46 PM,10:13:46 PM,0
2110378,,WONDROSE,0,1730254473,1730254473,10:14:33 PM,10:14:33 PM,0
2110378,,WONDCOM2,0,1730254555,1730254555,10:15:55 PM,10:15:55 PM,0
2110378,,WONDVIL2,0,1730254585,1730254585,10:16:25 PM,10:16:25 PM,0
2110378,,WONDVIS4,0,1730254633,1730254633,10:17:13 PM,10:17:13 PM,0
2110378,,WESTMAL4,0,1730254680,1730254680,10:18:00 PM,10:18:00 PM,0
2110378,,VISCWON1,0,1730254727,1730254727,10:18:47 PM,10:18:47 PM,0
2110378,,VISCWON5,0,1730254754,1730254754,10:19:14 PM,10:19:14 PM,0
2110378,,WONDMMA4,0,1730254820,1730254820,10:20:20 PM,10:20:20 PM,0
2110378,,WONDMMA2,0,1730254859,1730254859,10:20:59 PM,10:20:59 PM,0
2110378,,WONDPVA2,0,1730254902,1730254902,10:21:42 PM,10:21:42 PM,0
2110378,,WONDPVA4,0,1730254934,1730254934,10:22:14 PM,10:22:14 PM,0
2110378,,SOUTWON1,0,1730254989,1730254989,10:23:09 PM,10:23:09 PM,0
2110378,,SOUTSING,0,1730255047,1730255047,10:24:07 PM,10:24:07 PM,0
2110378,,SOUTAND1,0,1730255100,1730255100,10:25:00 PM,10:25:00 PM,0
2110378,,SOUTSPRI,0,1730255129,1730255129,10:25:29 PM,10:25:29 PM,0
2110378,,SOUTNOD1,0,1730255160,1730255160,10:26:00 PM,10:26:00 PM,0
2110378,,SOUTNOD3,0,1730255182,1730255182,10:26:22 PM,10:26:22 PM,0
2110378,,SOUTWHA1,0,1730255234,1730255234,10:27:14 PM,10:27:14 PM,0
2110378,,SOUTWHA3,0,1730255254,1730255254,10:27:34 PM,10:27:34 PM,0
2110378,,SOUTWHOK,0,1730255302,1730255302,10:28:22 PM,10:28:22 PM,0
2110378,,SOUTJAL1,0,1730255381,1730255381,10:29:41 PM,10:29:41 PM,0
2110378,,SOUTDUL1,0,1730255405,1730255405,10:30:05 PM,10:30:05 PM,0
2110378,,SOUTNIX1,0,1730255434,1730255434,10:30:34 PM,10:30:34 PM,0
2110378,,SOUTVER1,0,1730255506,1730255506,10:31:46 PM,10:31:46 PM,0
2110378,,WELLHARL,,,,,,
2110378,,WELLMON4,,,,,,
2110378,,WELLMON2,,,,,,
2110378,,WELLBRA2,0,1730255664,1730255664,10:34:24 PM,10:34:24 PM,0
2110378,,WHITOMA3,0,1730255700,1730255700,10:35:00 PM,10:35:00 PM,0
2110378,,WHITOMA3,0,1730255700,1730255700,10:35:00 PM,10:35:00 PM,0
2110378,,BRADWEL3,0,1730255815,1730255815,10:36:55 PM,10:36:55 PM,0
2110378,,BRADWIL1,0,1730255854,1730255854,10:37:34 PM,10:37:34 PM,0
2110378,,BRADAGN1,0,1730255875,1730255875,10:37:55 PM,10:37:55 PM,0
2110378,,BRADADE1,0,1730255916,1730255916,10:38:36 PM,10:38:36 PM,0
2110378,,BRADADE3,0,1730255959,1730255959,10:39:19 PM,10:39:19 PM,0
2110378,,ADELOSG5,0,1730255991,1730255991,10:39:51 PM,10:39:51 PM,0
2110378,,ADELOSG7,0,1730256026,1730256026,10:40:26 PM,10:40:26 PM,0
2110378,,ADELOSG3,0,1730256088,1730256088,10:41:28 PM,10:41:28 PM,0
2110378,,SOUTADE1,0,1730256131,1730256131,10:42:11 PM,10:42:11 PM,0
2110378,,SOUTMIL5,0,1730256153,1730256153,10:42:33 PM,10:42:33 PM,0
2110378,,SOUTMIL3,0,1730256185,1730256185,10:43:05 PM,10:43:05 PM,0
2110378,,SOUTMIL1,0,1730256240,1730256240,10:44:00 PM,10:44:00 PM,0
2110378,,SOUTKOR1,0,1730256281,1730256281,10:44:41 PM,10:44:41 PM,0
2110378,,SOUTPOM1,0,1730256309,1730256309,10:45:09 PM,10:45:09 PM,0
2110378,,PONDPONV,0,1730256371,1730256371,10:46:11 PM,10:46:11 PM,0
2110378,,PONDMIR3,0,1730256399,1730256399,10:46:39 PM,10:46:39 PM,0
2110378,,PONDMIR1,0,1730256420,1730256420,10:47:00 PM,10:47:00 PM,0
2110378,,PONDDEV1,0,1730256458,1730256458,10:47:38 PM,10:47:38 PM,0
2110378,,PONDBAN1,0,1730256476,1730256476,10:47:56 PM,10:47:56 PM,0
2110378,,PONDOLDH,0,1730256526,1730256526,10:48:46 PM,10:48:46 PM,0
2110378,,COMMPOM3,0,1730256567,1730256567,10:49:27 PM,10:49:27 PM,0
2110378,,COMMDEV1,0,1730256600,1730256600,10:50:00 PM,10:50:00 PM,0
2110378,,COMMHIG1,0,1730256644,1730256644,10:50:44 PM,10:50:44 PM,0
2110378,,HIGBHAM1,0,1730256846,1730256846,10:54:06 PM,10:54:06 PM,0
2110378,,HIGBMAGE,0,1730256865,1730256865,10:54:25 PM,10:54:25 PM,0
2110378,,HIGBTRA1,0,1730256906,1730256906,10:55:06 PM,10:55:06 PM,0
2110378,,HIGBBRY1,0,1730256960,1730256960,10:56:00 PM,10:56:00 PM,0
2110378,,HIGBWIL1,0,1730256993,1730256993,10:56:33 PM,10:56:33 PM,0
2110378,,HIGBBEA1,0,1730257026,1730257026,10:57:06 PM,10:57:06 PM,0
2110378,,HIGBDUN1,0,1730257080,1730257080,10:58:00 PM,10:58:00 PM,0
2110378,,HIGBLPH1,,,,,,
2110378,,HIGBOXF1,,,,,,
2110378,,HIGBOXF3,,,,,,
2110378,,HIGBLAN1,0,1730257314,1730257314,11:01:54 PM,11:01:54 PM,0
2110378,,HIGBCHE1,0,1730257346,1730257346,11:02:26 PM,11:02:26 PM,0
2110378,,HIGBGOD1,0,1730257381,1730257381,11:03:01 PM,11:03:01 PM,0
2110378,,HIGBHURO,0,1730257423,1730257423,11:03:43 PM,11:03:43 PM,0
2110378,,HIGBHIC1,0,1730257462,1730257462,11:04:22 PM,11:04:22 PM,0
2110378,,HIGBFUL1,0,1730257488,1730257488,11:04:48 PM,11:04:48 PM,0
2110378,,FULLVES2,0,1730257549,1730257549,11:05:49 PM,11:05:49 PM,0
2110378,,FULLREGA,0,1730257583,1730257583,11:06:23 PM,11:06:23 PM,0
2110378,,MCNAMEL2,0,1730257622,1730257622,11:07:02 PM,11:07:02 PM,0
2110378,,MELSBRIA,0,1730257647,1730257647,11:07:27 PM,11:07:27 PM,0
2110378,,MELSSUSS,0,1730257690,1730257690,11:08:10 PM,11:08:10 PM,0
2110378,,BARKHURO,0,1730257740,1730257740,11:09:00 PM,11:09:00 PM,0
2110326,,BARKHURO,0,1730257740,1730257740,11:09:00 PM,11:09:00 PM,0
2110326,,HUROBRI3,0,1730257820,1730257820,11:10:20 PM,11:10:20 PM,0
2110326,,HUROBRI1,0,1730257844,1730257844,11:10:44 PM,11:10:44 PM,0
2110326,,HUROMCN1,0,1730257887,1730257887,11:11:27 PM,11:11:27 PM,0
2110326,,HUROVES1,0,1730257924,1730257924,11:12:04 PM,11:12:04 PM,0
2110326,,HUROHIG1,0,1730257980,1730257980,11:13:00 PM,11:13:00 PM,0
2110326,,HIGBGOD2,0,1730258064,1730258064,11:14:24 PM,11:14:24 PM,0
2110326,,HIGBCHE2,0,1730258111,1730258111,11:15:11 PM,11:15:11 PM,0
2110326,,HIGBLAN2,0,1730258132,1730258132,11:15:32 PM,11:15:32 PM,0
2110326,,HIGBOXF4,,,,,,
2110326,,HIGBOXF2,,,,,,
2110326,,HIGBLPH2,,,,,,
2110326,,HIGBDUN2,0,1730258340,1730258340,11:19:00 PM,11:19:00 PM,0
2110326,,HIGBBEA2,0,1730258381,1730258381,11:19:41 PM,11:19:41 PM,0
2110326,,HIGBWIL2,0,1730258418,1730258418,11:20:18 PM,11:20:18 PM,0
2110326,,HIGBBRY2,0,1730258460,1730258460,11:21:00 PM,11:21:00 PM,0
2110326,,HIGBTRA2,0,1730258517,1730258517,11:21:57 PM,11:21:57 PM,0
2110326,,HIGBCALV,0,1730258568,1730258568,11:22:48 PM,11:22:48 PM,0
2110326,,HIGBHAM2,0,1730258588,1730258588,11:23:08 PM,11:23:08 PM,0
2110326,,COMMDEV6,0,1730258855,1730258855,11:27:35 PM,11:27:35 PM,0
2110326,,COMMDEV2,0,1730258880,1730258880,11:28:00 PM,11:28:00 PM,0
2110326,,PONDDEV2,0,1730258932,1730258932,11:28:52 PM,11:28:52 PM,0
2110326,,PONDBAN2,0,1730258966,1730258966,11:29:26 PM,11:29:26 PM,0
2110326,,PONDDEV4,0,1730258993,1730258993,11:29:53 PM,11:29:53 PM,0
2110326,,PONDMIR4,0,1730259024,1730259024,11:30:24 PM,11:30:24 PM,0
2110326,,PONDMIR2,0,1730259053,1730259053,11:30:53 PM,11:30:53 PM,0
2110326,,PONDMILL,0,1730259068,1730259068,11:31:08 PM,11:31:08 PM,0
2110326,,SOUTPOM2,0,1730259119,1730259119,11:31:59 PM,11:31:59 PM,0
2110326,,SOUTKOR2,0,1730259151,1730259151,11:32:31 PM,11:32:31 PM,0
2110326,,SOUTMIL2,0,1730259180,1730259180,11:33:00 PM,11:33:00 PM,0
2110326,,SOUTMIL4,0,1730259232,1730259232,11:33:52 PM,11:33:52 PM,0
2110326,,SOUTMIL6,0,1730259263,1730259263,11:34:23 PM,11:34:23 PM,0
2110326,,ADELSDAL,0,1730259294,1730259294,11:34:54 PM,11:34:54 PM,0
2110326,,ADELOSG2,0,1730259322,1730259322,11:35:22 PM,11:35:22 PM,0
2110326,,ADELOSG6,0,1730259368,1730259368,11:36:08 PM,11:36:08 PM,0
2110326,,ADELOSG4,0,1730259394,1730259394,11:36:34 PM,11:36:34 PM,0
2110326,,BRADADE2,0,1730259421,1730259421,11:37:01 PM,11:37:01 PM,0
2110326,,BRADADE4,0,1730259459,1730259459,11:37:39 PM,11:37:39 PM,0
2110326,,BRADAGN2,0,1730259489,1730259489,11:38:09 PM,11:38:09 PM,0
2110326,,BRADWIL4,0,1730259513,1730259513,11:38:33 PM,11:38:33 PM,0
2110326,,BRADDEAR,0,1730259540,1730259540,11:39:00 PM,11:39:00 PM,0
2110326,,WELLBRA2,0,1730259566,1730259566,11:39:26 PM,11:39:26 PM,0
2110326,,WHITOMA3,0,1730259600,1730259600,11:40:00 PM,11:40:00 PM,0
2110326,,WHITOMA3,0,1730259900,1730259900,11:45:00 PM,11:45:00 PM,0
2110326,,WELLBRA1,,,,,,
2110326,,WELLMON1,,,,,,
2110326,,WELLSDA5,,,,,,
2110326,,SOUTMONT,,,,,,
2110326,,SOUTVER2,0,1730260203,1730260203,11:50:03 PM,11:50:03 PM,0
2110326,,SOUTEAS2,0,1730260230,1730260230,11:50:30 PM,11:50:30 PM,0
2110326,,SOUTNIX2,0,1730260293,1730260293,11:51:33 PM,11:51:33 PM,0
2110326,,SOUTDUL2,0,1730260331,1730260331,11:52:11 PM,11:52:11 PM,0
2110326,,SOUTDUN2,0,1730260380,1730260380,11:53:00 PM,11:53:00 PM,0
2110326,,SOUTHOME,0,1730260464,1730260464,11:54:24 PM,11:54:24 PM,0
2110326,,SOUTWHA4,0,1730260509,1730260509,11:55:09 PM,11:55:09 PM,0
2110326,,SOUTWHA2,0,1730260548,1730260548,11:55:48 PM,11:55:48 PM,0
2110326,,SOUTNOD2,0,1730260606,1730260606,11:56:46 PM,11:56:46 PM,0
2110326,,SOUTNOD4,0,1730260638,1730260638,11:57:18 PM,11:57:18 PM,0
2110326,,SOUTAND2,0,1730260706,1730260706,11:58:26 PM,11:58:26 PM,0
2110326,,SOUTWON2,0,1730260772,1730260772,11:59:32 PM,11:59:32 PM,0
2110326,,WONDSDA1,0,1730260810,1730260810,12:00:10 AM,12:00:10 AM,0
2110326,,WONDPVA1,0,1730260860,1730260860,12:01:00 AM,12:01:00 AM,0
2110326,,WONDMMA3,0,1730260882,1730260882,12:01:22 AM,12:01:22 AM,0
2110326,,WONDMMA1,0,1730260915,1730260915,12:01:55 AM,12:01:55 AM,0
2110326,,WESTMAL6,0,1730261040,1730261040,12:04:00 AM,12:04:00 AM,0
2110326,,WONDVIS3,0,1730261088,1730261088,12:04:48 AM,12:04:48 AM,0
2110326,,WONDVIL1,0,1730261116,1730261116,12:05:16 AM,12:05:16 AM,0
2110326,,WONDCOM1,0,1730261158,1730261158,12:05:58 AM,12:05:58 AM,0
2110326,,WONDCOM3,0,1730261195,1730261195,12:06:35 AM,12:06:35 AM,0
2110326,,WONDTEE1,0,1730261252,1730261252,12:07:32 AM,12:07:32 AM,0
2110326,,WONDSPR1,0,1730261340,1730261340,12:09:00 AM,12:09:00 AM,0
2110326,,WONDRIV1,0,1730261490,1730261490,12:11:30 AM,12:11:30 AM,0
2110326,,WONDKIW1,0,1730261515,1730261515,12:11:55 AM,12:11:55 AM,0
2110326,,WONDOXF3,0,1730261559,1730261559,12:12:39 AM,12:12:39 AM,0
2110326,,WONDOXF1,0,1730261580,1730261580,12:13:00 AM,12:13:00 AM,0
2110326,,WONDFAR1,0,1730261616,1730261616,12:13:36 AM,12:13:36 AM,0
2110326,,WONDFAR3,0,1730261648,1730261648,12:14:08 AM,12:14:08 AM,0
2110326,,WONDBEA1,0,1730261696,1730261696,12:14:56 AM,12:14:56 AM,0
2110326,,SARNCAS1,0,1730261820,1730261820,12:17:00 AM,12:17:00 AM,0
2110326,,SARNCAS1,0,1730261820,1730261820,12:17:00 AM,12:17:00 AM,0
2110326,,SARNRIPP,0,1730261867,1730261867,12:17:47 AM,12:17:47 AM,0
2110326,,SARNCAS3,0,1730261921,1730261921,12:18:41 AM,12:18:41 AM,0
2110326,,SARNCOOM,0,1730261968,1730261968,12:19:28 AM,12:19:28 AM,0
2110326,,SARNWES1,0,1730262000,1730262000,12:20:00 AM,12:20:00 AM,0
2110326,,WESTPHA3,0,1730262057,1730262057,12:20:57 AM,12:20:57 AM,0
2110326,,ALUMHAL1,0,1730262175,1730262175,12:22:55 AM,12:22:55 AM,0
2110326,,MIDDPERT,0,1730262320,1730262320,12:25:20 AM,12:25:20 AM,0
2110326,,NATSCI,0,1730262420,1730262420,12:27:00 AM,12:27:00 AM,0
2110383,,NATSCI,0,1730262420,1730262420,12:27:00 AM,12:27:00 AM,0
2110383,,WESTELG2,0,1730262538,1730262538,12:28:58 AM,12:28:58 AM,0
2110383,,WESTLAM2,0,1730262600,1730262600,12:30:00 AM,12:30:00 AM,0
2110383,,SARNWES2,0,1730262677,1730262677,12:31:17 AM,12:31:17 AM,0
2110383,,SARNBRES,0,1730262752,1730262752,12:32:32 AM,12:32:32 AM,0
2110383,,SARNSLEI,0,1730262826,1730262826,12:33:46 AM,12:33:46 AM,0
2110383,,SARNLEYT,0,1730262912,1730262912,12:35:12 AM,12:35:12 AM,0
2110383,,WONDSAR2,0,1730263020,1730263020,12:37:00 AM,12:37:00 AM,0
2110383,,WONDBEA2,0,1730263108,1730263108,12:38:28 AM,12:38:28 AM,0
2110383,,WONDFAR4,0,1730263149,1730263149,12:39:09 AM,12:39:09 AM,0
2110383,,WONDFAR2,0,1730263170,1730263170,12:39:30 AM,12:39:30 AM,0
2110383,,WONDOXF2,0,1730263200,1730263200,12:40:00 AM,12:40:00 AM,0
2110383,,WONDOXF4,0,1730263232,1730263232,12:40:32 AM,12:40:32 AM,0
2110383,,WONDKIW2,0,1730263270,1730263270,12:41:10 AM,12:41:10 AM,0
2110383,,WONDRIV2,0,1730263312,1730263312,12:41:52 AM,12:41:52 AM,0
2110383,,WONDSPRI,0,1730263486,1730263486,12:44:46 AM,12:44:46 AM,0
2110383,,WONDROSE,0,1730263533,1730263533,12:45:33 AM,12:45:33 AM,0
2110383,,WONDCOM2,0,1730263615,1730263615,12:46:55 AM,12:46:55 AM,0
2110383,,WONDVIL2,0,1730263645,1730263645,12:47:25 AM,12:47:25 AM,0
2110383,,WONDVIS4,0,1730263693,1730263693,12:48:13 AM,12:48:13 AM,0
2110383,,WESTMAL4,0,1730263740,1730263740,12:49:00 AM,12:49:00 AM,0
2110383,,VISCWON1,0,1730263787,1730263787,12:49:47 AM,12:49:47 AM,0
2110383,,VISCWON5,0,1730263814,1730263814,12:50:14 AM,12:50:14 AM,0
2110383,,WONDMMA4,0,1730263880,1730263880,12:51:20 AM,12:51:20 AM,0
2110383,,WONDMMA2,0,1730263919,1730263919,12:51:59 AM,12:51:59 AM,0
2110383,,WONDPVA2,0,1730263962,1730263962,12:52:42 AM,12:52:42 AM,0
2110383,,WONDPVA4,0,1730263994,1730263994,12:53:14 AM,12:53:14 AM,0
2110383,,SOUTWON1,0,1730264049,1730264049,12:54:09 AM,12:54:09 AM,0
2110383,,SOUTSING,0,1730264107,1730264107,12:55:07 AM,12:55:07 AM,0
2110383,,SOUTAND1,0,1730264160,1730264160,12:56:00 AM,12:56:00 AM,0
2110383,,SOUTSPRI,0,1730264189,1730264189,12:56:29 AM,12:56:29 AM,0
2110383,,SOUTNOD1,0,1730264220,1730264220,12:57:00 AM,12:57:00 AM,0
2110383,,SOUTNOD3,0,1730264242,1730264242,12:57:22 AM,12:57:22 AM,0
2110383,,SOUTWHA1,0,1730264294,1730264294,12:58:14 AM,12:58:14 AM,0
2110383,,SOUTWHA3,0,1730264314,1730264314,12:58:34 AM,12:58:34 AM,0
2110383,,SOUTWHOK,0,1730264362,1730264362,12:59:22 AM,12:59:22 AM,0
2110383,,SOUTJAL1,0,1730264441,1730264441,01:00:41 AM,01:00:41 AM,0
2110383,,SOUTDUL1,0,1730264465,1730264465,01:01:05 AM,01:01:05 AM,0
2110383,,SOUTNIX1,0,1730264494,1730264494,01:01:34 AM,01:01:34 AM,0
2110383,,SOUTVER1,0,1730264566,1730264566,01:02:46 AM,01:02:46 AM,0
2110383,,WELLHARL,,,,,,
2110383,,WELLMON4,,,,,,
2110383,,WELLMON2,,,,,,
2110383,,WELLBRA2,0,1730264724,1730264724,01:05:24 AM,01:05:24 AM,0
2110383,,WHITOMA3,0,1730264760,1730264760,01:06:00 AM,01:06:00 AM,0
2110383,,WHITOMA3,0,1730264760,1730264760,01:06:00 AM,01:06:00 AM,0
2110383,,BRADWEL3,0,1730264875,1730264875,01:07:55 AM,01:07:55 AM,0
2110383,,BRADWIL1,0,1730264914,1730264914,01:08:34 AM,01:08:34 AM,0
2110383,,BRADAGN1,0,1730264935,1730264935,01:08:55 AM,01:08:55 AM,0
2110383,,BRADADE1,0,1730264976,1730264976,01:09:36 AM,01:09:36 AM,0
2110383,,BRADADE3,0,1730265019,1730265019,01:10:19 AM,01:10:19 AM,0
2110383,,ADELOSG5,0,1730265051,1730265051,01:10:51 AM,01:10:51 AM,0
2110383,,ADELOSG7,0,1730265086,1730265086,01:11:26 AM,01:11:26 AM,0
2110383,,ADELOSG3,0,1730265148,1730265148,01:12:28 AM,01:12:28 AM,0
2110383,,SOUTADE1,0,1730265191,1730265191,01:13:11 AM,01:13:11 AM,0
2110383,,SOUTMIL5,0,1730265213,1730265213,01:13:33 AM,01:13:33 AM,0
2110383,,SOUTMIL3,0,1730265245,1730265245,01:14:05 AM,01:14:05 AM,0
2110383,,SOUTMIL1,0,1730265300,1730265300,01:15:00 AM,01:15:00 AM,0
2110383,,SOUTKOR1,0,1730265341,1730265341,01:15:41 AM,01:15:41 AM,0
2110383,,SOUTPOM1,0,1730265369,1730265369,01:16:09 AM,01:16:09 AM,0
2110383,,PONDPONV,0,1730265431,1730265431,01:17:11 AM,01:17:11 AM,0
2110383,,PONDMIR3,0,1730265459,1730265459,01:17:39 AM,01:17:39 AM,0
2110383,,PONDMIR1,0,1730265480,1730265480,01:18:00 AM,01:18:00 AM,0
2110383,,PONDDEV1,0,1730265518,1730265518,01:18:38 AM,01:18:38 AM,0
2110383,,PONDBAN1,0,1730265536,1730265536,01:18:56 AM,01:18:56 AM,0
2110383,,PONDOLDH,0,1730265586,1730265586,01:19:46 AM,01:19:46 AM,0
2110383,,COMMPOM3,0,1730265627,1730265627,01:20:27 AM,01:20:27 AM,0
2110383,,COMMDEV1,0,1730265660,1730265660,01:21:00 AM,01:21:00 AM,0
2110383,,COMMHIG1,0,1730265704,1730265704,01:21:44 AM,01:21:44 AM,0
2110383,,HIGBHAM1,0,1730265906,1730265906,01:25:06 AM,01:25:06 AM,0
2110383,,HIGBMAGE,0,1730265925,1730265925,01:25:25 AM,01:25:25 AM,0
2110383,,HIGBTRA1,0,1730265966,1730265966,01:26:06 AM,01:26:06 AM,0
2110383,,HIGBBRY1,0,1730266020,1730266020,01:27:00 AM,01:27:00 AM,0
2110383,,HIGBWIL1,0,1730266053,1730266053,01:27:33 AM,01:27:33 AM,0
2110383,,HIGBBEA1,0,1730266086,1730266086,01:28:06 AM,01:28:06 AM,0
2110383,,HIGBDUN1,0,1730266140,1730266140,01:29:00 AM,01:29:00 AM,0
2110383,,HIGBLPH1,,,,,,
2110383,,HIGBOXF1,,,,,,
2110383,,HIGBOXF3,,,,,,
2110383,,HIGBLAN1,0,1730266374,1730266374,01:32:54 AM,01:32:54 AM,0
2110383,,HIGBCHE1,0,1730266406,1730266406,01:33:26 AM,01:33:26 AM,0
2110383,,HIGBGOD1,0,1730266441,1730266441,01:34:01 AM,01:34:01 AM,0
2110383,,HIGBHURO,0,1730266483,1730266483,01:34:43 AM,01:34:43 AM,0
2110383,,HIGBHIC1,0,1730266522,1730266522,01:35:22 AM,01:35:22 AM,0
2110383,,HIGBFUL1,0,1730266548,1730266548,01:35:48 AM,01:35:48 AM,0
2110383,,FULLVES2,0,1730266609,1730266609,01:36:49 AM,01:36:49 AM,0
2110383,,FULLREGA,0,1730266643,1730266643,01:37:23 AM,01:37:23 AM,0
2110383,,MCNAMEL2,0,1730266682,1730266682,01:38:02 AM,01:38:02 AM,0
2110383,,MELSBRIA,0,1730266707,1730266707,01:38:27 AM,01:38:27 AM,0
2110383,,MELSSUSS,0,1730266750,1730266750,01:39:10 AM,01:39:10 AM,0
2110383,,BARKHURO,0,1730266800,1730266800,01:40:00 AM,01:40:00 AM,0
2110331,,BARKHURO,0,1730266800,1730266800,01:40:00 AM,01:40:00 AM,0
2110331,,HUROBRI3,0,1730266905,1730266905,01:41:45 AM,01:41:45 AM,0
2110331,,HUROBRI1,0,1730266943,1730266943,01:42:23 AM,01:42:23 AM,0
2110331,,HUROMCN1,0,1730267012,1730267012,01:43:32 AM,01:43:32 AM,0
2110331,,HUROVES1,0,1730267071,1730267071,01:44:31 AM,01:44:31 AM,0
2110331,,HUROHIG1,0,1730267160,1730267160,01:46:00 AM,01:46:00 AM,0
2110331,,HIGBGOD2,0,1730267265,1730267265,01:47:45 AM,01:47:45 AM,0
2110331,,HIGBCHE2,0,1730267324,1730267324,01:48:44 AM,01:48:44 AM,0
2110331,,HIGBLAN2,0,1730267351,1730267351,01:49:11 AM,01:49:11 AM,0
2110331,,HIGBOXF4,,,,,,
2110331,,HIGBOXF2,,,,,,
2110331,,HIGBLPH2,,,,,,
2110331,,HIGBDUN2,0,1730267640,1730267640,01:54:00 AM,01:54:00 AM,0
2110331,,HIGBBEA2,0,1730267702,1730267702,01:55:02 AM,01:55:02 AM,0
2110331,,HIGBWIL2,0,1730267758,1730267758,01:55:58 AM,01:55:58 AM,0
2110331,,HIGBBRY2,0,1730267820,1730267820,01:57:00 AM,01:57:00 AM,0
2110393,,MASOSTO4,0,1730232420,1730232420,04:07:00 PM,04:07:00 PM,0
2110393,,RICHJACK,0,1730232491,1730232491,04:08:11 PM,04:08:11 PM,0
2110393,,RICHSHAV,0,1730232531,1730232531,04:08:51 PM,04:08:51 PM,0
2110393,,RICHWES2,0,1730232577,1730232577,04:09:37 PM,04:09:37 PM,0
2110393,,RICHWES4,0,1730232600,1730232600,04:10:00 PM,04:10:00 PM,0
2110393,,RICHWYND,0,1730232635,1730232635,04:10:35 PM,04:10:35 PM,0
2110393,,WINDRIC2,0,1730232709,1730232709,04:11:49 PM,04:11:49 PM,0
2110393,,PERTWIN2,0,1730232754,1730232754,04:12:34 PM,04:12:34 PM,0
2110393,,UNIVHOS2,0,1730232806,1730232806,04:13:26 PM,04:13:26 PM,0
2110393,,MIDDPERT,0,1730232945,1730232945,04:15:45 PM,04:15:45 PM,0
2110393,,NATSCI,0,1730233020,1730233020,04:17:00 PM,04:17:00 PM,0
2110393,,NATSCI,0,1730233020,1730233020,04:17:00 PM,04:17:00 PM,0
2110393,,WESTELG2,0,1730233335,1730233335,04:22:15 PM,04:22:15 PM,0
2110393,,WESTLAM2,0,1730233500,1730233500,04:25:00 PM,04:25:00 PM,0
2110393,,SARNWES2,0,1730233632,1730233632,04:27:12 PM,04:27:12 PM,0
2110393,,SARNBRES,0,1730233760,1730233760,04:29:20 PM,04:29:20 PM,0
2110393,,SARNSLEI,0,1730233887,1730233887,04:31:27 PM,04:31:27 PM,0
2110393,,SARNLEYT,0,1730234034,1730234034,04:33:54 PM,04:33:54 PM,0
2110393,,WONDSAR2,0,1730234220,1730234220,04:37:00 PM,04:37:00 PM,0
2110393,,WONDBEA2,0,1730234367,1730234367,04:39:27 PM,04:39:27 PM,0
2110393,,WONDFAR4,0,1730234436,1730234436,04:40:36 PM,04:40:36 PM,0
2110393,,WONDFAR2,0,1730234471,1730234471,04:41:11 PM,04:41:11 PM,0
2110393,,WONDOXF2,0,1730234520,1730234520,04:42:00 PM,04:42:00 PM,0
2110393,,WONDOXF4,0,1730234567,1730234567,04:42:47 PM,04:42:47 PM,0
2110393,,WONDKIW2,0,1730234622,1730234622,04:43:42 PM,04:43:42 PM,0
2110393,,WONDRIV2,0,1730234683,1730234683,04:44:43 PM,04:44:43 PM,0
2110393,,WONDSPRI,0,1730234935,1730234935,04:48:55 PM,04:48:55 PM,0
2110393,,WONDROSE,0,1730235003,1730235003,04:50:03 PM,04:50:03 PM,0
2110393,,WONDCOM2,0,1730235122,1730235122,04:52:02 PM,04:52:02 PM,0
2110393,,WONDVIL2,0,1730235165,1730235165,04:52:45 PM,04:52:45 PM,0
2110393,,WONDVIS4,0,1730235235,1730235235,04:53:55 PM,04:53:55 PM,0
2110393,,WESTMAL4,0,1730235300,1730235300,04:55:00 PM,04:55:00 PM,0
2110393,,VISCWON1,0,1730235367,1730235367,04:56:07 PM,04:56:07 PM,0
2110393,,VISCWON5,0,1730235405,1730235405,04:56:45 PM,04:56:45 PM,0
2110393,,WONDMMA4,0,1730235499,1730235499,04:58:19 PM,04:58:19 PM,0
2110393,,WONDMMA2,0,1730235556,1730235556,04:59:16 PM,04:59:16 PM,0
2110393,,WONDPVA2,0,1730235618,1730235618,05:00:18 PM,05:00:18 PM,0
2110393,,WONDPVA4,0,1730235663,1730235663,05:01:03 PM,05:01:03 PM,0
2110393,,SOUTWON1,0,1730235741,1730235741,05:02:21 PM,05:02:21 PM,0
2110393,,SOUTSING,0,1730235825,1730235825,05:03:45 PM,05:03:45 PM,0
2110393,,SOUTAND1,0,1730235900,1730235900,05:05:00 PM,05:05:00 PM,0
2110393,,SOUTSPRI,0,1730235941,1730235941,05:05:41 PM,05:05:41 PM,0
2110393,,SOUTNOD1,0,1730235985,1730235985,05:06:25 PM,05:06:25 PM,0
2110393,,SOUTNOD3,0,1730236016,1730236016,05:06:56 PM,05:06:56 PM,0
2110393,,SOUTWHA1,0,1730236089,1730236089,05:08:09 PM,05:08:09 PM,0
2110393,,SOUTWHA3,0,1730236117,1730236117,05:08:37 PM,05:08:37 PM,0
2110393,,SOUTWHOK,0,1730236184,1730236184,05:09:44 PM,05:09:44 PM,0
2110393,,SOUTJAL1,0,1730236295,1730236295,05:11:35 PM,05:11:35 PM,0
2110393,,SOUTDUL1,0,1730236328,1730236328,05:12:08 PM,05:12:08 PM,0
2110393,,SOUTNIX1,0,1730236369,1730236369,05:12:49 PM,05:12:49 PM,0
2110393,,SOUTVER1,0,1730236470,1730236470,05:14:30 PM,05:14:30 PM,0
2110393,,WELLHARL,,,,,,
2110393,,WELLMON4,,,,,,
2110393,,WELLMON2,,,,,,
2110393,,WELLBRA2,0,1730236692,1730236692,05:18:12 PM,05:18:12 PM,0
2110393,,WHITOMA3,0,1730236740,1730236740,05:19:00 PM,05:19:00 PM,0
2110393,,WHITOMA3,0,1730237280,1730237280,05:28:00 PM,05:28:00 PM,0
2110393,,BRADWEL3,0,1730237421,1730237421,05:30:21 PM,05:30:21 PM,0
2110393,,BRADWIL1,0,1730237468,1730237468,05:31:08 PM,05:31:08 PM,0
2110393,,BRADAGN1,0,1730237494,1730237494,05:31:34 PM,05:31:34 PM,0
2110393,,BRADADE1,0,1730237544,1730237544,05:32:24 PM,05:32:24 PM,0
2110393,,BRADADE3,0,1730237597,1730237597,05:33:17 PM,05:33:17 PM,0
2110393,,ADELOSG5,0,1730237637,1730237637,05:33:57 PM,05:33:57 PM,0
2110393,,ADELOSG7,0,1730237679,1730237679,05:34:39 PM,05:34:39 PM,0
2110393,,ADELOSG3,0,1730237754,1730237754,05:35:54 PM,05:35:54 PM,0
2110393,,SOUTADE1,0,1730237806,1730237806,05:36:46 PM,05:36:46 PM,0
2110393,,SOUTMIL5,0,1730237834,1730237834,05:37:14 PM,05:37:14 PM,0
2110393,,SOUTMIL3,0,1730237873,1730237873,05:37:53 PM,05:37:53 PM,0
2110393,,SOUTMIL1,0,1730237940,1730237940,05:39:00 PM,05:39:00 PM,0
2110393,,SOUTKOR1,0,1730237995,1730237995,05:39:55 PM,05:39:55 PM,0
2110393,,SOUTPOM1,0,1730238032,1730238032,05:40:32 PM,05:40:32 PM,0
2110393,,PONDPONV,0,1730238114,1730238114,05:41:54 PM,05:41:54 PM,0
2110393,,PONDMIR3,0,1730238152,1730238152,05:42:32 PM,05:42:32 PM,0
2110393,,PONDMIR1,0,1730238180,1730238180,05:43:00 PM,05:43:00 PM,0
2110393,,PONDDEV1,0,1730238230,1730238230,05:43:50 PM,05:43:50 PM,0
2110393,,PONDBAN1,0,1730238254,1730238254,05:44:14 PM,05:44:14 PM,0
2110393,,PONDOLDH,0,1730238320,1730238320,05:45:20 PM,05:45:20 PM,0
2110393,,COMMPOM3,0,1730238375,1730238375,05:46:15 PM,05:46:15 PM,0
2110393,,COMMDEV1,0,1730238420,1730238420,05:47:00 PM,05:47:00 PM,0
2110393,,COMMHIG1,0,1730238472,1730238472,05:47:52 PM,05:47:52 PM,0
2110393,,HIGBHAM1,0,1730238708,1730238708,05:51:48 PM,05:51:48 PM,0
2110393,,HIGBMAGE,0,1730238731,1730238731,05:52:11 PM,05:52:11 PM,0
2110393,,HIGBTRA1,0,1730238778,1730238778,05:52:58 PM,05:52:58 PM,0
2110393,,HIGBBRY1,0,1730238840,1730238840,05:54:00 PM,05:54:00 PM,0
2110393,,HIGBWIL1,0,1730238907,1730238907,05:55:07 PM,05:55:07 PM,0
2110393,,HIGBBEA1,0,1730238973,1730238973,05:56:13 PM,05:56:13 PM,0
2110393,,HIGBDUN1,0,1730239080,1730239080,05:58:00 PM,05:58:00 PM,0
2110393,,HIGBLPH1,,,,,,
2110393,,HIGBOXF1,,,,,,
2110393,,HIGBOXF3,,,,,,
2110393,,HIGBLAN1,0,1730239379,1730239379,06:02:59 PM,06:02:59 PM,0
2110393,,HIGBCHE1,0,1730239420,1730239420,06:03:40 PM,06:03:40 PM,0
2110393,,HIGBGOD1,0,1730239465,1730239465,06:04:25 PM,06:04:25 PM,0
2110393,,HIGBHURO,0,1730239519,1730239519,06:05:19 PM,06:05:19 PM,0
2110393,,HIGBHIC1,0,1730239568,1730239568,06:06:08 PM,06:06:08 PM,0
2110393,,HIGBFUL1,0,1730239602,1730239602,06:06:42 PM,06:06:42 PM,0
2110393,,FULLVES2,0,1730239679,1730239679,06:07:59 PM,06:07:59 PM,0
2110393,,FULLREGA,0,1730239722,1730239722,06:08:42 PM,06:08:42 PM,0
2110393,,MCNAMEL2,0,1730239772,1730239772,06:09:32 PM,06:09:32 PM,0
2110393,,MELSBRIA,0,1730239804,1730239804,06:10:04 PM,06:10:04 PM,0
2110393,,MELSSUSS,0,1730239858,1730239858,06:10:58 PM,06:10:58 PM,0
2110393,,BARKHURO,0,1730239920,1730239920,06:12:00 PM,06:12:00 PM,0
2110394,,MASOSTO4,0,1730234100,1730234100,04:35:00 PM,04:35:00 PM,0
2110394,,RICHJACK,0,1730234175,1730234175,04:36:15 PM,04:36:15 PM,0
2110394,,RICHSHAV,0,1730234220,1730234220,04:37:00 PM,04:37:00 PM,0
2110394,,RICHWES2,0,1730234271,1730234271,04:37:51 PM,04:37:51 PM,0
2110394,,RICHWES4,0,1730234297,1730234297,04:38:17 PM,04:38:17 PM,0
2110394,,RICHWYND,0,1730234336,1730234336,04:38:56 PM,04:38:56 PM,0
2110394,,WINDRIC2,0,1730234418,1730234418,04:40:18 PM,04:40:18 PM,0
2110394,,PERTWIN2,0,1730234468,1730234468,04:41:08 PM,04:41:08 PM,0
2110394,,UNIVHOS2,0,1730234526,1730234526,04:42:06 PM,04:42:06 PM,0
2110394,,MIDDPERT,0,1730234680,1730234680,04:44:40 PM,04:44:40 PM,0
2110394,,NATSCI,0,1730234760,1730234760,04:46:00 PM,04:46:00 PM,0
2110394,,NATSCI,0,1730234760,1730234760,04:46:00 PM,04:46:00 PM,0
2110394,,WESTELG2,0,1730235154,1730235154,04:52:34 PM,04:52:34 PM,0
2110394,,WESTLAM2,0,1730235360,1730235360,04:56:00 PM,04:56:00 PM,0
2110394,,SARNWES2,0,1730235492,1730235492,04:58:12 PM,04:58:12 PM,0
2110394,,SARNBRES,0,1730235620,1730235620,05:00:20 PM,05:00:20 PM,0
2110394,,SARNSLEI,0,1730235747,1730235747,05:02:27 PM,05:02:27 PM,0
2110394,,SARNLEYT,0,1730235894,1730235894,05:04:54 PM,05:04:54 PM,0
2110394,,WONDSAR2,0,1730236080,1730236080,05:08:00 PM,05:08:00 PM,0
2110394,,WONDBEA2,0,1730236227,1730236227,05:10:27 PM,05:10:27 PM,0
2110394,,WONDFAR4,0,1730236296,1730236296,05:11:36 PM,05:11:36 PM,0
2110394,,WONDFAR2,0,1730236331,1730236331,05:12:11 PM,05:12:11 PM,0
2110394,,WONDOXF2,0,1730236380,1730236380,05:13:00 PM,05:13:00 PM,0
2110394,,WONDOXF4,0,1730236427,1730236427,05:13:47 PM,05:13:47 PM,0
2110394,,WONDKIW2,0,1730236482,1730236482,05:14:42 PM,05:14:42 PM,0
2110394,,WONDRIV2,0,1730236543,1730236543,05:15:43 PM,05:15:43 PM,0
2110394,,WONDSPRI,0,1730236795,1730236795,05:19:55 PM,05:19:55 PM,0
2110394,,WONDROSE,0,1730236863,1730236863,05:21:03 PM,05:21:03 PM,0
2110394,,WONDCOM2,0,1730236982,1730236982,05:23:02 PM,05:23:02 PM,0
2110394,,WONDVIL2,0,1730237025,1730237025,05:23:45 PM,05:23:45 PM,0
2110394,,WONDVIS4,0,1730237095,1730237095,05:24:55 PM,05:24:55 PM,0
2110394,,WESTMAL4,0,1730237160,1730237160,05:26:00 PM,05:26:00 PM,0
2110394,,VISCWON1,0,1730237227,1730237227,05:27:07 PM,05:27:07 PM,0
2110394,,VISCWON5,0,1730237265,1730237265,05:27:45 PM,05:27:45 PM,0
2110394,,WONDMMA4,0,1730237359,1730237359,05:29:19 PM,05:29:19 PM,0
2110394,,WONDMMA2,0,1730237416,1730237416,05:30:16 PM,05:30:16 PM,0
2110394,,WONDPVA2,0,1730237478,1730237478,05:31:18 PM,05:31:18 PM,0
2110394,,WONDPVA4,0,1730237523,1730237523,05:32:03 PM,05:32:03 PM,0
2110394,,SOUTWON1,0,1730237601,1730237601,05:33:21 PM,05:33:21 PM,0
2110394,,SOUTSING,0,1730237685,1730237685,05:34:45 PM,05:34:45 PM,0
2110394,,SOUTAND1,0,1730237760,1730237760,05:36:00 PM,05:36:00 PM,0
2110394,,SOUTSPRI,0,1730237801,1730237801,05:36:41 PM,05:36:41 PM,0
2110394,,SOUTNOD1,0,1730237845,1730237845,05:37:25 PM,05:37:25 PM,0
2110394,,SOUTNOD3,0,1730237876,1730237876,05:37:56 PM,05:37:56 PM,0
2110394,,SOUTWHA1,0,1730237949,1730237949,05:39:09 PM,05:39:09 PM,0
2110394,,SOUTWHA3,0,1730237977,1730237977,05:39:37 PM,05:39:37 PM,0
2110394,,SOUTWHOK,0,1730238044,1730238044,05:40:44 PM,05:40:44 PM,0
2110394,,SOUTJAL1,0,1730238155,1730238155,05:42:35 PM,05:42:35 PM,0
2110394,,SOUTDUL1,0,1730238188,1730238188,05:43:08 PM,05:43:08 PM,0
2110394,,SOUTNIX1,0,1730238229,1730238229,05:43:49 PM,05:43:49 PM,0
2110394,,SOUTVER1,0,1730238330,1730238330,05:45:30 PM,05:45:30 PM,0
2110394,,WELLHARL,,,,,,
2110394,,WELLMON4,,,,,,
2110394,,WELLMON2,,,,,,
2110394,,WELLBRA2,0,1730238552,1730238552,05:49:12 PM,05:49:12 PM,0
2110394,,WHITOMA3,0,1730238600,1730238600,05:50:00 PM,05:50:00 PM,0
2110394,,WHITOMA3,0,1730238900,1730238900,05:55:00 PM,05:55:00 PM,0
2110394,,BRADWEL3,0,1730239041,1730239041,05:57:21 PM,05:57:21 PM,0
2110394,,BRADWIL1,0,1730239088,1730239088,05:58:08 PM,05:58:08 PM,0
2110394,,BRADAGN1,0,1730239114,1730239114,05:58:34 PM,05:58:34 PM,0
2110394,,BRADADE1,0,1730239164,1730239164,05:59:24 PM,05:59:24 PM,0
2110394,,BRADADE3,0,1730239217,1730239217,06:00:17 PM,06:00:17 PM,0
2110394,,ADELOSG5,0,1730239257,1730239257,06:00:57 PM,06:00:57 PM,0
2110394,,ADELOSG7,0,1730239299,1730239299,06:01:39 PM,06:01:39 PM,0
2110394,,ADELOSG3,0,1730239374,1730239374,06:02:54 PM,06:02:54 PM,0
2110394,,SOUTADE1,0,1730239426,1730239426,06:03:46 PM,06:03:46 PM,0
2110394,,SOUTMIL5,0,1730239454,1730239454,06:04:14 PM,06:04:14 PM,0
2110394,,SOUTMIL3,0,1730239493,1730239493,06:04:53 PM,06:04:53 PM,0
2110394,,SOUTMIL1,0,1730239560,1730239560,06:06:00 PM,06:06:00 PM,0
2110394,,SOUTKOR1,0,1730239615,1730239615,06:06:55 PM,06:06:55 PM,0
2110394,,SOUTPOM1,0,1730239652,1730239652,06:07:32 PM,06:07:32 PM,0
2110394,,PONDPONV,0,1730239734,1730239734,06:08:54 PM,06:08:54 PM,0
2110394,,PONDMIR3,0,1730239772,1730239772,06:09:32 PM,06:09:32 PM,0
2110394,,PONDMIR1,0,1730239800,1730239800,06:10:00 PM,06:10:00 PM,0
2110394,,PONDDEV1,0,1730239850,1730239850,06:10:50 PM,06:10:50 PM,0
2110394,,PONDBAN1,0,1730239874,1730239874,06:11:14 PM,06:11:14 PM,0
2110394,,PONDOLDH,0,1730239940,1730239940,06:12:20 PM,06:12:20 PM,0
2110394,,COMMPOM3,0,1730239995,1730239995,06:13:15 PM,06:13:15 PM,0
2110394,,COMMDEV1,0,1730240040,1730240040,06:14:00 PM,06:14:00 PM,0
2110394,,COMMHIG1,0,1730240101,1730240101,06:15:01 PM,06:15:01 PM,0
2110394,,HIGBHAM1,0,1730240376,1730240376,06:19:36 PM,06:19:36 PM,0
2110394,,HIGBMAGE,0,1730240403,1730240403,06:20:03 PM,06:20:03 PM,0
2110394,,HIGBTRA1,0,1730240460,1730240460,06:21:00 PM,06:21:00 PM,0
2110337,,BARKHURO,0,1730234520,1730234520,04:42:00 PM,04:42:00 PM,0
2110337,,HUROBRI3,0,1730234609,1730234609,04:43:29 PM,04:43:29 PM,0
2110337,,HUROBRI1,0,1730234640,1730234640,04:44:00 PM,04:44:00 PM,0
2110337,,HUROMCN1,0,1730234696,1730234696,04:44:56 PM,04:44:56 PM,0
2110337,,HUROVES1,0,1730234745,1730234745,04:45:45 PM,04:45:45 PM,0
2110337,,HUROHIG1,0,1730234820,1730234820,04:47:00 PM,04:47:00 PM,0
2110337,,HIGBGOD2,0,1730234946,1730234946,04:49:06 PM,04:49:06 PM,0
2110337,,HIGBCHE2,0,1730235017,1730235017,04:50:17 PM,04:50:17 PM,0
2110337,,HIGBLAN2,0,1730235049,1730235049,04:50:49 PM,04:50:49 PM,0
2110337,,HIGBOXF4,,,,,,
2110337,,HIGBOXF2,,,,,,
2110337,,HIGBLPH2,,,,,,
2110337,,HIGBDUN2,0,1730235360,1730235360,04:56:00 PM,04:56:00 PM,0
2110337,,HIGBBEA2,0,1730235442,1730235442,04:57:22 PM,04:57:22 PM,0
2110337,,HIGBWIL2,0,1730235517,1730235517,04:58:37 PM,04:58:37 PM,0
2110337,,HIGBBRY2,0,1730235600,1730235600,05:00:00 PM,05:00:00 PM,0
2110337,,HIGBTRA2,0,1730235691,1730235691,05:01:31 PM,05:01:31 PM,0
2110337,,HIGBCALV,0,1730235772,1730235772,05:02:52 PM,05:02:52 PM,0
2110337,,HIGBHAM2,0,1730235803,1730235803,05:03:23 PM,05:03:23 PM,0
2110337,,COMMDEV6,0,1730236223,1730236223,05:10:23 PM,05:10:23 PM,0
2110337,,COMMDEV2,0,1730236260,1730236260,05:11:00 PM,05:11:00 PM,0
2110337,,PONDDEV2,0,1730236343,1730236343,05:12:23 PM,05:12:23 PM,0
2110337,,PONDBAN2,0,1730236398,1730236398,05:13:18 PM,05:13:18 PM,0
2110337,,PONDDEV4,0,1730236441,1730236441,05:14:01 PM,05:14:01 PM,0
2110337,,PONDMIR4,0,1730236491,1730236491,05:14:51 PM,05:14:51 PM,0
2110337,,PONDMIR2,0,1730236537,1730236537,05:15:37 PM,05:15:37 PM,0
2110337,,PONDMILL,0,1730236561,1730236561,05:16:01 PM,05:16:01 PM,0
2110337,,SOUTPOM2,0,1730236642,1730236642,05:17:22 PM,05:17:22 PM,0
2110337,,SOUTKOR2,0,1730236693,1730236693,05:18:13 PM,05:18:13 PM,0
2110337,,SOUTMIL2,0,1730236740,1730236740,05:19:00 PM,05:19:00 PM,0
2110337,,SOUTMIL4,0,1730236813,1730236813,05:20:13 PM,05:20:13 PM,0
2110337,,SOUTMIL6,0,1730236856,1730236856,05:20:56 PM,05:20:56 PM,0
2110337,,ADELSDAL,0,1730236900,1730236900,05:21:40 PM,05:21:40 PM,0
2110337,,ADELOSG2,0,1730236940,1730236940,05:22:20 PM,05:22:20 PM,0
2110337,,ADELOSG6,0,1730237005,1730237005,05:23:25 PM,05:23:25 PM,0
2110337,,ADELOSG4,0,1730237041,1730237041,05:24:01 PM,05:24:01 PM,0
2110337,,BRADADE2,0,1730237079,1730237079,05:24:39 PM,05:24:39 PM,0
2110337,,BRADADE4,0,1730237132,1730237132,05:25:32 PM,05:25:32 PM,0
2110337,,BRADAGN2,0,1730237174,1730237174,05:26:14 PM,05:26:14 PM,0
2110337,,BRADWIL4,0,1730237208,1730237208,05:26:48 PM,05:26:48 PM,0
2110337,,BRADDEAR,0,1730237246,1730237246,05:27:26 PM,05:27:26 PM,0
2110337,,WELLBRA2,0,1730237282,1730237282,05:28:02 PM,05:28:02 PM,0
2110337,,WHITOMA3,0,1730237340,1730237340,05:29:00 PM,05:29:00 PM,0
2110336,,BARKHURO,0,1730236500,1730236500,05:15:00 PM,05:15:00 PM,0
2110336,,HUROBRI3,0,1730236587,1730236587,05:16:27 PM,05:16:27 PM,0
2110336,,HUROBRI1,0,1730236618,1730236618,05:16:58 PM,05:16:58 PM,0
2110336,,HUROMCN1,0,1730236675,1730236675,05:17:55 PM,05:17:55 PM,0
2110336,,HUROVES1,0,1730236724,1730236724,05:18:44 PM,05:18:44 PM,0
2110336,,HUROHIG1,0,1730236800,1730236800,05:20:00 PM,05:20:00 PM,0
2110336,,HIGBGOD2,0,1730236926,1730236926,05:22:06 PM,05:22:06 PM,0
2110336,,HIGBCHE2,0,1730236997,1730236997,05:23:17 PM,05:23:17 PM,0
2110336,,HIGBLAN2,0,1730237029,1730237029,05:23:49 PM,05:23:49 PM,0
2110336,,HIGBOXF4,,,,,,
2110336,,HIGBOXF2,,,,,,
2110336,,HIGBLPH2,,,,,,
2110336,,HIGBDUN2,0,1730237340,1730237340,05:29:00 PM,05:29:00 PM,0
2110336,,HIGBBEA2,0,1730237422,1730237422,05:30:22 PM,05:30:22 PM,0
2110336,,HIGBWIL2,0,1730237497,1730237497,05:31:37 PM,05:31:37 PM,0
2110336,,HIGBBRY2,0,1730237580,1730237580,05:33:00 PM,05:33:00 PM,0
2107736,,FANCOLL2,0,1730229960,1730229960,03:26:00 PM,03:26:00 PM,0
2107736,,OXFOROE2,0,1730230033,1730230033,03:27:13 PM,03:27:13 PM,0
2107736,,OXFOHIG4,,,,,,
2107736,,OXFOHIG2,,,,,,
2107736,,OXFOWIST,,,,,,
2107736,,OXFOOAKS,0,1730230199,1730230199,03:29:59 PM,03:29:59 PM,0
2107736,,OXFOCLE2,0,1730230243,1730230243,03:30:43 PM,03:30:43 PM,0
2107736,,OXFOLYMA,0,1730230286,1730230286,03:31:26 PM,03:31:26 PM,0
2107736,,OXFOSTUA,0,1730230316,1730230316,03:31:56 PM,03:31:56 PM,0
2107736,,OXFOQUE2,0,1730230356,1730230356,03:32:36 PM,03:32:36 PM,0
2107736,,OXFOSTE2,0,1730230386,1730230386,03:33:06 PM,03:33:06 PM,0
2107736,,OXFOGAM2,0,1730230409,1730230409,03:33:29 PM,03:33:29 PM,0
2107736,,OXFOELL2,0,1730230463,1730230463,03:34:23 PM,03:34:23 PM,0
2107736,,OXFOELI2,0,1730230503,1730230503,03:35:03 PM,03:35:03 PM,0
2107736,,OXFOADE2,0,1730230560,1730230560,03:36:00 PM,03:36:00 PM,0
2107736,,OXFOWIL2,0,1730230605,1730230605,03:36:45 PM,03:36:45 PM,0
2107736,,OXFOMAI2,0,1730230656,1730230656,03:37:36 PM,03:37:36 PM,0
2107736,,OXFOCOL2,0,1730230697,1730230697,03:38:17 PM,03:38:17 PM,0
2107736,,OXFOWAT2,0,1730230743,1730230743,03:39:03 PM,03:39:03 PM,0
2107736,,OXFOWEL2,0,1730230798,1730230798,03:39:58 PM,03:39:58 PM,0
2107736,,RICHOXF2,0,1730230860,1730230860,03:41:00 PM,03:41:00 PM,0
2107736,,RICHMILL,0,1730230921,1730230921,03:42:01 PM,03:42:01 PM,0
2107736,,RICHCENT,0,1730231008,1730231008,03:43:28 PM,03:43:28 PM,0
2107736,,RICHKEN2,0,1730231067,1730231067,03:44:27 PM,03:44:27 PM,0
2107736,,RICHDUF2,0,1730231102,1730231102,03:45:02 PM,03:45:02 PM,0
2107736,,RICHQUE1,0,1730231160,1730231160,03:46:00 PM,03:46:00 PM,0
2107736,,RICHKIN4,0,1730231280,1730231280,03:48:00 PM,03:48:00 PM,0
2107736,,HORTRIC2,0,1730231395,1730231395,03:49:55 PM,03:49:55 PM,0
2107736,,RIDOHORT,0,1730231484,1730231484,03:51:24 PM,03:51:24 PM,0
2107736,,RIDOCRA2,0,1730231570,1730231570,03:52:50 PM,03:52:50 PM,0
2107736,,RIDOELMW,0,1730231619,1730231619,03:53:39 PM,03:53:39 PM,0
2107736,,GRANRIDO,0,1730231700,1730231700,03:55:00 PM,03:55:00 PM,0
2107714,,GRANRIDO,0,1730231700,1730231700,03:55:00 PM,03:55:00 PM,0
2107714,,CARFGRAN,0,1730231775,1730231775,03:56:15 PM,03:56:15 PM,0
2107714,,CARFCAR1,0,1730231836,1730231836,03:57:16 PM,03:57:16 PM,0
2107714,,RICHSIM1,0,1730231920,1730231920,03:58:40 PM,03:58:40 PM,0
2107714,,RICHHOT1,0,1730231977,1730231977,03:59:37 PM,03:59:37 PM,0
2107714,,RICHKIN1,0,1730232060,1730232060,04:01:00 PM,04:01:00 PM,0
2107714,,RICHQUEE,0,1730232240,1730232240,04:04:00 PM,04:04:00 PM,0
2107714,,RICHKEN1,0,1730232377,1730232377,04:06:17 PM,04:06:17 PM,0
2107714,,RICHHYM1,0,1730232501,1730232501,04:08:21 PM,04:08:21 PM,0
2107714,,RICHPALL,0,1730232573,1730232573,04:09:33 PM,04:09:33 PM,0
2107714,,OXFORIC1,0,1730232720,1730232720,04:12:00 PM,04:12:00 PM,0
2107714,,OXFOWEL1,0,1730232745,1730232745,04:12:25 PM,04:12:25 PM,0
2107714,,OXFOWAT1,0,1730232789,1730232789,04:13:09 PM,04:13:09 PM,0
2107714,,OXFOCOL1,0,1730232832,1730232832,04:13:52 PM,04:13:52 PM,0
2107714,,OXFOMAI1,0,1730232885,1730232885,04:14:45 PM,04:14:45 PM,0
2107714,,OXFOWIL1,0,1730232921,1730232921,04:15:21 PM,04:15:21 PM,0
2107714,,OXFOADE1,0,1730232960,1730232960,04:16:00 PM,04:16:00 PM,0
2107714,,OXFOELI1,0,1730233009,1730233009,04:16:49 PM,04:16:49 PM,0
2107714,,OXFOELL1,0,1730233052,1730233052,04:17:32 PM,04:17:32 PM,0
2107714,,OXFOGAM1,0,1730233106,1730233106,04:18:26 PM,04:18:26 PM,0
2107714,,OXFOSTE1,0,1730233147,1730233147,04:19:07 PM,04:19:07 PM,0
2107714,,OXFOQUE1,0,1730233171,1730233171,04:19:31 PM,04:19:31 PM,0
2107714,,OXFOSTRA,0,1730233210,1730233210,04:20:10 PM,04:20:10 PM,0
2107714,,OXFOSPIT,0,1730233257,1730233257,04:20:57 PM,04:20:57 PM,0
2107714,,OXFOCLE1,0,1730233300,1730233300,04:21:40 PM,04:21:40 PM,0
2107714,,OXFOEMPI,0,1730233346,1730233346,04:22:26 PM,04:22:26 PM,0
2107714,,OXFOMORN,,,,,,
2107714,,OXFOHIG1,,,,,,
2107714,,OXFOHIG3,,,,,,
2107714,,FANCOLL2,0,1730233560,1730233560,04:26:00 PM,04:26:00 PM,0
2107738,,FANCOLL2,0,1730233560,1730233560,04:26:00 PM,04:26:00 PM,0
2107738,,OXFOROE2,0,1730233633,1730233633,04:27:13 PM,04:27:13 PM,0
2107738,,OXFOHIG4,,,,,,
2107738,,OXFOHIG2,,,,,,
2107738,,OXFOWIST,,,,,,
2107738,,OXFOOAKS,0,1730233799,1730233799,04:29:59 PM,04:29:59 PM,0
2107738,,OXFOCLE2,0,1730233843,1730233843,04:30:43 PM,04:30:43 PM,0
2107738,,OXFOLYMA,0,1730233886,1730233886,04:31:26 PM,04:31:26 PM,0
2107738,,OXFOSTUA,0,1730233916,1730233916,04:31:56 PM,04:31:56 PM,0
2107738,,OXFOQUE2,0,1730233956,1730233956,04:32:36 PM,04:32:36 PM,0
2107738,,OXFOSTE2,0,1730233986,1730233986,04:33:06 PM,04:33:06 PM,0
2107738,,OXFOGAM2,0,1730234009,1730234009,04:33:29 PM,04:33:29 PM,0
2107738,,OXFOELL2,0,1730234063,1730234063,04:34:23 PM,04:34:23 PM,0
2107738,,OXFOELI2,0,1730234103,1730234103,04:35:03 PM,04:35:03 PM,0
2107738,,OXFOADE2,0,1730234160,1730234160,04:36:00 PM,04:36:00 PM,0
2107738,,OXFOWIL2,0,1730234214,1730234214,04:36:54 PM,04:36:54 PM,0
2107738,,OXFOMAI2,0,1730234275,1730234275,04:37:55 PM,04:37:55 PM,0
2107738,,OXFOCOL2,0,1730234325,1730234325,04:38:45 PM,04:38:45 PM,0
2107738,,OXFOWAT2,0,1730234381,1730234381,04:39:41 PM,04:39:41 PM,0
2107738,,OXFOWEL2,0,1730234447,1730234447,04:40:47 PM,04:40:47 PM,0
2107738,,RICHOXF2,0,1730234520,1730234520,04:42:00 PM,04:42:00 PM,0
2107738,,RICHMILL,0,1730234581,1730234581,04:43:01 PM,04:43:01 PM,0
2107738,,RICHCENT,0,1730234668,1730234668,04:44:28 PM,04:44:28 PM,0
2107738,,RICHKEN2,0,1730234727,1730234727,04:45:27 PM,04:45:27 PM,0
2107738,,RICHDUF2,0,1730234762,1730234762,04:46:02 PM,04:46:02 PM,0
2107738,,RICHQUE1,0,1730234820,1730234820,04:47:00 PM,04:47:00 PM,0
2107738,,RICHKIN4,0,1730234940,1730234940,04:49:00 PM,04:49:00 PM,0
2107738,,HORTRIC2,0,1730235055,1730235055,04:50:55 PM,04:50:55 PM,0
2107738,,RIDOHORT,0,1730235144,1730235144,04:52:24 PM,04:52:24 PM,0
2107738,,RIDOCRA2,0,1730235230,1730235230,04:53:50 PM,04:53:50 PM,0
2107738,,RIDOELMW,0,1730235279,1730235279,04:54:39 PM,04:54:39 PM,0
2107738,,GRANRIDO,0,1730235360,1730235360,04:56:00 PM,04:56:00 PM,0
2107716,,GRANRIDO,0,1730235360,1730235360,04:56:00 PM,04:56:00 PM,0
2107716,,CARFGRAN,0,1730235435,1730235435,04:57:15 PM,04:57:15 PM,0
2107716,,CARFCAR1,0,1730235496,1730235496,04:58:16 PM,04:58:16 PM,0
2107716,,RICHSIM1,0,1730235580,1730235580,04:59:40 PM,04:59:40 PM,0
2107716,,RICHHOT1,0,1730235637,1730235637,05:00:37 PM,05:00:37 PM,0
2107716,,RICHKIN1,0,1730235720,1730235720,05:02:00 PM,05:02:00 PM,0
2107716,,RICHQUEE,0,1730235900,1730235900,05:05:00 PM,05:05:00 PM,0
2107716,,RICHKEN1,0,1730236037,1730236037,05:07:17 PM,05:07:17 PM,0
2107716,,RICHHYM1,0,1730236161,1730236161,05:09:21 PM,05:09:21 PM,0
2107716,,RICHPALL,0,1730236233,1730236233,05:10:33 PM,05:10:33 PM,0
2107716,,OXFORIC1,0,1730236380,1730236380,05:13:00 PM,05:13:00 PM,0
2107716,,OXFOWEL1,0,1730236405,1730236405,05:13:25 PM,05:13:25 PM,0
2107716,,OXFOWAT1,0,1730236449,1730236449,05:14:09 PM,05:14:09 PM,0
2107716,,OXFOCOL1,0,1730236492,1730236492,05:14:52 PM,05:14:52 PM,0
2107716,,OXFOMAI1,0,1730236545,1730236545,05:15:45 PM,05:15:45 PM,0
2107716,,OXFOWIL1,0,1730236581,1730236581,05:16:21 PM,05:16:21 PM,0
2107716,,OXFOADE1,0,1730236620,1730236620,05:17:00 PM,05:17:00 PM,0
2107716,,OXFOELI1,0,1730236669,1730236669,05:17:49 PM,05:17:49 PM,0
2107716,,OXFOELL1,0,1730236712,1730236712,05:18:32 PM,05:18:32 PM,0
2107716,,OXFOGAM1,0,1730236766,1730236766,05:19:26 PM,05:19:26 PM,0
2107716,,OXFOSTE1,0,1730236807,1730236807,05:20:07 PM,05:20:07 PM,0
2107716,,OXFOQUE1,0,1730236831,1730236831,05:20:31 PM,05:20:31 PM,0
2107716,,OXFOSTRA,0,1730236870,1730236870,05:21:10 PM,05:21:10 PM,0
2107716,,OXFOSPIT,0,1730236917,1730236917,05:21:57 PM,05:21:57 PM,0
2107716,,OXFOCLE1,0,1730236960,1730236960,05:22:40 PM,05:22:40 PM,0
2107716,,OXFOEMPI,0,1730237006,1730237006,05:23:26 PM,05:23:26 PM,0
2107716,,OXFOMORN,,,,,,
2107716,,OXFOHIG1,,,,,,
2107716,,OXFOHIG3,,,,,,
2107716,,FANCOLL2,0,1730237220,1730237220,05:27:00 PM,05:27:00 PM,0
2107740,,FANCOLL2,0,1730237400,1730237400,05:30:00 PM,05:30:00 PM,0
2107740,,OXFOROE2,0,1730237473,1730237473,05:31:13 PM,05:31:13 PM,0
2107740,,OXFOHIG4,,,,,,
2107740,,OXFOHIG2,,,,,,
2107740,,OXFOWIST,,,,,,
2107740,,OXFOOAKS,0,1730237639,1730237639,05:33:59 PM,05:33:59 PM,0
2107740,,OXFOCLE2,0,1730237683,1730237683,05:34:43 PM,05:34:43 PM,0
2107740,,OXFOLYMA,0,1730237726,1730237726,05:35:26 PM,05:35:26 PM,0
2107740,,OXFOSTUA,0,1730237756,1730237756,05:35:56 PM,05:35:56 PM,0
2107740,,OXFOQUE2,0,1730237796,1730237796,05:36:36 PM,05:36:36 PM,0
2107740,,OXFOSTE2,0,1730237826,1730237826,05:37:06 PM,05:37:06 PM,0
2107740,,OXFOGAM2,0,1730237849,1730237849,05:37:29 PM,05:37:29 PM,0
2107740,,OXFOELL2,0,1730237903,1730237903,05:38:23 PM,05:38:23 PM,0
2107740,,OXFOELI2,0,1730237943,1730237943,05:39:03 PM,05:39:03 PM,0
2107740,,OXFOADE2,0,1730238000,1730238000,05:40:00 PM,05:40:00 PM,0
2107740,,OXFOWIL2,0,1730238054,1730238054,05:40:54 PM,05:40:54 PM,0
2107740,,OXFOMAI2,0,1730238115,1730238115,05:41:55 PM,05:41:55 PM,0
2107740,,OXFOCOL2,0,1730238165,1730238165,05:42:45 PM,05:42:45 PM,0
2107740,,OXFOWAT2,0,1730238221,1730238221,05:43:41 PM,05:43:41 PM,0
2107740,,OXFOWEL2,0,1730238287,1730238287,05:44:47 PM,05:44:47 PM,0
2107740,,RICHOXF2,0,1730238360,1730238360,05:46:00 PM,05:46:00 PM,0
2107740,,RICHMILL,0,1730238421,1730238421,05:47:01 PM,05:47:01 PM,0
2107740,,RICHCENT,0,1730238508,1730238508,05:48:28 PM,05:48:28 PM,0
2107740,,RICHKEN2,0,1730238567,1730238567,05:49:27 PM,05:49:27 PM,0
2107740,,RICHDUF2,0,1730238602,1730238602,05:50:02 PM,05:50:02 PM,0
2107740,,RICHQUE1,0,1730238660,1730238660,05:51:00 PM,05:51:00 PM,0
2107740,,RICHKIN4,0,1730238780,1730238780,05:53:00 PM,05:53:00 PM,0
2107740,,HORTRIC2,0,1730238895,1730238895,05:54:55 PM,05:54:55 PM,0
2107740,,RIDOHORT,0,1730238984,1730238984,05:56:24 PM,05:56:24 PM,0
2107740,,RIDOCRA2,0,1730239070,1730239070,05:57:50 PM,05:57:50 PM,0
2107740,,RIDOELMW,0,1730239119,1730239119,05:58:39 PM,05:58:39 PM,0
2107740,,GRANRIDO,0,1730239200,1730239200,06:00:00 PM,06:00:00 PM,0
2107718,,GRANRIDO,0,1730239200,1730239200,06:00:00 PM,06:00:00 PM,0
2107718,,CARFGRAN,0,1730239275,1730239275,06:01:15 PM,06:01:15 PM,0
2107718,,CARFCAR1,0,1730239336,1730239336,06:02:16 PM,06:02:16 PM,0
2107718,,RICHSIM1,0,1730239420,1730239420,06:03:40 PM,06:03:40 PM,0
2107718,,RICHHOT1,0,1730239477,1730239477,06:04:37 PM,06:04:37 PM,0
2107718,,RICHKIN1,0,1730239560,1730239560,06:06:00 PM,06:06:00 PM,0
2107718,,RICHQUEE,0,1730239740,1730239740,06:09:00 PM,06:09:00 PM,0
2107718,,RICHKEN1,0,1730239826,1730239826,06:10:26 PM,06:10:26 PM,0
2107718,,RICHHYM1,0,1730239904,1730239904,06:11:44 PM,06:11:44 PM,0
2107718,,RICHPALL,0,1730239949,1730239949,06:12:29 PM,06:12:29 PM,0
2107718,,OXFORIC1,0,1730240040,1730240040,06:14:00 PM,06:14:00 PM,0
2107718,,OXFOWEL1,0,1730240065,1730240065,06:14:25 PM,06:14:25 PM,0
2107718,,OXFOWAT1,0,1730240109,1730240109,06:15:09 PM,06:15:09 PM,0
2107718,,OXFOCOL1,0,1730240152,1730240152,06:15:52 PM,06:15:52 PM,0
2107718,,OXFOMAI1,0,1730240205,1730240205,06:16:45 PM,06:16:45 PM,0
2107718,,OXFOWIL1,0,1730240241,1730240241,06:17:21 PM,06:17:21 PM,0
2107718,,OXFOADE1,0,1730240280,1730240280,06:18:00 PM,06:18:00 PM,0
2107718,,OXFOELI1,0,1730240322,1730240322,06:18:42 PM,06:18:42 PM,0
2107718,,OXFOELL1,0,1730240360,1730240360,06:19:20 PM,06:19:20 PM,0
2107718,,OXFOGAM1,0,1730240407,1730240407,06:20:07 PM,06:20:07 PM,0
2107718,,OXFOSTE1,0,1730240443,1730240443,06:20:43 PM,06:20:43 PM,0
2107718,,OXFOQUE1,0,1730240464,1730240464,06:21:04 PM,06:21:04 PM,0
2107718,,OXFOSTRA,0,1730240498,1730240498,06:21:38 PM,06:21:38 PM,0
2107718,,OXFOSPIT,0,1730240539,1730240539,06:22:19 PM,06:22:19 PM,0
2107718,,OXFOCLE1,0,1730240577,1730240577,06:22:57 PM,06:22:57 PM,0
2107718,,OXFOEMPI,0,1730240617,1730240617,06:23:37 PM,06:23:37 PM,0
2107718,,OXFOMORN,,,,,,
2107718,,OXFOHIG1,,,,,,
2107718,,OXFOHIG3,,,,,,
2107718,,FANCOLL2,0,1730240820,1730240820,06:27:00 PM,06:27:00 PM,0
2107713,,GRANRIDO,0,1730229960,1730229960,03:26:00 PM,03:26:00 PM,0
2107713,,CARFGRAN,0,1730230035,1730230035,03:27:15 PM,03:27:15 PM,0
2107713,,CARFCAR1,0,1730230096,1730230096,03:28:16 PM,03:28:16 PM,0
2107713,,RICHSIM1,0,1730230180,1730230180,03:29:40 PM,03:29:40 PM,0
2107713,,RICHHOT1,0,1730230237,1730230237,03:30:37 PM,03:30:37 PM,0
2107713,,RICHKIN1,0,1730230320,1730230320,03:32:00 PM,03:32:00 PM,0
2107713,,RICHQUEE,0,1730230500,1730230500,03:35:00 PM,03:35:00 PM,0
2107713,,RICHKEN1,0,1730230603,1730230603,03:36:43 PM,03:36:43 PM,0
2107713,,RICHHYM1,0,1730230696,1730230696,03:38:16 PM,03:38:16 PM,0
2107713,,RICHPALL,0,1730230750,1730230750,03:39:10 PM,03:39:10 PM,0
2107713,,OXFORIC1,0,1730230860,1730230860,03:41:00 PM,03:41:00 PM,0
2107713,,OXFOWEL1,0,1730230885,1730230885,03:41:25 PM,03:41:25 PM,0
2107713,,OXFOWAT1,0,1730230929,1730230929,03:42:09 PM,03:42:09 PM,0
2107713,,OXFOCOL1,0,1730230972,1730230972,03:42:52 PM,03:42:52 PM,0
2107713,,OXFOMAI1,0,1730231025,1730231025,03:43:45 PM,03:43:45 PM,0
2107713,,OXFOWIL1,0,1730231061,1730231061,03:44:21 PM,03:44:21 PM,0
2107713,,OXFOADE1,0,1730231100,1730231100,03:45:00 PM,03:45:00 PM,0
2107713,,OXFOELI1,0,1730231149,1730231149,03:45:49 PM,03:45:49 PM,0
2107713,,OXFOELL1,0,1730231192,1730231192,03:46:32 PM,03:46:32 PM,0
2107713,,OXFOGAM1,0,1730231246,1730231246,03:47:26 PM,03:47:26 PM,0
2107713,,OXFOSTE1,0,1730231287,1730231287,03:48:07 PM,03:48:07 PM,0
2107713,,OXFOQUE1,0,1730231311,1730231311,03:48:31 PM,03:48:31 PM,0
2107713,,OXFOSTRA,0,1730231350,1730231350,03:49:10 PM,03:49:10 PM,0
2107713,,OXFOSPIT,0,1730231397,1730231397,03:49:57 PM,03:49:57 PM,0
2107713,,OXFOCLE1,0,1730231440,1730231440,03:50:40 PM,03:50:40 PM,0
2107713,,OXFOEMPI,0,1730231486,1730231486,03:51:26 PM,03:51:26 PM,0
2107713,,OXFOMORN,,,,,,
2107713,,OXFOHIG1,,,,,,
2107713,,OXFOHIG3,,,,,,
2107713,,FANCOLL2,0,1730231700,1730231700,03:55:00 PM,03:55:00 PM,0
2107737,,FANCOLL2,0,1730231760,1730231760,03:56:00 PM,03:56:00 PM,0
2107737,,OXFOROE2,0,1730231833,1730231833,03:57:13 PM,03:57:13 PM,0
2107737,,OXFOHIG4,,,,,,
2107737,,OXFOHIG2,,,,,,
2107737,,OXFOWIST,,,,,,
2107737,,OXFOOAKS,0,1730231999,1730231999,03:59:59 PM,03:59:59 PM,0
2107737,,OXFOCLE2,0,1730232043,1730232043,04:00:43 PM,04:00:43 PM,0
2107737,,OXFOLYMA,0,1730232086,1730232086,04:01:26 PM,04:01:26 PM,0
2107737,,OXFOSTUA,0,1730232116,1730232116,04:01:56 PM,04:01:56 PM,0
2107737,,OXFOQUE2,0,1730232156,1730232156,04:02:36 PM,04:02:36 PM,0
2107737,,OXFOSTE2,0,1730232186,1730232186,04:03:06 PM,04:03:06 PM,0
2107737,,OXFOGAM2,0,1730232209,1730232209,04:03:29 PM,04:03:29 PM,0
2107737,,OXFOELL2,0,1730232263,1730232263,04:04:23 PM,04:04:23 PM,0
2107737,,OXFOELI2,0,1730232303,1730232303,04:05:03 PM,04:05:03 PM,0
2107737,,OXFOADE2,0,1730232360,1730232360,04:06:00 PM,04:06:00 PM,0
2107737,,OXFOWIL2,0,1730232405,1730232405,04:06:45 PM,04:06:45 PM,0
2107737,,OXFOMAI2,0,1730232456,1730232456,04:07:36 PM,04:07:36 PM,0
2107737,,OXFOCOL2,0,1730232497,1730232497,04:08:17 PM,04:08:17 PM,0
2107737,,OXFOWAT2,0,1730232543,1730232543,04:09:03 PM,04:09:03 PM,0
2107737,,OXFOWEL2,0,1730232598,1730232598,04:09:58 PM,04:09:58 PM,0
2107737,,RICHOXF2,0,1730232660,1730232660,04:11:00 PM,04:11:00 PM,0
2107737,,RICHMILL,0,1730232721,1730232721,04:12:01 PM,04:12:01 PM,0
2107737,,RICHCENT,0,1730232808,1730232808,04:13:28 PM,04:13:28 PM,0
2107737,,RICHKEN2,0,1730232867,1730232867,04:14:27 PM,04:14:27 PM,0
2107737,,RICHDUF2,0,1730232902,1730232902,04:15:02 PM,04:15:02 PM,0
2107737,,RICHQUE1,0,1730232960,1730232960,04:16:00 PM,04:16:00 PM,0
2107737,,RICHKIN4,0,1730233080,1730233080,04:18:00 PM,04:18:00 PM,0
2107737,,HORTRIC2,0,1730233195,1730233195,04:19:55 PM,04:19:55 PM,0
2107737,,RIDOHORT,0,1730233284,1730233284,04:21:24 PM,04:21:24 PM,0
2107737,,RIDOCRA2,0,1730233370,1730233370,04:22:50 PM,04:22:50 PM,0
2107737,,RIDOELMW,0,1730233419,1730233419,04:23:39 PM,04:23:39 PM,0
2107737,,GRANRIDO,0,1730233500,1730233500,04:25:00 PM,04:25:00 PM,0
2107715,,GRANRIDO,0,1730233500,1730233500,04:25:00 PM,04:25:00 PM,0
2107715,,CARFGRAN,0,1730233575,1730233575,04:26:15 PM,04:26:15 PM,0
2107715,,CARFCAR1,0,1730233636,1730233636,04:27:16 PM,04:27:16 PM,0
2107715,,RICHSIM1,0,1730233720,1730233720,04:28:40 PM,04:28:40 PM,0
2107715,,RICHHOT1,0,1730233777,1730233777,04:29:37 PM,04:29:37 PM,0
2107715,,RICHKIN1,0,1730233860,1730233860,04:31:00 PM,04:31:00 PM,0
2107715,,RICHQUEE,0,1730234040,1730234040,04:34:00 PM,04:34:00 PM,0
2107715,,RICHKEN1,0,1730234177,1730234177,04:36:17 PM,04:36:17 PM,0
2107715,,RICHHYM1,0,1730234301,1730234301,04:38:21 PM,04:38:21 PM,0
2107715,,RICHPALL,0,1730234373,1730234373,04:39:33 PM,04:39:33 PM,0
2107715,,OXFORIC1,0,1730234520,1730234520,04:42:00 PM,04:42:00 PM,0
2107715,,OXFOWEL1,0,1730234545,1730234545,04:42:25 PM,04:42:25 PM,0
2107715,,OXFOWAT1,0,1730234589,1730234589,04:43:09 PM,04:43:09 PM,0
2107715,,OXFOCOL1,0,1730234632,1730234632,04:43:52 PM,04:43:52 PM,0
2107715,,OXFOMAI1,0,1730234685,1730234685,04:44:45 PM,04:44:45 PM,0
2107715,,OXFOWIL1,0,1730234721,1730234721,04:45:21 PM,04:45:21 PM,0
2107715,,OXFOADE1,0,1730234760,1730234760,04:46:00 PM,04:46:00 PM,0
2107715,,OXFOELI1,0,1730234809,1730234809,04:46:49 PM,04:46:49 PM,0
2107715,,OXFOELL1,0,1730234852,1730234852,04:47:32 PM,04:47:32 PM,0
2107715,,OXFOGAM1,0,1730234906,1730234906,04:48:26 PM,04:48:26 PM,0
2107715,,OXFOSTE1,0,1730234947,1730234947,04:49:07 PM,04:49:07 PM,0
2107715,,OXFOQUE1,0,1730234971,1730234971,04:49:31 PM,04:49:31 PM,0
2107715,,OXFOSTRA,0,1730235010,1730235010,04:50:10 PM,04:50:10 PM,0
2107715,,OXFOSPIT,0,1730235057,1730235057,04:50:57 PM,04:50:57 PM,0
2107715,,OXFOCLE1,0,1730235100,1730235100,04:51:40 PM,04:51:40 PM,0
2107715,,OXFOEMPI,0,1730235146,1730235146,04:52:26 PM,04:52:26 PM,0
2107715,,OXFOMORN,,,,,,
2107715,,OXFOHIG1,,,,,,
2107715,,OXFOHIG3,,,,,,
2107715,,FANCOLL2,0,1730235360,1730235360,04:56:00 PM,04:56:00 PM,0
2107739,,FANCOLL2,0,1730235540,1730235540,04:59:00 PM,04:59:00 PM,0
2107739,,OXFOROE2,0,1730235613,1730235613,05:00:13 PM,05:00:13 PM,0
2107739,,OXFOHIG4,,,,,,
2107739,,OXFOHIG2,,,,,,
2107739,,OXFOWIST,,,,,,
2107739,,OXFOOAKS,0,1730235779,1730235779,05:02:59 PM,05:02:59 PM,0
2107739,,OXFOCLE2,0,1730235823,1730235823,05:03:43 PM,05:03:43 PM,0
2107739,,OXFOLYMA,0,1730235866,1730235866,05:04:26 PM,05:04:26 PM,0
2107739,,OXFOSTUA,0,1730235896,1730235896,05:04:56 PM,05:04:56 PM,0
2107739,,OXFOQUE2,0,1730235936,1730235936,05:05:36 PM,05:05:36 PM,0
2107739,,OXFOSTE2,0,1730235966,1730235966,05:06:06 PM,05:06:06 PM,0
2107739,,OXFOGAM2,0,1730235989,1730235989,05:06:29 PM,05:06:29 PM,0
2107739,,OXFOELL2,0,1730236043,1730236043,05:07:23 PM,05:07:23 PM,0
2107739,,OXFOELI2,0,1730236083,1730236083,05:08:03 PM,05:08:03 PM,0
2107739,,OXFOADE2,0,1730236140,1730236140,05:09:00 PM,05:09:00 PM,0
2107739,,OXFOWIL2,0,1730236194,1730236194,05:09:54 PM,05:09:54 PM,0
2107739,,OXFOMAI2,0,1730236255,1730236255,05:10:55 PM,05:10:55 PM,0
2107739,,OXFOCOL2,0,1730236305,1730236305,05:11:45 PM,05:11:45 PM,0
2107739,,OXFOWAT2,0,1730236361,1730236361,05:12:41 PM,05:12:41 PM,0
2107739,,OXFOWEL2,0,1730236427,1730236427,05:13:47 PM,05:13:47 PM,0
2107739,,RICHOXF2,0,1730236500,1730236500,05:15:00 PM,05:15:00 PM,0
2107739,,RICHMILL,0,1730236561,1730236561,05:16:01 PM,05:16:01 PM,0
2107739,,RICHCENT,0,1730236648,1730236648,05:17:28 PM,05:17:28 PM,0
2107739,,RICHKEN2,0,1730236707,1730236707,05:18:27 PM,05:18:27 PM,0
2107739,,RICHDUF2,0,1730236742,1730236742,05:19:02 PM,05:19:02 PM,0
2107739,,RICHQUE1,0,1730236800,1730236800,05:20:00 PM,05:20:00 PM,0
2107739,,RICHKIN4,0,1730236920,1730236920,05:22:00 PM,05:22:00 PM,0
2107739,,HORTRIC2,0,1730237035,1730237035,05:23:55 PM,05:23:55 PM,0
2107739,,RIDOHORT,0,1730237124,1730237124,05:25:24 PM,05:25:24 PM,0
2107739,,RIDOCRA2,0,1730237210,1730237210,05:26:50 PM,05:26:50 PM,0
2107739,,RIDOELMW,0,1730237259,1730237259,05:27:39 PM,05:27:39 PM,0
2107739,,GRANRIDO,0,1730237340,1730237340,05:29:00 PM,05:29:00 PM,0
2107717,,GRANRIDO,0,1730237340,1730237340,05:29:00 PM,05:29:00 PM,0
2107717,,CARFGRAN,0,1730237415,1730237415,05:30:15 PM,05:30:15 PM,0
2107717,,CARFCAR1,0,1730237476,1730237476,05:31:16 PM,05:31:16 PM,0
2107717,,RICHSIM1,0,1730237560,1730237560,05:32:40 PM,05:32:40 PM,0
2107717,,RICHHOT1,0,1730237617,1730237617,05:33:37 PM,05:33:37 PM,0
2107717,,RICHKIN1,0,1730237700,1730237700,05:35:00 PM,05:35:00 PM,0
2107717,,RICHQUEE,0,1730237880,1730237880,05:38:00 PM,05:38:00 PM,0
2107717,,RICHKEN1,0,1730238017,1730238017,05:40:17 PM,05:40:17 PM,0
2107717,,RICHHYM1,0,1730238141,1730238141,05:42:21 PM,05:42:21 PM,0
2107717,,RICHPALL,0,1730238213,1730238213,05:43:33 PM,05:43:33 PM,0
2107717,,OXFORIC1,0,1730238360,1730238360,05:46:00 PM,05:46:00 PM,0
2107717,,OXFOWEL1,0,1730238385,1730238385,05:46:25 PM,05:46:25 PM,0
2107717,,OXFOWAT1,0,1730238429,1730238429,05:47:09 PM,05:47:09 PM,0
2107717,,OXFOCOL1,0,1730238472,1730238472,05:47:52 PM,05:47:52 PM,0
2107717,,OXFOMAI1,0,1730238525,1730238525,05:48:45 PM,05:48:45 PM,0
2107717,,OXFOWIL1,0,1730238561,1730238561,05:49:21 PM,05:49:21 PM,0
2107717,,OXFOADE1,0,1730238600,1730238600,05:50:00 PM,05:50:00 PM,0
2107717,,OXFOELI1,0,1730238649,1730238649,05:50:49 PM,05:50:49 PM,0
2107717,,OXFOELL1,0,1730238692,1730238692,05:51:32 PM,05:51:32 PM,0
2107717,,OXFOGAM1,0,1730238746,1730238746,05:52:26 PM,05:52:26 PM,0
2107717,,OXFOSTE1,0,1730238787,1730238787,05:53:07 PM,05:53:07 PM,0
2107717,,OXFOQUE1,0,1730238811,1730238811,05:53:31 PM,05:53:31 PM,0
2107717,,OXFOSTRA,0,1730238850,1730238850,05:54:10 PM,05:54:10 PM,0
2107717,,OXFOSPIT,0,1730238897,1730238897,05:54:57 PM,05:54:57 PM,0
2107717,,OXFOCLE1,0,1730238940,1730238940,05:55:40 PM,05:55:40 PM,0
2107717,,OXFOEMPI,0,1730238986,1730238986,05:56:26 PM,05:56:26 PM,0
2107717,,OXFOMORN,,,,,,
2107717,,OXFOHIG1,,,,,,
2107717,,OXFOHIG3,,,,,,
2107717,,FANCOLL2,0,1730239200,1730239200,06:00:00 PM,06:00:00 PM,0
2107741,,FANCOLL2,0,1730239260,1730239260,06:01:00 PM,06:01:00 PM,0
2107741,,OXFOROE2,0,1730239309,1730239309,06:01:49 PM,06:01:49 PM,0
2107741,,OXFOHIG4,,,,,,
2107741,,OXFOHIG2,,,,,,
2107741,,OXFOWIST,,,,,,
2107741,,OXFOOAKS,0,1730239439,1730239439,06:03:59 PM,06:03:59 PM,0
2107741,,OXFOCLE2,0,1730239483,1730239483,06:04:43 PM,06:04:43 PM,0
2107741,,OXFOLYMA,0,1730239526,1730239526,06:05:26 PM,06:05:26 PM,0
2107741,,OXFOSTUA,0,1730239556,1730239556,06:05:56 PM,06:05:56 PM,0
2107741,,OXFOQUE2,0,1730239596,1730239596,06:06:36 PM,06:06:36 PM,0
2107741,,OXFOSTE2,0,1730239626,1730239626,06:07:06 PM,06:07:06 PM,0
2107741,,OXFOGAM2,0,1730239649,1730239649,06:07:29 PM,06:07:29 PM,0
2107741,,OXFOELL2,0,1730239703,1730239703,06:08:23 PM,06:08:23 PM,0
2107741,,OXFOELI2,0,1730239743,1730239743,06:09:03 PM,06:09:03 PM,0
2107741,,OXFOADE2,0,1730239800,1730239800,06:10:00 PM,06:10:00 PM,0
2107741,,OXFOWIL2,0,1730239845,1730239845,06:10:45 PM,06:10:45 PM,0
2107741,,OXFOMAI2,0,1730239896,1730239896,06:11:36 PM,06:11:36 PM,0
2107741,,OXFOCOL2,0,1730239937,1730239937,06:12:17 PM,06:12:17 PM,0
2107741,,OXFOWAT2,0,1730239983,1730239983,06:13:03 PM,06:13:03 PM,0
2107741,,OXFOWEL2,0,1730240038,1730240038,06:13:58 PM,06:13:58 PM,0
2107741,,RICHOXF2,0,1730240100,1730240100,06:15:00 PM,06:15:00 PM,0
2107741,,RICHMILL,0,1730240149,1730240149,06:15:49 PM,06:15:49 PM,0
2107741,,RICHCENT,0,1730240218,1730240218,06:16:58 PM,06:16:58 PM,0
2107741,,RICHKEN2,0,1730240265,1730240265,06:17:45 PM,06:17:45 PM,0
2107741,,RICHDUF2,0,1730240293,1730240293,06:18:13 PM,06:18:13 PM,0
2107741,,RICHQUE1,0,1730240340,1730240340,06:19:00 PM,06:19:00 PM,0
2107741,,RICHKIN4,0,1730240400,1730240400,06:20:00 PM,06:20:00 PM,0
2107741,,HORTRIC2,0,1730240499,1730240499,06:21:39 PM,06:21:39 PM,0
2107741,,RIDOHORT,0,1730240575,1730240575,06:22:55 PM,06:22:55 PM,0
2107741,,RIDOCRA2,0,1730240649,1730240649,06:24:09 PM,06:24:09 PM,0
2107741,,RIDOELMW,0,1730240691,1730240691,06:24:51 PM,06:24:51 PM,0
2107741,,GRANRIDO,0,1730240760,1730240760,06:26:00 PM,06:26:00 PM,0
2107719,,GRANRIDO,0,1730240760,1730240760,06:26:00 PM,06:26:00 PM,0
2107719,,CARFGRAN,0,1730240835,1730240835,06:27:15 PM,06:27:15 PM,0
2107719,,CARFCAR1,0,1730240896,1730240896,06:28:16 PM,06:28:16 PM,0
2107719,,RICHSIM1,0,1730240980,1730240980,06:29:40 PM,06:29:40 PM,0
2107719,,RICHHOT1,0,1730241037,1730241037,06:30:37 PM,06:30:37 PM,0
2107719,,RICHKIN1,0,1730241120,1730241120,06:32:00 PM,06:32:00 PM,0
2107719,,RICHQUEE,0,1730241300,1730241300,06:35:00 PM,06:35:00 PM,0
2107719,,RICHKEN1,0,1730241386,1730241386,06:36:26 PM,06:36:26 PM,0
2107719,,RICHHYM1,0,1730241464,1730241464,06:37:44 PM,06:37:44 PM,0
2107719,,RICHPALL,0,1730241509,1730241509,06:38:29 PM,06:38:29 PM,0
2107719,,OXFORIC1,0,1730241600,1730241600,06:40:00 PM,06:40:00 PM,0
2107719,,OXFOWEL1,0,1730241625,1730241625,06:40:25 PM,06:40:25 PM,0
2107719,,OXFOWAT1,0,1730241669,1730241669,06:41:09 PM,06:41:09 PM,0
2107719,,OXFOCOL1,0,1730241712,1730241712,06:41:52 PM,06:41:52 PM,0
2107719,,OXFOMAI1,0,1730241765,1730241765,06:42:45 PM,06:42:45 PM,0
2107719,,OXFOWIL1,0,1730241801,1730241801,06:43:21 PM,06:43:21 PM,0
2107719,,OXFOADE1,0,1730241840,1730241840,06:44:00 PM,06:44:00 PM,0
2107719,,OXFOELI1,0,1730241882,1730241882,06:44:42 PM,06:44:42 PM,0
2107719,,OXFOELL1,0,1730241920,1730241920,06:45:20 PM,06:45:20 PM,0
2107719,,OXFOGAM1,0,1730241967,1730241967,06:46:07 PM,06:46:07 PM,0
2107719,,OXFOSTE1,0,1730242003,1730242003,06:46:43 PM,06:46:43 PM,0
2107719,,OXFOQUE1,0,1730242024,1730242024,06:47:04 PM,06:47:04 PM,0
2107719,,OXFOSTRA,0,1730242058,1730242058,06:47:38 PM,06:47:38 PM,0
2107719,,OXFOSPIT,0,1730242099,1730242099,06:48:19 PM,06:48:19 PM,0
2107719,,OXFOCLE1,0,1730242137,1730242137,06:48:57 PM,06:48:57 PM,0
2107719,,OXFOEMPI,0,1730242177,1730242177,06:49:37 PM,06:49:37 PM,0
2107719,,OXFOMORN,,,,,,
2107719,,OXFOHIG1,,,,,,
2107719,,OXFOHIG3,,,,,,
2107719,,FANCOLL2,0,1730242380,1730242380,06:53:00 PM,06:53:00 PM,0
2100461,,WHITOMA1,0,1730230500,1730230500,03:35:00 PM,03:35:00 PM,0
2100461,,BRADWEL3,0,1730230632,1730230632,03:37:12 PM,03:37:12 PM,0
2100461,,DEARBRAD,0,1730230660,1730230660,03:37:40 PM,03:37:40 PM,0
2100461,,DEARDUL1,0,1730230696,1730230696,03:38:16 PM,03:38:16 PM,0
2100461,,WILLDEAR,0,1730230740,1730230740,03:39:00 PM,03:39:00 PM,0
2100461,,WILLOSG1,0,1730230772,1730230772,03:39:32 PM,03:39:32 PM,0
2100461,,OSGOBRE1,0,1730230813,1730230813,03:40:13 PM,03:40:13 PM,0
2100461,,OSGOMETC,0,1730230839,1730230839,03:40:39 PM,03:40:39 PM,0
2100461,,OSGOKIN1,0,1730230877,1730230877,03:41:17 PM,03:41:17 PM,0
2100461,,OSGOADE3,0,1730230912,1730230912,03:41:52 PM,03:41:52 PM,0
2100461,,OSGOADE1,0,1730230980,1730230980,03:43:00 PM,03:43:00 PM,0
2100461,,OSGOWOO1,0,1730231010,1730231010,03:43:30 PM,03:43:30 PM,0
2100461,,DOWASH1,0,1730231045,1730231045,03:44:05 PM,03:44:05 PM,0
2100461,,ASHBSUR2,0,1730231068,1730231068,03:44:28 PM,03:44:28 PM,0
2100461,,ASHBMIL1,0,1730231103,1730231103,03:45:03 PM,03:45:03 PM,0
2100461,,MILLBEX3,0,1730231138,1730231138,03:45:38 PM,03:45:38 PM,0
2100461,,MILLBEX1,0,1730231180,1730231180,03:46:20 PM,03:46:20 PM,0
2100461,,MILLBRID,0,1730231209,1730231209,03:46:49 PM,03:46:49 PM,0
2100461,,MILLDUD1,0,1730231250,1730231250,03:47:30 PM,03:47:30 PM,0
2100461,,MILLHARR,0,1730231280,1730231280,03:48:00 PM,03:48:00 PM,0
2100461,,MILLSHA1,0,1730231362,1730231362,03:49:22 PM,03:49:22 PM,0
2100461,,MILLPAR2,0,1730231404,1730231404,03:50:04 PM,03:50:04 PM,0
2100461,,MILLSHA4,0,1730231466,1730231466,03:51:06 PM,03:51:06 PM,0
2100461,,MILLEBU4,0,1730231485,1730231485,03:51:25 PM,03:51:25 PM,0
2100461,,MILLEBU2,0,1730231531,1730231531,03:52:11 PM,03:52:11 PM,0
2100461,,MILLSDA2,0,1730231550,1730231550,03:52:30 PM,03:52:30 PM,0
2100461,,SOUTADE2,0,1730231597,1730231597,03:53:17 PM,03:53:17 PM,0
2100461,,SOUTWIL2,0,1730231668,1730231668,03:54:28 PM,03:54:28 PM,0
2100461,,SOUTWEL2,0,1730231710,1730231710,03:55:10 PM,03:55:10 PM,0
2100461,,WELLSDA3,0,1730231760,1730231760,03:56:00 PM,03:56:00 PM,0
2100461,,WELLCRES,,,,,,
2100461,,WELLCRE2,,,,,,
2100461,,WELLWIL1,,,,,,
2100461,,WELLWIL3,0,1730231940,1730231940,03:59:00 PM,03:59:00 PM,0
2100461,,WELLWAT1,0,1730231973,1730231973,03:59:33 PM,03:59:33 PM,0
2100461,,WELLCOM1,0,1730232016,1730232016,04:00:16 PM,04:00:16 PM,0
2100461,,WELLBAS1,0,1730232060,1730232060,04:01:00 PM,04:01:00 PM,0
2100461,,WELLCHES,0,1730232138,1730232138,04:02:18 PM,04:02:18 PM,0
2100461,,WELLALEX,0,1730232213,1730232213,04:03:33 PM,04:03:33 PM,0
2100461,,WELLBOND,0,1730232266,1730232266,04:04:26 PM,04:04:26 PM,0
2100461,,WELLMCL1,0,1730232322,1730232322,04:05:22 PM,04:05:22 PM,0
2100461,,GRANHIG2,0,1730232409,1730232409,04:06:49 PM,04:06:49 PM,0
2100461,,GRANHIG4,0,1730232444,1730232444,04:07:24 PM,04:07:24 PM,0
2100461,,CARFGRAN,0,1730232497,1730232497,04:08:17 PM,04:08:17 PM,0
2100461,,CARFCAR1,0,1730232554,1730232554,04:09:14 PM,04:09:14 PM,0
2100461,,RICHSIM1,0,1730232632,1730232632,04:10:32 PM,04:10:32 PM,0
2100461,,RICHHOT3,0,1730232667,1730232667,04:11:07 PM,04:11:07 PM,0
2100461,,RICHKIN1,0,1730232760,1730232760,04:12:40 PM,04:12:40 PM,0
2100461,,RICHQUEE,0,1730232840,1730232840,04:14:00 PM,04:14:00 PM,0
2100461,,RICHQUEE,0,1730232840,1730232840,04:14:00 PM,04:14:00 PM,0
2100461,,RICHKEN1,0,1730232976,1730232976,04:16:16 PM,04:16:16 PM,0
2100461,,RICHHYM1,0,1730233099,1730233099,04:18:19 PM,04:18:19 PM,0
2100461,,RICHPALL,0,1730233170,1730233170,04:19:30 PM,04:19:30 PM,0
2100461,,RICHOXF1,0,1730233320,1730233320,04:22:00 PM,04:22:00 PM,0
2100461,,RICHJAM1,0,1730233360,1730233360,04:22:40 PM,04:22:40 PM,0
2100461,,RICHGRO1,0,1730233426,1730233426,04:23:46 PM,04:23:46 PM,0
2100461,,RICHCHE1,0,1730233465,1730233465,04:24:25 PM,04:24:25 PM,0
2100461,,RICHVIC1,0,1730233519,1730233519,04:25:19 PM,04:25:19 PM,0
2100461,,RICHREG1,0,1730233573,1730233573,04:26:13 PM,04:26:13 PM,0
2100461,,RICHHUR1,0,1730233617,1730233617,04:26:57 PM,04:26:57 PM,0
2100461,,UNIVRIC2,0,1730233687,1730233687,04:28:07 PM,04:28:07 PM,0
2100461,,UNIVSUN2,0,1730233749,1730233749,04:29:09 PM,04:29:09 PM,0
2100461,,DELAHALL,0,1730233860,1730233860,04:31:00 PM,04:31:00 PM,0
2100461,,UNIVHOS1,0,1730233998,1730233998,04:33:18 PM,04:33:18 PM,0
2100461,,PERTWIN1,0,1730234030,1730234030,04:33:50 PM,04:33:50 PM,0
2100461,,RICHWIN1,0,1730234112,1730234112,04:35:12 PM,04:35:12 PM,0
2100461,,RICHWEC1,0,1730234158,1730234158,04:35:58 PM,04:35:58 PM,0
2100461,,RICHCANT,0,1730234201,1730234201,04:36:41 PM,04:36:41 PM,0
2100461,,RICHSUNN,0,1730234275,1730234275,04:37:55 PM,04:37:55 PM,0
2100461,,MASOSTO5,0,1730234400,1730234400,04:40:00 PM,04:40:00 PM,0
2100391,,MASOSTO5,0,1730230680,1730230680,03:38:00 PM,03:38:00 PM,0
2100391,,RICHJACK,0,1730230738,1730230738,03:38:58 PM,03:38:58 PM,0
2100391,,RICHSHAV,0,1730230776,1730230776,03:39:36 PM,03:39:36 PM,0
2100391,,RICHWES2,0,1730230820,1730230820,03:40:20 PM,03:40:20 PM,0
2100391,,RICHWES4,0,1730230842,1730230842,03:40:42 PM,03:40:42 PM,0
2100391,,RICHWYND,0,1730230875,1730230875,03:41:15 PM,03:41:15 PM,0
2100391,,WINDRIC2,0,1730230945,1730230945,03:42:25 PM,03:42:25 PM,0
2100391,,PERTWIN2,0,1730230988,1730230988,03:43:08 PM,03:43:08 PM,0
2100391,,UNIVHOS2,0,1730231040,1730231040,03:44:00 PM,03:44:00 PM,0
2100391,,DELAHAL2,0,1730231168,1730231168,03:46:08 PM,03:46:08 PM,0
2100391,,UNIVSUN1,0,1730231256,1730231256,03:47:36 PM,03:47:36 PM,0
2100391,,UNIVRIC1,0,1730231331,1730231331,03:48:51 PM,03:48:51 PM,0
2100391,,RICHHUR2,0,1730231391,1730231391,03:49:51 PM,03:49:51 PM,0
2100391,,RICHVIC2,0,1730231475,1730231475,03:51:15 PM,03:51:15 PM,0
2100391,,RICHCHE2,0,1730231526,1730231526,03:52:06 PM,03:52:06 PM,0
2100391,,RICHGRO2,0,1730231587,1730231587,03:53:07 PM,03:53:07 PM,0
2100391,,RICHJAM2,0,1730231627,1730231627,03:53:47 PM,03:53:47 PM,0
2100391,,RICHOXF2,0,1730231700,1730231700,03:55:00 PM,03:55:00 PM,0
2100391,,RICHMILL,0,1730231746,1730231746,03:55:46 PM,03:55:46 PM,0
2100391,,RICHCENT,0,1730231811,1730231811,03:56:51 PM,03:56:51 PM,0
2100391,,RICHKEN2,0,1730231855,1730231855,03:57:35 PM,03:57:35 PM,0
2100391,,RICHDUF2,0,1730231881,1730231881,03:58:01 PM,03:58:01 PM,0
2100391,,RICHQUE2,0,1730231940,1730231940,03:59:00 PM,03:59:00 PM,0
2100391,,RICHQUE2,0,1730231940,1730231940,03:59:00 PM,03:59:00 PM,0
2100391,,RICHKIN4,0,1730231991,1730231991,03:59:51 PM,03:59:51 PM,0
2100391,,RICHSIM2,0,1730232128,1730232128,04:02:08 PM,04:02:08 PM,0
2100391,,RICHGREY,0,1730232162,1730232162,04:02:42 PM,04:02:42 PM,0
2100391,,CARFCAR2,0,1730232235,1730232235,04:03:55 PM,04:03:55 PM,0
2100391,,CARFWOOD,0,1730232294,1730232294,04:04:54 PM,04:04:54 PM,0
2100391,,GRANHIG1,0,1730232386,1730232386,04:06:26 PM,04:06:26 PM,0
2100391,,WELLGRA2,0,1730232449,1730232449,04:07:29 PM,04:07:29 PM,0
2100391,,WELLCOLG,0,1730232511,1730232511,04:08:31 PM,04:08:31 PM,0
2100391,,WELLWELL,0,1730232579,1730232579,04:09:39 PM,04:09:39 PM,0
2100391,,WELLTHJA,0,1730232675,1730232675,04:11:15 PM,04:11:15 PM,0
2100391,,WELLBAS2,0,1730232780,1730232780,04:13:00 PM,04:13:00 PM,0
2100391,,WELLCOM4,0,1730232877,1730232877,04:14:37 PM,04:14:37 PM,0
2100391,,WELLWAT2,0,1730232957,1730232957,04:15:57 PM,04:15:57 PM,0
2100391,,WELLWIL4,0,1730233038,1730233038,04:17:18 PM,04:17:18 PM,0
2100391,,WELLNAD1,0,1730233099,1730233099,04:18:19 PM,04:18:19 PM,0
2100391,,WELLNADI,0,1730233134,1730233134,04:18:54 PM,04:18:54 PM,0
2100391,,WELLSDA2,0,1730233200,1730233200,04:20:00 PM,04:20:00 PM,0
2100391,,WELLHARL,0,1730233256,1730233256,04:20:56 PM,04:20:56 PM,0
2100391,,WELLMON4,,,,,,
2100391,,WELLMON2,0,1730233362,1730233362,04:22:42 PM,04:22:42 PM,0
2100391,,WELLBRA2,0,1730233426,1730233426,04:23:46 PM,04:23:46 PM,0
2100391,,WHITOMA1,0,1730233500,1730233500,04:25:00 PM,04:25:00 PM,0
2100465,,WHITOMA1,0,1730233980,1730233980,04:33:00 PM,04:33:00 PM,0
2100465,,BRADWEL3,0,1730234112,1730234112,04:35:12 PM,04:35:12 PM,0
2100465,,DEARBRAD,0,1730234140,1730234140,04:35:40 PM,04:35:40 PM,0
2100465,,DEARDUL1,0,1730234176,1730234176,04:36:16 PM,04:36:16 PM,0
2100465,,WILLDEAR,0,1730234220,1730234220,04:37:00 PM,04:37:00 PM,0
2100465,,WILLOSG1,0,1730234252,1730234252,04:37:32 PM,04:37:32 PM,0
2100465,,OSGOBRE1,0,1730234293,1730234293,04:38:13 PM,04:38:13 PM,0
2100465,,OSGOMETC,0,1730234319,1730234319,04:38:39 PM,04:38:39 PM,0
2100465,,OSGOKIN1,0,1730234357,1730234357,04:39:17 PM,04:39:17 PM,0
2100465,,OSGOADE3,0,1730234392,1730234392,04:39:52 PM,04:39:52 PM,0
2100465,,OSGOADE1,0,1730234460,1730234460,04:41:00 PM,04:41:00 PM,0
2100465,,OSGOWOO1,0,1730234490,1730234490,04:41:30 PM,04:41:30 PM,0
2100465,,DOWASH1,0,1730234525,1730234525,04:42:05 PM,04:42:05 PM,0
2100465,,ASHBSUR2,0,1730234548,1730234548,04:42:28 PM,04:42:28 PM,0
2100465,,ASHBMIL1,0,1730234583,1730234583,04:43:03 PM,04:43:03 PM,0
2100465,,MILLBEX3,0,1730234618,1730234618,04:43:38 PM,04:43:38 PM,0
2100465,,MILLBEX1,0,1730234660,1730234660,04:44:20 PM,04:44:20 PM,0
2100465,,MILLBRID,0,1730234689,1730234689,04:44:49 PM,04:44:49 PM,0
2100465,,MILLDUD1,0,1730234730,1730234730,04:45:30 PM,04:45:30 PM,0
2100465,,MILLHARR,0,1730234760,1730234760,04:46:00 PM,04:46:00 PM,0
2100465,,MILLSHA1,0,1730234842,1730234842,04:47:22 PM,04:47:22 PM,0
2100465,,MILLPAR2,0,1730234884,1730234884,04:48:04 PM,04:48:04 PM,0
2100465,,MILLSHA4,0,1730234946,1730234946,04:49:06 PM,04:49:06 PM,0
2100465,,MILLEBU4,0,1730234965,1730234965,04:49:25 PM,04:49:25 PM,0
2100465,,MILLEBU2,0,1730235011,1730235011,04:50:11 PM,04:50:11 PM,0
2100465,,MILLSDA2,0,1730235030,1730235030,04:50:30 PM,04:50:30 PM,0
2100465,,SOUTADE2,0,1730235077,1730235077,04:51:17 PM,04:51:17 PM,0
2100465,,SOUTWIL2,0,1730235148,1730235148,04:52:28 PM,04:52:28 PM,0
2100465,,SOUTWEL2,0,1730235190,1730235190,04:53:10 PM,04:53:10 PM,0
2100465,,WELLSDA3,0,1730235240,1730235240,04:54:00 PM,04:54:00 PM,0
2100465,,WELLCRES,,,,,,
2100465,,WELLCRE2,,,,,,
2100465,,WELLWIL1,,,,,,
2100465,,WELLWIL3,0,1730235420,1730235420,04:57:00 PM,04:57:00 PM,0
2100465,,WELLWAT1,0,1730235453,1730235453,04:57:33 PM,04:57:33 PM,0
2100465,,WELLCOM1,0,1730235496,1730235496,04:58:16 PM,04:58:16 PM,0
2100465,,WELLBAS1,0,1730235540,1730235540,04:59:00 PM,04:59:00 PM,0
2100465,,WELLCHES,0,1730235618,1730235618,05:00:18 PM,05:00:18 PM,0
2100465,,WELLALEX,0,1730235693,1730235693,05:01:33 PM,05:01:33 PM,0
2100465,,WELLBOND,0,1730235746,1730235746,05:02:26 PM,05:02:26 PM,0
2100465,,WELLMCL1,0,1730235802,1730235802,05:03:22 PM,05:03:22 PM,0
2100465,,GRANHIG2,0,1730235889,1730235889,05:04:49 PM,05:04:49 PM,0
2100465,,GRANHIG4,0,1730235924,1730235924,05:05:24 PM,05:05:24 PM,0
2100465,,CARFGRAN,0,1730235977,1730235977,05:06:17 PM,05:06:17 PM,0
2100465,,CARFCAR1,0,1730236034,1730236034,05:07:14 PM,05:07:14 PM,0
2100465,,RICHSIM1,0,1730236112,1730236112,05:08:32 PM,05:08:32 PM,0
2100465,,RICHHOT3,0,1730236147,1730236147,05:09:07 PM,05:09:07 PM,0
2100465,,RICHKIN1,0,1730236240,1730236240,05:10:40 PM,05:10:40 PM,0
2100465,,RICHQUEE,0,1730236320,1730236320,05:12:00 PM,05:12:00 PM,0
2100465,,RICHQUEE,0,1730236320,1730236320,05:12:00 PM,05:12:00 PM,0
2100465,,RICHKEN1,0,1730236456,1730236456,05:14:16 PM,05:14:16 PM,0
2100465,,RICHHYM1,0,1730236579,1730236579,05:16:19 PM,05:16:19 PM,0
2100465,,RICHPALL,0,1730236650,1730236650,05:17:30 PM,05:17:30 PM,0
2100465,,RICHOXF1,0,1730236800,1730236800,05:20:00 PM,05:20:00 PM,0
2100465,,RICHJAM1,0,1730236840,1730236840,05:20:40 PM,05:20:40 PM,0
2100465,,RICHGRO1,0,1730236906,1730236906,05:21:46 PM,05:21:46 PM,0
2100465,,RICHCHE1,0,1730236945,1730236945,05:22:25 PM,05:22:25 PM,0
2100465,,RICHVIC1,0,1730236999,1730236999,05:23:19 PM,05:23:19 PM,0
2100465,,RICHREG1,0,1730237053,1730237053,05:24:13 PM,05:24:13 PM,0
2100465,,RICHHUR1,0,1730237097,1730237097,05:24:57 PM,05:24:57 PM,0
2100465,,UNIVRIC2,0,1730237167,1730237167,05:26:07 PM,05:26:07 PM,0
2100465,,UNIVSUN2,0,1730237229,1730237229,05:27:09 PM,05:27:09 PM,0
2100465,,DELAHALL,0,1730237340,1730237340,05:29:00 PM,05:29:00 PM,0
2100465,,UNIVHOS1,0,1730237478,1730237478,05:31:18 PM,05:31:18 PM,0
2100465,,PERTWIN1,0,1730237510,1730237510,05:31:50 PM,05:31:50 PM,0
2100465,,RICHWIN1,0,1730237592,1730237592,05:33:12 PM,05:33:12 PM,0
2100465,,RICHWEC1,0,1730237638,1730237638,05:33:58 PM,05:33:58 PM,0
2100465,,RICHCANT,0,1730237681,1730237681,05:34:41 PM,05:34:41 PM,0
2100465,,RICHSUNN,0,1730237755,1730237755,05:35:55 PM,05:35:55 PM,0
2100465,,MASOSTO5,0,1730237880,1730237880,05:38:00 PM,05:38:00 PM,0
2100466,,WHITOMA1,0,1730235660,1730235660,05:01:00 PM,05:01:00 PM,0
2100466,,WELLBRA1,,,,,,
2100466,,WELLMON1,,,,,,
2100466,,WELLSDA1,,,,,,
2100466,,WELLCRES,,,,,,
2100466,,WELLCRE2,,,,,,
2100466,,WELLWIL1,,,,,,
2100466,,WELLWIL3,0,1730236192,1730236192,05:09:52 PM,05:09:52 PM,0
2100466,,WELLWAT1,0,1730236227,1730236227,05:10:27 PM,05:10:27 PM,0
2100466,,WELLCOM1,0,1730236273,1730236273,05:11:13 PM,05:11:13 PM,0
2100466,,WELLBAS1,0,1730236320,1730236320,05:12:00 PM,05:12:00 PM,0
2100466,,WELLCHES,0,1730236398,1730236398,05:13:18 PM,05:13:18 PM,0
2100466,,WELLALEX,0,1730236473,1730236473,05:14:33 PM,05:14:33 PM,0
2100466,,WELLBOND,0,1730236526,1730236526,05:15:26 PM,05:15:26 PM,0
2100466,,WELLMCL1,0,1730236582,1730236582,05:16:22 PM,05:16:22 PM,0
2100466,,GRANHIG2,0,1730236669,1730236669,05:17:49 PM,05:17:49 PM,0
2100466,,GRANHIG4,0,1730236704,1730236704,05:18:24 PM,05:18:24 PM,0
2100466,,CARFGRAN,0,1730236757,1730236757,05:19:17 PM,05:19:17 PM,0
2100466,,CARFCAR1,0,1730236814,1730236814,05:20:14 PM,05:20:14 PM,0
2100466,,RICHSIM1,0,1730236892,1730236892,05:21:32 PM,05:21:32 PM,0
2100466,,RICHHOT3,0,1730236927,1730236927,05:22:07 PM,05:22:07 PM,0
2100466,,RICHKIN1,0,1730237020,1730237020,05:23:40 PM,05:23:40 PM,0
2100466,,RICHQUEE,0,1730237100,1730237100,05:25:00 PM,05:25:00 PM,0
2100466,,RICHQUEE,0,1730237100,1730237100,05:25:00 PM,05:25:00 PM,0
2100466,,RICHKEN1,0,1730237236,1730237236,05:27:16 PM,05:27:16 PM,0
2100466,,RICHHYM1,0,1730237359,1730237359,05:29:19 PM,05:29:19 PM,0
2100466,,RICHPALL,0,1730237430,1730237430,05:30:30 PM,05:30:30 PM,0
2100466,,RICHOXF1,0,1730237580,1730237580,05:33:00 PM,05:33:00 PM,0
2100466,,RICHJAM1,0,1730237620,1730237620,05:33:40 PM,05:33:40 PM,0
2100466,,RICHGRO1,0,1730237686,1730237686,05:34:46 PM,05:34:46 PM,0
2100466,,RICHCHE1,0,1730237725,1730237725,05:35:25 PM,05:35:25 PM,0
2100466,,RICHVIC1,0,1730237779,1730237779,05:36:19 PM,05:36:19 PM,0
2100466,,RICHREG1,0,1730237833,1730237833,05:37:13 PM,05:37:13 PM,0
2100466,,RICHHUR1,0,1730237877,1730237877,05:37:57 PM,05:37:57 PM,0
2100466,,UNIVRIC2,0,1730237947,1730237947,05:39:07 PM,05:39:07 PM,0
2100466,,UNIVSUN2,0,1730238009,1730238009,05:40:09 PM,05:40:09 PM,0
2100466,,DELAHALL,0,1730238120,1730238120,05:42:00 PM,05:42:00 PM,0
2100466,,UNIVHOS1,0,1730238258,1730238258,05:44:18 PM,05:44:18 PM,0
2100466,,PERTWIN1,0,1730238290,1730238290,05:44:50 PM,05:44:50 PM,0
2100466,,RICHWIN1,0,1730238372,1730238372,05:46:12 PM,05:46:12 PM,0
2100466,,RICHWEC1,0,1730238418,1730238418,05:46:58 PM,05:46:58 PM,0
2100466,,RICHCANT,0,1730238461,1730238461,05:47:41 PM,05:47:41 PM,0
2100466,,RICHSUNN,0,1730238535,1730238535,05:48:55 PM,05:48:55 PM,0
2100466,,MASOSTO5,0,1730238660,1730238660,05:51:00 PM,05:51:00 PM,0
2100476,,WHITOMA1,0,1730242980,1730242980,07:03:00 PM,07:03:00 PM,0
2100476,,WELLBRA1,,,,,,
2100476,,WELLMON1,,,,,,
2100476,,WELLSDA1,,,,,,
2100476,,WELLCRES,,,,,,
2100476,,WELLCRE2,,,,,,
2100476,,WELLWIL1,,,,,,
2100476,,WELLWIL3,0,1730243512,1730243512,07:11:52 PM,07:11:52 PM,0
2100476,,WELLWAT1,0,1730243547,1730243547,07:12:27 PM,07:12:27 PM,0
2100476,,WELLCOM1,0,1730243593,1730243593,07:13:13 PM,07:13:13 PM,0
2100476,,WELLBAS1,0,1730243640,1730243640,07:14:00 PM,07:14:00 PM,0
2100476,,WELLCHES,0,1730243706,1730243706,07:15:06 PM,07:15:06 PM,0
2100476,,WELLALEX,0,1730243769,1730243769,07:16:09 PM,07:16:09 PM,0
2100476,,WELLBOND,0,1730243814,1730243814,07:16:54 PM,07:16:54 PM,0
2100476,,WELLMCL1,0,1730243862,1730243862,07:17:42 PM,07:17:42 PM,0
2100476,,GRANHIG2,0,1730243935,1730243935,07:18:55 PM,07:18:55 PM,0
2100476,,GRANHIG4,0,1730243964,1730243964,07:19:24 PM,07:19:24 PM,0
2100476,,CARFGRAN,0,1730244009,1730244009,07:20:09 PM,07:20:09 PM,0
2100476,,CARFCAR1,0,1730244057,1730244057,07:20:57 PM,07:20:57 PM,0
2100476,,RICHSIM1,0,1730244123,1730244123,07:22:03 PM,07:22:03 PM,0
2100476,,RICHHOT3,0,1730244153,1730244153,07:22:33 PM,07:22:33 PM,0
2100476,,RICHKIN1,0,1730244232,1730244232,07:23:52 PM,07:23:52 PM,0
2100476,,RICHQUEE,0,1730244300,1730244300,07:25:00 PM,07:25:00 PM,0
2100476,,RICHQUEE,0,1730244300,1730244300,07:25:00 PM,07:25:00 PM,0
2100476,,RICHKEN1,0,1730244385,1730244385,07:26:25 PM,07:26:25 PM,0
2100476,,RICHHYM1,0,1730244462,1730244462,07:27:42 PM,07:27:42 PM,0
2100476,,RICHPALL,0,1730244506,1730244506,07:28:26 PM,07:28:26 PM,0
2100476,,RICHOXF1,0,1730244600,1730244600,07:30:00 PM,07:30:00 PM,0
2100476,,RICHJAM1,0,1730244635,1730244635,07:30:35 PM,07:30:35 PM,0
2100476,,RICHGRO1,0,1730244694,1730244694,07:31:34 PM,07:31:34 PM,0
2100476,,RICHCHE1,0,1730244728,1730244728,07:32:08 PM,07:32:08 PM,0
2100476,,RICHVIC1,0,1730244776,1730244776,07:32:56 PM,07:32:56 PM,0
2100476,,RICHREG1,0,1730244824,1730244824,07:33:44 PM,07:33:44 PM,0
2100476,,RICHHUR1,0,1730244863,1730244863,07:34:23 PM,07:34:23 PM,0
2100476,,UNIVRIC2,0,1730244925,1730244925,07:35:25 PM,07:35:25 PM,0
2100476,,UNIVSUN2,0,1730244980,1730244980,07:36:20 PM,07:36:20 PM,0
2100476,,DELAHALL,0,1730245080,1730245080,07:38:00 PM,07:38:00 PM,0
2100476,,UNIVHOS1,0,1730245187,1730245187,07:39:47 PM,07:39:47 PM,0
2100476,,PERTWIN1,0,1730245212,1730245212,07:40:12 PM,07:40:12 PM,0
2100476,,RICHWIN1,0,1730245275,1730245275,07:41:15 PM,07:41:15 PM,0
2100476,,RICHWEC1,0,1730245311,1730245311,07:41:51 PM,07:41:51 PM,0
2100476,,RICHCANT,0,1730245344,1730245344,07:42:24 PM,07:42:24 PM,0
2100476,,RICHSUNN,0,1730245402,1730245402,07:43:22 PM,07:43:22 PM,0
2100476,,MASOSTO5,0,1730245500,1730245500,07:45:00 PM,07:45:00 PM,0
2100462,,WHITOMA1,0,1730232300,1730232300,04:05:00 PM,04:05:00 PM,0
2100462,,WELLBRA1,,,,,,
2100462,,WELLMON1,,,,,,
2100462,,WELLSDA1,,,,,,
2100462,,WELLCRES,,,,,,
2100462,,WELLCRE2,,,,,,
2100462,,WELLWIL1,,,,,,
2100462,,WELLWIL3,0,1730232832,1730232832,04:13:52 PM,04:13:52 PM,0
2100462,,WELLWAT1,0,1730232867,1730232867,04:14:27 PM,04:14:27 PM,0
2100462,,WELLCOM1,0,1730232913,1730232913,04:15:13 PM,04:15:13 PM,0
2100462,,WELLBAS1,0,1730232960,1730232960,04:16:00 PM,04:16:00 PM,0
2100462,,WELLCHES,0,1730233038,1730233038,04:17:18 PM,04:17:18 PM,0
2100462,,WELLALEX,0,1730233113,1730233113,04:18:33 PM,04:18:33 PM,0
2100462,,WELLBOND,0,1730233166,1730233166,04:19:26 PM,04:19:26 PM,0
2100462,,WELLMCL1,0,1730233222,1730233222,04:20:22 PM,04:20:22 PM,0
2100462,,GRANHIG2,0,1730233309,1730233309,04:21:49 PM,04:21:49 PM,0
2100462,,GRANHIG4,0,1730233344,1730233344,04:22:24 PM,04:22:24 PM,0
2100462,,CARFGRAN,0,1730233397,1730233397,04:23:17 PM,04:23:17 PM,0
2100462,,CARFCAR1,0,1730233454,1730233454,04:24:14 PM,04:24:14 PM,0
2100462,,RICHSIM1,0,1730233532,1730233532,04:25:32 PM,04:25:32 PM,0
2100462,,RICHHOT3,0,1730233567,1730233567,04:26:07 PM,04:26:07 PM,0
2100462,,RICHKIN1,0,1730233660,1730233660,04:27:40 PM,04:27:40 PM,0
2100462,,RICHQUEE,0,1730233740,1730233740,04:29:00 PM,04:29:00 PM,0
2100462,,RICHQUEE,0,1730233740,1730233740,04:29:00 PM,04:29:00 PM,0
2100462,,RICHKEN1,0,1730233876,1730233876,04:31:16 PM,04:31:16 PM,0
2100462,,RICHHYM1,0,1730233999,1730233999,04:33:19 PM,04:33:19 PM,0
2100462,,RICHPALL,0,1730234070,1730234070,04:34:30 PM,04:34:30 PM,0
2100462,,RICHOXF1,0,1730234220,1730234220,04:37:00 PM,04:37:00 PM,0
2100462,,RICHJAM1,0,1730234260,1730234260,04:37:40 PM,04:37:40 PM,0
2100462,,RICHGRO1,0,1730234326,1730234326,04:38:46 PM,04:38:46 PM,0
2100462,,RICHCHE1,0,1730234365,1730234365,04:39:25 PM,04:39:25 PM,0
2100462,,RICHVIC1,0,1730234419,1730234419,04:40:19 PM,04:40:19 PM,0
2100462,,RICHREG1,0,1730234473,1730234473,04:41:13 PM,04:41:13 PM,0
2100462,,RICHHUR1,0,1730234517,1730234517,04:41:57 PM,04:41:57 PM,0
2100462,,UNIVRIC2,0,1730234587,1730234587,04:43:07 PM,04:43:07 PM,0
2100462,,UNIVSUN2,0,1730234649,1730234649,04:44:09 PM,04:44:09 PM,0
2100462,,DELAHALL,0,1730234760,1730234760,04:46:00 PM,04:46:00 PM,0
2100462,,UNIVHOS1,0,1730234898,1730234898,04:48:18 PM,04:48:18 PM,0
2100462,,PERTWIN1,0,1730234930,1730234930,04:48:50 PM,04:48:50 PM,0
2100462,,RICHWIN1,0,1730235012,1730235012,04:50:12 PM,04:50:12 PM,0
2100462,,RICHWEC1,0,1730235058,1730235058,04:50:58 PM,04:50:58 PM,0
2100462,,RICHCANT,0,1730235101,1730235101,04:51:41 PM,04:51:41 PM,0
2100462,,RICHSUNN,0,1730235175,1730235175,04:52:55 PM,04:52:55 PM,0
2100462,,MASOSTO5,0,1730235300,1730235300,04:55:00 PM,04:55:00 PM,0
2100397,,MASOSTO5,0,1730235840,1730235840,05:04:00 PM,05:04:00 PM,0
2100397,,RICHJACK,0,1730235908,1730235908,05:05:08 PM,05:05:08 PM,0
2100397,,RICHSHAV,0,1730235952,1730235952,05:05:52 PM,05:05:52 PM,0
2100397,,RICHWES2,0,1730236003,1730236003,05:06:43 PM,05:06:43 PM,0
2100397,,RICHWES4,0,1730236028,1730236028,05:07:08 PM,05:07:08 PM,0
2100397,,RICHWYND,0,1730236066,1730236066,05:07:46 PM,05:07:46 PM,0
2100397,,WINDRIC2,0,1730236148,1730236148,05:09:08 PM,05:09:08 PM,0
2100397,,PERTWIN2,0,1730236198,1730236198,05:09:58 PM,05:09:58 PM,0
2100397,,UNIVHOS2,0,1730236260,1730236260,05:11:00 PM,05:11:00 PM,0
2100397,,DELAHAL2,0,1730236412,1730236412,05:13:32 PM,05:13:32 PM,0
2100397,,UNIVSUN1,0,1730236516,1730236516,05:15:16 PM,05:15:16 PM,0
2100397,,UNIVRIC1,0,1730236604,1730236604,05:16:44 PM,05:16:44 PM,0
2100397,,RICHHUR2,0,1730236675,1730236675,05:17:55 PM,05:17:55 PM,0
2100397,,RICHVIC2,0,1730236774,1730236774,05:19:34 PM,05:19:34 PM,0
2100397,,RICHCHE2,0,1730236834,1730236834,05:20:34 PM,05:20:34 PM,0
2100397,,RICHGRO2,0,1730236906,1730236906,05:21:46 PM,05:21:46 PM,0
2100397,,RICHJAM2,0,1730236953,1730236953,05:22:33 PM,05:22:33 PM,0
2100397,,RICHOXF2,0,1730237040,1730237040,05:24:00 PM,05:24:00 PM,0
2100397,,RICHMILL,0,1730237097,1730237097,05:24:57 PM,05:24:57 PM,0
2100397,,RICHCENT,0,1730237178,1730237178,05:26:18 PM,05:26:18 PM,0
2100397,,RICHKEN2,0,1730237233,1730237233,05:27:13 PM,05:27:13 PM,0
2100397,,RICHDUF2,0,1730237266,1730237266,05:27:46 PM,05:27:46 PM,0
2100397,,RICHQUE2,0,1730237340,1730237340,05:29:00 PM,05:29:00 PM,0
2100397,,RICHQUE2,0,1730237340,1730237340,05:29:00 PM,05:29:00 PM,0
2100397,,RICHKIN4,0,1730237391,1730237391,05:29:51 PM,05:29:51 PM,0
2100397,,RICHSIM2,0,1730237528,1730237528,05:32:08 PM,05:32:08 PM,0
2100397,,RICHGREY,0,1730237562,1730237562,05:32:42 PM,05:32:42 PM,0
2100397,,CARFCAR2,0,1730237635,1730237635,05:33:55 PM,05:33:55 PM,0
2100397,,CARFWOOD,0,1730237694,1730237694,05:34:54 PM,05:34:54 PM,0
2100397,,GRANHIG1,0,1730237786,1730237786,05:36:26 PM,05:36:26 PM,0
2100397,,WELLGRA2,0,1730237849,1730237849,05:37:29 PM,05:37:29 PM,0
2100397,,WELLCOLG,0,1730237911,1730237911,05:38:31 PM,05:38:31 PM,0
2100397,,WELLWELL,0,1730237979,1730237979,05:39:39 PM,05:39:39 PM,0
2100397,,WELLTHJA,0,1730238075,1730238075,05:41:15 PM,05:41:15 PM,0
2100397,,WELLBAS2,0,1730238180,1730238180,05:43:00 PM,05:43:00 PM,0
2100397,,WELLCOM4,0,1730238277,1730238277,05:44:37 PM,05:44:37 PM,0
2100397,,WELLWAT2,0,1730238357,1730238357,05:45:57 PM,05:45:57 PM,0
2100397,,WELLWIL4,0,1730238438,1730238438,05:47:18 PM,05:47:18 PM,0
2100397,,WELLNAD1,0,1730238499,1730238499,05:48:19 PM,05:48:19 PM,0
2100397,,WELLNADI,0,1730238534,1730238534,05:48:54 PM,05:48:54 PM,0
2100397,,WELLSDA2,0,1730238600,1730238600,05:50:00 PM,05:50:00 PM,0
2100397,,WELLHARL,0,1730238656,1730238656,05:50:56 PM,05:50:56 PM,0
2100397,,WELLMON4,,,,,,
2100397,,WELLMON2,0,1730238762,1730238762,05:52:42 PM,05:52:42 PM,0
2100397,,WELLBRA2,0,1730238826,1730238826,05:53:46 PM,05:53:46 PM,0
2100397,,WHITOMA1,0,1730238900,1730238900,05:55:00 PM,05:55:00 PM,0
2100471,,WHITOMA1,0,1730239680,1730239680,06:08:00 PM,06:08:00 PM,0
2100471,,WELLBRA1,,,,,,
2100471,,WELLMON1,,,,,,
2100471,,WELLSDA1,,,,,,
2100471,,WELLCRES,,,,,,
2100471,,WELLCRE2,,,,,,
2100471,,WELLWIL1,,,,,,
2100471,,WELLWIL3,0,1730240212,1730240212,06:16:52 PM,06:16:52 PM,0
2100471,,WELLWAT1,0,1730240247,1730240247,06:17:27 PM,06:17:27 PM,0
2100471,,WELLCOM1,0,1730240293,1730240293,06:18:13 PM,06:18:13 PM,0
2100471,,WELLBAS1,0,1730240340,1730240340,06:19:00 PM,06:19:00 PM,0
2100471,,WELLCHES,0,1730240406,1730240406,06:20:06 PM,06:20:06 PM,0
2100471,,WELLALEX,0,1730240469,1730240469,06:21:09 PM,06:21:09 PM,0
2100471,,WELLBOND,0,1730240514,1730240514,06:21:54 PM,06:21:54 PM,0
2100471,,WELLMCL1,0,1730240562,1730240562,06:22:42 PM,06:22:42 PM,0
2100471,,GRANHIG2,0,1730240635,1730240635,06:23:55 PM,06:23:55 PM,0
2100471,,GRANHIG4,0,1730240664,1730240664,06:24:24 PM,06:24:24 PM,0
2100471,,CARFGRAN,0,1730240709,1730240709,06:25:09 PM,06:25:09 PM,0
2100471,,CARFCAR1,0,1730240757,1730240757,06:25:57 PM,06:25:57 PM,0
2100471,,RICHSIM1,0,1730240823,1730240823,06:27:03 PM,06:27:03 PM,0
2100471,,RICHHOT3,0,1730240853,1730240853,06:27:33 PM,06:27:33 PM,0
2100471,,RICHKIN1,0,1730240932,1730240932,06:28:52 PM,06:28:52 PM,0
2100471,,RICHQUEE,0,1730241000,1730241000,06:30:00 PM,06:30:00 PM,0
2100471,,RICHQUEE,0,1730241000,1730241000,06:30:00 PM,06:30:00 PM,0
2100471,,RICHKEN1,0,1730241085,1730241085,06:31:25 PM,06:31:25 PM,0
2100471,,RICHHYM1,0,1730241162,1730241162,06:32:42 PM,06:32:42 PM,0
2100471,,RICHPALL,0,1730241206,1730241206,06:33:26 PM,06:33:26 PM,0
2100471,,RICHOXF1,0,1730241300,1730241300,06:35:00 PM,06:35:00 PM,0
2100471,,RICHJAM1,0,1730241335,1730241335,06:35:35 PM,06:35:35 PM,0
2100471,,RICHGRO1,0,1730241394,1730241394,06:36:34 PM,06:36:34 PM,0
2100471,,RICHCHE1,0,1730241428,1730241428,06:37:08 PM,06:37:08 PM,0
2100471,,RICHVIC1,0,1730241476,1730241476,06:37:56 PM,06:37:56 PM,0
2100471,,RICHREG1,0,1730241524,1730241524,06:38:44 PM,06:38:44 PM,0
2100471,,RICHHUR1,0,1730241563,1730241563,06:39:23 PM,06:39:23 PM,0
2100471,,UNIVRIC2,0,1730241625,1730241625,06:40:25 PM,06:40:25 PM,0
2100471,,UNIVSUN2,0,1730241680,1730241680,06:41:20 PM,06:41:20 PM,0
2100471,,DELAHALL,0,1730241780,1730241780,06:43:00 PM,06:43:00 PM,0
2100471,,UNIVHOS1,0,1730241887,1730241887,06:44:47 PM,06:44:47 PM,0
2100471,,PERTWIN1,0,1730241912,1730241912,06:45:12 PM,06:45:12 PM,0
2100471,,RICHWIN1,0,1730241975,1730241975,06:46:15 PM,06:46:15 PM,0
2100471,,RICHWEC1,0,1730242011,1730242011,06:46:51 PM,06:46:51 PM,0
2100471,,RICHCANT,0,1730242044,1730242044,06:47:24 PM,06:47:24 PM,0
2100471,,RICHSUNN,0,1730242102,1730242102,06:48:22 PM,06:48:22 PM,0
2100471,,MASOSTO5,0,1730242200,1730242200,06:50:00 PM,06:50:00 PM,0
2100406,,MASOSTO5,0,1730242320,1730242320,06:52:00 PM,06:52:00 PM,0
2100406,,RICHJACK,0,1730242388,1730242388,06:53:08 PM,06:53:08 PM,0
2100406,,RICHSHAV,0,1730242432,1730242432,06:53:52 PM,06:53:52 PM,0
2100406,,RICHWES2,0,1730242483,1730242483,06:54:43 PM,06:54:43 PM,0
2100406,,RICHWES4,0,1730242508,1730242508,06:55:08 PM,06:55:08 PM,0
2100406,,RICHWYND,0,1730242546,1730242546,06:55:46 PM,06:55:46 PM,0
2100406,,WINDRIC2,0,1730242628,1730242628,06:57:08 PM,06:57:08 PM,0
2100406,,PERTWIN2,0,1730242678,1730242678,06:57:58 PM,06:57:58 PM,0
2100406,,UNIVHOS2,0,1730242740,1730242740,06:59:00 PM,06:59:00 PM,0
2100406,,DELAHAL2,0,1730242868,1730242868,07:01:08 PM,07:01:08 PM,0
2100406,,UNIVSUN1,0,1730242956,1730242956,07:02:36 PM,07:02:36 PM,0
2100406,,UNIVRIC1,0,1730243031,1730243031,07:03:51 PM,07:03:51 PM,0
2100406,,RICHHUR2,0,1730243091,1730243091,07:04:51 PM,07:04:51 PM,0
2100406,,RICHVIC2,0,1730243175,1730243175,07:06:15 PM,07:06:15 PM,0
2100406,,RICHCHE2,0,1730243226,1730243226,07:07:06 PM,07:07:06 PM,0
2100406,,RICHGRO2,0,1730243287,1730243287,07:08:07 PM,07:08:07 PM,0
2100406,,RICHJAM2,0,1730243327,1730243327,07:08:47 PM,07:08:47 PM,0
2100406,,RICHOXF2,0,1730243400,1730243400,07:10:00 PM,07:10:00 PM,0
2100406,,RICHMILL,0,1730243446,1730243446,07:10:46 PM,07:10:46 PM,0
2100406,,RICHCENT,0,1730243511,1730243511,07:11:51 PM,07:11:51 PM,0
2100406,,RICHKEN2,0,1730243555,1730243555,07:12:35 PM,07:12:35 PM,0
2100406,,RICHDUF2,0,1730243581,1730243581,07:13:01 PM,07:13:01 PM,0
2100406,,RICHQUE2,0,1730243640,1730243640,07:14:00 PM,07:14:00 PM,0
2100406,,RICHQUE2,0,1730243640,1730243640,07:14:00 PM,07:14:00 PM,0
2100406,,RICHKIN4,0,1730243684,1730243684,07:14:44 PM,07:14:44 PM,0
2100406,,RICHSIM2,0,1730243801,1730243801,07:16:41 PM,07:16:41 PM,0
2100406,,RICHGREY,0,1730243830,1730243830,07:17:10 PM,07:17:10 PM,0
2100406,,CARFCAR2,0,1730243893,1730243893,07:18:13 PM,07:18:13 PM,0
2100406,,CARFWOOD,0,1730243943,1730243943,07:19:03 PM,07:19:03 PM,0
2100406,,GRANHIG1,0,1730244022,1730244022,07:20:22 PM,07:20:22 PM,0
2100406,,WELLGRA2,0,1730244076,1730244076,07:21:16 PM,07:21:16 PM,0
2100406,,WELLCOLG,0,1730244129,1730244129,07:22:09 PM,07:22:09 PM,0
2100406,,WELLWELL,0,1730244187,1730244187,07:23:07 PM,07:23:07 PM,0
2100406,,WELLTHJA,0,1730244269,1730244269,07:24:29 PM,07:24:29 PM,0
2100406,,WELLBAS2,0,1730244360,1730244360,07:26:00 PM,07:26:00 PM,0
2100406,,WELLCOM4,0,1730244429,1730244429,07:27:09 PM,07:27:09 PM,0
2100406,,WELLWAT2,0,1730244486,1730244486,07:28:06 PM,07:28:06 PM,0
2100406,,WELLWIL4,0,1730244544,1730244544,07:29:04 PM,07:29:04 PM,0
2100406,,WELLNAD1,0,1730244587,1730244587,07:29:47 PM,07:29:47 PM,0
2100406,,WELLNADI,0,1730244612,1730244612,07:30:12 PM,07:30:12 PM,0
2100406,,WELLSDA2,0,1730244660,1730244660,07:31:00 PM,07:31:00 PM,0
2100406,,WELLHARL,0,1730244704,1730244704,07:31:44 PM,07:31:44 PM,0
2100406,,WELLMON4,,,,,,
2100406,,WELLMON2,0,1730244789,1730244789,07:33:09 PM,07:33:09 PM,0
2100406,,WELLBRA2,0,1730244840,1730244840,07:34:00 PM,07:34:00 PM,0
2100406,,WHITOMA1,0,1730244900,1730244900,07:35:00 PM,07:35:00 PM,0
2100474,,WHITOMA1,0,1730245620,1730245620,07:47:00 PM,07:47:00 PM,0
2100474,,BRADWEL3,0,1730245735,1730245735,07:48:55 PM,07:48:55 PM,0
2100474,,DEARBRAD,0,1730245759,1730245759,07:49:19 PM,07:49:19 PM,0
2100474,,DEARDUL1,0,1730245790,1730245790,07:49:50 PM,07:49:50 PM,0
2100474,,WILLDEAR,0,1730245828,1730245828,07:50:28 PM,07:50:28 PM,0
2100474,,WILLOSG1,0,1730245856,1730245856,07:50:56 PM,07:50:56 PM,0
2100474,,OSGOBRE1,0,1730245892,1730245892,07:51:32 PM,07:51:32 PM,0
2100474,,OSGOMETC,0,1730245915,1730245915,07:51:55 PM,07:51:55 PM,0
2100474,,OSGOKIN1,0,1730245948,1730245948,07:52:28 PM,07:52:28 PM,0
2100474,,OSGOADE3,0,1730245978,1730245978,07:52:58 PM,07:52:58 PM,0
2100474,,OSGOADE1,0,1730246040,1730246040,07:54:00 PM,07:54:00 PM,0
2100474,,OSGOWOO1,0,1730246066,1730246066,07:54:26 PM,07:54:26 PM,0
2100474,,DOWASH1,0,1730246095,1730246095,07:54:55 PM,07:54:55 PM,0
2100474,,ASHBSUR2,0,1730246114,1730246114,07:55:14 PM,07:55:14 PM,0
2100474,,ASHBMIL1,0,1730246144,1730246144,07:55:44 PM,07:55:44 PM,0
2100474,,MILLBEX3,0,1730246174,1730246174,07:56:14 PM,07:56:14 PM,0
2100474,,MILLBEX1,0,1730246209,1730246209,07:56:49 PM,07:56:49 PM,0
2100474,,MILLBRID,0,1730246234,1730246234,07:57:14 PM,07:57:14 PM,0
2100474,,MILLDUD1,0,1730246268,1730246268,07:57:48 PM,07:57:48 PM,0
2100474,,MILLHARR,0,1730246294,1730246294,07:58:14 PM,07:58:14 PM,0
2100474,,MILLSHA1,0,1730246363,1730246363,07:59:23 PM,07:59:23 PM,0
2100474,,MILLPAR2,0,1730246399,1730246399,07:59:59 PM,07:59:59 PM,0
2100474,,MILLSHA4,0,1730246452,1730246452,08:00:52 PM,08:00:52 PM,0
2100474,,MILLEBU4,0,1730246468,1730246468,08:01:08 PM,08:01:08 PM,0
2100474,,MILLEBU2,0,1730246507,1730246507,08:01:47 PM,08:01:47 PM,0
2100474,,MILLSDA2,0,1730246523,1730246523,08:02:03 PM,08:02:03 PM,0
2100474,,SOUTADE2,0,1730246563,1730246563,08:02:43 PM,08:02:43 PM,0
2100474,,SOUTWIL2,0,1730246623,1730246623,08:03:43 PM,08:03:43 PM,0
2100474,,SOUTWEL2,0,1730246658,1730246658,08:04:18 PM,08:04:18 PM,0
2100474,,WELLSDA3,0,1730246700,1730246700,08:05:00 PM,08:05:00 PM,0
2100474,,WELLCRES,,,,,,
2100474,,WELLCRE2,,,,,,
2100474,,WELLWIL1,,,,,,
2100474,,WELLWIL3,0,1730246843,1730246843,08:07:23 PM,08:07:23 PM,0
2100474,,WELLWAT1,0,1730246869,1730246869,08:07:49 PM,08:07:49 PM,0
2100474,,WELLCOM1,0,1730246903,1730246903,08:08:23 PM,08:08:23 PM,0
2100474,,WELLBAS1,0,1730246940,1730246940,08:09:00 PM,08:09:00 PM,0
2100474,,WELLCHES,0,1730247006,1730247006,08:10:06 PM,08:10:06 PM,0
2100474,,WELLALEX,0,1730247069,1730247069,08:11:09 PM,08:11:09 PM,0
2100474,,WELLBOND,0,1730247114,1730247114,08:11:54 PM,08:11:54 PM,0
2100474,,WELLMCL1,0,1730247162,1730247162,08:12:42 PM,08:12:42 PM,0
2100474,,GRANHIG2,0,1730247235,1730247235,08:13:55 PM,08:13:55 PM,0
2100474,,GRANHIG4,0,1730247264,1730247264,08:14:24 PM,08:14:24 PM,0
2100474,,CARFGRAN,0,1730247309,1730247309,08:15:09 PM,08:15:09 PM,0
2100474,,CARFCAR1,0,1730247357,1730247357,08:15:57 PM,08:15:57 PM,0
2100474,,RICHSIM1,0,1730247423,1730247423,08:17:03 PM,08:17:03 PM,0
2100474,,RICHHOT3,0,1730247453,1730247453,08:17:33 PM,08:17:33 PM,0
2100474,,RICHKIN1,0,1730247532,1730247532,08:18:52 PM,08:18:52 PM,0
2100474,,RICHQUEE,0,1730247600,1730247600,08:20:00 PM,08:20:00 PM,0
2100474,,RICHQUEE,0,1730247600,1730247600,08:20:00 PM,08:20:00 PM,0
2100474,,RICHKEN1,0,1730247685,1730247685,08:21:25 PM,08:21:25 PM,0
2100474,,RICHHYM1,0,1730247762,1730247762,08:22:42 PM,08:22:42 PM,0
2100474,,RICHPALL,0,1730247806,1730247806,08:23:26 PM,08:23:26 PM,0
2100474,,RICHOXF1,0,1730247900,1730247900,08:25:00 PM,08:25:00 PM,0
2100474,,RICHJAM1,0,1730247935,1730247935,08:25:35 PM,08:25:35 PM,0
2100474,,RICHGRO1,0,1730247994,1730247994,08:26:34 PM,08:26:34 PM,0
2100474,,RICHCHE1,0,1730248028,1730248028,08:27:08 PM,08:27:08 PM,0
2100474,,RICHVIC1,0,1730248076,1730248076,08:27:56 PM,08:27:56 PM,0
2100474,,RICHREG1,0,1730248124,1730248124,08:28:44 PM,08:28:44 PM,0
2100474,,RICHHUR1,0,1730248163,1730248163,08:29:23 PM,08:29:23 PM,0
2100474,,UNIVRIC2,0,1730248225,1730248225,08:30:25 PM,08:30:25 PM,0
2100474,,UNIVSUN2,0,1730248280,1730248280,08:31:20 PM,08:31:20 PM,0
2100474,,DELAHALL,0,1730248380,1730248380,08:33:00 PM,08:33:00 PM,0
2100474,,UNIVHOS1,0,1730248487,1730248487,08:34:47 PM,08:34:47 PM,0
2100474,,PERTWIN1,0,1730248512,1730248512,08:35:12 PM,08:35:12 PM,0
2100474,,RICHWIN1,0,1730248575,1730248575,08:36:15 PM,08:36:15 PM,0
2100474,,RICHWEC1,0,1730248611,1730248611,08:36:51 PM,08:36:51 PM,0
2100474,,RICHCANT,0,1730248644,1730248644,08:37:24 PM,08:37:24 PM,0
2100474,,RICHSUNN,0,1730248702,1730248702,08:38:22 PM,08:38:22 PM,0
2100474,,MASOSTO5,0,1730248800,1730248800,08:40:00 PM,08:40:00 PM,0
2100463,,WHITOMA1,0,1730232300,1730232300,04:05:00 PM,04:05:00 PM,0
2100463,,BRADWEL3,0,1730232432,1730232432,04:07:12 PM,04:07:12 PM,0
2100463,,DEARBRAD,0,1730232460,1730232460,04:07:40 PM,04:07:40 PM,0
2100463,,DEARDUL1,0,1730232496,1730232496,04:08:16 PM,04:08:16 PM,0
2100463,,WILLDEAR,0,1730232540,1730232540,04:09:00 PM,04:09:00 PM,0
2100463,,WILLOSG1,0,1730232572,1730232572,04:09:32 PM,04:09:32 PM,0
2100463,,OSGOBRE1,0,1730232613,1730232613,04:10:13 PM,04:10:13 PM,0
2100463,,OSGOMETC,0,1730232639,1730232639,04:10:39 PM,04:10:39 PM,0
2100463,,OSGOKIN1,0,1730232677,1730232677,04:11:17 PM,04:11:17 PM,0
2100463,,OSGOADE3,0,1730232712,1730232712,04:11:52 PM,04:11:52 PM,0
2100463,,OSGOADE1,0,1730232780,1730232780,04:13:00 PM,04:13:00 PM,0
2100463,,OSGOWOO1,0,1730232810,1730232810,04:13:30 PM,04:13:30 PM,0
2100463,,DOWASH1,0,1730232845,1730232845,04:14:05 PM,04:14:05 PM,0
2100463,,ASHBSUR2,0,1730232868,1730232868,04:14:28 PM,04:14:28 PM,0
2100463,,ASHBMIL1,0,1730232903,1730232903,04:15:03 PM,04:15:03 PM,0
2100463,,MILLBEX3,0,1730232938,1730232938,04:15:38 PM,04:15:38 PM,0
2100463,,MILLBEX1,0,1730232980,1730232980,04:16:20 PM,04:16:20 PM,0
2100463,,MILLBRID,0,1730233009,1730233009,04:16:49 PM,04:16:49 PM,0
2100463,,MILLDUD1,0,1730233050,1730233050,04:17:30 PM,04:17:30 PM,0
2100463,,MILLHARR,0,1730233080,1730233080,04:18:00 PM,04:18:00 PM,0
2100463,,MILLSHA1,0,1730233162,1730233162,04:19:22 PM,04:19:22 PM,0
2100463,,MILLPAR2,0,1730233204,1730233204,04:20:04 PM,04:20:04 PM,0
2100463,,MILLSHA4,0,1730233266,1730233266,04:21:06 PM,04:21:06 PM,0
2100463,,MILLEBU4,0,1730233285,1730233285,04:21:25 PM,04:21:25 PM,0
2100463,,MILLEBU2,0,1730233331,1730233331,04:22:11 PM,04:22:11 PM,0
2100463,,MILLSDA2,0,1730233350,1730233350,04:22:30 PM,04:22:30 PM,0
2100463,,SOUTADE2,0,1730233397,1730233397,04:23:17 PM,04:23:17 PM,0
2100463,,SOUTWIL2,0,1730233468,1730233468,04:24:28 PM,04:24:28 PM,0
2100463,,SOUTWEL2,0,1730233510,1730233510,04:25:10 PM,04:25:10 PM,0
2100463,,WELLSDA3,0,1730233560,1730233560,04:26:00 PM,04:26:00 PM,0
2100463,,WELLCRES,,,,,,
2100463,,WELLCRE2,,,,,,
2100463,,WELLWIL1,,,,,,
2100463,,WELLWIL3,0,1730233740,1730233740,04:29:00 PM,04:29:00 PM,0
2100463,,WELLWAT1,0,1730233773,1730233773,04:29:33 PM,04:29:33 PM,0
2100463,,WELLCOM1,0,1730233816,1730233816,04:30:16 PM,04:30:16 PM,0
2100463,,WELLBAS1,0,1730233860,1730233860,04:31:00 PM,04:31:00 PM,0
2100463,,WELLCHES,0,1730233938,1730233938,04:32:18 PM,04:32:18 PM,0
2100463,,WELLALEX,0,1730234013,1730234013,04:33:33 PM,04:33:33 PM,0
2100463,,WELLBOND,0,1730234066,1730234066,04:34:26 PM,04:34:26 PM,0
2100463,,WELLMCL1,0,1730234122,1730234122,04:35:22 PM,04:35:22 PM,0
2100463,,GRANHIG2,0,1730234209,1730234209,04:36:49 PM,04:36:49 PM,0
2100463,,GRANHIG4,0,1730234244,1730234244,04:37:24 PM,04:37:24 PM,0
2100463,,CARFGRAN,0,1730234297,1730234297,04:38:17 PM,04:38:17 PM,0
2100463,,CARFCAR1,0,1730234354,1730234354,04:39:14 PM,04:39:14 PM,0
2100463,,RICHSIM1,0,1730234432,1730234432,04:40:32 PM,04:40:32 PM,0
2100463,,RICHHOT3,0,1730234467,1730234467,04:41:07 PM,04:41:07 PM,0
2100463,,RICHKIN1,0,1730234560,1730234560,04:42:40 PM,04:42:40 PM,0
2100463,,RICHQUEE,0,1730234640,1730234640,04:44:00 PM,04:44:00 PM,0
2100463,,RICHQUEE,0,1730234640,1730234640,04:44:00 PM,04:44:00 PM,0
2100463,,RICHKEN1,0,1730234776,1730234776,04:46:16 PM,04:46:16 PM,0
2100463,,RICHHYM1,0,1730234899,1730234899,04:48:19 PM,04:48:19 PM,0
2100463,,RICHPALL,0,1730234970,1730234970,04:49:30 PM,04:49:30 PM,0
2100463,,RICHOXF1,0,1730235120,1730235120,04:52:00 PM,04:52:00 PM,0
2100463,,RICHJAM1,0,1730235160,1730235160,04:52:40 PM,04:52:40 PM,0
2100463,,RICHGRO1,0,1730235226,1730235226,04:53:46 PM,04:53:46 PM,0
2100463,,RICHCHE1,0,1730235265,1730235265,04:54:25 PM,04:54:25 PM,0
2100463,,RICHVIC1,0,1730235319,1730235319,04:55:19 PM,04:55:19 PM,0
2100463,,RICHREG1,0,1730235373,1730235373,04:56:13 PM,04:56:13 PM,0
2100463,,RICHHUR1,0,1730235417,1730235417,04:56:57 PM,04:56:57 PM,0
2100463,,UNIVRIC2,0,1730235487,1730235487,04:58:07 PM,04:58:07 PM,0
2100463,,UNIVSUN2,0,1730235549,1730235549,04:59:09 PM,04:59:09 PM,0
2100463,,DELAHALL,0,1730235660,1730235660,05:01:00 PM,05:01:00 PM,0
2100463,,UNIVHOS1,0,1730235798,1730235798,05:03:18 PM,05:03:18 PM,0
2100463,,PERTWIN1,0,1730235830,1730235830,05:03:50 PM,05:03:50 PM,0
2100463,,RICHWIN1,0,1730235912,1730235912,05:05:12 PM,05:05:12 PM,0
2100463,,RICHWEC1,0,1730235958,1730235958,05:05:58 PM,05:05:58 PM,0
2100463,,RICHCANT,0,1730236001,1730236001,05:06:41 PM,05:06:41 PM,0
2100463,,RICHSUNN,0,1730236075,1730236075,05:07:55 PM,05:07:55 PM,0
2100463,,MASOSTO5,0,1730236200,1730236200,05:10:00 PM,05:10:00 PM,0
2100472,,WHITOMA1,0,1730241420,1730241420,06:37:00 PM,06:37:00 PM,0
2100472,,BRADWEL3,0,1730241535,1730241535,06:38:55 PM,06:38:55 PM,0
2100472,,DEARBRAD,0,1730241559,1730241559,06:39:19 PM,06:39:19 PM,0
2100472,,DEARDUL1,0,1730241590,1730241590,06:39:50 PM,06:39:50 PM,0
2100472,,WILLDEAR,0,1730241628,1730241628,06:40:28 PM,06:40:28 PM,0
2100472,,WILLOSG1,0,1730241656,1730241656,06:40:56 PM,06:40:56 PM,0
2100472,,OSGOBRE1,0,1730241692,1730241692,06:41:32 PM,06:41:32 PM,0
2100472,,OSGOMETC,0,1730241715,1730241715,06:41:55 PM,06:41:55 PM,0
2100472,,OSGOKIN1,0,1730241748,1730241748,06:42:28 PM,06:42:28 PM,0
2100472,,OSGOADE3,0,1730241778,1730241778,06:42:58 PM,06:42:58 PM,0
2100472,,OSGOADE1,0,1730241840,1730241840,06:44:00 PM,06:44:00 PM,0
2100472,,OSGOWOO1,0,1730241866,1730241866,06:44:26 PM,06:44:26 PM,0
2100472,,DOWASH1,0,1730241895,1730241895,06:44:55 PM,06:44:55 PM,0
2100472,,ASHBSUR2,0,1730241914,1730241914,06:45:14 PM,06:45:14 PM,0
2100472,,ASHBMIL1,0,1730241944,1730241944,06:45:44 PM,06:45:44 PM,0
2100472,,MILLBEX3,0,1730241974,1730241974,06:46:14 PM,06:46:14 PM,0
2100472,,MILLBEX1,0,1730242009,1730242009,06:46:49 PM,06:46:49 PM,0
2100472,,MILLBRID,0,1730242034,1730242034,06:47:14 PM,06:47:14 PM,0
2100472,,MILLDUD1,0,1730242068,1730242068,06:47:48 PM,06:47:48 PM,0
2100472,,MILLHARR,0,1730242094,1730242094,06:48:14 PM,06:48:14 PM,0
2100472,,MILLSHA1,0,1730242163,1730242163,06:49:23 PM,06:49:23 PM,0
2100472,,MILLPAR2,0,1730242199,1730242199,06:49:59 PM,06:49:59 PM,0
2100472,,MILLSHA4,0,1730242252,1730242252,06:50:52 PM,06:50:52 PM,0
2100472,,MILLEBU4,0,1730242268,1730242268,06:51:08 PM,06:51:08 PM,0
2100472,,MILLEBU2,0,1730242307,1730242307,06:51:47 PM,06:51:47 PM,0
2100472,,MILLSDA2,0,1730242323,1730242323,06:52:03 PM,06:52:03 PM,0
2100472,,SOUTADE2,0,1730242363,1730242363,06:52:43 PM,06:52:43 PM,0
2100472,,SOUTWIL2,0,1730242423,1730242423,06:53:43 PM,06:53:43 PM,0
2100472,,SOUTWEL2,0,1730242458,1730242458,06:54:18 PM,06:54:18 PM,0
2100472,,WELLSDA3,0,1730242500,1730242500,06:55:00 PM,06:55:00 PM,0
2100472,,WELLCRES,,,,,,
2100472,,WELLCRE2,,,,,,
2100472,,WELLWIL1,,,,,,
2100472,,WELLWIL3,0,1730242643,1730242643,06:57:23 PM,06:57:23 PM,0
2100472,,WELLWAT1,0,1730242669,1730242669,06:57:49 PM,06:57:49 PM,0
2100472,,WELLCOM1,0,1730242703,1730242703,06:58:23 PM,06:58:23 PM,0
2100472,,WELLBAS1,0,1730242740,1730242740,06:59:00 PM,06:59:00 PM,0
2100472,,WELLCHES,0,1730242806,1730242806,07:00:06 PM,07:00:06 PM,0
2100472,,WELLALEX,0,1730242869,1730242869,07:01:09 PM,07:01:09 PM,0
2100472,,WELLBOND,0,1730242914,1730242914,07:01:54 PM,07:01:54 PM,0
2100472,,WELLMCL1,0,1730242962,1730242962,07:02:42 PM,07:02:42 PM,0
2100472,,GRANHIG2,0,1730243035,1730243035,07:03:55 PM,07:03:55 PM,0
2100472,,GRANHIG4,0,1730243064,1730243064,07:04:24 PM,07:04:24 PM,0
2100472,,CARFGRAN,0,1730243109,1730243109,07:05:09 PM,07:05:09 PM,0
2100472,,CARFCAR1,0,1730243157,1730243157,07:05:57 PM,07:05:57 PM,0
2100472,,RICHSIM1,0,1730243223,1730243223,07:07:03 PM,07:07:03 PM,0
2100472,,RICHHOT3,0,1730243253,1730243253,07:07:33 PM,07:07:33 PM,0
2100472,,RICHKIN1,0,1730243332,1730243332,07:08:52 PM,07:08:52 PM,0
2100472,,RICHQUEE,0,1730243400,1730243400,07:10:00 PM,07:10:00 PM,0
2100472,,RICHQUEE,0,1730243400,1730243400,07:10:00 PM,07:10:00 PM,0
2100472,,RICHKEN1,0,1730243485,1730243485,07:11:25 PM,07:11:25 PM,0
2100472,,RICHHYM1,0,1730243562,1730243562,07:12:42 PM,07:12:42 PM,0
2100472,,RICHPALL,0,1730243606,1730243606,07:13:26 PM,07:13:26 PM,0
2100472,,RICHOXF1,0,1730243700,1730243700,07:15:00 PM,07:15:00 PM,0
2100472,,RICHJAM1,0,1730243735,1730243735,07:15:35 PM,07:15:35 PM,0
2100472,,RICHGRO1,0,1730243794,1730243794,07:16:34 PM,07:16:34 PM,0
2100472,,RICHCHE1,0,1730243828,1730243828,07:17:08 PM,07:17:08 PM,0
2100472,,RICHVIC1,0,1730243876,1730243876,07:17:56 PM,07:17:56 PM,0
2100472,,RICHREG1,0,1730243924,1730243924,07:18:44 PM,07:18:44 PM,0
2100472,,RICHHUR1,0,1730243963,1730243963,07:19:23 PM,07:19:23 PM,0
2100472,,UNIVRIC2,0,1730244025,1730244025,07:20:25 PM,07:20:25 PM,0
2100472,,UNIVSUN2,0,1730244080,1730244080,07:21:20 PM,07:21:20 PM,0
2100472,,DELAHALL,0,1730244180,1730244180,07:23:00 PM,07:23:00 PM,0
2100472,,UNIVHOS1,0,1730244287,1730244287,07:24:47 PM,07:24:47 PM,0
2100472,,PERTWIN1,0,1730244312,1730244312,07:25:12 PM,07:25:12 PM,0
2100472,,RICHWIN1,0,1730244375,1730244375,07:26:15 PM,07:26:15 PM,0
2100472,,RICHWEC1,0,1730244411,1730244411,07:26:51 PM,07:26:51 PM,0
2100472,,RICHCANT,0,1730244444,1730244444,07:27:24 PM,07:27:24 PM,0
2100472,,RICHSUNN,0,1730244502,1730244502,07:28:22 PM,07:28:22 PM,0
2100472,,MASOSTO5,0,1730244600,1730244600,07:30:00 PM,07:30:00 PM,0
2100407,,MASOSTO5,0,1730244720,1730244720,07:32:00 PM,07:32:00 PM,0
2100407,,RICHJACK,0,1730244788,1730244788,07:33:08 PM,07:33:08 PM,0
2100407,,RICHSHAV,0,1730244832,1730244832,07:33:52 PM,07:33:52 PM,0
2100407,,RICHWES2,0,1730244883,1730244883,07:34:43 PM,07:34:43 PM,0
2100407,,RICHWES4,0,1730244908,1730244908,07:35:08 PM,07:35:08 PM,0
2100407,,RICHWYND,0,1730244946,1730244946,07:35:46 PM,07:35:46 PM,0
2100407,,WINDRIC2,0,1730245028,1730245028,07:37:08 PM,07:37:08 PM,0
2100407,,PERTWIN2,0,1730245078,1730245078,07:37:58 PM,07:37:58 PM,0
2100407,,UNIVHOS2,0,1730245140,1730245140,07:39:00 PM,07:39:00 PM,0
2100407,,DELAHAL2,0,1730245268,1730245268,07:41:08 PM,07:41:08 PM,0
2100407,,UNIVSUN1,0,1730245356,1730245356,07:42:36 PM,07:42:36 PM,0
2100407,,UNIVRIC1,0,1730245431,1730245431,07:43:51 PM,07:43:51 PM,0
2100407,,RICHHUR2,0,1730245491,1730245491,07:44:51 PM,07:44:51 PM,0
2100407,,RICHVIC2,0,1730245575,1730245575,07:46:15 PM,07:46:15 PM,0
2100407,,RICHCHE2,0,1730245626,1730245626,07:47:06 PM,07:47:06 PM,0
2100407,,RICHGRO2,0,1730245687,1730245687,07:48:07 PM,07:48:07 PM,0
2100407,,RICHJAM2,0,1730245727,1730245727,07:48:47 PM,07:48:47 PM,0
2100407,,RICHOXF2,0,1730245800,1730245800,07:50:00 PM,07:50:00 PM,0
2100407,,RICHMILL,0,1730245846,1730245846,07:50:46 PM,07:50:46 PM,0
2100407,,RICHCENT,0,1730245911,1730245911,07:51:51 PM,07:51:51 PM,0
2100407,,RICHKEN2,0,1730245955,1730245955,07:52:35 PM,07:52:35 PM,0
2100407,,RICHDUF2,0,1730245981,1730245981,07:53:01 PM,07:53:01 PM,0
2100407,,RICHQUE2,0,1730246040,1730246040,07:54:00 PM,07:54:00 PM,0
2100407,,RICHQUE2,0,1730246040,1730246040,07:54:00 PM,07:54:00 PM,0
2100407,,RICHKIN4,0,1730246084,1730246084,07:54:44 PM,07:54:44 PM,0
2100407,,RICHSIM2,0,1730246201,1730246201,07:56:41 PM,07:56:41 PM,0
2100407,,RICHGREY,0,1730246230,1730246230,07:57:10 PM,07:57:10 PM,0
2100407,,CARFCAR2,0,1730246293,1730246293,07:58:13 PM,07:58:13 PM,0
2100407,,CARFWOOD,0,1730246343,1730246343,07:59:03 PM,07:59:03 PM,0
2100407,,GRANHIG1,0,1730246422,1730246422,08:00:22 PM,08:00:22 PM,0
2100407,,WELLGRA2,0,1730246476,1730246476,08:01:16 PM,08:01:16 PM,0
2100407,,WELLCOLG,0,1730246529,1730246529,08:02:09 PM,08:02:09 PM,0
2100407,,WELLWELL,0,1730246587,1730246587,08:03:07 PM,08:03:07 PM,0
2100407,,WELLTHJA,0,1730246669,1730246669,08:04:29 PM,08:04:29 PM,0
2100407,,WELLBAS2,0,1730246760,1730246760,08:06:00 PM,08:06:00 PM,0
2100407,,WELLCOM4,0,1730246829,1730246829,08:07:09 PM,08:07:09 PM,0
2100407,,WELLWAT2,0,1730246886,1730246886,08:08:06 PM,08:08:06 PM,0
2100407,,WELLWIL4,0,1730246944,1730246944,08:09:04 PM,08:09:04 PM,0
2100407,,WELLNAD1,0,1730246987,1730246987,08:09:47 PM,08:09:47 PM,0
2100407,,WELLNADI,0,1730247012,1730247012,08:10:12 PM,08:10:12 PM,0
2100407,,WELLSDA2,0,1730247060,1730247060,08:11:00 PM,08:11:00 PM,0
2100407,,WELLHARL,0,1730247104,1730247104,08:11:44 PM,08:11:44 PM,0
2100407,,WELLMON4,,,,,,
2100407,,WELLMON2,0,1730247189,1730247189,08:13:09 PM,08:13:09 PM,0
2100407,,WELLBRA2,0,1730247240,1730247240,08:14:00 PM,08:14:00 PM,0
2100407,,WHITOMA1,0,1730247300,1730247300,08:15:00 PM,08:15:00 PM,0
2100479,,WHITOMA1,0,1730248020,1730248020,08:27:00 PM,08:27:00 PM,0
2100479,,BRADWEL3,0,1730248135,1730248135,08:28:55 PM,08:28:55 PM,0
2100479,,DEARBRAD,0,1730248159,1730248159,08:29:19 PM,08:29:19 PM,0
2100479,,DEARDUL1,0,1730248190,1730248190,08:29:50 PM,08:29:50 PM,0
2100479,,WILLDEAR,0,1730248228,1730248228,08:30:28 PM,08:30:28 PM,0
2100479,,WILLOSG1,0,1730248256,1730248256,08:30:56 PM,08:30:56 PM,0
2100479,,OSGOBRE1,0,1730248292,1730248292,08:31:32 PM,08:31:32 PM,0
2100479,,OSGOMETC,0,1730248315,1730248315,08:31:55 PM,08:31:55 PM,0
2100479,,OSGOKIN1,0,1730248348,1730248348,08:32:28 PM,08:32:28 PM,0
2100479,,OSGOADE3,0,1730248378,1730248378,08:32:58 PM,08:32:58 PM,0
2100479,,OSGOADE1,0,1730248440,1730248440,08:34:00 PM,08:34:00 PM,0
2100479,,OSGOWOO1,0,1730248466,1730248466,08:34:26 PM,08:34:26 PM,0
2100479,,DOWASH1,0,1730248495,1730248495,08:34:55 PM,08:34:55 PM,0
2100479,,ASHBSUR2,0,1730248514,1730248514,08:35:14 PM,08:35:14 PM,0
2100479,,ASHBMIL1,0,1730248544,1730248544,08:35:44 PM,08:35:44 PM,0
2100479,,MILLBEX3,0,1730248574,1730248574,08:36:14 PM,08:36:14 PM,0
2100479,,MILLBEX1,0,1730248609,1730248609,08:36:49 PM,08:36:49 PM,0
2100479,,MILLBRID,0,1730248634,1730248634,08:37:14 PM,08:37:14 PM,0
2100479,,MILLDUD1,0,1730248668,1730248668,08:37:48 PM,08:37:48 PM,0
2100479,,MILLHARR,0,1730248694,1730248694,08:38:14 PM,08:38:14 PM,0
2100479,,MILLSHA1,0,1730248763,1730248763,08:39:23 PM,08:39:23 PM,0
2100479,,MILLPAR2,0,1730248799,1730248799,08:39:59 PM,08:39:59 PM,0
2100479,,MILLSHA4,0,1730248852,1730248852,08:40:52 PM,08:40:52 PM,0
2100479,,MILLEBU4,0,1730248868,1730248868,08:41:08 PM,08:41:08 PM,0
2100479,,MILLEBU2,0,1730248907,1730248907,08:41:47 PM,08:41:47 PM,0
2100479,,MILLSDA2,0,1730248923,1730248923,08:42:03 PM,08:42:03 PM,0
2100479,,SOUTADE2,0,1730248963,1730248963,08:42:43 PM,08:42:43 PM,0
2100479,,SOUTWIL2,0,1730249023,1730249023,08:43:43 PM,08:43:43 PM,0
2100479,,SOUTWEL2,0,1730249058,1730249058,08:44:18 PM,08:44:18 PM,0
2100479,,WELLSDA3,0,1730249100,1730249100,08:45:00 PM,08:45:00 PM,0
2100479,,WELLCRES,,,,,,
2100479,,WELLCRE2,,,,,,
2100479,,WELLWIL1,,,,,,
2100479,,WELLWIL3,0,1730249243,1730249243,08:47:23 PM,08:47:23 PM,0
2100479,,WELLWAT1,0,1730249269,1730249269,08:47:49 PM,08:47:49 PM,0
2100479,,WELLCOM1,0,1730249303,1730249303,08:48:23 PM,08:48:23 PM,0
2100479,,WELLBAS1,0,1730249340,1730249340,08:49:00 PM,08:49:00 PM,0
2100479,,WELLCHES,0,1730249406,1730249406,08:50:06 PM,08:50:06 PM,0
2100479,,WELLALEX,0,1730249469,1730249469,08:51:09 PM,08:51:09 PM,0
2100479,,WELLBOND,0,1730249514,1730249514,08:51:54 PM,08:51:54 PM,0
2100479,,WELLMCL1,0,1730249562,1730249562,08:52:42 PM,08:52:42 PM,0
2100479,,GRANHIG2,0,1730249635,1730249635,08:53:55 PM,08:53:55 PM,0
2100479,,GRANHIG4,0,1730249664,1730249664,08:54:24 PM,08:54:24 PM,0
2100479,,CARFGRAN,0,1730249709,1730249709,08:55:09 PM,08:55:09 PM,0
2100479,,CARFCAR1,0,1730249757,1730249757,08:55:57 PM,08:55:57 PM,0
2100479,,RICHSIM1,0,1730249823,1730249823,08:57:03 PM,08:57:03 PM,0
2100479,,RICHHOT3,0,1730249853,1730249853,08:57:33 PM,08:57:33 PM,0
2100479,,RICHKIN1,0,1730249932,1730249932,08:58:52 PM,08:58:52 PM,0
2100479,,RICHQUEE,0,1730250000,1730250000,09:00:00 PM,09:00:00 PM,0
2100479,,RICHQUEE,0,1730250000,1730250000,09:00:00 PM,09:00:00 PM,0
2100479,,RICHKEN1,0,1730250085,1730250085,09:01:25 PM,09:01:25 PM,0
2100479,,RICHHYM1,0,1730250162,1730250162,09:02:42 PM,09:02:42 PM,0
2100479,,RICHPALL,0,1730250206,1730250206,09:03:26 PM,09:03:26 PM,0
2100479,,RICHOXF1,0,1730250300,1730250300,09:05:00 PM,09:05:00 PM,0
2100479,,RICHJAM1,0,1730250331,1730250331,09:05:31 PM,09:05:31 PM,0
2100479,,RICHGRO1,0,1730250382,1730250382,09:06:22 PM,09:06:22 PM,0
2100479,,RICHCHE1,0,1730250412,1730250412,09:06:52 PM,09:06:52 PM,0
2100479,,RICHVIC1,0,1730250454,1730250454,09:07:34 PM,09:07:34 PM,0
2100479,,RICHREG1,0,1730250496,1730250496,09:08:16 PM,09:08:16 PM,0
2100479,,RICHHUR1,0,1730250530,1730250530,09:08:50 PM,09:08:50 PM,0
2100479,,UNIVRIC2,0,1730250585,1730250585,09:09:45 PM,09:09:45 PM,0
2100479,,UNIVSUN2,0,1730250633,1730250633,09:10:33 PM,09:10:33 PM,0
2100479,,DELAHALL,0,1730250720,1730250720,09:12:00 PM,09:12:00 PM,0
2100479,,UNIVHOS1,0,1730250812,1730250812,09:13:32 PM,09:13:32 PM,0
2100479,,PERTWIN1,0,1730250833,1730250833,09:13:53 PM,09:13:53 PM,0
2100479,,RICHWIN1,0,1730250887,1730250887,09:14:47 PM,09:14:47 PM,0
2100479,,RICHWEC1,0,1730250917,1730250917,09:15:17 PM,09:15:17 PM,0
2100479,,RICHCANT,0,1730250946,1730250946,09:15:46 PM,09:15:46 PM,0
2100479,,RICHSUNN,0,1730250995,1730250995,09:16:35 PM,09:16:35 PM,0
2100479,,MASOSTO5,0,1730251080,1730251080,09:18:00 PM,09:18:00 PM,0
2100412,,MASOSTO5,0,1730251800,1730251800,09:30:00 PM,09:30:00 PM,0
2100412,,RICHJACK,0,1730251849,1730251849,09:30:49 PM,09:30:49 PM,0
2100412,,RICHSHAV,0,1730251880,1730251880,09:31:20 PM,09:31:20 PM,0
2100412,,RICHWES2,0,1730251916,1730251916,09:31:56 PM,09:31:56 PM,0
2100412,,RICHWES4,0,1730251934,1730251934,09:32:14 PM,09:32:14 PM,0
2100412,,RICHWYND,0,1730251961,1730251961,09:32:41 PM,09:32:41 PM,0
2100412,,WINDRIC2,0,1730252019,1730252019,09:33:39 PM,09:33:39 PM,0
2100412,,PERTWIN2,0,1730252054,1730252054,09:34:14 PM,09:34:14 PM,0
2100412,,UNIVHOS2,0,1730252100,1730252100,09:35:00 PM,09:35:00 PM,0
2100412,,DELAHAL2,0,1730252216,1730252216,09:36:56 PM,09:36:56 PM,0
2100412,,UNIVSUN1,0,1730252296,1730252296,09:38:16 PM,09:38:16 PM,0
2100412,,UNIVRIC1,0,1730252364,1730252364,09:39:24 PM,09:39:24 PM,0
2100412,,RICHHUR2,0,1730252418,1730252418,09:40:18 PM,09:40:18 PM,0
2100412,,RICHVIC2,0,1730252494,1730252494,09:41:34 PM,09:41:34 PM,0
2100412,,RICHCHE2,0,1730252540,1730252540,09:42:20 PM,09:42:20 PM,0
2100412,,RICHGRO2,0,1730252595,1730252595,09:43:15 PM,09:43:15 PM,0
2100412,,RICHJAM2,0,1730252631,1730252631,09:43:51 PM,09:43:51 PM,0
2100412,,RICHOXF2,0,1730252700,1730252700,09:45:00 PM,09:45:00 PM,0
2100412,,RICHMILL,0,1730252746,1730252746,09:45:46 PM,09:45:46 PM,0
2100412,,RICHCENT,0,1730252811,1730252811,09:46:51 PM,09:46:51 PM,0
2100412,,RICHKEN2,0,1730252855,1730252855,09:47:35 PM,09:47:35 PM,0
2100412,,RICHDUF2,0,1730252881,1730252881,09:48:01 PM,09:48:01 PM,0
2100412,,RICHQUE2,0,1730252940,1730252940,09:49:00 PM,09:49:00 PM,0
2100412,,RICHQUE2,0,1730252940,1730252940,09:49:00 PM,09:49:00 PM,0
2100412,,RICHKIN4,0,1730252976,1730252976,09:49:36 PM,09:49:36 PM,0
2100412,,RICHSIM2,0,1730253073,1730253073,09:51:13 PM,09:51:13 PM,0
2100412,,RICHGREY,0,1730253097,1730253097,09:51:37 PM,09:51:37 PM,0
2100412,,CARFCAR2,0,1730253149,1730253149,09:52:29 PM,09:52:29 PM,0
2100412,,CARFWOOD,0,1730253191,1730253191,09:53:11 PM,09:53:11 PM,0
2100412,,GRANHIG1,0,1730253257,1730253257,09:54:17 PM,09:54:17 PM,0
2100412,,WELLGRA2,0,1730253302,1730253302,09:55:02 PM,09:55:02 PM,0
2100412,,WELLCOLG,0,1730253346,1730253346,09:55:46 PM,09:55:46 PM,0
2100412,,WELLWELL,0,1730253394,1730253394,09:56:34 PM,09:56:34 PM,0
2100412,,WELLTHJA,0,1730253462,1730253462,09:57:42 PM,09:57:42 PM,0
2100412,,WELLBAS2,0,1730253540,1730253540,09:59:00 PM,09:59:00 PM,0
2100412,,WELLCOM4,0,1730253595,1730253595,09:59:55 PM,09:59:55 PM,0
2100412,,WELLWAT2,0,1730253640,1730253640,10:00:40 PM,10:00:40 PM,0
2100412,,WELLWIL4,0,1730253686,1730253686,10:01:26 PM,10:01:26 PM,0
2100412,,WELLNAD1,0,1730253720,1730253720,10:02:00 PM,10:02:00 PM,0
2100412,,WELLNADI,0,1730253740,1730253740,10:02:20 PM,10:02:20 PM,0
2100412,,WELLSDA2,0,1730253780,1730253780,10:03:00 PM,10:03:00 PM,0
2100412,,WELLHARL,0,1730253813,1730253813,10:03:33 PM,10:03:33 PM,0
2100412,,WELLMON4,,,,,,
2100412,,WELLMON2,0,1730253877,1730253877,10:04:37 PM,10:04:37 PM,0
2100412,,WELLBRA2,0,1730253915,1730253915,10:05:15 PM,10:05:15 PM,0
2100412,,WHITOMA1,0,1730253960,1730253960,10:06:00 PM,10:06:00 PM,0
2100481,,WHITOMA1,0,1730254740,1730254740,10:19:00 PM,10:19:00 PM,0
2100481,,BRADWEL3,0,1730254839,1730254839,10:20:39 PM,10:20:39 PM,0
2100481,,DEARBRAD,0,1730254860,1730254860,10:21:00 PM,10:21:00 PM,0
2100481,,DEARDUL1,0,1730254887,1730254887,10:21:27 PM,10:21:27 PM,0
2100481,,WILLDEAR,0,1730254920,1730254920,10:22:00 PM,10:22:00 PM,0
2100481,,WILLOSG1,0,1730254944,1730254944,10:22:24 PM,10:22:24 PM,0
2100481,,OSGOBRE1,0,1730254975,1730254975,10:22:55 PM,10:22:55 PM,0
2100481,,OSGOMETC,0,1730254994,1730254994,10:23:14 PM,10:23:14 PM,0
2100481,,OSGOKIN1,0,1730255022,1730255022,10:23:42 PM,10:23:42 PM,0
2100481,,OSGOADE3,0,1730255048,1730255048,10:24:08 PM,10:24:08 PM,0
2100481,,OSGOADE1,0,1730255100,1730255100,10:25:00 PM,10:25:00 PM,0
2100481,,OSGOWOO1,0,1730255126,1730255126,10:25:26 PM,10:25:26 PM,0
2100481,,DOWASH1,0,1730255155,1730255155,10:25:55 PM,10:25:55 PM,0
2100481,,ASHBSUR2,0,1730255174,1730255174,10:26:14 PM,10:26:14 PM,0
2100481,,ASHBMIL1,0,1730255204,1730255204,10:26:44 PM,10:26:44 PM,0
2100481,,MILLBEX3,0,1730255234,1730255234,10:27:14 PM,10:27:14 PM,0
2100481,,MILLBEX1,0,1730255269,1730255269,10:27:49 PM,10:27:49 PM,0
2100481,,MILLBRID,0,1730255294,1730255294,10:28:14 PM,10:28:14 PM,0
2100481,,MILLDUD1,0,1730255328,1730255328,10:28:48 PM,10:28:48 PM,0
2100481,,MILLHARR,0,1730255354,1730255354,10:29:14 PM,10:29:14 PM,0
2100481,,MILLSHA1,0,1730255423,1730255423,10:30:23 PM,10:30:23 PM,0
2100481,,MILLPAR2,0,1730255459,1730255459,10:30:59 PM,10:30:59 PM,0
2100481,,MILLSHA4,0,1730255512,1730255512,10:31:52 PM,10:31:52 PM,0
2100481,,MILLEBU4,0,1730255528,1730255528,10:32:08 PM,10:32:08 PM,0
2100481,,MILLEBU2,0,1730255567,1730255567,10:32:47 PM,10:32:47 PM,0
2100481,,MILLSDA2,0,1730255583,1730255583,10:33:03 PM,10:33:03 PM,0
2100481,,SOUTADE2,0,1730255623,1730255623,10:33:43 PM,10:33:43 PM,0
2100481,,SOUTWIL2,0,1730255683,1730255683,10:34:43 PM,10:34:43 PM,0
2100481,,SOUTWEL2,0,1730255718,1730255718,10:35:18 PM,10:35:18 PM,0
2100481,,WELLSDA3,0,1730255760,1730255760,10:36:00 PM,10:36:00 PM,0
2100481,,WELLCRES,,,,,,
2100481,,WELLCRE2,,,,,,
2100481,,WELLWIL1,,,,,,
2100481,,WELLWIL3,0,1730255903,1730255903,10:38:23 PM,10:38:23 PM,0
2100481,,WELLWAT1,0,1730255929,1730255929,10:38:49 PM,10:38:49 PM,0
2100481,,WELLCOM1,0,1730255963,1730255963,10:39:23 PM,10:39:23 PM,0
2100481,,WELLBAS1,0,1730256000,1730256000,10:40:00 PM,10:40:00 PM,0
2100481,,WELLCHES,0,1730256060,1730256060,10:41:00 PM,10:41:00 PM,0
2100481,,WELLALEX,0,1730256117,1730256117,10:41:57 PM,10:41:57 PM,0
2100481,,WELLBOND,0,1730256158,1730256158,10:42:38 PM,10:42:38 PM,0
2100481,,WELLMCL1,0,1730256201,1730256201,10:43:21 PM,10:43:21 PM,0
2100481,,GRANHIG2,0,1730256267,1730256267,10:44:27 PM,10:44:27 PM,0
2100481,,GRANHIG4,0,1730256293,1730256293,10:44:53 PM,10:44:53 PM,0
2100481,,CARFGRAN,0,1730256334,1730256334,10:45:34 PM,10:45:34 PM,0
2100481,,CARFCAR1,0,1730256377,1730256377,10:46:17 PM,10:46:17 PM,0
2100481,,RICHSIM1,0,1730256437,1730256437,10:47:17 PM,10:47:17 PM,0
2100481,,RICHHOT3,0,1730256464,1730256464,10:47:44 PM,10:47:44 PM,0
2100481,,RICHKIN1,0,1730256536,1730256536,10:48:56 PM,10:48:56 PM,0
2100481,,RICHQUEE,0,1730256600,1730256600,10:50:00 PM,10:50:00 PM,0
2100481,,RICHQUEE,0,1730256600,1730256600,10:50:00 PM,10:50:00 PM,0
2100481,,RICHKEN1,0,1730256685,1730256685,10:51:25 PM,10:51:25 PM,0
2100481,,RICHHYM1,0,1730256762,1730256762,10:52:42 PM,10:52:42 PM,0
2100481,,RICHPALL,0,1730256806,1730256806,10:53:26 PM,10:53:26 PM,0
2100481,,RICHOXF1,0,1730256900,1730256900,10:55:00 PM,10:55:00 PM,0
2100481,,RICHJAM1,0,1730256931,1730256931,10:55:31 PM,10:55:31 PM,0
2100481,,RICHGRO1,0,1730256982,1730256982,10:56:22 PM,10:56:22 PM,0
2100481,,RICHCHE1,0,1730257012,1730257012,10:56:52 PM,10:56:52 PM,0
2100481,,RICHVIC1,0,1730257054,1730257054,10:57:34 PM,10:57:34 PM,0
2100481,,RICHREG1,0,1730257096,1730257096,10:58:16 PM,10:58:16 PM,0
2100481,,RICHHUR1,0,1730257130,1730257130,10:58:50 PM,10:58:50 PM,0
2100481,,UNIVRIC2,0,1730257185,1730257185,10:59:45 PM,10:59:45 PM,0
2100481,,UNIVSUN2,0,1730257233,1730257233,11:00:33 PM,11:00:33 PM,0
2100481,,DELAHALL,0,1730257320,1730257320,11:02:00 PM,11:02:00 PM,0
2100481,,UNIVHOS1,0,1730257412,1730257412,11:03:32 PM,11:03:32 PM,0
2100481,,PERTWIN1,0,1730257433,1730257433,11:03:53 PM,11:03:53 PM,0
2100481,,RICHWIN1,0,1730257487,1730257487,11:04:47 PM,11:04:47 PM,0
2100481,,RICHWEC1,0,1730257517,1730257517,11:05:17 PM,11:05:17 PM,0
2100481,,RICHCANT,0,1730257546,1730257546,11:05:46 PM,11:05:46 PM,0
2100481,,RICHSUNN,0,1730257595,1730257595,11:06:35 PM,11:06:35 PM,0
2100481,,MASOSTO5,0,1730257680,1730257680,11:08:00 PM,11:08:00 PM,0
2100414,,MASOSTO5,0,1730258700,1730258700,11:25:00 PM,11:25:00 PM,0
2100414,,RICHJACK,0,1730258749,1730258749,11:25:49 PM,11:25:49 PM,0
2100414,,RICHSHAV,0,1730258780,1730258780,11:26:20 PM,11:26:20 PM,0
2100414,,RICHWES2,0,1730258816,1730258816,11:26:56 PM,11:26:56 PM,0
2100414,,RICHWES4,0,1730258834,1730258834,11:27:14 PM,11:27:14 PM,0
2100414,,RICHWYND,0,1730258861,1730258861,11:27:41 PM,11:27:41 PM,0
2100414,,WINDRIC2,0,1730258919,1730258919,11:28:39 PM,11:28:39 PM,0
2100414,,PERTWIN2,0,1730258954,1730258954,11:29:14 PM,11:29:14 PM,0
2100414,,UNIVHOS2,0,1730259000,1730259000,11:30:00 PM,11:30:00 PM,0
2100414,,DELAHAL2,0,1730259116,1730259116,11:31:56 PM,11:31:56 PM,0
2100414,,UNIVSUN1,0,1730259196,1730259196,11:33:16 PM,11:33:16 PM,0
2100414,,UNIVRIC1,0,1730259264,1730259264,11:34:24 PM,11:34:24 PM,0
2100414,,RICHHUR2,0,1730259318,1730259318,11:35:18 PM,11:35:18 PM,0
2100414,,RICHVIC2,0,1730259394,1730259394,11:36:34 PM,11:36:34 PM,0
2100414,,RICHCHE2,0,1730259440,1730259440,11:37:20 PM,11:37:20 PM,0
2100414,,RICHGRO2,0,1730259495,1730259495,11:38:15 PM,11:38:15 PM,0
2100414,,RICHJAM2,0,1730259531,1730259531,11:38:51 PM,11:38:51 PM,0
2100414,,RICHOXF2,0,1730259600,1730259600,11:40:00 PM,11:40:00 PM,0
2100414,,RICHMILL,0,1730259646,1730259646,11:40:46 PM,11:40:46 PM,0
2100414,,RICHCENT,0,1730259711,1730259711,11:41:51 PM,11:41:51 PM,0
2100414,,RICHKEN2,0,1730259755,1730259755,11:42:35 PM,11:42:35 PM,0
2100414,,RICHDUF2,0,1730259781,1730259781,11:43:01 PM,11:43:01 PM,0
2100414,,RICHQUE2,0,1730259840,1730259840,11:44:00 PM,11:44:00 PM,0
2100414,,RICHQUE2,0,1730259840,1730259840,11:44:00 PM,11:44:00 PM,0
2100414,,RICHKIN4,0,1730259876,1730259876,11:44:36 PM,11:44:36 PM,0
2100414,,RICHSIM2,0,1730259973,1730259973,11:46:13 PM,11:46:13 PM,0
2100414,,RICHGREY,0,1730259997,1730259997,11:46:37 PM,11:46:37 PM,0
2100414,,CARFCAR2,0,1730260049,1730260049,11:47:29 PM,11:47:29 PM,0
2100414,,CARFWOOD,0,1730260091,1730260091,11:48:11 PM,11:48:11 PM,0
2100414,,GRANHIG1,0,1730260157,1730260157,11:49:17 PM,11:49:17 PM,0
2100414,,WELLGRA2,0,1730260202,1730260202,11:50:02 PM,11:50:02 PM,0
2100414,,WELLCOLG,0,1730260246,1730260246,11:50:46 PM,11:50:46 PM,0
2100414,,WELLWELL,0,1730260294,1730260294,11:51:34 PM,11:51:34 PM,0
2100414,,WELLTHJA,0,1730260362,1730260362,11:52:42 PM,11:52:42 PM,0
2100414,,WELLBAS2,0,1730260440,1730260440,11:54:00 PM,11:54:00 PM,0
2100414,,WELLCOM4,0,1730260495,1730260495,11:54:55 PM,11:54:55 PM,0
2100414,,WELLWAT2,0,1730260540,1730260540,11:55:40 PM,11:55:40 PM,0
2100414,,WELLWIL4,0,1730260586,1730260586,11:56:26 PM,11:56:26 PM,0
2100414,,WELLNAD1,0,1730260620,1730260620,11:57:00 PM,11:57:00 PM,0
2100414,,WELLNADI,0,1730260640,1730260640,11:57:20 PM,11:57:20 PM,0
2100414,,WELLSDA2,0,1730260680,1730260680,11:58:00 PM,11:58:00 PM,0
2100414,,WELLHARL,0,1730260713,1730260713,11:58:33 PM,11:58:33 PM,0
2100414,,WELLMON4,,,,,,
2100414,,WELLMON2,0,1730260777,1730260777,11:59:37 PM,11:59:37 PM,0
2100414,,WELLBRA2,0,1730260815,1730260815,12:00:15 AM,12:00:15 AM,0
2100414,,WHITOMA1,0,1730260860,1730260860,12:01:00 AM,12:01:00 AM,0
2100486,,WHITOMA1,0,1730261220,1730261220,12:07:00 AM,12:07:00 AM,0
2100486,,BRADWEL3,0,1730261319,1730261319,12:08:39 AM,12:08:39 AM,0
2100486,,DEARBRAD,0,1730261340,1730261340,12:09:00 AM,12:09:00 AM,0
2100486,,DEARDUL1,0,1730261367,1730261367,12:09:27 AM,12:09:27 AM,0
2100486,,WILLDEAR,0,1730261400,1730261400,12:10:00 AM,12:10:00 AM,0
2100486,,WILLOSG1,0,1730261424,1730261424,12:10:24 AM,12:10:24 AM,0
2100486,,OSGOBRE1,0,1730261455,1730261455,12:10:55 AM,12:10:55 AM,0
2100486,,OSGOMETC,0,1730261474,1730261474,12:11:14 AM,12:11:14 AM,0
2100486,,OSGOKIN1,0,1730261502,1730261502,12:11:42 AM,12:11:42 AM,0
2100486,,OSGOADE3,0,1730261528,1730261528,12:12:08 AM,12:12:08 AM,0
2100486,,OSGOADE1,0,1730261580,1730261580,12:13:00 AM,12:13:00 AM,0
2100486,,OSGOWOO1,0,1730261606,1730261606,12:13:26 AM,12:13:26 AM,0
2100486,,DOWASH1,0,1730261635,1730261635,12:13:55 AM,12:13:55 AM,0
2100486,,ASHBSUR2,0,1730261654,1730261654,12:14:14 AM,12:14:14 AM,0
2100486,,ASHBMIL1,0,1730261684,1730261684,12:14:44 AM,12:14:44 AM,0
2100486,,MILLBEX3,0,1730261714,1730261714,12:15:14 AM,12:15:14 AM,0
2100486,,MILLBEX1,0,1730261749,1730261749,12:15:49 AM,12:15:49 AM,0
2100486,,MILLBRID,0,1730261774,1730261774,12:16:14 AM,12:16:14 AM,0
2100486,,MILLDUD1,0,1730261808,1730261808,12:16:48 AM,12:16:48 AM,0
2100486,,MILLHARR,0,1730261834,1730261834,12:17:14 AM,12:17:14 AM,0
2100486,,MILLSHA1,0,1730261903,1730261903,12:18:23 AM,12:18:23 AM,0
2100486,,MILLPAR2,0,1730261939,1730261939,12:18:59 AM,12:18:59 AM,0
2100486,,MILLSHA4,0,1730261992,1730261992,12:19:52 AM,12:19:52 AM,0
2100486,,MILLEBU4,0,1730262008,1730262008,12:20:08 AM,12:20:08 AM,0
2100486,,MILLEBU2,0,1730262047,1730262047,12:20:47 AM,12:20:47 AM,0
2100486,,MILLSDA2,0,1730262063,1730262063,12:21:03 AM,12:21:03 AM,0
2100486,,SOUTADE2,0,1730262103,1730262103,12:21:43 AM,12:21:43 AM,0
2100486,,SOUTWIL2,0,1730262163,1730262163,12:22:43 AM,12:22:43 AM,0
2100486,,SOUTWEL2,0,1730262198,1730262198,12:23:18 AM,12:23:18 AM,0
2100486,,WELLSDA3,0,1730262240,1730262240,12:24:00 AM,12:24:00 AM,0
2100486,,WELLCRES,,,,,,
2100486,,WELLCRE2,,,,,,
2100486,,WELLWIL1,,,,,,
2100486,,WELLWIL3,0,1730262383,1730262383,12:26:23 AM,12:26:23 AM,0
2100486,,WELLWAT1,0,1730262409,1730262409,12:26:49 AM,12:26:49 AM,0
2100486,,WELLCOM1,0,1730262443,1730262443,12:27:23 AM,12:27:23 AM,0
2100486,,WELLBAS1,0,1730262480,1730262480,12:28:00 AM,12:28:00 AM,0
2100486,,WELLCHES,0,1730262534,1730262534,12:28:54 AM,12:28:54 AM,0
2100486,,WELLALEX,0,1730262585,1730262585,12:29:45 AM,12:29:45 AM,0
2100486,,WELLBOND,0,1730262622,1730262622,12:30:22 AM,12:30:22 AM,0
2100486,,WELLMCL1,0,1730262661,1730262661,12:31:01 AM,12:31:01 AM,0
2100486,,GRANHIG2,0,1730262721,1730262721,12:32:01 AM,12:32:01 AM,0
2100486,,GRANHIG4,0,1730262745,1730262745,12:32:25 AM,12:32:25 AM,0
2100486,,CARFGRAN,0,1730262782,1730262782,12:33:02 AM,12:33:02 AM,0
2100486,,CARFCAR1,0,1730262821,1730262821,12:33:41 AM,12:33:41 AM,0
2100486,,RICHSIM1,0,1730262875,1730262875,12:34:35 AM,12:34:35 AM,0
2100486,,RICHHOT3,0,1730262899,1730262899,12:34:59 AM,12:34:59 AM,0
2100486,,RICHKIN1,0,1730262964,1730262964,12:36:04 AM,12:36:04 AM,0
2100486,,RICHQUEE,0,1730263020,1730263020,12:37:00 AM,12:37:00 AM,0
2100486,,RICHQUEE,0,1730263020,1730263020,12:37:00 AM,12:37:00 AM,0
2100486,,RICHKEN1,0,1730263088,1730263088,12:38:08 AM,12:38:08 AM,0
2100486,,RICHHYM1,0,1730263149,1730263149,12:39:09 AM,12:39:09 AM,0
2100486,,RICHPALL,0,1730263184,1730263184,12:39:44 AM,12:39:44 AM,0
2100486,,RICHOXF1,0,1730263260,1730263260,12:41:00 AM,12:41:00 AM,0
2100486,,RICHJAM1,0,1730263286,1730263286,12:41:26 AM,12:41:26 AM,0
2100486,,RICHGRO1,0,1730263330,1730263330,12:42:10 AM,12:42:10 AM,0
2100486,,RICHCHE1,0,1730263356,1730263356,12:42:36 AM,12:42:36 AM,0
2100486,,RICHVIC1,0,1730263392,1730263392,12:43:12 AM,12:43:12 AM,0
2100486,,RICHREG1,0,1730263428,1730263428,12:43:48 AM,12:43:48 AM,0
2100486,,RICHHUR1,0,1730263457,1730263457,12:44:17 AM,12:44:17 AM,0
2100486,,UNIVRIC2,0,1730263504,1730263504,12:45:04 AM,12:45:04 AM,0
2100486,,UNIVSUN2,0,1730263545,1730263545,12:45:45 AM,12:45:45 AM,0
2100486,,DELAHALL,0,1730263620,1730263620,12:47:00 AM,12:47:00 AM,0
2100486,,UNIVHOS1,0,1730263712,1730263712,12:48:32 AM,12:48:32 AM,0
2100486,,PERTWIN1,0,1730263733,1730263733,12:48:53 AM,12:48:53 AM,0
2100486,,RICHWIN1,0,1730263787,1730263787,12:49:47 AM,12:49:47 AM,0
2100486,,RICHWEC1,0,1730263817,1730263817,12:50:17 AM,12:50:17 AM,0
2100486,,RICHCANT,0,1730263846,1730263846,12:50:46 AM,12:50:46 AM,0
2100486,,RICHSUNN,0,1730263895,1730263895,12:51:35 AM,12:51:35 AM,0
2100486,,MASOSTO5,0,1730263980,1730263980,12:53:00 AM,12:53:00 AM,0
2100468,,WHITOMA1,0,1730237460,1730237460,05:31:00 PM,05:31:00 PM,0
2100468,,WELLBRA1,,,,,,
2100468,,WELLMON1,,,,,,
2100468,,WELLSDA1,,,,,,
2100468,,WELLCRES,,,,,,
2100468,,WELLCRE2,,,,,,
2100468,,WELLWIL1,,,,,,
2100468,,WELLWIL3,0,1730237992,1730237992,05:39:52 PM,05:39:52 PM,0
2100468,,WELLWAT1,0,1730238027,1730238027,05:40:27 PM,05:40:27 PM,0
2100468,,WELLCOM1,0,1730238073,1730238073,05:41:13 PM,05:41:13 PM,0
2100468,,WELLBAS1,0,1730238120,1730238120,05:42:00 PM,05:42:00 PM,0
2100468,,WELLCHES,0,1730238198,1730238198,05:43:18 PM,05:43:18 PM,0
2100468,,WELLALEX,0,1730238273,1730238273,05:44:33 PM,05:44:33 PM,0
2100468,,WELLBOND,0,1730238326,1730238326,05:45:26 PM,05:45:26 PM,0
2100468,,WELLMCL1,0,1730238382,1730238382,05:46:22 PM,05:46:22 PM,0
2100468,,GRANHIG2,0,1730238469,1730238469,05:47:49 PM,05:47:49 PM,0
2100468,,GRANHIG4,0,1730238504,1730238504,05:48:24 PM,05:48:24 PM,0
2100468,,CARFGRAN,0,1730238557,1730238557,05:49:17 PM,05:49:17 PM,0
2100468,,CARFCAR1,0,1730238614,1730238614,05:50:14 PM,05:50:14 PM,0
2100468,,RICHSIM1,0,1730238692,1730238692,05:51:32 PM,05:51:32 PM,0
2100468,,RICHHOT3,0,1730238727,1730238727,05:52:07 PM,05:52:07 PM,0
2100468,,RICHKIN1,0,1730238820,1730238820,05:53:40 PM,05:53:40 PM,0
2100468,,RICHQUEE,0,1730238900,1730238900,05:55:00 PM,05:55:00 PM,0
2100468,,RICHQUEE,0,1730238900,1730238900,05:55:00 PM,05:55:00 PM,0
2100468,,RICHKEN1,0,1730239036,1730239036,05:57:16 PM,05:57:16 PM,0
2100468,,RICHHYM1,0,1730239159,1730239159,05:59:19 PM,05:59:19 PM,0
2100468,,RICHPALL,0,1730239230,1730239230,06:00:30 PM,06:00:30 PM,0
2100468,,RICHOXF1,0,1730239380,1730239380,06:03:00 PM,06:03:00 PM,0
2100468,,RICHJAM1,0,1730239415,1730239415,06:03:35 PM,06:03:35 PM,0
2100468,,RICHGRO1,0,1730239474,1730239474,06:04:34 PM,06:04:34 PM,0
2100468,,RICHCHE1,0,1730239508,1730239508,06:05:08 PM,06:05:08 PM,0
2100468,,RICHVIC1,0,1730239556,1730239556,06:05:56 PM,06:05:56 PM,0
2100468,,RICHREG1,0,1730239604,1730239604,06:06:44 PM,06:06:44 PM,0
2100468,,RICHHUR1,0,1730239643,1730239643,06:07:23 PM,06:07:23 PM,0
2100468,,UNIVRIC2,0,1730239705,1730239705,06:08:25 PM,06:08:25 PM,0
2100468,,UNIVSUN2,0,1730239760,1730239760,06:09:20 PM,06:09:20 PM,0
2100468,,DELAHALL,0,1730239860,1730239860,06:11:00 PM,06:11:00 PM,0
2100468,,UNIVHOS1,0,1730239967,1730239967,06:12:47 PM,06:12:47 PM,0
2100468,,PERTWIN1,0,1730239992,1730239992,06:13:12 PM,06:13:12 PM,0
2100468,,RICHWIN1,0,1730240055,1730240055,06:14:15 PM,06:14:15 PM,0
2100468,,RICHWEC1,0,1730240091,1730240091,06:14:51 PM,06:14:51 PM,0
2100468,,RICHCANT,0,1730240124,1730240124,06:15:24 PM,06:15:24 PM,0
2100468,,RICHSUNN,0,1730240182,1730240182,06:16:22 PM,06:16:22 PM,0
2100468,,MASOSTO5,0,1730240280,1730240280,06:18:00 PM,06:18:00 PM,0
2100460,,WHITOMA1,0,1730230560,1730230560,03:36:00 PM,03:36:00 PM,0
2100460,,WELLBRA1,,,,,,
2100460,,WELLMON1,,,,,,
2100460,,WELLSDA1,,,,,,
2100460,,WELLCRES,,,,,,
2100460,,WELLCRE2,,,,,,
2100460,,WELLWIL1,,,,,,
2100460,,WELLWIL3,0,1730231032,1730231032,03:43:52 PM,03:43:52 PM,0
2100460,,WELLWAT1,0,1730231067,1730231067,03:44:27 PM,03:44:27 PM,0
2100460,,WELLCOM1,0,1730231113,1730231113,03:45:13 PM,03:45:13 PM,0
2100460,,WELLBAS1,0,1730231160,1730231160,03:46:00 PM,03:46:00 PM,0
2100460,,WELLCHES,0,1730231238,1730231238,03:47:18 PM,03:47:18 PM,0
2100460,,WELLALEX,0,1730231313,1730231313,03:48:33 PM,03:48:33 PM,0
2100460,,WELLBOND,0,1730231366,1730231366,03:49:26 PM,03:49:26 PM,0
2100460,,WELLMCL1,0,1730231422,1730231422,03:50:22 PM,03:50:22 PM,0
2100460,,GRANHIG2,0,1730231509,1730231509,03:51:49 PM,03:51:49 PM,0
2100460,,GRANHIG4,0,1730231544,1730231544,03:52:24 PM,03:52:24 PM,0
2100460,,CARFGRAN,0,1730231597,1730231597,03:53:17 PM,03:53:17 PM,0
2100460,,CARFCAR1,0,1730231654,1730231654,03:54:14 PM,03:54:14 PM,0
2100460,,RICHSIM1,0,1730231732,1730231732,03:55:32 PM,03:55:32 PM,0
2100460,,RICHHOT3,0,1730231767,1730231767,03:56:07 PM,03:56:07 PM,0
2100460,,RICHKIN1,0,1730231860,1730231860,03:57:40 PM,03:57:40 PM,0
2100460,,RICHQUEE,0,1730231940,1730231940,03:59:00 PM,03:59:00 PM,0
2100460,,RICHQUEE,0,1730231940,1730231940,03:59:00 PM,03:59:00 PM,0
2100460,,RICHKEN1,0,1730232042,1730232042,04:00:42 PM,04:00:42 PM,0
2100460,,RICHHYM1,0,1730232134,1730232134,04:02:14 PM,04:02:14 PM,0
2100460,,RICHPALL,0,1730232187,1730232187,04:03:07 PM,04:03:07 PM,0
2100460,,RICHOXF1,0,1730232300,1730232300,04:05:00 PM,04:05:00 PM,0
2100460,,RICHJAM1,0,1730232340,1730232340,04:05:40 PM,04:05:40 PM,0
2100460,,RICHGRO1,0,1730232406,1730232406,04:06:46 PM,04:06:46 PM,0
2100460,,RICHCHE1,0,1730232445,1730232445,04:07:25 PM,04:07:25 PM,0
2100460,,RICHVIC1,0,1730232499,1730232499,04:08:19 PM,04:08:19 PM,0
2100460,,RICHREG1,0,1730232553,1730232553,04:09:13 PM,04:09:13 PM,0
2100460,,RICHHUR1,0,1730232597,1730232597,04:09:57 PM,04:09:57 PM,0
2100460,,UNIVRIC2,0,1730232667,1730232667,04:11:07 PM,04:11:07 PM,0
2100460,,UNIVSUN2,0,1730232729,1730232729,04:12:09 PM,04:12:09 PM,0
2100460,,DELAHALL,0,1730232840,1730232840,04:14:00 PM,04:14:00 PM,0
2100460,,UNIVHOS1,0,1730232978,1730232978,04:16:18 PM,04:16:18 PM,0
2100460,,PERTWIN1,0,1730233010,1730233010,04:16:50 PM,04:16:50 PM,0
2100460,,RICHWIN1,0,1730233092,1730233092,04:18:12 PM,04:18:12 PM,0
2100460,,RICHWEC1,0,1730233138,1730233138,04:18:58 PM,04:18:58 PM,0
2100460,,RICHCANT,0,1730233181,1730233181,04:19:41 PM,04:19:41 PM,0
2100460,,RICHSUNN,0,1730233255,1730233255,04:20:55 PM,04:20:55 PM,0
2100460,,MASOSTO5,0,1730233380,1730233380,04:23:00 PM,04:23:00 PM,0
2100395,,MASOSTO5,0,1730234040,1730234040,04:34:00 PM,04:34:00 PM,0
2100395,,RICHJACK,0,1730234108,1730234108,04:35:08 PM,04:35:08 PM,0
2100395,,RICHSHAV,0,1730234152,1730234152,04:35:52 PM,04:35:52 PM,0
2100395,,RICHWES2,0,1730234203,1730234203,04:36:43 PM,04:36:43 PM,0
2100395,,RICHWES4,0,1730234228,1730234228,04:37:08 PM,04:37:08 PM,0
2100395,,RICHWYND,0,1730234266,1730234266,04:37:46 PM,04:37:46 PM,0
2100395,,WINDRIC2,0,1730234348,1730234348,04:39:08 PM,04:39:08 PM,0
2100395,,PERTWIN2,0,1730234398,1730234398,04:39:58 PM,04:39:58 PM,0
2100395,,UNIVHOS2,0,1730234460,1730234460,04:41:00 PM,04:41:00 PM,0
2100395,,DELAHAL2,0,1730234612,1730234612,04:43:32 PM,04:43:32 PM,0
2100395,,UNIVSUN1,0,1730234716,1730234716,04:45:16 PM,04:45:16 PM,0
2100395,,UNIVRIC1,0,1730234804,1730234804,04:46:44 PM,04:46:44 PM,0
2100395,,RICHHUR2,0,1730234875,1730234875,04:47:55 PM,04:47:55 PM,0
2100395,,RICHVIC2,0,1730234974,1730234974,04:49:34 PM,04:49:34 PM,0
2100395,,RICHCHE2,0,1730235034,1730235034,04:50:34 PM,04:50:34 PM,0
2100395,,RICHGRO2,0,1730235106,1730235106,04:51:46 PM,04:51:46 PM,0
2100395,,RICHJAM2,0,1730235153,1730235153,04:52:33 PM,04:52:33 PM,0
2100395,,RICHOXF2,0,1730235240,1730235240,04:54:00 PM,04:54:00 PM,0
2100395,,RICHMILL,0,1730235297,1730235297,04:54:57 PM,04:54:57 PM,0
2100395,,RICHCENT,0,1730235378,1730235378,04:56:18 PM,04:56:18 PM,0
2100395,,RICHKEN2,0,1730235433,1730235433,04:57:13 PM,04:57:13 PM,0
2100395,,RICHDUF2,0,1730235466,1730235466,04:57:46 PM,04:57:46 PM,0
2100395,,RICHQUE2,0,1730235540,1730235540,04:59:00 PM,04:59:00 PM,0
2100395,,RICHQUE2,0,1730235540,1730235540,04:59:00 PM,04:59:00 PM,0
2100395,,RICHKIN4,0,1730235591,1730235591,04:59:51 PM,04:59:51 PM,0
2100395,,RICHSIM2,0,1730235728,1730235728,05:02:08 PM,05:02:08 PM,0
2100395,,RICHGREY,0,1730235762,1730235762,05:02:42 PM,05:02:42 PM,0
2100395,,CARFCAR2,0,1730235835,1730235835,05:03:55 PM,05:03:55 PM,0
2100395,,CARFWOOD,0,1730235894,1730235894,05:04:54 PM,05:04:54 PM,0
2100395,,GRANHIG1,0,1730235986,1730235986,05:06:26 PM,05:06:26 PM,0
2100395,,WELLGRA2,0,1730236049,1730236049,05:07:29 PM,05:07:29 PM,0
2100395,,WELLCOLG,0,1730236111,1730236111,05:08:31 PM,05:08:31 PM,0
2100395,,WELLWELL,0,1730236179,1730236179,05:09:39 PM,05:09:39 PM,0
2100395,,WELLTHJA,0,1730236275,1730236275,05:11:15 PM,05:11:15 PM,0
2100395,,WELLBAS2,0,1730236380,1730236380,05:13:00 PM,05:13:00 PM,0
2100395,,WELLCOM4,0,1730236477,1730236477,05:14:37 PM,05:14:37 PM,0
2100395,,WELLWAT2,0,1730236557,1730236557,05:15:57 PM,05:15:57 PM,0
2100395,,WELLWIL4,0,1730236638,1730236638,05:17:18 PM,05:17:18 PM,0
2100395,,WELLNAD1,0,1730236699,1730236699,05:18:19 PM,05:18:19 PM,0
2100395,,WELLNADI,0,1730236734,1730236734,05:18:54 PM,05:18:54 PM,0
2100395,,WELLSDA2,0,1730236800,1730236800,05:20:00 PM,05:20:00 PM,0
2100395,,WELLHARL,0,1730236856,1730236856,05:20:56 PM,05:20:56 PM,0
2100395,,WELLMON4,,,,,,
2100395,,WELLMON2,0,1730236962,1730236962,05:22:42 PM,05:22:42 PM,0
2100395,,WELLBRA2,0,1730237026,1730237026,05:23:46 PM,05:23:46 PM,0
2100395,,WHITOMA1,0,1730237100,1730237100,05:25:00 PM,05:25:00 PM,0
2100469,,WHITOMA1,0,1730237580,1730237580,05:33:00 PM,05:33:00 PM,0
2100469,,BRADWEL3,0,1730237712,1730237712,05:35:12 PM,05:35:12 PM,0
2100469,,DEARBRAD,0,1730237740,1730237740,05:35:40 PM,05:35:40 PM,0
2100469,,DEARDUL1,0,1730237776,1730237776,05:36:16 PM,05:36:16 PM,0
2100469,,WILLDEAR,0,1730237820,1730237820,05:37:00 PM,05:37:00 PM,0
2100469,,WILLOSG1,0,1730237852,1730237852,05:37:32 PM,05:37:32 PM,0
2100469,,OSGOBRE1,0,1730237893,1730237893,05:38:13 PM,05:38:13 PM,0
2100469,,OSGOMETC,0,1730237919,1730237919,05:38:39 PM,05:38:39 PM,0
2100469,,OSGOKIN1,0,1730237957,1730237957,05:39:17 PM,05:39:17 PM,0
2100469,,OSGOADE3,0,1730237992,1730237992,05:39:52 PM,05:39:52 PM,0
2100469,,OSGOADE1,0,1730238060,1730238060,05:41:00 PM,05:41:00 PM,0
2100469,,OSGOWOO1,0,1730238090,1730238090,05:41:30 PM,05:41:30 PM,0
2100469,,DOWASH1,0,1730238125,1730238125,05:42:05 PM,05:42:05 PM,0
2100469,,ASHBSUR2,0,1730238148,1730238148,05:42:28 PM,05:42:28 PM,0
2100469,,ASHBMIL1,0,1730238183,1730238183,05:43:03 PM,05:43:03 PM,0
2100469,,MILLBEX3,0,1730238218,1730238218,05:43:38 PM,05:43:38 PM,0
2100469,,MILLBEX1,0,1730238260,1730238260,05:44:20 PM,05:44:20 PM,0
2100469,,MILLBRID,0,1730238289,1730238289,05:44:49 PM,05:44:49 PM,0
2100469,,MILLDUD1,0,1730238330,1730238330,05:45:30 PM,05:45:30 PM,0
2100469,,MILLHARR,0,1730238360,1730238360,05:46:00 PM,05:46:00 PM,0
2100469,,MILLSHA1,0,1730238442,1730238442,05:47:22 PM,05:47:22 PM,0
2100469,,MILLPAR2,0,1730238484,1730238484,05:48:04 PM,05:48:04 PM,0
2100469,,MILLSHA4,0,1730238546,1730238546,05:49:06 PM,05:49:06 PM,0
2100469,,MILLEBU4,0,1730238565,1730238565,05:49:25 PM,05:49:25 PM,0
2100469,,MILLEBU2,0,1730238611,1730238611,05:50:11 PM,05:50:11 PM,0
2100469,,MILLSDA2,0,1730238630,1730238630,05:50:30 PM,05:50:30 PM,0
2100469,,SOUTADE2,0,1730238677,1730238677,05:51:17 PM,05:51:17 PM,0
2100469,,SOUTWIL2,0,1730238748,1730238748,05:52:28 PM,05:52:28 PM,0
2100469,,SOUTWEL2,0,1730238790,1730238790,05:53:10 PM,05:53:10 PM,0
2100469,,WELLSDA3,0,1730238840,1730238840,05:54:00 PM,05:54:00 PM,0
2100469,,WELLCRES,,,,,,
2100469,,WELLCRE2,,,,,,
2100469,,WELLWIL1,,,,,,
2100469,,WELLWIL3,0,1730239020,1730239020,05:57:00 PM,05:57:00 PM,0
2100469,,WELLWAT1,0,1730239053,1730239053,05:57:33 PM,05:57:33 PM,0
2100469,,WELLCOM1,0,1730239096,1730239096,05:58:16 PM,05:58:16 PM,0
2100469,,WELLBAS1,0,1730239140,1730239140,05:59:00 PM,05:59:00 PM,0
2100469,,WELLCHES,0,1730239206,1730239206,06:00:06 PM,06:00:06 PM,0
2100469,,WELLALEX,0,1730239269,1730239269,06:01:09 PM,06:01:09 PM,0
2100469,,WELLBOND,0,1730239314,1730239314,06:01:54 PM,06:01:54 PM,0
2100469,,WELLMCL1,0,1730239362,1730239362,06:02:42 PM,06:02:42 PM,0
2100469,,GRANHIG2,0,1730239435,1730239435,06:03:55 PM,06:03:55 PM,0
2100469,,GRANHIG4,0,1730239464,1730239464,06:04:24 PM,06:04:24 PM,0
2100469,,CARFGRAN,0,1730239509,1730239509,06:05:09 PM,06:05:09 PM,0
2100469,,CARFCAR1,0,1730239557,1730239557,06:05:57 PM,06:05:57 PM,0
2100469,,RICHSIM1,0,1730239623,1730239623,06:07:03 PM,06:07:03 PM,0
2100469,,RICHHOT3,0,1730239653,1730239653,06:07:33 PM,06:07:33 PM,0
2100469,,RICHKIN1,0,1730239732,1730239732,06:08:52 PM,06:08:52 PM,0
2100469,,RICHQUEE,0,1730239800,1730239800,06:10:00 PM,06:10:00 PM,0
2100469,,RICHQUEE,0,1730239800,1730239800,06:10:00 PM,06:10:00 PM,0
2100469,,RICHKEN1,0,1730239885,1730239885,06:11:25 PM,06:11:25 PM,0
2100469,,RICHHYM1,0,1730239962,1730239962,06:12:42 PM,06:12:42 PM,0
2100469,,RICHPALL,0,1730240006,1730240006,06:13:26 PM,06:13:26 PM,0
2100469,,RICHOXF1,0,1730240100,1730240100,06:15:00 PM,06:15:00 PM,0
2100469,,RICHJAM1,0,1730240135,1730240135,06:15:35 PM,06:15:35 PM,0
2100469,,RICHGRO1,0,1730240194,1730240194,06:16:34 PM,06:16:34 PM,0
2100469,,RICHCHE1,0,1730240228,1730240228,06:17:08 PM,06:17:08 PM,0
2100469,,RICHVIC1,0,1730240276,1730240276,06:17:56 PM,06:17:56 PM,0
2100469,,RICHREG1,0,1730240324,1730240324,06:18:44 PM,06:18:44 PM,0
2100469,,RICHHUR1,0,1730240363,1730240363,06:19:23 PM,06:19:23 PM,0
2100469,,UNIVRIC2,0,1730240425,1730240425,06:20:25 PM,06:20:25 PM,0
2100469,,UNIVSUN2,0,1730240480,1730240480,06:21:20 PM,06:21:20 PM,0
2100469,,DELAHALL,0,1730240580,1730240580,06:23:00 PM,06:23:00 PM,0
2100469,,UNIVHOS1,0,1730240687,1730240687,06:24:47 PM,06:24:47 PM,0
2100469,,PERTWIN1,0,1730240712,1730240712,06:25:12 PM,06:25:12 PM,0
2100469,,RICHWIN1,0,1730240775,1730240775,06:26:15 PM,06:26:15 PM,0
2100469,,RICHWEC1,0,1730240811,1730240811,06:26:51 PM,06:26:51 PM,0
2100469,,RICHCANT,0,1730240844,1730240844,06:27:24 PM,06:27:24 PM,0
2100469,,RICHSUNN,0,1730240902,1730240902,06:28:22 PM,06:28:22 PM,0
2100469,,MASOSTO5,0,1730241000,1730241000,06:30:00 PM,06:30:00 PM,0
2100477,,WHITOMA1,0,1730245080,1730245080,07:38:00 PM,07:38:00 PM,0
2100477,,WELLBRA1,,,,,,
2100477,,WELLMON1,,,,,,
2100477,,WELLSDA1,,,,,,
2100477,,WELLCRES,,,,,,
2100477,,WELLCRE2,,,,,,
2100477,,WELLWIL1,,,,,,
2100477,,WELLWIL3,0,1730245612,1730245612,07:46:52 PM,07:46:52 PM,0
2100477,,WELLWAT1,0,1730245647,1730245647,07:47:27 PM,07:47:27 PM,0
2100477,,WELLCOM1,0,1730245693,1730245693,07:48:13 PM,07:48:13 PM,0
2100477,,WELLBAS1,0,1730245740,1730245740,07:49:00 PM,07:49:00 PM,0
2100477,,WELLCHES,0,1730245806,1730245806,07:50:06 PM,07:50:06 PM,0
2100477,,WELLALEX,0,1730245869,1730245869,07:51:09 PM,07:51:09 PM,0
2100477,,WELLBOND,0,1730245914,1730245914,07:51:54 PM,07:51:54 PM,0
2100477,,WELLMCL1,0,1730245962,1730245962,07:52:42 PM,07:52:42 PM,0
2100477,,GRANHIG2,0,1730246035,1730246035,07:53:55 PM,07:53:55 PM,0
2100477,,GRANHIG4,0,1730246064,1730246064,07:54:24 PM,07:54:24 PM,0
2100477,,CARFGRAN,0,1730246109,1730246109,07:55:09 PM,07:55:09 PM,0
2100477,,CARFCAR1,0,1730246157,1730246157,07:55:57 PM,07:55:57 PM,0
2100477,,RICHSIM1,0,1730246223,1730246223,07:57:03 PM,07:57:03 PM,0
2100477,,RICHHOT3,0,1730246253,1730246253,07:57:33 PM,07:57:33 PM,0
2100477,,RICHKIN1,0,1730246332,1730246332,07:58:52 PM,07:58:52 PM,0
2100477,,RICHQUEE,0,1730246400,1730246400,08:00:00 PM,08:00:00 PM,0
2100477,,RICHQUEE,0,1730246400,1730246400,08:00:00 PM,08:00:00 PM,0
2100477,,RICHKEN1,0,1730246485,1730246485,08:01:25 PM,08:01:25 PM,0
2100477,,RICHHYM1,0,1730246562,1730246562,08:02:42 PM,08:02:42 PM,0
2100477,,RICHPALL,0,1730246606,1730246606,08:03:26 PM,08:03:26 PM,0
2100477,,RICHOXF1,0,1730246700,1730246700,08:05:00 PM,08:05:00 PM,0
2100477,,RICHJAM1,0,1730246735,1730246735,08:05:35 PM,08:05:35 PM,0
2100477,,RICHGRO1,0,1730246794,1730246794,08:06:34 PM,08:06:34 PM,0
2100477,,RICHCHE1,0,1730246828,1730246828,08:07:08 PM,08:07:08 PM,0
2100477,,RICHVIC1,0,1730246876,1730246876,08:07:56 PM,08:07:56 PM,0
2100477,,RICHREG1,0,1730246924,1730246924,08:08:44 PM,08:08:44 PM,0
2100477,,RICHHUR1,0,1730246963,1730246963,08:09:23 PM,08:09:23 PM,0
2100477,,UNIVRIC2,0,1730247025,1730247025,08:10:25 PM,08:10:25 PM,0
2100477,,UNIVSUN2,0,1730247080,1730247080,08:11:20 PM,08:11:20 PM,0
2100477,,DELAHALL,0,1730247180,1730247180,08:13:00 PM,08:13:00 PM,0
2100477,,UNIVHOS1,0,1730247287,1730247287,08:14:47 PM,08:14:47 PM,0
2100477,,PERTWIN1,0,1730247312,1730247312,08:15:12 PM,08:15:12 PM,0
2100477,,RICHWIN1,0,1730247375,1730247375,08:16:15 PM,08:16:15 PM,0
2100477,,RICHWEC1,0,1730247411,1730247411,08:16:51 PM,08:16:51 PM,0
2100477,,RICHCANT,0,1730247444,1730247444,08:17:24 PM,08:17:24 PM,0
2100477,,RICHSUNN,0,1730247502,1730247502,08:18:22 PM,08:18:22 PM,0
2100477,,MASOSTO5,0,1730247600,1730247600,08:20:00 PM,08:20:00 PM,0
2100404,,MASOSTO5,0,1730248320,1730248320,08:32:00 PM,08:32:00 PM,0
2100404,,RICHJACK,0,1730248388,1730248388,08:33:08 PM,08:33:08 PM,0
2100404,,RICHSHAV,0,1730248432,1730248432,08:33:52 PM,08:33:52 PM,0
2100404,,RICHWES2,0,1730248483,1730248483,08:34:43 PM,08:34:43 PM,0
2100404,,RICHWES4,0,1730248508,1730248508,08:35:08 PM,08:35:08 PM,0
2100404,,RICHWYND,0,1730248546,1730248546,08:35:46 PM,08:35:46 PM,0
2100404,,WINDRIC2,0,1730248628,1730248628,08:37:08 PM,08:37:08 PM,0
2100404,,PERTWIN2,0,1730248678,1730248678,08:37:58 PM,08:37:58 PM,0
2100404,,UNIVHOS2,0,1730248740,1730248740,08:39:00 PM,08:39:00 PM,0
2100404,,DELAHAL2,0,1730248868,1730248868,08:41:08 PM,08:41:08 PM,0
2100404,,UNIVSUN1,0,1730248956,1730248956,08:42:36 PM,08:42:36 PM,0
2100404,,UNIVRIC1,0,1730249031,1730249031,08:43:51 PM,08:43:51 PM,0
2100404,,RICHHUR2,0,1730249091,1730249091,08:44:51 PM,08:44:51 PM,0
2100404,,RICHVIC2,0,1730249175,1730249175,08:46:15 PM,08:46:15 PM,0
2100404,,RICHCHE2,0,1730249226,1730249226,08:47:06 PM,08:47:06 PM,0
2100404,,RICHGRO2,0,1730249287,1730249287,08:48:07 PM,08:48:07 PM,0
2100404,,RICHJAM2,0,1730249327,1730249327,08:48:47 PM,08:48:47 PM,0
2100404,,RICHOXF2,0,1730249400,1730249400,08:50:00 PM,08:50:00 PM,0
2100404,,RICHMILL,0,1730249446,1730249446,08:50:46 PM,08:50:46 PM,0
2100404,,RICHCENT,0,1730249511,1730249511,08:51:51 PM,08:51:51 PM,0
2100404,,RICHKEN2,0,1730249555,1730249555,08:52:35 PM,08:52:35 PM,0
2100404,,RICHDUF2,0,1730249581,1730249581,08:53:01 PM,08:53:01 PM,0
2100404,,RICHQUE2,0,1730249640,1730249640,08:54:00 PM,08:54:00 PM,0
2100404,,RICHQUE2,0,1730249640,1730249640,08:54:00 PM,08:54:00 PM,0
2100404,,RICHKIN4,0,1730249684,1730249684,08:54:44 PM,08:54:44 PM,0
2100404,,RICHSIM2,0,1730249801,1730249801,08:56:41 PM,08:56:41 PM,0
2100404,,RICHGREY,0,1730249830,1730249830,08:57:10 PM,08:57:10 PM,0
2100404,,CARFCAR2,0,1730249893,1730249893,08:58:13 PM,08:58:13 PM,0
2100404,,CARFWOOD,0,1730249943,1730249943,08:59:03 PM,08:59:03 PM,0
2100404,,GRANHIG1,0,1730250022,1730250022,09:00:22 PM,09:00:22 PM,0
2100404,,WELLGRA2,0,1730250076,1730250076,09:01:16 PM,09:01:16 PM,0
2100404,,WELLCOLG,0,1730250129,1730250129,09:02:09 PM,09:02:09 PM,0
2100404,,WELLWELL,0,1730250187,1730250187,09:03:07 PM,09:03:07 PM,0
2100404,,WELLTHJA,0,1730250269,1730250269,09:04:29 PM,09:04:29 PM,0
2100404,,WELLBAS2,0,1730250360,1730250360,09:06:00 PM,09:06:00 PM,0
2100404,,WELLCOM4,0,1730250415,1730250415,09:06:55 PM,09:06:55 PM,0
2100404,,WELLWAT2,0,1730250460,1730250460,09:07:40 PM,09:07:40 PM,0
2100404,,WELLWIL4,0,1730250506,1730250506,09:08:26 PM,09:08:26 PM,0
2100404,,WELLNAD1,0,1730250540,1730250540,09:09:00 PM,09:09:00 PM,0
2100404,,WELLNADI,0,1730250560,1730250560,09:09:20 PM,09:09:20 PM,0
2100404,,WELLSDA2,0,1730250600,1730250600,09:10:00 PM,09:10:00 PM,0
2100404,,WELLHARL,0,1730250633,1730250633,09:10:33 PM,09:10:33 PM,0
2100404,,WELLMON4,,,,,,
2100404,,WELLMON2,0,1730250697,1730250697,09:11:37 PM,09:11:37 PM,0
2100404,,WELLBRA2,0,1730250735,1730250735,09:12:15 PM,09:12:15 PM,0
2100404,,WHITOMA1,0,1730250780,1730250780,09:13:00 PM,09:13:00 PM,0
2100480,,WHITOMA1,0,1730251440,1730251440,09:24:00 PM,09:24:00 PM,0
2100480,,BRADWEL3,0,1730251539,1730251539,09:25:39 PM,09:25:39 PM,0
2100480,,DEARBRAD,0,1730251560,1730251560,09:26:00 PM,09:26:00 PM,0
2100480,,DEARDUL1,0,1730251587,1730251587,09:26:27 PM,09:26:27 PM,0
2100480,,WILLDEAR,0,1730251620,1730251620,09:27:00 PM,09:27:00 PM,0
2100480,,WILLOSG1,0,1730251644,1730251644,09:27:24 PM,09:27:24 PM,0
2100480,,OSGOBRE1,0,1730251675,1730251675,09:27:55 PM,09:27:55 PM,0
2100480,,OSGOMETC,0,1730251694,1730251694,09:28:14 PM,09:28:14 PM,0
2100480,,OSGOKIN1,0,1730251722,1730251722,09:28:42 PM,09:28:42 PM,0
2100480,,OSGOADE3,0,1730251748,1730251748,09:29:08 PM,09:29:08 PM,0
2100480,,OSGOADE1,0,1730251800,1730251800,09:30:00 PM,09:30:00 PM,0
2100480,,OSGOWOO1,0,1730251826,1730251826,09:30:26 PM,09:30:26 PM,0
2100480,,DOWASH1,0,1730251855,1730251855,09:30:55 PM,09:30:55 PM,0
2100480,,ASHBSUR2,0,1730251874,1730251874,09:31:14 PM,09:31:14 PM,0
2100480,,ASHBMIL1,0,1730251904,1730251904,09:31:44 PM,09:31:44 PM,0
2100480,,MILLBEX3,0,1730251934,1730251934,09:32:14 PM,09:32:14 PM,0
2100480,,MILLBEX1,0,1730251969,1730251969,09:32:49 PM,09:32:49 PM,0
2100480,,MILLBRID,0,1730251994,1730251994,09:33:14 PM,09:33:14 PM,0
2100480,,MILLDUD1,0,1730252028,1730252028,09:33:48 PM,09:33:48 PM,0
2100480,,MILLHARR,0,1730252054,1730252054,09:34:14 PM,09:34:14 PM,0
2100480,,MILLSHA1,0,1730252123,1730252123,09:35:23 PM,09:35:23 PM,0
2100480,,MILLPAR2,0,1730252159,1730252159,09:35:59 PM,09:35:59 PM,0
2100480,,MILLSHA4,0,1730252212,1730252212,09:36:52 PM,09:36:52 PM,0
2100480,,MILLEBU4,0,1730252228,1730252228,09:37:08 PM,09:37:08 PM,0
2100480,,MILLEBU2,0,1730252267,1730252267,09:37:47 PM,09:37:47 PM,0
2100480,,MILLSDA2,0,1730252283,1730252283,09:38:03 PM,09:38:03 PM,0
2100480,,SOUTADE2,0,1730252323,1730252323,09:38:43 PM,09:38:43 PM,0
2100480,,SOUTWIL2,0,1730252383,1730252383,09:39:43 PM,09:39:43 PM,0
2100480,,SOUTWEL2,0,1730252418,1730252418,09:40:18 PM,09:40:18 PM,0
2100480,,WELLSDA3,0,1730252460,1730252460,09:41:00 PM,09:41:00 PM,0
2100480,,WELLCRES,,,,,,
2100480,,WELLCRE2,,,,,,
2100480,,WELLWIL1,,,,,,
2100480,,WELLWIL3,0,1730252603,1730252603,09:43:23 PM,09:43:23 PM,0
2100480,,WELLWAT1,0,1730252629,1730252629,09:43:49 PM,09:43:49 PM,0
2100480,,WELLCOM1,0,1730252663,1730252663,09:44:23 PM,09:44:23 PM,0
2100480,,WELLBAS1,0,1730252700,1730252700,09:45:00 PM,09:45:00 PM,0
2100480,,WELLCHES,0,1730252760,1730252760,09:46:00 PM,09:46:00 PM,0
2100480,,WELLALEX,0,1730252817,1730252817,09:46:57 PM,09:46:57 PM,0
2100480,,WELLBOND,0,1730252858,1730252858,09:47:38 PM,09:47:38 PM,0
2100480,,WELLMCL1,0,1730252901,1730252901,09:48:21 PM,09:48:21 PM,0
2100480,,GRANHIG2,0,1730252967,1730252967,09:49:27 PM,09:49:27 PM,0
2100480,,GRANHIG4,0,1730252993,1730252993,09:49:53 PM,09:49:53 PM,0
2100480,,CARFGRAN,0,1730253034,1730253034,09:50:34 PM,09:50:34 PM,0
2100480,,CARFCAR1,0,1730253077,1730253077,09:51:17 PM,09:51:17 PM,0
2100480,,RICHSIM1,0,1730253137,1730253137,09:52:17 PM,09:52:17 PM,0
2100480,,RICHHOT3,0,1730253164,1730253164,09:52:44 PM,09:52:44 PM,0
2100480,,RICHKIN1,0,1730253236,1730253236,09:53:56 PM,09:53:56 PM,0
2100480,,RICHQUEE,0,1730253300,1730253300,09:55:00 PM,09:55:00 PM,0
2100480,,RICHQUEE,0,1730253300,1730253300,09:55:00 PM,09:55:00 PM,0
2100480,,RICHKEN1,0,1730253385,1730253385,09:56:25 PM,09:56:25 PM,0
2100480,,RICHHYM1,0,1730253462,1730253462,09:57:42 PM,09:57:42 PM,0
2100480,,RICHPALL,0,1730253506,1730253506,09:58:26 PM,09:58:26 PM,0
2100480,,RICHOXF1,0,1730253600,1730253600,10:00:00 PM,10:00:00 PM,0
2100480,,RICHJAM1,0,1730253631,1730253631,10:00:31 PM,10:00:31 PM,0
2100480,,RICHGRO1,0,1730253682,1730253682,10:01:22 PM,10:01:22 PM,0
2100480,,RICHCHE1,0,1730253712,1730253712,10:01:52 PM,10:01:52 PM,0
2100480,,RICHVIC1,0,1730253754,1730253754,10:02:34 PM,10:02:34 PM,0
2100480,,RICHREG1,0,1730253796,1730253796,10:03:16 PM,10:03:16 PM,0
2100480,,RICHHUR1,0,1730253830,1730253830,10:03:50 PM,10:03:50 PM,0
2100480,,UNIVRIC2,0,1730253885,1730253885,10:04:45 PM,10:04:45 PM,0
2100480,,UNIVSUN2,0,1730253933,1730253933,10:05:33 PM,10:05:33 PM,0
2100480,,DELAHALL,0,1730254020,1730254020,10:07:00 PM,10:07:00 PM,0
2100480,,UNIVHOS1,0,1730254112,1730254112,10:08:32 PM,10:08:32 PM,0
2100480,,PERTWIN1,0,1730254133,1730254133,10:08:53 PM,10:08:53 PM,0
2100480,,RICHWIN1,0,1730254187,1730254187,10:09:47 PM,10:09:47 PM,0
2100480,,RICHWEC1,0,1730254217,1730254217,10:10:17 PM,10:10:17 PM,0
2100480,,RICHCANT,0,1730254246,1730254246,10:10:46 PM,10:10:46 PM,0
2100480,,RICHSUNN,0,1730254295,1730254295,10:11:35 PM,10:11:35 PM,0
2100480,,MASOSTO5,0,1730254380,1730254380,10:13:00 PM,10:13:00 PM,0
2100413,,MASOSTO5,0,1730254920,1730254920,10:22:00 PM,10:22:00 PM,0
2100413,,RICHJACK,0,1730254969,1730254969,10:22:49 PM,10:22:49 PM,0
2100413,,RICHSHAV,0,1730255000,1730255000,10:23:20 PM,10:23:20 PM,0
2100413,,RICHWES2,0,1730255036,1730255036,10:23:56 PM,10:23:56 PM,0
2100413,,RICHWES4,0,1730255054,1730255054,10:24:14 PM,10:24:14 PM,0
2100413,,RICHWYND,0,1730255081,1730255081,10:24:41 PM,10:24:41 PM,0
2100413,,WINDRIC2,0,1730255139,1730255139,10:25:39 PM,10:25:39 PM,0
2100413,,PERTWIN2,0,1730255174,1730255174,10:26:14 PM,10:26:14 PM,0
2100413,,UNIVHOS2,0,1730255220,1730255220,10:27:00 PM,10:27:00 PM,0
2100413,,DELAHAL2,0,1730255336,1730255336,10:28:56 PM,10:28:56 PM,0
2100413,,UNIVSUN1,0,1730255416,1730255416,10:30:16 PM,10:30:16 PM,0
2100413,,UNIVRIC1,0,1730255484,1730255484,10:31:24 PM,10:31:24 PM,0
2100413,,RICHHUR2,0,1730255538,1730255538,10:32:18 PM,10:32:18 PM,0
2100413,,RICHVIC2,0,1730255614,1730255614,10:33:34 PM,10:33:34 PM,0
2100413,,RICHCHE2,0,1730255660,1730255660,10:34:20 PM,10:34:20 PM,0
2100413,,RICHGRO2,0,1730255715,1730255715,10:35:15 PM,10:35:15 PM,0
2100413,,RICHJAM2,0,1730255751,1730255751,10:35:51 PM,10:35:51 PM,0
2100413,,RICHOXF2,0,1730255820,1730255820,10:37:00 PM,10:37:00 PM,0
2100413,,RICHMILL,0,1730255866,1730255866,10:37:46 PM,10:37:46 PM,0
2100413,,RICHCENT,0,1730255931,1730255931,10:38:51 PM,10:38:51 PM,0
2100413,,RICHKEN2,0,1730255975,1730255975,10:39:35 PM,10:39:35 PM,0
2100413,,RICHDUF2,0,1730256001,1730256001,10:40:01 PM,10:40:01 PM,0
2100413,,RICHQUE2,0,1730256060,1730256060,10:41:00 PM,10:41:00 PM,0
2100413,,RICHQUE2,0,1730256060,1730256060,10:41:00 PM,10:41:00 PM,0
2100413,,RICHKIN4,0,1730256096,1730256096,10:41:36 PM,10:41:36 PM,0
2100413,,RICHSIM2,0,1730256193,1730256193,10:43:13 PM,10:43:13 PM,0
2100413,,RICHGREY,0,1730256217,1730256217,10:43:37 PM,10:43:37 PM,0
2100413,,CARFCAR2,0,1730256269,1730256269,10:44:29 PM,10:44:29 PM,0
2100413,,CARFWOOD,0,1730256311,1730256311,10:45:11 PM,10:45:11 PM,0
2100413,,GRANHIG1,0,1730256377,1730256377,10:46:17 PM,10:46:17 PM,0
2100413,,WELLGRA2,0,1730256422,1730256422,10:47:02 PM,10:47:02 PM,0
2100413,,WELLCOLG,0,1730256466,1730256466,10:47:46 PM,10:47:46 PM,0
2100413,,WELLWELL,0,1730256514,1730256514,10:48:34 PM,10:48:34 PM,0
2100413,,WELLTHJA,0,1730256582,1730256582,10:49:42 PM,10:49:42 PM,0
2100413,,WELLBAS2,0,1730256660,1730256660,10:51:00 PM,10:51:00 PM,0
2100413,,WELLCOM4,0,1730256715,1730256715,10:51:55 PM,10:51:55 PM,0
2100413,,WELLWAT2,0,1730256760,1730256760,10:52:40 PM,10:52:40 PM,0
2100413,,WELLWIL4,0,1730256806,1730256806,10:53:26 PM,10:53:26 PM,0
2100413,,WELLNAD1,0,1730256840,1730256840,10:54:00 PM,10:54:00 PM,0
2100413,,WELLNADI,0,1730256860,1730256860,10:54:20 PM,10:54:20 PM,0
2100413,,WELLSDA2,0,1730256900,1730256900,10:55:00 PM,10:55:00 PM,0
2100413,,WELLHARL,0,1730256933,1730256933,10:55:33 PM,10:55:33 PM,0
2100413,,WELLMON4,,,,,,
2100413,,WELLMON2,0,1730256997,1730256997,10:56:37 PM,10:56:37 PM,0
2100413,,WELLBRA2,0,1730257035,1730257035,10:57:15 PM,10:57:15 PM,0
2100413,,WHITOMA1,0,1730257080,1730257080,10:58:00 PM,10:58:00 PM,0
2100485,,WHITOMA1,0,1730257320,1730257320,11:02:00 PM,11:02:00 PM,0
2100485,,BRADWEL3,0,1730257419,1730257419,11:03:39 PM,11:03:39 PM,0
2100485,,DEARBRAD,0,1730257440,1730257440,11:04:00 PM,11:04:00 PM,0
2100485,,DEARDUL1,0,1730257467,1730257467,11:04:27 PM,11:04:27 PM,0
2100485,,WILLDEAR,0,1730257500,1730257500,11:05:00 PM,11:05:00 PM,0
2100485,,WILLOSG1,0,1730257524,1730257524,11:05:24 PM,11:05:24 PM,0
2100485,,OSGOBRE1,0,1730257555,1730257555,11:05:55 PM,11:05:55 PM,0
2100485,,OSGOMETC,0,1730257574,1730257574,11:06:14 PM,11:06:14 PM,0
2100485,,OSGOKIN1,0,1730257602,1730257602,11:06:42 PM,11:06:42 PM,0
2100485,,OSGOADE3,0,1730257628,1730257628,11:07:08 PM,11:07:08 PM,0
2100485,,OSGOADE1,0,1730257680,1730257680,11:08:00 PM,11:08:00 PM,0
2100485,,OSGOWOO1,0,1730257706,1730257706,11:08:26 PM,11:08:26 PM,0
2100485,,DOWASH1,0,1730257735,1730257735,11:08:55 PM,11:08:55 PM,0
2100485,,ASHBSUR2,0,1730257754,1730257754,11:09:14 PM,11:09:14 PM,0
2100485,,ASHBMIL1,0,1730257784,1730257784,11:09:44 PM,11:09:44 PM,0
2100485,,MILLBEX3,0,1730257814,1730257814,11:10:14 PM,11:10:14 PM,0
2100485,,MILLBEX1,0,1730257849,1730257849,11:10:49 PM,11:10:49 PM,0
2100485,,MILLBRID,0,1730257874,1730257874,11:11:14 PM,11:11:14 PM,0
2100485,,MILLDUD1,0,1730257908,1730257908,11:11:48 PM,11:11:48 PM,0
2100485,,MILLHARR,0,1730257934,1730257934,11:12:14 PM,11:12:14 PM,0
2100485,,MILLSHA1,0,1730258003,1730258003,11:13:23 PM,11:13:23 PM,0
2100485,,MILLPAR2,0,1730258039,1730258039,11:13:59 PM,11:13:59 PM,0
2100485,,MILLSHA4,0,1730258092,1730258092,11:14:52 PM,11:14:52 PM,0
2100485,,MILLEBU4,0,1730258108,1730258108,11:15:08 PM,11:15:08 PM,0
2100485,,MILLEBU2,0,1730258147,1730258147,11:15:47 PM,11:15:47 PM,0
2100485,,MILLSDA2,0,1730258163,1730258163,11:16:03 PM,11:16:03 PM,0
2100485,,SOUTADE2,0,1730258203,1730258203,11:16:43 PM,11:16:43 PM,0
2100485,,SOUTWIL2,0,1730258263,1730258263,11:17:43 PM,11:17:43 PM,0
2100485,,SOUTWEL2,0,1730258298,1730258298,11:18:18 PM,11:18:18 PM,0
2100485,,WELLSDA3,0,1730258340,1730258340,11:19:00 PM,11:19:00 PM,0
2100485,,WELLCRES,,,,,,
2100485,,WELLCRE2,,,,,,
2100485,,WELLWIL1,,,,,,
2100485,,WELLWIL3,0,1730258483,1730258483,11:21:23 PM,11:21:23 PM,0
2100485,,WELLWAT1,0,1730258509,1730258509,11:21:49 PM,11:21:49 PM,0
2100485,,WELLCOM1,0,1730258543,1730258543,11:22:23 PM,11:22:23 PM,0
2100485,,WELLBAS1,0,1730258580,1730258580,11:23:00 PM,11:23:00 PM,0
2100485,,WELLCHES,0,1730258640,1730258640,11:24:00 PM,11:24:00 PM,0
2100485,,WELLALEX,0,1730258697,1730258697,11:24:57 PM,11:24:57 PM,0
2100485,,WELLBOND,0,1730258738,1730258738,11:25:38 PM,11:25:38 PM,0
2100485,,WELLMCL1,0,1730258781,1730258781,11:26:21 PM,11:26:21 PM,0
2100485,,GRANHIG2,0,1730258847,1730258847,11:27:27 PM,11:27:27 PM,0
2100485,,GRANHIG4,0,1730258873,1730258873,11:27:53 PM,11:27:53 PM,0
2100485,,CARFGRAN,0,1730258914,1730258914,11:28:34 PM,11:28:34 PM,0
2100485,,CARFCAR1,0,1730258957,1730258957,11:29:17 PM,11:29:17 PM,0
2100485,,RICHSIM1,0,1730259017,1730259017,11:30:17 PM,11:30:17 PM,0
2100485,,RICHHOT3,0,1730259044,1730259044,11:30:44 PM,11:30:44 PM,0
2100485,,RICHKIN1,0,1730259116,1730259116,11:31:56 PM,11:31:56 PM,0
2100485,,RICHQUEE,0,1730259180,1730259180,11:33:00 PM,11:33:00 PM,0
2100485,,RICHQUEE,0,1730259180,1730259180,11:33:00 PM,11:33:00 PM,0
2100485,,RICHKEN1,0,1730259265,1730259265,11:34:25 PM,11:34:25 PM,0
2100485,,RICHHYM1,0,1730259342,1730259342,11:35:42 PM,11:35:42 PM,0
2100485,,RICHPALL,0,1730259386,1730259386,11:36:26 PM,11:36:26 PM,0
2100485,,RICHOXF1,0,1730259480,1730259480,11:38:00 PM,11:38:00 PM,0
2100485,,RICHJAM1,0,1730259511,1730259511,11:38:31 PM,11:38:31 PM,0
2100485,,RICHGRO1,0,1730259562,1730259562,11:39:22 PM,11:39:22 PM,0
2100485,,RICHCHE1,0,1730259592,1730259592,11:39:52 PM,11:39:52 PM,0
2100485,,RICHVIC1,0,1730259634,1730259634,11:40:34 PM,11:40:34 PM,0
2100485,,RICHREG1,0,1730259676,1730259676,11:41:16 PM,11:41:16 PM,0
2100485,,RICHHUR1,0,1730259710,1730259710,11:41:50 PM,11:41:50 PM,0
2100485,,UNIVRIC2,0,1730259765,1730259765,11:42:45 PM,11:42:45 PM,0
2100485,,UNIVSUN2,0,1730259813,1730259813,11:43:33 PM,11:43:33 PM,0
2100485,,DELAHALL,0,1730259900,1730259900,11:45:00 PM,11:45:00 PM,0
2100485,,UNIVHOS1,0,1730259992,1730259992,11:46:32 PM,11:46:32 PM,0
2100485,,PERTWIN1,0,1730260013,1730260013,11:46:53 PM,11:46:53 PM,0
2100485,,RICHWIN1,0,1730260067,1730260067,11:47:47 PM,11:47:47 PM,0
2100485,,RICHWEC1,0,1730260097,1730260097,11:48:17 PM,11:48:17 PM,0
2100485,,RICHCANT,0,1730260126,1730260126,11:48:46 PM,11:48:46 PM,0
2100485,,RICHSUNN,0,1730260175,1730260175,11:49:35 PM,11:49:35 PM,0
2100485,,MASOSTO5,0,1730260260,1730260260,11:51:00 PM,11:51:00 PM,0
2100488,,WHITOMA1,0,1730263140,1730263140,12:39:00 AM,12:39:00 AM,0
2100488,,WELLBRA1,,,,,,
2100488,,WELLMON1,,,,,,
2100488,,WELLSDA1,,,,,,
2100488,,WELLCRES,,,,,,
2100488,,WELLCRE2,,,,,,
2100488,,WELLWIL1,,,,,,
2100488,,WELLWIL3,0,1730263572,1730263572,12:46:12 AM,12:46:12 AM,0
2100488,,WELLWAT1,0,1730263601,1730263601,12:46:41 AM,12:46:41 AM,0
2100488,,WELLCOM1,0,1730263639,1730263639,12:47:19 AM,12:47:19 AM,0
2100488,,WELLBAS1,0,1730263680,1730263680,12:48:00 AM,12:48:00 AM,0
2100488,,WELLCHES,0,1730263740,1730263740,12:49:00 AM,12:49:00 AM,0
2100488,,WELLALEX,0,1730263797,1730263797,12:49:57 AM,12:49:57 AM,0
2100488,,WELLBOND,0,1730263838,1730263838,12:50:38 AM,12:50:38 AM,0
2100488,,WELLMCL1,0,1730263881,1730263881,12:51:21 AM,12:51:21 AM,0
2100488,,GRANHIG2,0,1730263947,1730263947,12:52:27 AM,12:52:27 AM,0
2100488,,GRANHIG4,0,1730263973,1730263973,12:52:53 AM,12:52:53 AM,0
2100488,,CARFGRAN,0,1730264014,1730264014,12:53:34 AM,12:53:34 AM,0
2100488,,CARFCAR1,0,1730264057,1730264057,12:54:17 AM,12:54:17 AM,0
2100488,,RICHSIM1,0,1730264117,1730264117,12:55:17 AM,12:55:17 AM,0
2100488,,RICHHOT3,0,1730264144,1730264144,12:55:44 AM,12:55:44 AM,0
2100488,,RICHKIN1,0,1730264216,1730264216,12:56:56 AM,12:56:56 AM,0
2100488,,RICHQUEE,0,1730264280,1730264280,12:58:00 AM,12:58:00 AM,0
2100488,,RICHQUEE,0,1730264400,1730264400,01:00:00 AM,01:00:00 AM,0
2100488,,RICHKEN1,0,1730264485,1730264485,01:01:25 AM,01:01:25 AM,0
2100488,,RICHHYM1,0,1730264562,1730264562,01:02:42 AM,01:02:42 AM,0
2100488,,RICHPALL,0,1730264606,1730264606,01:03:26 AM,01:03:26 AM,0
2100488,,RICHOXF1,0,1730264700,1730264700,01:05:00 AM,01:05:00 AM,0
2100488,,RICHJAM1,0,1730264731,1730264731,01:05:31 AM,01:05:31 AM,0
2100488,,RICHGRO1,0,1730264782,1730264782,01:06:22 AM,01:06:22 AM,0
2100488,,RICHCHE1,0,1730264812,1730264812,01:06:52 AM,01:06:52 AM,0
2100488,,RICHVIC1,0,1730264854,1730264854,01:07:34 AM,01:07:34 AM,0
2100488,,RICHREG1,0,1730264896,1730264896,01:08:16 AM,01:08:16 AM,0
2100488,,RICHHUR1,0,1730264930,1730264930,01:08:50 AM,01:08:50 AM,0
2100488,,UNIVRIC2,0,1730264985,1730264985,01:09:45 AM,01:09:45 AM,0
2100488,,UNIVSUN2,0,1730265033,1730265033,01:10:33 AM,01:10:33 AM,0
2100488,,DELAHALL,0,1730265120,1730265120,01:12:00 AM,01:12:00 AM,0
2100488,,UNIVHOS1,0,1730265212,1730265212,01:13:32 AM,01:13:32 AM,0
2100488,,PERTWIN1,0,1730265233,1730265233,01:13:53 AM,01:13:53 AM,0
2100488,,RICHWIN1,0,1730265287,1730265287,01:14:47 AM,01:14:47 AM,0
2100488,,RICHWEC1,0,1730265317,1730265317,01:15:17 AM,01:15:17 AM,0
2100488,,RICHCANT,0,1730265346,1730265346,01:15:46 AM,01:15:46 AM,0
2100488,,RICHSUNN,0,1730265395,1730265395,01:16:35 AM,01:16:35 AM,0
2100488,,MASOSTO5,0,1730265480,1730265480,01:18:00 AM,01:18:00 AM,0
2100464,,WHITOMA1,0,1730234100,1730234100,04:35:00 PM,04:35:00 PM,0
2100464,,WELLBRA1,,,,,,
2100464,,WELLMON1,,,,,,
2100464,,WELLSDA1,,,,,,
2100464,,WELLCRES,,,,,,
2100464,,WELLCRE2,,,,,,
2100464,,WELLWIL1,,,,,,
2100464,,WELLWIL3,0,1730234632,1730234632,04:43:52 PM,04:43:52 PM,0
2100464,,WELLWAT1,0,1730234667,1730234667,04:44:27 PM,04:44:27 PM,0
2100464,,WELLCOM1,0,1730234713,1730234713,04:45:13 PM,04:45:13 PM,0
2100464,,WELLBAS1,0,1730234760,1730234760,04:46:00 PM,04:46:00 PM,0
2100464,,WELLCHES,0,1730234838,1730234838,04:47:18 PM,04:47:18 PM,0
2100464,,WELLALEX,0,1730234913,1730234913,04:48:33 PM,04:48:33 PM,0
2100464,,WELLBOND,0,1730234966,1730234966,04:49:26 PM,04:49:26 PM,0
2100464,,WELLMCL1,0,1730235022,1730235022,04:50:22 PM,04:50:22 PM,0
2100464,,GRANHIG2,0,1730235109,1730235109,04:51:49 PM,04:51:49 PM,0
2100464,,GRANHIG4,0,1730235144,1730235144,04:52:24 PM,04:52:24 PM,0
2100464,,CARFGRAN,0,1730235197,1730235197,04:53:17 PM,04:53:17 PM,0
2100464,,CARFCAR1,0,1730235254,1730235254,04:54:14 PM,04:54:14 PM,0
2100464,,RICHSIM1,0,1730235332,1730235332,04:55:32 PM,04:55:32 PM,0
2100464,,RICHHOT3,0,1730235367,1730235367,04:56:07 PM,04:56:07 PM,0
2100464,,RICHKIN1,0,1730235460,1730235460,04:57:40 PM,04:57:40 PM,0
2100464,,RICHQUEE,0,1730235540,1730235540,04:59:00 PM,04:59:00 PM,0
2100464,,RICHQUEE,0,1730235540,1730235540,04:59:00 PM,04:59:00 PM,0
2100464,,RICHKEN1,0,1730235676,1730235676,05:01:16 PM,05:01:16 PM,0
2100464,,RICHHYM1,0,1730235799,1730235799,05:03:19 PM,05:03:19 PM,0
2100464,,RICHPALL,0,1730235870,1730235870,05:04:30 PM,05:04:30 PM,0
2100464,,RICHOXF1,0,1730236020,1730236020,05:07:00 PM,05:07:00 PM,0
2100464,,RICHJAM1,0,1730236060,1730236060,05:07:40 PM,05:07:40 PM,0
2100464,,RICHGRO1,0,1730236126,1730236126,05:08:46 PM,05:08:46 PM,0
2100464,,RICHCHE1,0,1730236165,1730236165,05:09:25 PM,05:09:25 PM,0
2100464,,RICHVIC1,0,1730236219,1730236219,05:10:19 PM,05:10:19 PM,0
2100464,,RICHREG1,0,1730236273,1730236273,05:11:13 PM,05:11:13 PM,0
2100464,,RICHHUR1,0,1730236317,1730236317,05:11:57 PM,05:11:57 PM,0
2100464,,UNIVRIC2,0,1730236387,1730236387,05:13:07 PM,05:13:07 PM,0
2100464,,UNIVSUN2,0,1730236449,1730236449,05:14:09 PM,05:14:09 PM,0
2100464,,DELAHALL,0,1730236560,1730236560,05:16:00 PM,05:16:00 PM,0
2100464,,UNIVHOS1,0,1730236698,1730236698,05:18:18 PM,05:18:18 PM,0
2100464,,PERTWIN1,0,1730236730,1730236730,05:18:50 PM,05:18:50 PM,0
2100464,,RICHWIN1,0,1730236812,1730236812,05:20:12 PM,05:20:12 PM,0
2100464,,RICHWEC1,0,1730236858,1730236858,05:20:58 PM,05:20:58 PM,0
2100464,,RICHCANT,0,1730236901,1730236901,05:21:41 PM,05:21:41 PM,0
2100464,,RICHSUNN,0,1730236975,1730236975,05:22:55 PM,05:22:55 PM,0
2100464,,MASOSTO5,0,1730237100,1730237100,05:25:00 PM,05:25:00 PM,0
2100399,,MASOSTO5,0,1730237640,1730237640,05:34:00 PM,05:34:00 PM,0
2100399,,RICHJACK,0,1730237708,1730237708,05:35:08 PM,05:35:08 PM,0
2100399,,RICHSHAV,0,1730237752,1730237752,05:35:52 PM,05:35:52 PM,0
2100399,,RICHWES2,0,1730237803,1730237803,05:36:43 PM,05:36:43 PM,0
2100399,,RICHWES4,0,1730237828,1730237828,05:37:08 PM,05:37:08 PM,0
2100399,,RICHWYND,0,1730237866,1730237866,05:37:46 PM,05:37:46 PM,0
2100399,,WINDRIC2,0,1730237948,1730237948,05:39:08 PM,05:39:08 PM,0
2100399,,PERTWIN2,0,1730237998,1730237998,05:39:58 PM,05:39:58 PM,0
2100399,,UNIVHOS2,0,1730238060,1730238060,05:41:00 PM,05:41:00 PM,0
2100399,,DELAHAL2,0,1730238212,1730238212,05:43:32 PM,05:43:32 PM,0
2100399,,UNIVSUN1,0,1730238316,1730238316,05:45:16 PM,05:45:16 PM,0
2100399,,UNIVRIC1,0,1730238404,1730238404,05:46:44 PM,05:46:44 PM,0
2100399,,RICHHUR2,0,1730238475,1730238475,05:47:55 PM,05:47:55 PM,0
2100399,,RICHVIC2,0,1730238574,1730238574,05:49:34 PM,05:49:34 PM,0
2100399,,RICHCHE2,0,1730238634,1730238634,05:50:34 PM,05:50:34 PM,0
2100399,,RICHGRO2,0,1730238706,1730238706,05:51:46 PM,05:51:46 PM,0
2100399,,RICHJAM2,0,1730238753,1730238753,05:52:33 PM,05:52:33 PM,0
2100399,,RICHOXF2,0,1730238840,1730238840,05:54:00 PM,05:54:00 PM,0
2100399,,RICHMILL,0,1730238897,1730238897,05:54:57 PM,05:54:57 PM,0
2100399,,RICHCENT,0,1730238978,1730238978,05:56:18 PM,05:56:18 PM,0
2100399,,RICHKEN2,0,1730239033,1730239033,05:57:13 PM,05:57:13 PM,0
2100399,,RICHDUF2,0,1730239066,1730239066,05:57:46 PM,05:57:46 PM,0
2100399,,RICHQUE2,0,1730239140,1730239140,05:59:00 PM,05:59:00 PM,0
2100399,,RICHQUE2,0,1730239140,1730239140,05:59:00 PM,05:59:00 PM,0
2100399,,RICHKIN4,0,1730239184,1730239184,05:59:44 PM,05:59:44 PM,0
2100399,,RICHSIM2,0,1730239301,1730239301,06:01:41 PM,06:01:41 PM,0
2100399,,RICHGREY,0,1730239330,1730239330,06:02:10 PM,06:02:10 PM,0
2100399,,CARFCAR2,0,1730239393,1730239393,06:03:13 PM,06:03:13 PM,0
2100399,,CARFWOOD,0,1730239443,1730239443,06:04:03 PM,06:04:03 PM,0
2100399,,GRANHIG1,0,1730239522,1730239522,06:05:22 PM,06:05:22 PM,0
2100399,,WELLGRA2,0,1730239576,1730239576,06:06:16 PM,06:06:16 PM,0
2100399,,WELLCOLG,0,1730239629,1730239629,06:07:09 PM,06:07:09 PM,0
2100399,,WELLWELL,0,1730239687,1730239687,06:08:07 PM,06:08:07 PM,0
2100399,,WELLTHJA,0,1730239769,1730239769,06:09:29 PM,06:09:29 PM,0
2100399,,WELLBAS2,0,1730239860,1730239860,06:11:00 PM,06:11:00 PM,0
2100399,,WELLCOM4,0,1730239929,1730239929,06:12:09 PM,06:12:09 PM,0
2100399,,WELLWAT2,0,1730239986,1730239986,06:13:06 PM,06:13:06 PM,0
2100399,,WELLWIL4,0,1730240044,1730240044,06:14:04 PM,06:14:04 PM,0
2100399,,WELLNAD1,0,1730240087,1730240087,06:14:47 PM,06:14:47 PM,0
2100399,,WELLNADI,0,1730240112,1730240112,06:15:12 PM,06:15:12 PM,0
2100399,,WELLSDA2,0,1730240160,1730240160,06:16:00 PM,06:16:00 PM,0
2100399,,WELLHARL,0,1730240204,1730240204,06:16:44 PM,06:16:44 PM,0
2100399,,WELLMON4,,,,,,
2100399,,WELLMON2,0,1730240289,1730240289,06:18:09 PM,06:18:09 PM,0
2100399,,WELLBRA2,0,1730240340,1730240340,06:19:00 PM,06:19:00 PM,0
2100399,,WHITOMA1,0,1730240400,1730240400,06:20:00 PM,06:20:00 PM,0
2100475,,WHITOMA1,0,1730240880,1730240880,06:28:00 PM,06:28:00 PM,0
2100475,,WELLBRA1,,,,,,
2100475,,WELLMON1,,,,,,
2100475,,WELLSDA1,,,,,,
2100475,,WELLCRES,,,,,,
2100475,,WELLCRE2,,,,,,
2100475,,WELLWIL1,,,,,,
2100475,,WELLWIL3,0,1730241412,1730241412,06:36:52 PM,06:36:52 PM,0
2100475,,WELLWAT1,0,1730241447,1730241447,06:37:27 PM,06:37:27 PM,0
2100475,,WELLCOM1,0,1730241493,1730241493,06:38:13 PM,06:38:13 PM,0
2100475,,WELLBAS1,0,1730241540,1730241540,06:39:00 PM,06:39:00 PM,0
2100475,,WELLCHES,0,1730241606,1730241606,06:40:06 PM,06:40:06 PM,0
2100475,,WELLALEX,0,1730241669,1730241669,06:41:09 PM,06:41:09 PM,0
2100475,,WELLBOND,0,1730241714,1730241714,06:41:54 PM,06:41:54 PM,0
2100475,,WELLMCL1,0,1730241762,1730241762,06:42:42 PM,06:42:42 PM,0
2100475,,GRANHIG2,0,1730241835,1730241835,06:43:55 PM,06:43:55 PM,0
2100475,,GRANHIG4,0,1730241864,1730241864,06:44:24 PM,06:44:24 PM,0
2100475,,CARFGRAN,0,1730241909,1730241909,06:45:09 PM,06:45:09 PM,0
2100475,,CARFCAR1,0,1730241957,1730241957,06:45:57 PM,06:45:57 PM,0
2100475,,RICHSIM1,0,1730242023,1730242023,06:47:03 PM,06:47:03 PM,0
2100475,,RICHHOT3,0,1730242053,1730242053,06:47:33 PM,06:47:33 PM,0
2100475,,RICHKIN1,0,1730242132,1730242132,06:48:52 PM,06:48:52 PM,0
2100475,,RICHQUEE,0,1730242200,1730242200,06:50:00 PM,06:50:00 PM,0
2100475,,RICHQUEE,0,1730242200,1730242200,06:50:00 PM,06:50:00 PM,0
2100475,,RICHKEN1,0,1730242285,1730242285,06:51:25 PM,06:51:25 PM,0
2100475,,RICHHYM1,0,1730242362,1730242362,06:52:42 PM,06:52:42 PM,0
2100475,,RICHPALL,0,1730242406,1730242406,06:53:26 PM,06:53:26 PM,0
2100475,,RICHOXF1,0,1730242500,1730242500,06:55:00 PM,06:55:00 PM,0
2100475,,RICHJAM1,0,1730242535,1730242535,06:55:35 PM,06:55:35 PM,0
2100475,,RICHGRO1,0,1730242594,1730242594,06:56:34 PM,06:56:34 PM,0
2100475,,RICHCHE1,0,1730242628,1730242628,06:57:08 PM,06:57:08 PM,0
2100475,,RICHVIC1,0,1730242676,1730242676,06:57:56 PM,06:57:56 PM,0
2100475,,RICHREG1,0,1730242724,1730242724,06:58:44 PM,06:58:44 PM,0
2100475,,RICHHUR1,0,1730242763,1730242763,06:59:23 PM,06:59:23 PM,0
2100475,,UNIVRIC2,0,1730242825,1730242825,07:00:25 PM,07:00:25 PM,0
2100475,,UNIVSUN2,0,1730242880,1730242880,07:01:20 PM,07:01:20 PM,0
2100475,,DELAHALL,0,1730242980,1730242980,07:03:00 PM,07:03:00 PM,0
2100475,,UNIVHOS1,0,1730243087,1730243087,07:04:47 PM,07:04:47 PM,0
2100475,,PERTWIN1,0,1730243112,1730243112,07:05:12 PM,07:05:12 PM,0
2100475,,RICHWIN1,0,1730243175,1730243175,07:06:15 PM,07:06:15 PM,0
2100475,,RICHWEC1,0,1730243211,1730243211,07:06:51 PM,07:06:51 PM,0
2100475,,RICHCANT,0,1730243244,1730243244,07:07:24 PM,07:07:24 PM,0
2100475,,RICHSUNN,0,1730243302,1730243302,07:08:22 PM,07:08:22 PM,0
2100475,,MASOSTO5,0,1730243400,1730243400,07:10:00 PM,07:10:00 PM,0
2100478,,WHITOMA1,0,1730247480,1730247480,08:18:00 PM,08:18:00 PM,0
2100478,,WELLBRA1,,,,,,
2100478,,WELLMON1,,,,,,
2100478,,WELLSDA1,,,,,,
2100478,,WELLCRES,,,,,,
2100478,,WELLCRE2,,,,,,
2100478,,WELLWIL1,,,,,,
2100478,,WELLWIL3,0,1730248012,1730248012,08:26:52 PM,08:26:52 PM,0
2100478,,WELLWAT1,0,1730248047,1730248047,08:27:27 PM,08:27:27 PM,0
2100478,,WELLCOM1,0,1730248093,1730248093,08:28:13 PM,08:28:13 PM,0
2100478,,WELLBAS1,0,1730248140,1730248140,08:29:00 PM,08:29:00 PM,0
2100478,,WELLCHES,0,1730248206,1730248206,08:30:06 PM,08:30:06 PM,0
2100478,,WELLALEX,0,1730248269,1730248269,08:31:09 PM,08:31:09 PM,0
2100478,,WELLBOND,0,1730248314,1730248314,08:31:54 PM,08:31:54 PM,0
2100478,,WELLMCL1,0,1730248362,1730248362,08:32:42 PM,08:32:42 PM,0
2100478,,GRANHIG2,0,1730248435,1730248435,08:33:55 PM,08:33:55 PM,0
2100478,,GRANHIG4,0,1730248464,1730248464,08:34:24 PM,08:34:24 PM,0
2100478,,CARFGRAN,0,1730248509,1730248509,08:35:09 PM,08:35:09 PM,0
2100478,,CARFCAR1,0,1730248557,1730248557,08:35:57 PM,08:35:57 PM,0
2100478,,RICHSIM1,0,1730248623,1730248623,08:37:03 PM,08:37:03 PM,0
2100478,,RICHHOT3,0,1730248653,1730248653,08:37:33 PM,08:37:33 PM,0
2100478,,RICHKIN1,0,1730248732,1730248732,08:38:52 PM,08:38:52 PM,0
2100478,,RICHQUEE,0,1730248800,1730248800,08:40:00 PM,08:40:00 PM,0
2100478,,RICHQUEE,0,1730248800,1730248800,08:40:00 PM,08:40:00 PM,0
2100478,,RICHKEN1,0,1730248885,1730248885,08:41:25 PM,08:41:25 PM,0
2100478,,RICHHYM1,0,1730248962,1730248962,08:42:42 PM,08:42:42 PM,0
2100478,,RICHPALL,0,1730249006,1730249006,08:43:26 PM,08:43:26 PM,0
2100478,,RICHOXF1,0,1730249100,1730249100,08:45:00 PM,08:45:00 PM,0
2100478,,RICHJAM1,0,1730249135,1730249135,08:45:35 PM,08:45:35 PM,0
2100478,,RICHGRO1,0,1730249194,1730249194,08:46:34 PM,08:46:34 PM,0
2100478,,RICHCHE1,0,1730249228,1730249228,08:47:08 PM,08:47:08 PM,0
2100478,,RICHVIC1,0,1730249276,1730249276,08:47:56 PM,08:47:56 PM,0
2100478,,RICHREG1,0,1730249324,1730249324,08:48:44 PM,08:48:44 PM,0
2100478,,RICHHUR1,0,1730249363,1730249363,08:49:23 PM,08:49:23 PM,0
2100478,,UNIVRIC2,0,1730249425,1730249425,08:50:25 PM,08:50:25 PM,0
2100478,,UNIVSUN2,0,1730249480,1730249480,08:51:20 PM,08:51:20 PM,0
2100478,,DELAHALL,0,1730249580,1730249580,08:53:00 PM,08:53:00 PM,0
2100478,,UNIVHOS1,0,1730249687,1730249687,08:54:47 PM,08:54:47 PM,0
2100478,,PERTWIN1,0,1730249712,1730249712,08:55:12 PM,08:55:12 PM,0
2100478,,RICHWIN1,0,1730249775,1730249775,08:56:15 PM,08:56:15 PM,0
2100478,,RICHWEC1,0,1730249811,1730249811,08:56:51 PM,08:56:51 PM,0
2100478,,RICHCANT,0,1730249844,1730249844,08:57:24 PM,08:57:24 PM,0
2100478,,RICHSUNN,0,1730249902,1730249902,08:58:22 PM,08:58:22 PM,0
2100478,,MASOSTO5,0,1730250000,1730250000,09:00:00 PM,09:00:00 PM,0
2100483,,WHITOMA1,0,1730253960,1730253960,10:06:00 PM,10:06:00 PM,0
2100483,,WELLBRA1,,,,,,
2100483,,WELLMON1,,,,,,
2100483,,WELLSDA1,,,,,,
2100483,,WELLCRES,,,,,,
2100483,,WELLCRE2,,,,,,
2100483,,WELLWIL1,,,,,,
2100483,,WELLWIL3,0,1730254392,1730254392,10:13:12 PM,10:13:12 PM,0
2100483,,WELLWAT1,0,1730254421,1730254421,10:13:41 PM,10:13:41 PM,0
2100483,,WELLCOM1,0,1730254459,1730254459,10:14:19 PM,10:14:19 PM,0
2100483,,WELLBAS1,0,1730254500,1730254500,10:15:00 PM,10:15:00 PM,0
2100483,,WELLCHES,0,1730254560,1730254560,10:16:00 PM,10:16:00 PM,0
2100483,,WELLALEX,0,1730254617,1730254617,10:16:57 PM,10:16:57 PM,0
2100483,,WELLBOND,0,1730254658,1730254658,10:17:38 PM,10:17:38 PM,0
2100483,,WELLMCL1,0,1730254701,1730254701,10:18:21 PM,10:18:21 PM,0
2100483,,GRANHIG2,0,1730254767,1730254767,10:19:27 PM,10:19:27 PM,0
2100483,,GRANHIG4,0,1730254793,1730254793,10:19:53 PM,10:19:53 PM,0
2100483,,CARFGRAN,0,1730254834,1730254834,10:20:34 PM,10:20:34 PM,0
2100483,,CARFCAR1,0,1730254877,1730254877,10:21:17 PM,10:21:17 PM,0
2100483,,RICHSIM1,0,1730254937,1730254937,10:22:17 PM,10:22:17 PM,0
2100483,,RICHHOT3,0,1730254964,1730254964,10:22:44 PM,10:22:44 PM,0
2100483,,RICHKIN1,0,1730255036,1730255036,10:23:56 PM,10:23:56 PM,0
2100483,,RICHQUEE,0,1730255100,1730255100,10:25:00 PM,10:25:00 PM,0
2100483,,RICHQUEE,0,1730255100,1730255100,10:25:00 PM,10:25:00 PM,0
2100483,,RICHKEN1,0,1730255185,1730255185,10:26:25 PM,10:26:25 PM,0
2100483,,RICHHYM1,0,1730255262,1730255262,10:27:42 PM,10:27:42 PM,0
2100483,,RICHPALL,0,1730255306,1730255306,10:28:26 PM,10:28:26 PM,0
2100483,,RICHOXF1,0,1730255400,1730255400,10:30:00 PM,10:30:00 PM,0
2100483,,RICHJAM1,0,1730255431,1730255431,10:30:31 PM,10:30:31 PM,0
2100483,,RICHGRO1,0,1730255482,1730255482,10:31:22 PM,10:31:22 PM,0
2100483,,RICHCHE1,0,1730255512,1730255512,10:31:52 PM,10:31:52 PM,0
2100483,,RICHVIC1,0,1730255554,1730255554,10:32:34 PM,10:32:34 PM,0
2100483,,RICHREG1,0,1730255596,1730255596,10:33:16 PM,10:33:16 PM,0
2100483,,RICHHUR1,0,1730255630,1730255630,10:33:50 PM,10:33:50 PM,0
2100483,,UNIVRIC2,0,1730255685,1730255685,10:34:45 PM,10:34:45 PM,0
2100483,,UNIVSUN2,0,1730255733,1730255733,10:35:33 PM,10:35:33 PM,0
2100483,,DELAHALL,0,1730255820,1730255820,10:37:00 PM,10:37:00 PM,0
2100483,,UNIVHOS1,0,1730255912,1730255912,10:38:32 PM,10:38:32 PM,0
2100483,,PERTWIN1,0,1730255933,1730255933,10:38:53 PM,10:38:53 PM,0
2100483,,RICHWIN1,0,1730255987,1730255987,10:39:47 PM,10:39:47 PM,0
2100483,,RICHWEC1,0,1730256017,1730256017,10:40:17 PM,10:40:17 PM,0
2100483,,RICHCANT,0,1730256046,1730256046,10:40:46 PM,10:40:46 PM,0
2100483,,RICHSUNN,0,1730256095,1730256095,10:41:35 PM,10:41:35 PM,0
2100483,,MASOSTO5,0,1730256180,1730256180,10:43:00 PM,10:43:00 PM,0
2100487,,WHITOMA1,0,1730260080,1730260080,11:48:00 PM,11:48:00 PM,0
2100487,,WELLBRA1,,,,,,
2100487,,WELLMON1,,,,,,
2100487,,WELLSDA1,,,,,,
2100487,,WELLCRES,,,,,,
2100487,,WELLCRE2,,,,,,
2100487,,WELLWIL1,,,,,,
2100487,,WELLWIL3,0,1730260512,1730260512,11:55:12 PM,11:55:12 PM,0
2100487,,WELLWAT1,0,1730260541,1730260541,11:55:41 PM,11:55:41 PM,0
2100487,,WELLCOM1,0,1730260579,1730260579,11:56:19 PM,11:56:19 PM,0
2100487,,WELLBAS1,0,1730260620,1730260620,11:57:00 PM,11:57:00 PM,0
2100487,,WELLCHES,0,1730260680,1730260680,11:58:00 PM,11:58:00 PM,0
2100487,,WELLALEX,0,1730260737,1730260737,11:58:57 PM,11:58:57 PM,0
2100487,,WELLBOND,0,1730260778,1730260778,11:59:38 PM,11:59:38 PM,0
2100487,,WELLMCL1,0,1730260821,1730260821,12:00:21 AM,12:00:21 AM,0
2100487,,GRANHIG2,0,1730260887,1730260887,12:01:27 AM,12:01:27 AM,0
2100487,,GRANHIG4,0,1730260913,1730260913,12:01:53 AM,12:01:53 AM,0
2100487,,CARFGRAN,0,1730260954,1730260954,12:02:34 AM,12:02:34 AM,0
2100487,,CARFCAR1,0,1730260997,1730260997,12:03:17 AM,12:03:17 AM,0
2100487,,RICHSIM1,0,1730261057,1730261057,12:04:17 AM,12:04:17 AM,0
2100487,,RICHHOT3,0,1730261084,1730261084,12:04:44 AM,12:04:44 AM,0
2100487,,RICHKIN1,0,1730261156,1730261156,12:05:56 AM,12:05:56 AM,0
2100487,,RICHQUEE,0,1730261220,1730261220,12:07:00 AM,12:07:00 AM,0
2100487,,RICHQUEE,0,1730261220,1730261220,12:07:00 AM,12:07:00 AM,0
2100487,,RICHKEN1,0,1730261305,1730261305,12:08:25 AM,12:08:25 AM,0
2100487,,RICHHYM1,0,1730261382,1730261382,12:09:42 AM,12:09:42 AM,0
2100487,,RICHPALL,0,1730261426,1730261426,12:10:26 AM,12:10:26 AM,0
2100487,,RICHOXF1,0,1730261520,1730261520,12:12:00 AM,12:12:00 AM,0
2100487,,RICHJAM1,0,1730261551,1730261551,12:12:31 AM,12:12:31 AM,0
2100487,,RICHGRO1,0,1730261602,1730261602,12:13:22 AM,12:13:22 AM,0
2100487,,RICHCHE1,0,1730261632,1730261632,12:13:52 AM,12:13:52 AM,0
2100487,,RICHVIC1,0,1730261674,1730261674,12:14:34 AM,12:14:34 AM,0
2100487,,RICHREG1,0,1730261716,1730261716,12:15:16 AM,12:15:16 AM,0
2100487,,RICHHUR1,0,1730261750,1730261750,12:15:50 AM,12:15:50 AM,0
2100487,,UNIVRIC2,0,1730261805,1730261805,12:16:45 AM,12:16:45 AM,0
2100487,,UNIVSUN2,0,1730261853,1730261853,12:17:33 AM,12:17:33 AM,0
2100487,,DELAHALL,0,1730261940,1730261940,12:19:00 AM,12:19:00 AM,0
2100487,,UNIVHOS1,0,1730262032,1730262032,12:20:32 AM,12:20:32 AM,0
2100487,,PERTWIN1,0,1730262053,1730262053,12:20:53 AM,12:20:53 AM,0
2100487,,RICHWIN1,0,1730262107,1730262107,12:21:47 AM,12:21:47 AM,0
2100487,,RICHWEC1,0,1730262137,1730262137,12:22:17 AM,12:22:17 AM,0
2100487,,RICHCANT,0,1730262166,1730262166,12:22:46 AM,12:22:46 AM,0
2100487,,RICHSUNN,0,1730262215,1730262215,12:23:35 AM,12:23:35 AM,0
2100487,,MASOSTO5,0,1730262300,1730262300,12:25:00 AM,12:25:00 AM,0
2100415,,MASOSTO5,0,1730263200,1730263200,12:40:00 AM,12:40:00 AM,0
2100415,,RICHJACK,0,1730263249,1730263249,12:40:49 AM,12:40:49 AM,0
2100415,,RICHSHAV,0,1730263280,1730263280,12:41:20 AM,12:41:20 AM,0
2100415,,RICHWES2,0,1730263316,1730263316,12:41:56 AM,12:41:56 AM,0
2100415,,RICHWES4,0,1730263334,1730263334,12:42:14 AM,12:42:14 AM,0
2100415,,RICHWYND,0,1730263361,1730263361,12:42:41 AM,12:42:41 AM,0
2100415,,WINDRIC2,0,1730263419,1730263419,12:43:39 AM,12:43:39 AM,0
2100415,,PERTWIN2,0,1730263454,1730263454,12:44:14 AM,12:44:14 AM,0
2100415,,UNIVHOS2,0,1730263500,1730263500,12:45:00 AM,12:45:00 AM,0
2100415,,DELAHAL2,0,1730263593,1730263593,12:46:33 AM,12:46:33 AM,0
2100415,,UNIVSUN1,0,1730263657,1730263657,12:47:37 AM,12:47:37 AM,0
2100415,,UNIVRIC1,0,1730263711,1730263711,12:48:31 AM,12:48:31 AM,0
2100415,,RICHHUR2,0,1730263754,1730263754,12:49:14 AM,12:49:14 AM,0
2100415,,RICHVIC2,0,1730263815,1730263815,12:50:15 AM,12:50:15 AM,0
2100415,,RICHCHE2,0,1730263852,1730263852,12:50:52 AM,12:50:52 AM,0
2100415,,RICHGRO2,0,1730263896,1730263896,12:51:36 AM,12:51:36 AM,0
2100415,,RICHJAM2,0,1730263925,1730263925,12:52:05 AM,12:52:05 AM,0
2100415,,RICHOXF2,0,1730263980,1730263980,12:53:00 AM,12:53:00 AM,0
2100415,,RICHMILL,0,1730264026,1730264026,12:53:46 AM,12:53:46 AM,0
2100415,,RICHCENT,0,1730264091,1730264091,12:54:51 AM,12:54:51 AM,0
2100415,,RICHKEN2,0,1730264135,1730264135,12:55:35 AM,12:55:35 AM,0
2100415,,RICHDUF2,0,1730264161,1730264161,12:56:01 AM,12:56:01 AM,0
2100415,,RICHQUE2,0,1730264220,1730264220,12:57:00 AM,12:57:00 AM,0
2100415,,RICHQUE2,0,1730264220,1730264220,12:57:00 AM,12:57:00 AM,0
2100415,,RICHKIN4,0,1730264260,1730264260,12:57:40 AM,12:57:40 AM,0
2100415,,RICHSIM2,0,1730264367,1730264367,12:59:27 AM,12:59:27 AM,0
2100415,,RICHGREY,0,1730264394,1730264394,12:59:54 AM,12:59:54 AM,0
2100415,,CARFCAR2,0,1730264451,1730264451,01:00:51 AM,01:00:51 AM,0
2100415,,CARFWOOD,0,1730264497,1730264497,01:01:37 AM,01:01:37 AM,0
2100415,,GRANHIG1,0,1730264569,1730264569,01:02:49 AM,01:02:49 AM,0
2100415,,WELLGRA2,0,1730264619,1730264619,01:03:39 AM,01:03:39 AM,0
2100415,,WELLCOLG,0,1730264668,1730264668,01:04:28 AM,01:04:28 AM,0
2100415,,WELLWELL,0,1730264721,1730264721,01:05:21 AM,01:05:21 AM,0
2100415,,WELLTHJA,0,1730264796,1730264796,01:06:36 AM,01:06:36 AM,0
2100415,,WELLBAS2,0,1730264880,1730264880,01:08:00 AM,01:08:00 AM,0
2100415,,WELLCOM4,0,1730264935,1730264935,01:08:55 AM,01:08:55 AM,0
2100415,,WELLWAT2,0,1730264980,1730264980,01:09:40 AM,01:09:40 AM,0
2100415,,WELLWIL4,0,1730265026,1730265026,01:10:26 AM,01:10:26 AM,0
2100415,,WELLNAD1,0,1730265060,1730265060,01:11:00 AM,01:11:00 AM,0
2100415,,WELLNADI,0,1730265080,1730265080,01:11:20 AM,01:11:20 AM,0
2100415,,WELLSDA2,0,1730265120,1730265120,01:12:00 AM,01:12:00 AM,0
2100415,,WELLHARL,0,1730265153,1730265153,01:12:33 AM,01:12:33 AM,0
2100415,,WELLMON4,,,,,,
2100415,,WELLMON2,0,1730265217,1730265217,01:13:37 AM,01:13:37 AM,0
2100415,,WELLBRA2,0,1730265255,1730265255,01:14:15 AM,01:14:15 AM,0
2100415,,WHITOMA1,0,1730265300,1730265300,01:15:00 AM,01:15:00 AM,0
2100393,,MASOSTO5,0,1730232240,1730232240,04:04:00 PM,04:04:00 PM,0
2100393,,RICHJACK,0,1730232308,1730232308,04:05:08 PM,04:05:08 PM,0
2100393,,RICHSHAV,0,1730232352,1730232352,04:05:52 PM,04:05:52 PM,0
2100393,,RICHWES2,0,1730232403,1730232403,04:06:43 PM,04:06:43 PM,0
2100393,,RICHWES4,0,1730232428,1730232428,04:07:08 PM,04:07:08 PM,0
2100393,,RICHWYND,0,1730232466,1730232466,04:07:46 PM,04:07:46 PM,0
2100393,,WINDRIC2,0,1730232548,1730232548,04:09:08 PM,04:09:08 PM,0
2100393,,PERTWIN2,0,1730232598,1730232598,04:09:58 PM,04:09:58 PM,0
2100393,,UNIVHOS2,0,1730232660,1730232660,04:11:00 PM,04:11:00 PM,0
2100393,,DELAHAL2,0,1730232812,1730232812,04:13:32 PM,04:13:32 PM,0
2100393,,UNIVSUN1,0,1730232916,1730232916,04:15:16 PM,04:15:16 PM,0
2100393,,UNIVRIC1,0,1730233004,1730233004,04:16:44 PM,04:16:44 PM,0
2100393,,RICHHUR2,0,1730233075,1730233075,04:17:55 PM,04:17:55 PM,0
2100393,,RICHVIC2,0,1730233174,1730233174,04:19:34 PM,04:19:34 PM,0
2100393,,RICHCHE2,0,1730233234,1730233234,04:20:34 PM,04:20:34 PM,0
2100393,,RICHGRO2,0,1730233306,1730233306,04:21:46 PM,04:21:46 PM,0
2100393,,RICHJAM2,0,1730233353,1730233353,04:22:33 PM,04:22:33 PM,0
2100393,,RICHOXF2,0,1730233440,1730233440,04:24:00 PM,04:24:00 PM,0
2100393,,RICHMILL,0,1730233497,1730233497,04:24:57 PM,04:24:57 PM,0
2100393,,RICHCENT,0,1730233578,1730233578,04:26:18 PM,04:26:18 PM,0
2100393,,RICHKEN2,0,1730233633,1730233633,04:27:13 PM,04:27:13 PM,0
2100393,,RICHDUF2,0,1730233666,1730233666,04:27:46 PM,04:27:46 PM,0
2100393,,RICHQUE2,0,1730233740,1730233740,04:29:00 PM,04:29:00 PM,0
2100393,,RICHQUE2,0,1730233740,1730233740,04:29:00 PM,04:29:00 PM,0
2100393,,RICHKIN4,0,1730233791,1730233791,04:29:51 PM,04:29:51 PM,0
2100393,,RICHSIM2,0,1730233928,1730233928,04:32:08 PM,04:32:08 PM,0
2100393,,RICHGREY,0,1730233962,1730233962,04:32:42 PM,04:32:42 PM,0
2100393,,CARFCAR2,0,1730234035,1730234035,04:33:55 PM,04:33:55 PM,0
2100393,,CARFWOOD,0,1730234094,1730234094,04:34:54 PM,04:34:54 PM,0
2100393,,GRANHIG1,0,1730234186,1730234186,04:36:26 PM,04:36:26 PM,0
2100393,,WELLGRA2,0,1730234249,1730234249,04:37:29 PM,04:37:29 PM,0
2100393,,WELLCOLG,0,1730234311,1730234311,04:38:31 PM,04:38:31 PM,0
2100393,,WELLWELL,0,1730234379,1730234379,04:39:39 PM,04:39:39 PM,0
2100393,,WELLTHJA,0,1730234475,1730234475,04:41:15 PM,04:41:15 PM,0
2100393,,WELLBAS2,0,1730234580,1730234580,04:43:00 PM,04:43:00 PM,0
2100393,,WELLCOM4,0,1730234677,1730234677,04:44:37 PM,04:44:37 PM,0
2100393,,WELLWAT2,0,1730234757,1730234757,04:45:57 PM,04:45:57 PM,0
2100393,,WELLWIL4,0,1730234838,1730234838,04:47:18 PM,04:47:18 PM,0
2100393,,WELLNAD1,0,1730234899,1730234899,04:48:19 PM,04:48:19 PM,0
2100393,,WELLNADI,0,1730234934,1730234934,04:48:54 PM,04:48:54 PM,0
2100393,,WELLSDA2,0,1730235000,1730235000,04:50:00 PM,04:50:00 PM,0
2100393,,WELLHARL,0,1730235056,1730235056,04:50:56 PM,04:50:56 PM,0
2100393,,WELLMON4,,,,,,
2100393,,WELLMON2,0,1730235162,1730235162,04:52:42 PM,04:52:42 PM,0
2100393,,WELLBRA2,0,1730235226,1730235226,04:53:46 PM,04:53:46 PM,0
2100393,,WHITOMA1,0,1730235300,1730235300,04:55:00 PM,04:55:00 PM,0
2100467,,WHITOMA1,0,1730235660,1730235660,05:01:00 PM,05:01:00 PM,0
2100467,,BRADWEL3,0,1730235792,1730235792,05:03:12 PM,05:03:12 PM,0
2100467,,DEARBRAD,0,1730235820,1730235820,05:03:40 PM,05:03:40 PM,0
2100467,,DEARDUL1,0,1730235856,1730235856,05:04:16 PM,05:04:16 PM,0
2100467,,WILLDEAR,0,1730235900,1730235900,05:05:00 PM,05:05:00 PM,0
2100467,,WILLOSG1,0,1730235932,1730235932,05:05:32 PM,05:05:32 PM,0
2100467,,OSGOBRE1,0,1730235973,1730235973,05:06:13 PM,05:06:13 PM,0
2100467,,OSGOMETC,0,1730235999,1730235999,05:06:39 PM,05:06:39 PM,0
2100467,,OSGOKIN1,0,1730236037,1730236037,05:07:17 PM,05:07:17 PM,0
2100467,,OSGOADE3,0,1730236072,1730236072,05:07:52 PM,05:07:52 PM,0
2100467,,OSGOADE1,0,1730236140,1730236140,05:09:00 PM,05:09:00 PM,0
2100467,,OSGOWOO1,0,1730236170,1730236170,05:09:30 PM,05:09:30 PM,0
2100467,,DOWASH1,0,1730236205,1730236205,05:10:05 PM,05:10:05 PM,0
2100467,,ASHBSUR2,0,1730236228,1730236228,05:10:28 PM,05:10:28 PM,0
2100467,,ASHBMIL1,0,1730236263,1730236263,05:11:03 PM,05:11:03 PM,0
2100467,,MILLBEX3,0,1730236298,1730236298,05:11:38 PM,05:11:38 PM,0
2100467,,MILLBEX1,0,1730236340,1730236340,05:12:20 PM,05:12:20 PM,0
2100467,,MILLBRID,0,1730236369,1730236369,05:12:49 PM,05:12:49 PM,0
2100467,,MILLDUD1,0,1730236410,1730236410,05:13:30 PM,05:13:30 PM,0
2100467,,MILLHARR,0,1730236440,1730236440,05:14:00 PM,05:14:00 PM,0
2100467,,MILLSHA1,0,1730236522,1730236522,05:15:22 PM,05:15:22 PM,0
2100467,,MILLPAR2,0,1730236564,1730236564,05:16:04 PM,05:16:04 PM,0
2100467,,MILLSHA4,0,1730236626,1730236626,05:17:06 PM,05:17:06 PM,0
2100467,,MILLEBU4,0,1730236645,1730236645,05:17:25 PM,05:17:25 PM,0
2100467,,MILLEBU2,0,1730236691,1730236691,05:18:11 PM,05:18:11 PM,0
2100467,,MILLSDA2,0,1730236710,1730236710,05:18:30 PM,05:18:30 PM,0
2100467,,SOUTADE2,0,1730236757,1730236757,05:19:17 PM,05:19:17 PM,0
2100467,,SOUTWIL2,0,1730236828,1730236828,05:20:28 PM,05:20:28 PM,0
2100467,,SOUTWEL2,0,1730236870,1730236870,05:21:10 PM,05:21:10 PM,0
2100467,,WELLSDA3,0,1730236920,1730236920,05:22:00 PM,05:22:00 PM,0
2100467,,WELLCRES,,,,,,
2100467,,WELLCRE2,,,,,,
2100467,,WELLWIL1,,,,,,
2100467,,WELLWIL3,0,1730237100,1730237100,05:25:00 PM,05:25:00 PM,0
2100467,,WELLWAT1,0,1730237133,1730237133,05:25:33 PM,05:25:33 PM,0
2100467,,WELLCOM1,0,1730237176,1730237176,05:26:16 PM,05:26:16 PM,0
2100467,,WELLBAS1,0,1730237220,1730237220,05:27:00 PM,05:27:00 PM,0
2100467,,WELLCHES,0,1730237298,1730237298,05:28:18 PM,05:28:18 PM,0
2100467,,WELLALEX,0,1730237373,1730237373,05:29:33 PM,05:29:33 PM,0
2100467,,WELLBOND,0,1730237426,1730237426,05:30:26 PM,05:30:26 PM,0
2100467,,WELLMCL1,0,1730237482,1730237482,05:31:22 PM,05:31:22 PM,0
2100467,,GRANHIG2,0,1730237569,1730237569,05:32:49 PM,05:32:49 PM,0
2100467,,GRANHIG4,0,1730237604,1730237604,05:33:24 PM,05:33:24 PM,0
2100467,,CARFGRAN,0,1730237657,1730237657,05:34:17 PM,05:34:17 PM,0
2100467,,CARFCAR1,0,1730237714,1730237714,05:35:14 PM,05:35:14 PM,0
2100467,,RICHSIM1,0,1730237792,1730237792,05:36:32 PM,05:36:32 PM,0
2100467,,RICHHOT3,0,1730237827,1730237827,05:37:07 PM,05:37:07 PM,0
2100467,,RICHKIN1,0,1730237920,1730237920,05:38:40 PM,05:38:40 PM,0
2100467,,RICHQUEE,0,1730238000,1730238000,05:40:00 PM,05:40:00 PM,0
2100467,,RICHQUEE,0,1730238000,1730238000,05:40:00 PM,05:40:00 PM,0
2100467,,RICHKEN1,0,1730238136,1730238136,05:42:16 PM,05:42:16 PM,0
2100467,,RICHHYM1,0,1730238259,1730238259,05:44:19 PM,05:44:19 PM,0
2100467,,RICHPALL,0,1730238330,1730238330,05:45:30 PM,05:45:30 PM,0
2100467,,RICHOXF1,0,1730238480,1730238480,05:48:00 PM,05:48:00 PM,0
2100467,,RICHJAM1,0,1730238520,1730238520,05:48:40 PM,05:48:40 PM,0
2100467,,RICHGRO1,0,1730238586,1730238586,05:49:46 PM,05:49:46 PM,0
2100467,,RICHCHE1,0,1730238625,1730238625,05:50:25 PM,05:50:25 PM,0
2100467,,RICHVIC1,0,1730238679,1730238679,05:51:19 PM,05:51:19 PM,0
2100467,,RICHREG1,0,1730238733,1730238733,05:52:13 PM,05:52:13 PM,0
2100467,,RICHHUR1,0,1730238777,1730238777,05:52:57 PM,05:52:57 PM,0
2100467,,UNIVRIC2,0,1730238847,1730238847,05:54:07 PM,05:54:07 PM,0
2100467,,UNIVSUN2,0,1730238909,1730238909,05:55:09 PM,05:55:09 PM,0
2100467,,DELAHALL,0,1730239020,1730239020,05:57:00 PM,05:57:00 PM,0
2100467,,UNIVHOS1,0,1730239158,1730239158,05:59:18 PM,05:59:18 PM,0
2100467,,PERTWIN1,0,1730239190,1730239190,05:59:50 PM,05:59:50 PM,0
2100467,,RICHWIN1,0,1730239272,1730239272,06:01:12 PM,06:01:12 PM,0
2100467,,RICHWEC1,0,1730239318,1730239318,06:01:58 PM,06:01:58 PM,0
2100467,,RICHCANT,0,1730239361,1730239361,06:02:41 PM,06:02:41 PM,0
2100467,,RICHSUNN,0,1730239435,1730239435,06:03:55 PM,06:03:55 PM,0
2100467,,MASOSTO5,0,1730239560,1730239560,06:06:00 PM,06:06:00 PM,0
2100405,,MASOSTO5,0,1730239920,1730239920,06:12:00 PM,06:12:00 PM,0
2100405,,RICHJACK,0,1730239988,1730239988,06:13:08 PM,06:13:08 PM,0
2100405,,RICHSHAV,0,1730240032,1730240032,06:13:52 PM,06:13:52 PM,0
2100405,,RICHWES2,0,1730240083,1730240083,06:14:43 PM,06:14:43 PM,0
2100405,,RICHWES4,0,1730240108,1730240108,06:15:08 PM,06:15:08 PM,0
2100405,,RICHWYND,0,1730240146,1730240146,06:15:46 PM,06:15:46 PM,0
2100405,,WINDRIC2,0,1730240228,1730240228,06:17:08 PM,06:17:08 PM,0
2100405,,PERTWIN2,0,1730240278,1730240278,06:17:58 PM,06:17:58 PM,0
2100405,,UNIVHOS2,0,1730240340,1730240340,06:19:00 PM,06:19:00 PM,0
2100405,,DELAHAL2,0,1730240468,1730240468,06:21:08 PM,06:21:08 PM,0
2100405,,UNIVSUN1,0,1730240556,1730240556,06:22:36 PM,06:22:36 PM,0
2100405,,UNIVRIC1,0,1730240631,1730240631,06:23:51 PM,06:23:51 PM,0
2100405,,RICHHUR2,0,1730240691,1730240691,06:24:51 PM,06:24:51 PM,0
2100405,,RICHVIC2,0,1730240775,1730240775,06:26:15 PM,06:26:15 PM,0
2100405,,RICHCHE2,0,1730240826,1730240826,06:27:06 PM,06:27:06 PM,0
2100405,,RICHGRO2,0,1730240887,1730240887,06:28:07 PM,06:28:07 PM,0
2100405,,RICHJAM2,0,1730240927,1730240927,06:28:47 PM,06:28:47 PM,0
2100405,,RICHOXF2,0,1730241000,1730241000,06:30:00 PM,06:30:00 PM,0
2100405,,RICHMILL,0,1730241046,1730241046,06:30:46 PM,06:30:46 PM,0
2100405,,RICHCENT,0,1730241111,1730241111,06:31:51 PM,06:31:51 PM,0
2100405,,RICHKEN2,0,1730241155,1730241155,06:32:35 PM,06:32:35 PM,0
2100405,,RICHDUF2,0,1730241181,1730241181,06:33:01 PM,06:33:01 PM,0
2100405,,RICHQUE2,0,1730241240,1730241240,06:34:00 PM,06:34:00 PM,0
2100405,,RICHQUE2,0,1730241240,1730241240,06:34:00 PM,06:34:00 PM,0
2100405,,RICHKIN4,0,1730241284,1730241284,06:34:44 PM,06:34:44 PM,0
2100405,,RICHSIM2,0,1730241401,1730241401,06:36:41 PM,06:36:41 PM,0
2100405,,RICHGREY,0,1730241430,1730241430,06:37:10 PM,06:37:10 PM,0
2100405,,CARFCAR2,0,1730241493,1730241493,06:38:13 PM,06:38:13 PM,0
2100405,,CARFWOOD,0,1730241543,1730241543,06:39:03 PM,06:39:03 PM,0
2100405,,GRANHIG1,0,1730241622,1730241622,06:40:22 PM,06:40:22 PM,0
2100405,,WELLGRA2,0,1730241676,1730241676,06:41:16 PM,06:41:16 PM,0
2100405,,WELLCOLG,0,1730241729,1730241729,06:42:09 PM,06:42:09 PM,0
2100405,,WELLWELL,0,1730241787,1730241787,06:43:07 PM,06:43:07 PM,0
2100405,,WELLTHJA,0,1730241869,1730241869,06:44:29 PM,06:44:29 PM,0
2100405,,WELLBAS2,0,1730241960,1730241960,06:46:00 PM,06:46:00 PM,0
2100405,,WELLCOM4,0,1730242029,1730242029,06:47:09 PM,06:47:09 PM,0
2100405,,WELLWAT2,0,1730242086,1730242086,06:48:06 PM,06:48:06 PM,0
2100405,,WELLWIL4,0,1730242144,1730242144,06:49:04 PM,06:49:04 PM,0
2100405,,WELLNAD1,0,1730242187,1730242187,06:49:47 PM,06:49:47 PM,0
2100405,,WELLNADI,0,1730242212,1730242212,06:50:12 PM,06:50:12 PM,0
2100405,,WELLSDA2,0,1730242260,1730242260,06:51:00 PM,06:51:00 PM,0
2100405,,WELLHARL,0,1730242304,1730242304,06:51:44 PM,06:51:44 PM,0
2100405,,WELLMON4,,,,,,
2100405,,WELLMON2,0,1730242389,1730242389,06:53:09 PM,06:53:09 PM,0
2100405,,WELLBRA2,0,1730242440,1730242440,06:54:00 PM,06:54:00 PM,0
2100405,,WHITOMA1,0,1730242500,1730242500,06:55:00 PM,06:55:00 PM,0
2100473,,WHITOMA1,0,1730243220,1730243220,07:07:00 PM,07:07:00 PM,0
2100473,,BRADWEL3,0,1730243335,1730243335,07:08:55 PM,07:08:55 PM,0
2100473,,DEARBRAD,0,1730243359,1730243359,07:09:19 PM,07:09:19 PM,0
2100473,,DEARDUL1,0,1730243390,1730243390,07:09:50 PM,07:09:50 PM,0
2100473,,WILLDEAR,0,1730243428,1730243428,07:10:28 PM,07:10:28 PM,0
2100473,,WILLOSG1,0,1730243456,1730243456,07:10:56 PM,07:10:56 PM,0
2100473,,OSGOBRE1,0,1730243492,1730243492,07:11:32 PM,07:11:32 PM,0
2100473,,OSGOMETC,0,1730243515,1730243515,07:11:55 PM,07:11:55 PM,0
2100473,,OSGOKIN1,0,1730243548,1730243548,07:12:28 PM,07:12:28 PM,0
2100473,,OSGOADE3,0,1730243578,1730243578,07:12:58 PM,07:12:58 PM,0
2100473,,OSGOADE1,0,1730243640,1730243640,07:14:00 PM,07:14:00 PM,0
2100473,,OSGOWOO1,0,1730243666,1730243666,07:14:26 PM,07:14:26 PM,0
2100473,,DOWASH1,0,1730243695,1730243695,07:14:55 PM,07:14:55 PM,0
2100473,,ASHBSUR2,0,1730243714,1730243714,07:15:14 PM,07:15:14 PM,0
2100473,,ASHBMIL1,0,1730243744,1730243744,07:15:44 PM,07:15:44 PM,0
2100473,,MILLBEX3,0,1730243774,1730243774,07:16:14 PM,07:16:14 PM,0
2100473,,MILLBEX1,0,1730243809,1730243809,07:16:49 PM,07:16:49 PM,0
2100473,,MILLBRID,0,1730243834,1730243834,07:17:14 PM,07:17:14 PM,0
2100473,,MILLDUD1,0,1730243868,1730243868,07:17:48 PM,07:17:48 PM,0
2100473,,MILLHARR,0,1730243894,1730243894,07:18:14 PM,07:18:14 PM,0
2100473,,MILLSHA1,0,1730243963,1730243963,07:19:23 PM,07:19:23 PM,0
2100473,,MILLPAR2,0,1730243999,1730243999,07:19:59 PM,07:19:59 PM,0
2100473,,MILLSHA4,0,1730244052,1730244052,07:20:52 PM,07:20:52 PM,0
2100473,,MILLEBU4,0,1730244068,1730244068,07:21:08 PM,07:21:08 PM,0
2100473,,MILLEBU2,0,1730244107,1730244107,07:21:47 PM,07:21:47 PM,0
2100473,,MILLSDA2,0,1730244123,1730244123,07:22:03 PM,07:22:03 PM,0
2100473,,SOUTADE2,0,1730244163,1730244163,07:22:43 PM,07:22:43 PM,0
2100473,,SOUTWIL2,0,1730244223,1730244223,07:23:43 PM,07:23:43 PM,0
2100473,,SOUTWEL2,0,1730244258,1730244258,07:24:18 PM,07:24:18 PM,0
2100473,,WELLSDA3,0,1730244300,1730244300,07:25:00 PM,07:25:00 PM,0
2100473,,WELLCRES,,,,,,
2100473,,WELLCRE2,,,,,,
2100473,,WELLWIL1,,,,,,
2100473,,WELLWIL3,0,1730244443,1730244443,07:27:23 PM,07:27:23 PM,0
2100473,,WELLWAT1,0,1730244469,1730244469,07:27:49 PM,07:27:49 PM,0
2100473,,WELLCOM1,0,1730244503,1730244503,07:28:23 PM,07:28:23 PM,0
2100473,,WELLBAS1,0,1730244540,1730244540,07:29:00 PM,07:29:00 PM,0
2100473,,WELLCHES,0,1730244606,1730244606,07:30:06 PM,07:30:06 PM,0
2100473,,WELLALEX,0,1730244669,1730244669,07:31:09 PM,07:31:09 PM,0
2100473,,WELLBOND,0,1730244714,1730244714,07:31:54 PM,07:31:54 PM,0
2100473,,WELLMCL1,0,1730244762,1730244762,07:32:42 PM,07:32:42 PM,0
2100473,,GRANHIG2,0,1730244835,1730244835,07:33:55 PM,07:33:55 PM,0
2100473,,GRANHIG4,0,1730244864,1730244864,07:34:24 PM,07:34:24 PM,0
2100473,,CARFGRAN,0,1730244909,1730244909,07:35:09 PM,07:35:09 PM,0
2100473,,CARFCAR1,0,1730244957,1730244957,07:35:57 PM,07:35:57 PM,0
2100473,,RICHSIM1,0,1730245023,1730245023,07:37:03 PM,07:37:03 PM,0
2100473,,RICHHOT3,0,1730245053,1730245053,07:37:33 PM,07:37:33 PM,0
2100473,,RICHKIN1,0,1730245132,1730245132,07:38:52 PM,07:38:52 PM,0
2100473,,RICHQUEE,0,1730245200,1730245200,07:40:00 PM,07:40:00 PM,0
2100473,,RICHQUEE,0,1730245200,1730245200,07:40:00 PM,07:40:00 PM,0
2100473,,RICHKEN1,0,1730245285,1730245285,07:41:25 PM,07:41:25 PM,0
2100473,,RICHHYM1,0,1730245362,1730245362,07:42:42 PM,07:42:42 PM,0
2100473,,RICHPALL,0,1730245406,1730245406,07:43:26 PM,07:43:26 PM,0
2100473,,RICHOXF1,0,1730245500,1730245500,07:45:00 PM,07:45:00 PM,0
2100473,,RICHJAM1,0,1730245535,1730245535,07:45:35 PM,07:45:35 PM,0
2100473,,RICHGRO1,0,1730245594,1730245594,07:46:34 PM,07:46:34 PM,0
2100473,,RICHCHE1,0,1730245628,1730245628,07:47:08 PM,07:47:08 PM,0
2100473,,RICHVIC1,0,1730245676,1730245676,07:47:56 PM,07:47:56 PM,0
2100473,,RICHREG1,0,1730245724,1730245724,07:48:44 PM,07:48:44 PM,0
2100473,,RICHHUR1,0,1730245763,1730245763,07:49:23 PM,07:49:23 PM,0
2100473,,UNIVRIC2,0,1730245825,1730245825,07:50:25 PM,07:50:25 PM,0
2100473,,UNIVSUN2,0,1730245880,1730245880,07:51:20 PM,07:51:20 PM,0
2100473,,DELAHALL,0,1730245980,1730245980,07:53:00 PM,07:53:00 PM,0
2100473,,UNIVHOS1,0,1730246087,1730246087,07:54:47 PM,07:54:47 PM,0
2100473,,PERTWIN1,0,1730246112,1730246112,07:55:12 PM,07:55:12 PM,0
2100473,,RICHWIN1,0,1730246175,1730246175,07:56:15 PM,07:56:15 PM,0
2100473,,RICHWEC1,0,1730246211,1730246211,07:56:51 PM,07:56:51 PM,0
2100473,,RICHCANT,0,1730246244,1730246244,07:57:24 PM,07:57:24 PM,0
2100473,,RICHSUNN,0,1730246302,1730246302,07:58:22 PM,07:58:22 PM,0
2100473,,MASOSTO5,0,1730246400,1730246400,08:00:00 PM,08:00:00 PM,0
2100408,,MASOSTO5,0,1730247120,1730247120,08:12:00 PM,08:12:00 PM,0
2100408,,RICHJACK,0,1730247188,1730247188,08:13:08 PM,08:13:08 PM,0
2100408,,RICHSHAV,0,1730247232,1730247232,08:13:52 PM,08:13:52 PM,0
2100408,,RICHWES2,0,1730247283,1730247283,08:14:43 PM,08:14:43 PM,0
2100408,,RICHWES4,0,1730247308,1730247308,08:15:08 PM,08:15:08 PM,0
2100408,,RICHWYND,0,1730247346,1730247346,08:15:46 PM,08:15:46 PM,0
2100408,,WINDRIC2,0,1730247428,1730247428,08:17:08 PM,08:17:08 PM,0
2100408,,PERTWIN2,0,1730247478,1730247478,08:17:58 PM,08:17:58 PM,0
2100408,,UNIVHOS2,0,1730247540,1730247540,08:19:00 PM,08:19:00 PM,0
2100408,,DELAHAL2,0,1730247668,1730247668,08:21:08 PM,08:21:08 PM,0
2100408,,UNIVSUN1,0,1730247756,1730247756,08:22:36 PM,08:22:36 PM,0
2100408,,UNIVRIC1,0,1730247831,1730247831,08:23:51 PM,08:23:51 PM,0
2100408,,RICHHUR2,0,1730247891,1730247891,08:24:51 PM,08:24:51 PM,0
2100408,,RICHVIC2,0,1730247975,1730247975,08:26:15 PM,08:26:15 PM,0
2100408,,RICHCHE2,0,1730248026,1730248026,08:27:06 PM,08:27:06 PM,0
2100408,,RICHGRO2,0,1730248087,1730248087,08:28:07 PM,08:28:07 PM,0
2100408,,RICHJAM2,0,1730248127,1730248127,08:28:47 PM,08:28:47 PM,0
2100408,,RICHOXF2,0,1730248200,1730248200,08:30:00 PM,08:30:00 PM,0
2100408,,RICHMILL,0,1730248246,1730248246,08:30:46 PM,08:30:46 PM,0
2100408,,RICHCENT,0,1730248311,1730248311,08:31:51 PM,08:31:51 PM,0
2100408,,RICHKEN2,0,1730248355,1730248355,08:32:35 PM,08:32:35 PM,0
2100408,,RICHDUF2,0,1730248381,1730248381,08:33:01 PM,08:33:01 PM,0
2100408,,RICHQUE2,0,1730248440,1730248440,08:34:00 PM,08:34:00 PM,0
2100408,,RICHQUE2,0,1730248440,1730248440,08:34:00 PM,08:34:00 PM,0
2100408,,RICHKIN4,0,1730248484,1730248484,08:34:44 PM,08:34:44 PM,0
2100408,,RICHSIM2,0,1730248601,1730248601,08:36:41 PM,08:36:41 PM,0
2100408,,RICHGREY,0,1730248630,1730248630,08:37:10 PM,08:37:10 PM,0
2100408,,CARFCAR2,0,1730248693,1730248693,08:38:13 PM,08:38:13 PM,0
2100408,,CARFWOOD,0,1730248743,1730248743,08:39:03 PM,08:39:03 PM,0
2100408,,GRANHIG1,0,1730248822,1730248822,08:40:22 PM,08:40:22 PM,0
2100408,,WELLGRA2,0,1730248876,1730248876,08:41:16 PM,08:41:16 PM,0
2100408,,WELLCOLG,0,1730248929,1730248929,08:42:09 PM,08:42:09 PM,0
2100408,,WELLWELL,0,1730248987,1730248987,08:43:07 PM,08:43:07 PM,0
2100408,,WELLTHJA,0,1730249069,1730249069,08:44:29 PM,08:44:29 PM,0
2100408,,WELLBAS2,0,1730249160,1730249160,08:46:00 PM,08:46:00 PM,0
2100408,,WELLCOM4,0,1730249229,1730249229,08:47:09 PM,08:47:09 PM,0
2100408,,WELLWAT2,0,1730249286,1730249286,08:48:06 PM,08:48:06 PM,0
2100408,,WELLWIL4,0,1730249344,1730249344,08:49:04 PM,08:49:04 PM,0
2100408,,WELLNAD1,0,1730249387,1730249387,08:49:47 PM,08:49:47 PM,0
2100408,,WELLNADI,0,1730249412,1730249412,08:50:12 PM,08:50:12 PM,0
2100408,,WELLSDA2,0,1730249460,1730249460,08:51:00 PM,08:51:00 PM,0
2100408,,WELLHARL,0,1730249504,1730249504,08:51:44 PM,08:51:44 PM,0
2100408,,WELLMON4,,,,,,
2100408,,WELLMON2,0,1730249589,1730249589,08:53:09 PM,08:53:09 PM,0
2100408,,WELLBRA2,0,1730249640,1730249640,08:54:00 PM,08:54:00 PM,0
2100408,,WHITOMA1,0,1730249700,1730249700,08:55:00 PM,08:55:00 PM,0
2100482,,WHITOMA1,0,1730250360,1730250360,09:06:00 PM,09:06:00 PM,0
2100482,,WELLBRA1,,,,,,
2100482,,WELLMON1,,,,,,
2100482,,WELLSDA1,,,,,,
2100482,,WELLCRES,,,,,,
2100482,,WELLCRE2,,,,,,
2100482,,WELLWIL1,,,,,,
2100482,,WELLWIL3,0,1730250792,1730250792,09:13:12 PM,09:13:12 PM,0
2100482,,WELLWAT1,0,1730250821,1730250821,09:13:41 PM,09:13:41 PM,0
2100482,,WELLCOM1,0,1730250859,1730250859,09:14:19 PM,09:14:19 PM,0
2100482,,WELLBAS1,0,1730250900,1730250900,09:15:00 PM,09:15:00 PM,0
2100482,,WELLCHES,0,1730250960,1730250960,09:16:00 PM,09:16:00 PM,0
2100482,,WELLALEX,0,1730251017,1730251017,09:16:57 PM,09:16:57 PM,0
2100482,,WELLBOND,0,1730251058,1730251058,09:17:38 PM,09:17:38 PM,0
2100482,,WELLMCL1,0,1730251101,1730251101,09:18:21 PM,09:18:21 PM,0
2100482,,GRANHIG2,0,1730251167,1730251167,09:19:27 PM,09:19:27 PM,0
2100482,,GRANHIG4,0,1730251193,1730251193,09:19:53 PM,09:19:53 PM,0
2100482,,CARFGRAN,0,1730251234,1730251234,09:20:34 PM,09:20:34 PM,0
2100482,,CARFCAR1,0,1730251277,1730251277,09:21:17 PM,09:21:17 PM,0
2100482,,RICHSIM1,0,1730251337,1730251337,09:22:17 PM,09:22:17 PM,0
2100482,,RICHHOT3,0,1730251364,1730251364,09:22:44 PM,09:22:44 PM,0
2100482,,RICHKIN1,0,1730251436,1730251436,09:23:56 PM,09:23:56 PM,0
2100482,,RICHQUEE,0,1730251500,1730251500,09:25:00 PM,09:25:00 PM,0
2100482,,RICHQUEE,0,1730251500,1730251500,09:25:00 PM,09:25:00 PM,0
2100482,,RICHKEN1,0,1730251585,1730251585,09:26:25 PM,09:26:25 PM,0
2100482,,RICHHYM1,0,1730251662,1730251662,09:27:42 PM,09:27:42 PM,0
2100482,,RICHPALL,0,1730251706,1730251706,09:28:26 PM,09:28:26 PM,0
2100482,,RICHOXF1,0,1730251800,1730251800,09:30:00 PM,09:30:00 PM,0
2100482,,RICHJAM1,0,1730251831,1730251831,09:30:31 PM,09:30:31 PM,0
2100482,,RICHGRO1,0,1730251882,1730251882,09:31:22 PM,09:31:22 PM,0
2100482,,RICHCHE1,0,1730251912,1730251912,09:31:52 PM,09:31:52 PM,0
2100482,,RICHVIC1,0,1730251954,1730251954,09:32:34 PM,09:32:34 PM,0
2100482,,RICHREG1,0,1730251996,1730251996,09:33:16 PM,09:33:16 PM,0
2100482,,RICHHUR1,0,1730252030,1730252030,09:33:50 PM,09:33:50 PM,0
2100482,,UNIVRIC2,0,1730252085,1730252085,09:34:45 PM,09:34:45 PM,0
2100482,,UNIVSUN2,0,1730252133,1730252133,09:35:33 PM,09:35:33 PM,0
2100482,,DELAHALL,0,1730252220,1730252220,09:37:00 PM,09:37:00 PM,0
2100482,,UNIVHOS1,0,1730252312,1730252312,09:38:32 PM,09:38:32 PM,0
2100482,,PERTWIN1,0,1730252333,1730252333,09:38:53 PM,09:38:53 PM,0
2100482,,RICHWIN1,0,1730252387,1730252387,09:39:47 PM,09:39:47 PM,0
2100482,,RICHWEC1,0,1730252417,1730252417,09:40:17 PM,09:40:17 PM,0
2100482,,RICHCANT,0,1730252446,1730252446,09:40:46 PM,09:40:46 PM,0
2100482,,RICHSUNN,0,1730252495,1730252495,09:41:35 PM,09:41:35 PM,0
2100482,,MASOSTO5,0,1730252580,1730252580,09:43:00 PM,09:43:00 PM,0
2100484,,WHITOMA1,0,1730256960,1730256960,10:56:00 PM,10:56:00 PM,0
2100484,,WELLBRA1,,,,,,
2100484,,WELLMON1,,,,,,
2100484,,WELLSDA1,,,,,,
2100484,,WELLCRES,,,,,,
2100484,,WELLCRE2,,,,,,
2100484,,WELLWIL1,,,,,,
2100484,,WELLWIL3,0,1730257392,1730257392,11:03:12 PM,11:03:12 PM,0
2100484,,WELLWAT1,0,1730257421,1730257421,11:03:41 PM,11:03:41 PM,0
2100484,,WELLCOM1,0,1730257459,1730257459,11:04:19 PM,11:04:19 PM,0
2100484,,WELLBAS1,0,1730257500,1730257500,11:05:00 PM,11:05:00 PM,0
2100484,,WELLCHES,0,1730257560,1730257560,11:06:00 PM,11:06:00 PM,0
2100484,,WELLALEX,0,1730257617,1730257617,11:06:57 PM,11:06:57 PM,0
2100484,,WELLBOND,0,1730257658,1730257658,11:07:38 PM,11:07:38 PM,0
2100484,,WELLMCL1,0,1730257701,1730257701,11:08:21 PM,11:08:21 PM,0
2100484,,GRANHIG2,0,1730257767,1730257767,11:09:27 PM,11:09:27 PM,0
2100484,,GRANHIG4,0,1730257793,1730257793,11:09:53 PM,11:09:53 PM,0
2100484,,CARFGRAN,0,1730257834,1730257834,11:10:34 PM,11:10:34 PM,0
2100484,,CARFCAR1,0,1730257877,1730257877,11:11:17 PM,11:11:17 PM,0
2100484,,RICHSIM1,0,1730257937,1730257937,11:12:17 PM,11:12:17 PM,0
2100484,,RICHHOT3,0,1730257964,1730257964,11:12:44 PM,11:12:44 PM,0
2100484,,RICHKIN1,0,1730258036,1730258036,11:13:56 PM,11:13:56 PM,0
2100484,,RICHQUEE,0,1730258100,1730258100,11:15:00 PM,11:15:00 PM,0
2100484,,RICHQUEE,0,1730258100,1730258100,11:15:00 PM,11:15:00 PM,0
2100484,,RICHKEN1,0,1730258185,1730258185,11:16:25 PM,11:16:25 PM,0
2100484,,RICHHYM1,0,1730258262,1730258262,11:17:42 PM,11:17:42 PM,0
2100484,,RICHPALL,0,1730258306,1730258306,11:18:26 PM,11:18:26 PM,0
2100484,,RICHOXF1,0,1730258400,1730258400,11:20:00 PM,11:20:00 PM,0
2100484,,RICHJAM1,0,1730258431,1730258431,11:20:31 PM,11:20:31 PM,0
2100484,,RICHGRO1,0,1730258482,1730258482,11:21:22 PM,11:21:22 PM,0
2100484,,RICHCHE1,0,1730258512,1730258512,11:21:52 PM,11:21:52 PM,0
2100484,,RICHVIC1,0,1730258554,1730258554,11:22:34 PM,11:22:34 PM,0
2100484,,RICHREG1,0,1730258596,1730258596,11:23:16 PM,11:23:16 PM,0
2100484,,RICHHUR1,0,1730258630,1730258630,11:23:50 PM,11:23:50 PM,0
2100484,,UNIVRIC2,0,1730258685,1730258685,11:24:45 PM,11:24:45 PM,0
2100484,,UNIVSUN2,0,1730258733,1730258733,11:25:33 PM,11:25:33 PM,0
2100484,,DELAHALL,0,1730258820,1730258820,11:27:00 PM,11:27:00 PM,0
2100484,,UNIVHOS1,0,1730258912,1730258912,11:28:32 PM,11:28:32 PM,0
2100484,,PERTWIN1,0,1730258933,1730258933,11:28:53 PM,11:28:53 PM,0
2100484,,RICHWIN1,0,1730258987,1730258987,11:29:47 PM,11:29:47 PM,0
2100484,,RICHWEC1,0,1730259017,1730259017,11:30:17 PM,11:30:17 PM,0
2100484,,RICHCANT,0,1730259046,1730259046,11:30:46 PM,11:30:46 PM,0
2100484,,RICHSUNN,0,1730259095,1730259095,11:31:35 PM,11:31:35 PM,0
2100484,,MASOSTO5,0,1730259180,1730259180,11:33:00 PM,11:33:00 PM,0
2101707,,COMMDEV4,0,1730230440,1730230440,03:34:00 PM,03:34:00 PM,0
2101707,,COMMPOM4,0,1730230497,1730230497,03:34:57 PM,03:34:57 PM,0
2101707,,COMMKIE2,0,1730230551,1730230551,03:35:51 PM,03:35:51 PM,0
2101707,,COMMFRO2,0,1730230591,1730230591,03:36:31 PM,03:36:31 PM,0
2101707,,COMMLEA2,0,1730230631,1730230631,03:37:11 PM,03:37:11 PM,0
2101707,,COMMADE2,0,1730230655,1730230655,03:37:35 PM,03:37:35 PM,0
2101707,,ADELLEA1,0,1730230705,1730230705,03:38:25 PM,03:38:25 PM,0
2101707,,ADELLEA3,0,1730230758,1730230758,03:39:18 PM,03:39:18 PM,0
2101707,,ADELLEA5,0,1730230777,1730230777,03:39:37 PM,03:39:37 PM,0
2101707,,ADELLEA7,0,1730230812,1730230812,03:40:12 PM,03:40:12 PM,0
2101707,,ADELTHO1,0,1730230860,1730230860,03:41:00 PM,03:41:00 PM,0
2101707,,ADELMAUD,0,1730230896,1730230896,03:41:36 PM,03:41:36 PM,0
2101707,,ADELTERR,0,1730230934,1730230934,03:42:14 PM,03:42:14 PM,0
2101707,,ADELADA1,0,1730230956,1730230956,03:42:36 PM,03:42:36 PM,0
2101707,,ADELNEL1,0,1730231012,1730231012,03:43:32 PM,03:43:32 PM,0
2101707,,ADELHIL1,0,1730231050,1730231050,03:44:10 PM,03:44:10 PM,0
2101707,,ADELLISI,0,1730231100,1730231100,03:45:00 PM,03:45:00 PM,0
2101707,,ADELDUN1,0,1730231280,1730231280,03:48:00 PM,03:48:00 PM,0
2101707,,ADELLORN,0,1730231378,1730231378,03:49:38 PM,03:49:38 PM,0
2101707,,ADELCEN1,0,1730231449,1730231449,03:50:49 PM,03:50:49 PM,0
2101707,,ADELMCMA,,,,,,
2101707,,ADELPIC1,0,1730231584,1730231584,03:53:04 PM,03:53:04 PM,0
2101707,,ADELOXF1,0,1730231640,1730231640,03:54:00 PM,03:54:00 PM,0
2101707,,ADELSJA1,0,1730231670,1730231670,03:54:30 PM,03:54:30 PM,0
2101707,,ADELGRO1,0,1730231716,1730231716,03:55:16 PM,03:55:16 PM,0
2101707,,ADELCHE1,0,1730231760,1730231760,03:56:00 PM,03:56:00 PM,0
2101707,,ADELVIC1,0,1730231795,1730231795,03:56:35 PM,03:56:35 PM,0
2101707,,ADELREG1,0,1730231849,1730231849,03:57:29 PM,03:57:29 PM,0
2101707,,ADELHUR1,0,1730231887,1730231887,03:58:07 PM,03:58:07 PM,0
2101707,,ADELHUR5,0,1730231953,1730231953,03:59:13 PM,03:59:13 PM,0
2101707,,ADELKIP1,0,1730231999,1730231999,03:59:59 PM,03:59:59 PM,0
2101707,,ADELWIN1,0,1730232110,1730232110,04:01:50 PM,04:01:50 PM,0
2101707,,ADELGLEN,0,1730232223,1730232223,04:03:43 PM,04:03:43 PM,0
2101707,,ADELTENN,0,1730232251,1730232251,04:04:11 PM,04:04:11 PM,0
2101707,,FANSADE4,0,1730232360,1730232360,04:06:00 PM,04:06:00 PM,0
2101707,,FANSSTO2,0,1730232396,1730232396,04:06:36 PM,04:06:36 PM,0
2101707,,FANSHAS2,0,1730232494,1730232494,04:08:14 PM,04:08:14 PM,0
2101707,,FANSJEN2,0,1730232529,1730232529,04:08:49 PM,04:08:49 PM,0
2101707,,FANSJEN4,0,1730232555,1730232555,04:09:15 PM,04:09:15 PM,0
2101707,,FANSNCR2,0,1730232594,1730232594,04:09:54 PM,04:09:54 PM,0
2101707,,MASOSTO6,0,1730232660,1730232660,04:11:00 PM,04:11:00 PM,0
2101640,,MASOSTO6,0,1730233140,1730233140,04:19:00 PM,04:19:00 PM,0
2101640,,FANSRIC1,0,1730233232,1730233232,04:20:32 PM,04:20:32 PM,0
2101640,,FANSNCR1,0,1730233262,1730233262,04:21:02 PM,04:21:02 PM,0
2101640,,FANSNCR3,0,1730233308,1730233308,04:21:48 PM,04:21:48 PM,0
2101640,,FANSHAS3,0,1730233368,1730233368,04:22:48 PM,04:22:48 PM,0
2101640,,FANSHAS1,0,1730233418,1730233418,04:23:38 PM,04:23:38 PM,0
2101640,,FANSSTO3,0,1730233474,1730233474,04:24:34 PM,04:24:34 PM,0
2101640,,FANSSTO1,0,1730233536,1730233536,04:25:36 PM,04:25:36 PM,0
2101640,,ADELFAN2,0,1730233620,1730233620,04:27:00 PM,04:27:00 PM,0
2101640,,ADELMAPL,0,1730233662,1730233662,04:27:42 PM,04:27:42 PM,0
2101640,,ADELWILL,0,1730233693,1730233693,04:28:13 PM,04:28:13 PM,0
2101640,,ADELWIN2,0,1730233776,1730233776,04:29:36 PM,04:29:36 PM,0
2101640,,ADELKIP2,0,1730233860,1730233860,04:31:00 PM,04:31:00 PM,0
2101640,,ADELKIP6,0,1730233922,1730233922,04:32:02 PM,04:32:02 PM,0
2101640,,ADELHUR2,0,1730233993,1730233993,04:33:13 PM,04:33:13 PM,0
2101640,,ADELVIC2,0,1730234048,1730234048,04:34:08 PM,04:34:08 PM,0
2101640,,ADELCHE2,0,1730234100,1730234100,04:35:00 PM,04:35:00 PM,0
2101640,,ADELGRO2,0,1730234153,1730234153,04:35:53 PM,04:35:53 PM,0
2101640,,ADELSJA2,0,1730234222,1730234222,04:37:02 PM,04:37:02 PM,0
2101640,,ADELOXF2,0,1730234280,1730234280,04:38:00 PM,04:38:00 PM,0
2101640,,ADELPIC2,0,1730234322,1730234322,04:38:42 PM,04:38:42 PM,0
2101640,,ADELPAMA,,,,,,
2101640,,ADELCEN2,0,1730234443,1730234443,04:40:43 PM,04:40:43 PM,0
2101640,,ADELROSE,0,1730234477,1730234477,04:41:17 PM,04:41:17 PM,0
2101640,,ADELPRIN,0,1730234515,1730234515,04:41:55 PM,04:41:55 PM,0
2101640,,ADELDUFR,0,1730234547,1730234547,04:42:27 PM,04:42:27 PM,0
2101640,,ADELQUEE,0,1730234582,1730234582,04:43:02 PM,04:43:02 PM,0
2101640,,ADELDUN2,0,1730234640,1730234640,04:44:00 PM,04:44:00 PM,0
2101640,,ADELHAMI,0,1730234760,1730234760,04:46:00 PM,04:46:00 PM,0
2101640,,ADELHIL2,0,1730234796,1730234796,04:46:36 PM,04:46:36 PM,0
2101640,,ADELNEL2,0,1730234850,1730234850,04:47:30 PM,04:47:30 PM,0
2101640,,ADELADA2,0,1730234905,1730234905,04:48:25 PM,04:48:25 PM,0
2101640,,ADELEDNA,0,1730234957,1730234957,04:49:17 PM,04:49:17 PM,0
2101640,,ADELTHO4,0,1730235035,1730235035,04:50:35 PM,04:50:35 PM,0
2101640,,ADELTHO6,0,1730235069,1730235069,04:51:09 PM,04:51:09 PM,0
2101640,,ADELTHO2,0,1730235105,1730235105,04:51:45 PM,04:51:45 PM,0
2101640,,ADELTHO8,0,1730235137,1730235137,04:52:17 PM,04:52:17 PM,0
2101640,,ADELLEA2,0,1730235181,1730235181,04:53:01 PM,04:53:01 PM,0
2101640,,COMMADE1,0,1730235240,1730235240,04:54:00 PM,04:54:00 PM,0
2101640,,COMMLEA1,0,1730235265,1730235265,04:54:25 PM,04:54:25 PM,0
2101640,,COMMFRO1,0,1730235314,1730235314,04:55:14 PM,04:55:14 PM,0
2101640,,COMMKIE1,0,1730235342,1730235342,04:55:42 PM,04:55:42 PM,0
2101640,,COMMPOM1,0,1730235386,1730235386,04:56:26 PM,04:56:26 PM,0
2101640,,COMMPOM1,0,1730235386,1730235386,04:56:26 PM,04:56:26 PM,0
2101640,,PONDDEV2,0,1730235411,1730235411,04:56:51 PM,04:56:51 PM,0
2101640,,PONDBAN2,0,1730235438,1730235438,04:57:18 PM,04:57:18 PM,0
2101640,,DEVEPOND,0,1730235469,1730235469,04:57:49 PM,04:57:49 PM,0
2101640,,DEVEGLEN,0,1730235515,1730235515,04:58:35 PM,04:58:35 PM,0
2101640,,DEVELYSA,0,1730235560,1730235560,04:59:20 PM,04:59:20 PM,0
2101640,,DEVEBANB,0,1730235600,1730235600,05:00:00 PM,05:00:00 PM,0
2101640,,DEVECOM1,0,1730235640,1730235640,05:00:40 PM,05:00:40 PM,0
2101640,,COMMDEV4,0,1730235720,1730235720,05:02:00 PM,05:02:00 PM,0
2101715,,COMMDEV4,0,1730236020,1730236020,05:07:00 PM,05:07:00 PM,0
2101715,,COMMPOM4,0,1730236069,1730236069,05:07:49 PM,05:07:49 PM,0
2101715,,COMMKIE2,0,1730236115,1730236115,05:08:35 PM,05:08:35 PM,0
2101715,,COMMFRO2,0,1730236149,1730236149,05:09:09 PM,05:09:09 PM,0
2101715,,COMMLEA2,0,1730236183,1730236183,05:09:43 PM,05:09:43 PM,0
2101715,,COMMADE2,0,1730236203,1730236203,05:10:03 PM,05:10:03 PM,0
2101715,,ADELLEA1,0,1730236246,1730236246,05:10:46 PM,05:10:46 PM,0
2101715,,ADELLEA3,0,1730236291,1730236291,05:11:31 PM,05:11:31 PM,0
2101715,,ADELLEA5,0,1730236307,1730236307,05:11:47 PM,05:11:47 PM,0
2101715,,ADELLEA7,0,1730236337,1730236337,05:12:17 PM,05:12:17 PM,0
2101715,,ADELTHO1,0,1730236380,1730236380,05:13:00 PM,05:13:00 PM,0
2101715,,ADELMAUD,0,1730236426,1730236426,05:13:46 PM,05:13:46 PM,0
2101715,,ADELTERR,0,1730236474,1730236474,05:14:34 PM,05:14:34 PM,0
2101715,,ADELADA1,0,1730236502,1730236502,05:15:02 PM,05:15:02 PM,0
2101715,,ADELNEL1,0,1730236572,1730236572,05:16:12 PM,05:16:12 PM,0
2101715,,ADELHIL1,0,1730236620,1730236620,05:17:00 PM,05:17:00 PM,0
2101715,,ADELLISI,0,1730236680,1730236680,05:18:00 PM,05:18:00 PM,0
2101715,,ADELDUN1,0,1730236920,1730236920,05:22:00 PM,05:22:00 PM,0
2101715,,ADELLORN,0,1730237018,1730237018,05:23:38 PM,05:23:38 PM,0
2101715,,ADELCEN1,0,1730237089,1730237089,05:24:49 PM,05:24:49 PM,0
2101715,,ADELMCMA,,,,,,
2101715,,ADELPIC1,0,1730237224,1730237224,05:27:04 PM,05:27:04 PM,0
2101715,,ADELOXF1,0,1730237280,1730237280,05:28:00 PM,05:28:00 PM,0
2101715,,ADELSJA1,0,1730237310,1730237310,05:28:30 PM,05:28:30 PM,0
2101715,,ADELGRO1,0,1730237356,1730237356,05:29:16 PM,05:29:16 PM,0
2101715,,ADELCHE1,0,1730237400,1730237400,05:30:00 PM,05:30:00 PM,0
2101715,,ADELVIC1,0,1730237435,1730237435,05:30:35 PM,05:30:35 PM,0
2101715,,ADELREG1,0,1730237489,1730237489,05:31:29 PM,05:31:29 PM,0
2101715,,ADELHUR1,0,1730237527,1730237527,05:32:07 PM,05:32:07 PM,0
2101715,,ADELHUR5,0,1730237593,1730237593,05:33:13 PM,05:33:13 PM,0
2101715,,ADELKIP1,0,1730237639,1730237639,05:33:59 PM,05:33:59 PM,0
2101715,,ADELWIN1,0,1730237750,1730237750,05:35:50 PM,05:35:50 PM,0
2101715,,ADELGLEN,0,1730237863,1730237863,05:37:43 PM,05:37:43 PM,0
2101715,,ADELTENN,0,1730237891,1730237891,05:38:11 PM,05:38:11 PM,0
2101715,,FANSADE4,0,1730238000,1730238000,05:40:00 PM,05:40:00 PM,0
2101715,,FANSSTO2,0,1730238051,1730238051,05:40:51 PM,05:40:51 PM,0
2101715,,FANSHAS2,0,1730238188,1730238188,05:43:08 PM,05:43:08 PM,0
2101715,,FANSJEN2,0,1730238237,1730238237,05:43:57 PM,05:43:57 PM,0
2101715,,FANSJEN4,0,1730238274,1730238274,05:44:34 PM,05:44:34 PM,0
2101715,,FANSNCR2,0,1730238328,1730238328,05:45:28 PM,05:45:28 PM,0
2101715,,MASOSTO6,0,1730238420,1730238420,05:47:00 PM,05:47:00 PM,0
2101644,,MASOSTO6,0,1730238720,1730238720,05:52:00 PM,05:52:00 PM,0
2101644,,FANSRIC1,0,1730238801,1730238801,05:53:21 PM,05:53:21 PM,0
2101644,,FANSNCR1,0,1730238827,1730238827,05:53:47 PM,05:53:47 PM,0
2101644,,FANSNCR3,0,1730238867,1730238867,05:54:27 PM,05:54:27 PM,0
2101644,,FANSHAS3,0,1730238919,1730238919,05:55:19 PM,05:55:19 PM,0
2101644,,FANSHAS1,0,1730238962,1730238962,05:56:02 PM,05:56:02 PM,0
2101644,,FANSSTO3,0,1730239011,1730239011,05:56:51 PM,05:56:51 PM,0
2101644,,FANSSTO1,0,1730239065,1730239065,05:57:45 PM,05:57:45 PM,0
2101644,,ADELFAN2,0,1730239140,1730239140,05:59:00 PM,05:59:00 PM,0
2101644,,ADELMAPL,0,1730239182,1730239182,05:59:42 PM,05:59:42 PM,0
2101644,,ADELWILL,0,1730239213,1730239213,06:00:13 PM,06:00:13 PM,0
2101644,,ADELWIN2,0,1730239296,1730239296,06:01:36 PM,06:01:36 PM,0
2101644,,ADELKIP2,0,1730239380,1730239380,06:03:00 PM,06:03:00 PM,0
2101644,,ADELKIP6,0,1730239442,1730239442,06:04:02 PM,06:04:02 PM,0
2101644,,ADELHUR2,0,1730239513,1730239513,06:05:13 PM,06:05:13 PM,0
2101644,,ADELVIC2,0,1730239568,1730239568,06:06:08 PM,06:06:08 PM,0
2101644,,ADELCHE2,0,1730239620,1730239620,06:07:00 PM,06:07:00 PM,0
2101644,,ADELGRO2,0,1730239655,1730239655,06:07:35 PM,06:07:35 PM,0
2101644,,ADELSJA2,0,1730239701,1730239701,06:08:21 PM,06:08:21 PM,0
2101644,,ADELOXF2,0,1730239740,1730239740,06:09:00 PM,06:09:00 PM,0
2101644,,ADELPIC2,0,1730239775,1730239775,06:09:35 PM,06:09:35 PM,0
2101644,,ADELPAMA,,,,,,
2101644,,ADELCEN2,0,1730239875,1730239875,06:11:15 PM,06:11:15 PM,0
2101644,,ADELROSE,0,1730239903,1730239903,06:11:43 PM,06:11:43 PM,0
2101644,,ADELPRIN,0,1730239934,1730239934,06:12:14 PM,06:12:14 PM,0
2101644,,ADELDUFR,0,1730239961,1730239961,06:12:41 PM,06:12:41 PM,0
2101644,,ADELQUEE,0,1730239990,1730239990,06:13:10 PM,06:13:10 PM,0
2101644,,ADELDUN2,0,1730240040,1730240040,06:14:00 PM,06:14:00 PM,0
2101644,,ADELHAMI,0,1730240160,1730240160,06:16:00 PM,06:16:00 PM,0
2101644,,ADELHIL2,0,1730240192,1730240192,06:16:32 PM,06:16:32 PM,0
2101644,,ADELNEL2,0,1730240239,1730240239,06:17:19 PM,06:17:19 PM,0
2101644,,ADELADA2,0,1730240287,1730240287,06:18:07 PM,06:18:07 PM,0
2101644,,ADELEDNA,0,1730240333,1730240333,06:18:53 PM,06:18:53 PM,0
2101644,,ADELTHO4,0,1730240402,1730240402,06:20:02 PM,06:20:02 PM,0
2101644,,ADELTHO6,0,1730240431,1730240431,06:20:31 PM,06:20:31 PM,0
2101644,,ADELTHO2,0,1730240462,1730240462,06:21:02 PM,06:21:02 PM,0
2101644,,ADELTHO8,0,1730240490,1730240490,06:21:30 PM,06:21:30 PM,0
2101644,,ADELLEA2,0,1730240528,1730240528,06:22:08 PM,06:22:08 PM,0
2101644,,COMMADE1,0,1730240580,1730240580,06:23:00 PM,06:23:00 PM,0
2101644,,COMMLEA1,0,1730240605,1730240605,06:23:25 PM,06:23:25 PM,0
2101644,,COMMFRO1,0,1730240654,1730240654,06:24:14 PM,06:24:14 PM,0
2101644,,COMMKIE1,0,1730240682,1730240682,06:24:42 PM,06:24:42 PM,0
2101644,,COMMPOM1,0,1730240726,1730240726,06:25:26 PM,06:25:26 PM,0
2101644,,COMMPOM1,0,1730240726,1730240726,06:25:26 PM,06:25:26 PM,0
2101644,,PONDDEV2,0,1730240751,1730240751,06:25:51 PM,06:25:51 PM,0
2101644,,PONDBAN2,0,1730240778,1730240778,06:26:18 PM,06:26:18 PM,0
2101644,,DEVEPOND,0,1730240809,1730240809,06:26:49 PM,06:26:49 PM,0
2101644,,DEVEGLEN,0,1730240855,1730240855,06:27:35 PM,06:27:35 PM,0
2101644,,DEVELYSA,0,1730240900,1730240900,06:28:20 PM,06:28:20 PM,0
2101644,,DEVEBANB,0,1730240940,1730240940,06:29:00 PM,06:29:00 PM,0
2101644,,DEVECOM1,0,1730240980,1730240980,06:29:40 PM,06:29:40 PM,0
2101644,,COMMDEV4,0,1730241060,1730241060,06:31:00 PM,06:31:00 PM,0
2101720,,COMMDEV4,0,1730241360,1730241360,06:36:00 PM,06:36:00 PM,0
2101720,,COMMPOM4,0,1730241409,1730241409,06:36:49 PM,06:36:49 PM,0
2101720,,COMMKIE2,0,1730241455,1730241455,06:37:35 PM,06:37:35 PM,0
2101720,,COMMFRO2,0,1730241489,1730241489,06:38:09 PM,06:38:09 PM,0
2101720,,COMMLEA2,0,1730241523,1730241523,06:38:43 PM,06:38:43 PM,0
2101720,,COMMADE2,0,1730241543,1730241543,06:39:03 PM,06:39:03 PM,0
2101720,,ADELLEA1,0,1730241586,1730241586,06:39:46 PM,06:39:46 PM,0
2101720,,ADELLEA3,0,1730241631,1730241631,06:40:31 PM,06:40:31 PM,0
2101720,,ADELLEA5,0,1730241647,1730241647,06:40:47 PM,06:40:47 PM,0
2101720,,ADELLEA7,0,1730241677,1730241677,06:41:17 PM,06:41:17 PM,0
2101720,,ADELTHO1,0,1730241720,1730241720,06:42:00 PM,06:42:00 PM,0
2101720,,ADELMAUD,0,1730241756,1730241756,06:42:36 PM,06:42:36 PM,0
2101720,,ADELTERR,0,1730241794,1730241794,06:43:14 PM,06:43:14 PM,0
2101720,,ADELADA1,0,1730241816,1730241816,06:43:36 PM,06:43:36 PM,0
2101720,,ADELNEL1,0,1730241872,1730241872,06:44:32 PM,06:44:32 PM,0
2101720,,ADELHIL1,0,1730241910,1730241910,06:45:10 PM,06:45:10 PM,0
2101720,,ADELLISI,0,1730241960,1730241960,06:46:00 PM,06:46:00 PM,0
2101720,,ADELDUN1,0,1730242140,1730242140,06:49:00 PM,06:49:00 PM,0
2101720,,ADELLORN,0,1730242205,1730242205,06:50:05 PM,06:50:05 PM,0
2101720,,ADELCEN1,0,1730242252,1730242252,06:50:52 PM,06:50:52 PM,0
2101720,,ADELMCMA,,,,,,
2101720,,ADELPIC1,0,1730242342,1730242342,06:52:22 PM,06:52:22 PM,0
2101720,,ADELOXF1,0,1730242380,1730242380,06:53:00 PM,06:53:00 PM,0
2101720,,ADELSJA1,0,1730242410,1730242410,06:53:30 PM,06:53:30 PM,0
2101720,,ADELGRO1,0,1730242456,1730242456,06:54:16 PM,06:54:16 PM,0
2101720,,ADELCHE1,0,1730242500,1730242500,06:55:00 PM,06:55:00 PM,0
2101720,,ADELVIC1,0,1730242531,1730242531,06:55:31 PM,06:55:31 PM,0
2101720,,ADELREG1,0,1730242579,1730242579,06:56:19 PM,06:56:19 PM,0
2101720,,ADELHUR1,0,1730242613,1730242613,06:56:53 PM,06:56:53 PM,0
2101720,,ADELHUR5,0,1730242672,1730242672,06:57:52 PM,06:57:52 PM,0
2101720,,ADELKIP1,0,1730242714,1730242714,06:58:34 PM,06:58:34 PM,0
2101720,,ADELWIN1,0,1730242814,1730242814,07:00:14 PM,07:00:14 PM,0
2101720,,ADELGLEN,0,1730242915,1730242915,07:01:55 PM,07:01:55 PM,0
2101720,,ADELTENN,0,1730242941,1730242941,07:02:21 PM,07:02:21 PM,0
2101720,,FANSADE4,0,1730243040,1730243040,07:04:00 PM,07:04:00 PM,0
2101720,,FANSSTO2,0,1730243076,1730243076,07:04:36 PM,07:04:36 PM,0
2101720,,FANSHAS2,0,1730243174,1730243174,07:06:14 PM,07:06:14 PM,0
2101720,,FANSJEN2,0,1730243209,1730243209,07:06:49 PM,07:06:49 PM,0
2101720,,FANSJEN4,0,1730243235,1730243235,07:07:15 PM,07:07:15 PM,0
2101720,,FANSNCR2,0,1730243274,1730243274,07:07:54 PM,07:07:54 PM,0
2101720,,MASOSTO6,0,1730243340,1730243340,07:09:00 PM,07:09:00 PM,0
2101648,,MASOSTO6,0,1730243820,1730243820,07:17:00 PM,07:17:00 PM,0
2101648,,FANSRIC1,0,1730243901,1730243901,07:18:21 PM,07:18:21 PM,0
2101648,,FANSNCR1,0,1730243927,1730243927,07:18:47 PM,07:18:47 PM,0
2101648,,FANSNCR3,0,1730243967,1730243967,07:19:27 PM,07:19:27 PM,0
2101648,,FANSHAS3,0,1730244019,1730244019,07:20:19 PM,07:20:19 PM,0
2101648,,FANSHAS1,0,1730244062,1730244062,07:21:02 PM,07:21:02 PM,0
2101648,,FANSSTO3,0,1730244111,1730244111,07:21:51 PM,07:21:51 PM,0
2101648,,FANSSTO1,0,1730244165,1730244165,07:22:45 PM,07:22:45 PM,0
2101648,,ADELFAN2,0,1730244240,1730244240,07:24:00 PM,07:24:00 PM,0
2101648,,ADELMAPL,0,1730244282,1730244282,07:24:42 PM,07:24:42 PM,0
2101648,,ADELWILL,0,1730244313,1730244313,07:25:13 PM,07:25:13 PM,0
2101648,,ADELWIN2,0,1730244396,1730244396,07:26:36 PM,07:26:36 PM,0
2101648,,ADELKIP2,0,1730244480,1730244480,07:28:00 PM,07:28:00 PM,0
2101648,,ADELKIP6,0,1730244542,1730244542,07:29:02 PM,07:29:02 PM,0
2101648,,ADELHUR2,0,1730244613,1730244613,07:30:13 PM,07:30:13 PM,0
2101648,,ADELVIC2,0,1730244668,1730244668,07:31:08 PM,07:31:08 PM,0
2101648,,ADELCHE2,0,1730244720,1730244720,07:32:00 PM,07:32:00 PM,0
2101648,,ADELGRO2,0,1730244755,1730244755,07:32:35 PM,07:32:35 PM,0
2101648,,ADELSJA2,0,1730244801,1730244801,07:33:21 PM,07:33:21 PM,0
2101648,,ADELOXF2,0,1730244840,1730244840,07:34:00 PM,07:34:00 PM,0
2101648,,ADELPIC2,0,1730244875,1730244875,07:34:35 PM,07:34:35 PM,0
2101648,,ADELPAMA,,,,,,
2101648,,ADELCEN2,0,1730244975,1730244975,07:36:15 PM,07:36:15 PM,0
2101648,,ADELROSE,0,1730245003,1730245003,07:36:43 PM,07:36:43 PM,0
2101648,,ADELPRIN,0,1730245034,1730245034,07:37:14 PM,07:37:14 PM,0
2101648,,ADELDUFR,0,1730245061,1730245061,07:37:41 PM,07:37:41 PM,0
2101648,,ADELQUEE,0,1730245090,1730245090,07:38:10 PM,07:38:10 PM,0
2101648,,ADELDUN2,0,1730245140,1730245140,07:39:00 PM,07:39:00 PM,0
2101648,,ADELHAMI,0,1730245260,1730245260,07:41:00 PM,07:41:00 PM,0
2101648,,ADELHIL2,0,1730245292,1730245292,07:41:32 PM,07:41:32 PM,0
2101648,,ADELNEL2,0,1730245339,1730245339,07:42:19 PM,07:42:19 PM,0
2101648,,ADELADA2,0,1730245387,1730245387,07:43:07 PM,07:43:07 PM,0
2101648,,ADELEDNA,0,1730245433,1730245433,07:43:53 PM,07:43:53 PM,0
2101648,,ADELTHO4,0,1730245502,1730245502,07:45:02 PM,07:45:02 PM,0
2101648,,ADELTHO6,0,1730245531,1730245531,07:45:31 PM,07:45:31 PM,0
2101648,,ADELTHO2,0,1730245562,1730245562,07:46:02 PM,07:46:02 PM,0
2101648,,ADELTHO8,0,1730245590,1730245590,07:46:30 PM,07:46:30 PM,0
2101648,,ADELLEA2,0,1730245628,1730245628,07:47:08 PM,07:47:08 PM,0
2101648,,COMMADE1,0,1730245680,1730245680,07:48:00 PM,07:48:00 PM,0
2101648,,COMMLEA1,0,1730245705,1730245705,07:48:25 PM,07:48:25 PM,0
2101648,,COMMFRO1,0,1730245754,1730245754,07:49:14 PM,07:49:14 PM,0
2101648,,COMMKIE1,0,1730245782,1730245782,07:49:42 PM,07:49:42 PM,0
2101648,,COMMPOM1,0,1730245826,1730245826,07:50:26 PM,07:50:26 PM,0
2101648,,COMMPOM1,0,1730245826,1730245826,07:50:26 PM,07:50:26 PM,0
2101648,,PONDDEV2,0,1730245851,1730245851,07:50:51 PM,07:50:51 PM,0
2101648,,PONDBAN2,0,1730245878,1730245878,07:51:18 PM,07:51:18 PM,0
2101648,,DEVEPOND,0,1730245909,1730245909,07:51:49 PM,07:51:49 PM,0
2101648,,DEVEGLEN,0,1730245955,1730245955,07:52:35 PM,07:52:35 PM,0
2101648,,DEVELYSA,0,1730246000,1730246000,07:53:20 PM,07:53:20 PM,0
2101648,,DEVEBANB,0,1730246040,1730246040,07:54:00 PM,07:54:00 PM,0
2101648,,DEVECOM1,0,1730246080,1730246080,07:54:40 PM,07:54:40 PM,0
2101648,,COMMDEV4,0,1730246160,1730246160,07:56:00 PM,07:56:00 PM,0
2101724,,COMMDEV4,0,1730246160,1730246160,07:56:00 PM,07:56:00 PM,0
2101724,,COMMPOM4,0,1730246209,1730246209,07:56:49 PM,07:56:49 PM,0
2101724,,COMMKIE2,0,1730246255,1730246255,07:57:35 PM,07:57:35 PM,0
2101724,,COMMFRO2,0,1730246289,1730246289,07:58:09 PM,07:58:09 PM,0
2101724,,COMMLEA2,0,1730246323,1730246323,07:58:43 PM,07:58:43 PM,0
2101724,,COMMADE2,0,1730246343,1730246343,07:59:03 PM,07:59:03 PM,0
2101724,,ADELLEA1,0,1730246386,1730246386,07:59:46 PM,07:59:46 PM,0
2101724,,ADELLEA3,0,1730246431,1730246431,08:00:31 PM,08:00:31 PM,0
2101724,,ADELLEA5,0,1730246447,1730246447,08:00:47 PM,08:00:47 PM,0
2101724,,ADELLEA7,0,1730246477,1730246477,08:01:17 PM,08:01:17 PM,0
2101724,,ADELTHO1,0,1730246520,1730246520,08:02:00 PM,08:02:00 PM,0
2101724,,ADELMAUD,0,1730246556,1730246556,08:02:36 PM,08:02:36 PM,0
2101724,,ADELTERR,0,1730246594,1730246594,08:03:14 PM,08:03:14 PM,0
2101724,,ADELADA1,0,1730246616,1730246616,08:03:36 PM,08:03:36 PM,0
2101724,,ADELNEL1,0,1730246672,1730246672,08:04:32 PM,08:04:32 PM,0
2101724,,ADELHIL1,0,1730246710,1730246710,08:05:10 PM,08:05:10 PM,0
2101724,,ADELLISI,0,1730246760,1730246760,08:06:00 PM,08:06:00 PM,0
2101724,,ADELDUN1,0,1730246940,1730246940,08:09:00 PM,08:09:00 PM,0
2101724,,ADELLORN,0,1730247005,1730247005,08:10:05 PM,08:10:05 PM,0
2101724,,ADELCEN1,0,1730247052,1730247052,08:10:52 PM,08:10:52 PM,0
2101724,,ADELMCMA,,,,,,
2101724,,ADELPIC1,0,1730247142,1730247142,08:12:22 PM,08:12:22 PM,0
2101724,,ADELOXF1,0,1730247180,1730247180,08:13:00 PM,08:13:00 PM,0
2101724,,ADELSJA1,0,1730247210,1730247210,08:13:30 PM,08:13:30 PM,0
2101724,,ADELGRO1,0,1730247256,1730247256,08:14:16 PM,08:14:16 PM,0
2101724,,ADELCHE1,0,1730247300,1730247300,08:15:00 PM,08:15:00 PM,0
2101724,,ADELVIC1,0,1730247331,1730247331,08:15:31 PM,08:15:31 PM,0
2101724,,ADELREG1,0,1730247379,1730247379,08:16:19 PM,08:16:19 PM,0
2101724,,ADELHUR1,0,1730247413,1730247413,08:16:53 PM,08:16:53 PM,0
2101724,,ADELHUR5,0,1730247472,1730247472,08:17:52 PM,08:17:52 PM,0
2101724,,ADELKIP1,0,1730247514,1730247514,08:18:34 PM,08:18:34 PM,0
2101724,,ADELWIN1,0,1730247614,1730247614,08:20:14 PM,08:20:14 PM,0
2101724,,ADELGLEN,0,1730247715,1730247715,08:21:55 PM,08:21:55 PM,0
2101724,,ADELTENN,0,1730247741,1730247741,08:22:21 PM,08:22:21 PM,0
2101724,,FANSADE4,0,1730247840,1730247840,08:24:00 PM,08:24:00 PM,0
2101724,,FANSSTO2,0,1730247876,1730247876,08:24:36 PM,08:24:36 PM,0
2101724,,FANSHAS2,0,1730247974,1730247974,08:26:14 PM,08:26:14 PM,0
2101724,,FANSJEN2,0,1730248009,1730248009,08:26:49 PM,08:26:49 PM,0
2101724,,FANSJEN4,0,1730248035,1730248035,08:27:15 PM,08:27:15 PM,0
2101724,,FANSNCR2,0,1730248074,1730248074,08:27:54 PM,08:27:54 PM,0
2101724,,MASOSTO6,0,1730248140,1730248140,08:29:00 PM,08:29:00 PM,0
2101652,,MASOSTO6,0,1730248620,1730248620,08:37:00 PM,08:37:00 PM,0
2101652,,FANSRIC1,0,1730248701,1730248701,08:38:21 PM,08:38:21 PM,0
2101652,,FANSNCR1,0,1730248727,1730248727,08:38:47 PM,08:38:47 PM,0
2101652,,FANSNCR3,0,1730248767,1730248767,08:39:27 PM,08:39:27 PM,0
2101652,,FANSHAS3,0,1730248819,1730248819,08:40:19 PM,08:40:19 PM,0
2101652,,FANSHAS1,0,1730248862,1730248862,08:41:02 PM,08:41:02 PM,0
2101652,,FANSSTO3,0,1730248911,1730248911,08:41:51 PM,08:41:51 PM,0
2101652,,FANSSTO1,0,1730248965,1730248965,08:42:45 PM,08:42:45 PM,0
2101652,,ADELFAN2,0,1730249040,1730249040,08:44:00 PM,08:44:00 PM,0
2101652,,ADELMAPL,0,1730249082,1730249082,08:44:42 PM,08:44:42 PM,0
2101652,,ADELWILL,0,1730249113,1730249113,08:45:13 PM,08:45:13 PM,0
2101652,,ADELWIN2,0,1730249196,1730249196,08:46:36 PM,08:46:36 PM,0
2101652,,ADELKIP2,0,1730249280,1730249280,08:48:00 PM,08:48:00 PM,0
2101652,,ADELKIP6,0,1730249342,1730249342,08:49:02 PM,08:49:02 PM,0
2101652,,ADELHUR2,0,1730249413,1730249413,08:50:13 PM,08:50:13 PM,0
2101652,,ADELVIC2,0,1730249468,1730249468,08:51:08 PM,08:51:08 PM,0
2101652,,ADELCHE2,0,1730249520,1730249520,08:52:00 PM,08:52:00 PM,0
2101652,,ADELGRO2,0,1730249555,1730249555,08:52:35 PM,08:52:35 PM,0
2101652,,ADELSJA2,0,1730249601,1730249601,08:53:21 PM,08:53:21 PM,0
2101652,,ADELOXF2,0,1730249640,1730249640,08:54:00 PM,08:54:00 PM,0
2101652,,ADELPIC2,0,1730249675,1730249675,08:54:35 PM,08:54:35 PM,0
2101652,,ADELPAMA,,,,,,
2101652,,ADELCEN2,0,1730249775,1730249775,08:56:15 PM,08:56:15 PM,0
2101652,,ADELROSE,0,1730249803,1730249803,08:56:43 PM,08:56:43 PM,0
2101652,,ADELPRIN,0,1730249834,1730249834,08:57:14 PM,08:57:14 PM,0
2101652,,ADELDUFR,0,1730249861,1730249861,08:57:41 PM,08:57:41 PM,0
2101652,,ADELQUEE,0,1730249890,1730249890,08:58:10 PM,08:58:10 PM,0
2101652,,ADELDUN2,0,1730249940,1730249940,08:59:00 PM,08:59:00 PM,0
2101652,,ADELHAMI,0,1730250060,1730250060,09:01:00 PM,09:01:00 PM,0
2101652,,ADELHIL2,0,1730250092,1730250092,09:01:32 PM,09:01:32 PM,0
2101652,,ADELNEL2,0,1730250139,1730250139,09:02:19 PM,09:02:19 PM,0
2101652,,ADELADA2,0,1730250187,1730250187,09:03:07 PM,09:03:07 PM,0
2101652,,ADELEDNA,0,1730250233,1730250233,09:03:53 PM,09:03:53 PM,0
2101652,,ADELTHO4,0,1730250302,1730250302,09:05:02 PM,09:05:02 PM,0
2101652,,ADELTHO6,0,1730250331,1730250331,09:05:31 PM,09:05:31 PM,0
2101652,,ADELTHO2,0,1730250362,1730250362,09:06:02 PM,09:06:02 PM,0
2101652,,ADELTHO8,0,1730250390,1730250390,09:06:30 PM,09:06:30 PM,0
2101652,,ADELLEA2,0,1730250428,1730250428,09:07:08 PM,09:07:08 PM,0
2101652,,COMMADE1,0,1730250480,1730250480,09:08:00 PM,09:08:00 PM,0
2101652,,COMMLEA1,0,1730250505,1730250505,09:08:25 PM,09:08:25 PM,0
2101652,,COMMFRO1,0,1730250554,1730250554,09:09:14 PM,09:09:14 PM,0
2101652,,COMMKIE1,0,1730250582,1730250582,09:09:42 PM,09:09:42 PM,0
2101652,,COMMPOM1,0,1730250626,1730250626,09:10:26 PM,09:10:26 PM,0
2101652,,COMMPOM1,0,1730250626,1730250626,09:10:26 PM,09:10:26 PM,0
2101652,,PONDDEV2,0,1730250651,1730250651,09:10:51 PM,09:10:51 PM,0
2101652,,PONDBAN2,0,1730250678,1730250678,09:11:18 PM,09:11:18 PM,0
2101652,,DEVEPOND,0,1730250709,1730250709,09:11:49 PM,09:11:49 PM,0
2101652,,DEVEGLEN,0,1730250755,1730250755,09:12:35 PM,09:12:35 PM,0
2101652,,DEVELYSA,0,1730250800,1730250800,09:13:20 PM,09:13:20 PM,0
2101652,,DEVEBANB,0,1730250840,1730250840,09:14:00 PM,09:14:00 PM,0
2101652,,DEVECOM1,0,1730250880,1730250880,09:14:40 PM,09:14:40 PM,0
2101652,,COMMDEV4,0,1730250960,1730250960,09:16:00 PM,09:16:00 PM,0
2101709,,COMMDEV4,0,1730231220,1730231220,03:47:00 PM,03:47:00 PM,0
2101709,,COMMPOM4,0,1730231269,1730231269,03:47:49 PM,03:47:49 PM,0
2101709,,COMMKIE2,0,1730231315,1730231315,03:48:35 PM,03:48:35 PM,0
2101709,,COMMFRO2,0,1730231349,1730231349,03:49:09 PM,03:49:09 PM,0
2101709,,COMMLEA2,0,1730231383,1730231383,03:49:43 PM,03:49:43 PM,0
2101709,,COMMADE2,0,1730231403,1730231403,03:50:03 PM,03:50:03 PM,0
2101709,,ADELLEA1,0,1730231446,1730231446,03:50:46 PM,03:50:46 PM,0
2101709,,ADELLEA3,0,1730231491,1730231491,03:51:31 PM,03:51:31 PM,0
2101709,,ADELLEA5,0,1730231507,1730231507,03:51:47 PM,03:51:47 PM,0
2101709,,ADELLEA7,0,1730231537,1730231537,03:52:17 PM,03:52:17 PM,0
2101709,,ADELTHO1,0,1730231580,1730231580,03:53:00 PM,03:53:00 PM,0
2101709,,ADELMAUD,0,1730231626,1730231626,03:53:46 PM,03:53:46 PM,0
2101709,,ADELTERR,0,1730231674,1730231674,03:54:34 PM,03:54:34 PM,0
2101709,,ADELADA1,0,1730231702,1730231702,03:55:02 PM,03:55:02 PM,0
2101709,,ADELNEL1,0,1730231772,1730231772,03:56:12 PM,03:56:12 PM,0
2101709,,ADELHIL1,0,1730231820,1730231820,03:57:00 PM,03:57:00 PM,0
2101709,,ADELLISI,0,1730231880,1730231880,03:58:00 PM,03:58:00 PM,0
2101709,,ADELDUN1,0,1730232120,1730232120,04:02:00 PM,04:02:00 PM,0
2101709,,ADELLORN,0,1730232218,1730232218,04:03:38 PM,04:03:38 PM,0
2101709,,ADELCEN1,0,1730232289,1730232289,04:04:49 PM,04:04:49 PM,0
2101709,,ADELMCMA,,,,,,
2101709,,ADELPIC1,0,1730232424,1730232424,04:07:04 PM,04:07:04 PM,0
2101709,,ADELOXF1,0,1730232480,1730232480,04:08:00 PM,04:08:00 PM,0
2101709,,ADELSJA1,0,1730232510,1730232510,04:08:30 PM,04:08:30 PM,0
2101709,,ADELGRO1,0,1730232556,1730232556,04:09:16 PM,04:09:16 PM,0
2101709,,ADELCHE1,0,1730232600,1730232600,04:10:00 PM,04:10:00 PM,0
2101709,,ADELVIC1,0,1730232635,1730232635,04:10:35 PM,04:10:35 PM,0
2101709,,ADELREG1,0,1730232689,1730232689,04:11:29 PM,04:11:29 PM,0
2101709,,ADELHUR1,0,1730232727,1730232727,04:12:07 PM,04:12:07 PM,0
2101709,,ADELHUR5,0,1730232793,1730232793,04:13:13 PM,04:13:13 PM,0
2101709,,ADELKIP1,0,1730232839,1730232839,04:13:59 PM,04:13:59 PM,0
2101709,,ADELWIN1,0,1730232950,1730232950,04:15:50 PM,04:15:50 PM,0
2101709,,ADELGLEN,0,1730233063,1730233063,04:17:43 PM,04:17:43 PM,0
2101709,,ADELTENN,0,1730233091,1730233091,04:18:11 PM,04:18:11 PM,0
2101709,,FANSADE4,0,1730233200,1730233200,04:20:00 PM,04:20:00 PM,0
2101709,,FANSSTO2,0,1730233251,1730233251,04:20:51 PM,04:20:51 PM,0
2101709,,FANSHAS2,0,1730233388,1730233388,04:23:08 PM,04:23:08 PM,0
2101709,,FANSJEN2,0,1730233437,1730233437,04:23:57 PM,04:23:57 PM,0
2101709,,FANSJEN4,0,1730233474,1730233474,04:24:34 PM,04:24:34 PM,0
2101709,,FANSNCR2,0,1730233528,1730233528,04:25:28 PM,04:25:28 PM,0
2101709,,MASOSTO6,0,1730233620,1730233620,04:27:00 PM,04:27:00 PM,0
2101641,,MASOSTO6,0,1730233980,1730233980,04:33:00 PM,04:33:00 PM,0
2101641,,FANSRIC1,0,1730234072,1730234072,04:34:32 PM,04:34:32 PM,0
2101641,,FANSNCR1,0,1730234102,1730234102,04:35:02 PM,04:35:02 PM,0
2101641,,FANSNCR3,0,1730234148,1730234148,04:35:48 PM,04:35:48 PM,0
2101641,,FANSHAS3,0,1730234208,1730234208,04:36:48 PM,04:36:48 PM,0
2101641,,FANSHAS1,0,1730234258,1730234258,04:37:38 PM,04:37:38 PM,0
2101641,,FANSSTO3,0,1730234314,1730234314,04:38:34 PM,04:38:34 PM,0
2101641,,FANSSTO1,0,1730234376,1730234376,04:39:36 PM,04:39:36 PM,0
2101641,,ADELFAN2,0,1730234460,1730234460,04:41:00 PM,04:41:00 PM,0
2101641,,ADELMAPL,0,1730234502,1730234502,04:41:42 PM,04:41:42 PM,0
2101641,,ADELWILL,0,1730234533,1730234533,04:42:13 PM,04:42:13 PM,0
2101641,,ADELWIN2,0,1730234616,1730234616,04:43:36 PM,04:43:36 PM,0
2101641,,ADELKIP2,0,1730234700,1730234700,04:45:00 PM,04:45:00 PM,0
2101641,,ADELKIP6,0,1730234762,1730234762,04:46:02 PM,04:46:02 PM,0
2101641,,ADELHUR2,0,1730234833,1730234833,04:47:13 PM,04:47:13 PM,0
2101641,,ADELVIC2,0,1730234888,1730234888,04:48:08 PM,04:48:08 PM,0
2101641,,ADELCHE2,0,1730234940,1730234940,04:49:00 PM,04:49:00 PM,0
2101641,,ADELGRO2,0,1730234993,1730234993,04:49:53 PM,04:49:53 PM,0
2101641,,ADELSJA2,0,1730235062,1730235062,04:51:02 PM,04:51:02 PM,0
2101641,,ADELOXF2,0,1730235120,1730235120,04:52:00 PM,04:52:00 PM,0
2101641,,ADELPIC2,0,1730235162,1730235162,04:52:42 PM,04:52:42 PM,0
2101641,,ADELPAMA,,,,,,
2101641,,ADELCEN2,0,1730235283,1730235283,04:54:43 PM,04:54:43 PM,0
2101641,,ADELROSE,0,1730235317,1730235317,04:55:17 PM,04:55:17 PM,0
2101641,,ADELPRIN,0,1730235355,1730235355,04:55:55 PM,04:55:55 PM,0
2101641,,ADELDUFR,0,1730235387,1730235387,04:56:27 PM,04:56:27 PM,0
2101641,,ADELQUEE,0,1730235422,1730235422,04:57:02 PM,04:57:02 PM,0
2101641,,ADELDUN2,0,1730235480,1730235480,04:58:00 PM,04:58:00 PM,0
2101641,,ADELHAMI,0,1730235600,1730235600,05:00:00 PM,05:00:00 PM,0
2101641,,ADELHIL2,0,1730235636,1730235636,05:00:36 PM,05:00:36 PM,0
2101641,,ADELNEL2,0,1730235690,1730235690,05:01:30 PM,05:01:30 PM,0
2101641,,ADELADA2,0,1730235745,1730235745,05:02:25 PM,05:02:25 PM,0
2101641,,ADELEDNA,0,1730235797,1730235797,05:03:17 PM,05:03:17 PM,0
2101641,,ADELTHO4,0,1730235875,1730235875,05:04:35 PM,05:04:35 PM,0
2101641,,ADELTHO6,0,1730235909,1730235909,05:05:09 PM,05:05:09 PM,0
2101641,,ADELTHO2,0,1730235945,1730235945,05:05:45 PM,05:05:45 PM,0
2101641,,ADELTHO8,0,1730235977,1730235977,05:06:17 PM,05:06:17 PM,0
2101641,,ADELLEA2,0,1730236021,1730236021,05:07:01 PM,05:07:01 PM,0
2101641,,COMMADE1,0,1730236080,1730236080,05:08:00 PM,05:08:00 PM,0
2101641,,COMMLEA1,0,1730236105,1730236105,05:08:25 PM,05:08:25 PM,0
2101641,,COMMFRO1,0,1730236154,1730236154,05:09:14 PM,05:09:14 PM,0
2101641,,COMMKIE1,0,1730236182,1730236182,05:09:42 PM,05:09:42 PM,0
2101641,,COMMPOM1,0,1730236226,1730236226,05:10:26 PM,05:10:26 PM,0
2101641,,COMMPOM1,0,1730236226,1730236226,05:10:26 PM,05:10:26 PM,0
2101641,,PONDDEV2,0,1730236251,1730236251,05:10:51 PM,05:10:51 PM,0
2101641,,PONDBAN2,0,1730236278,1730236278,05:11:18 PM,05:11:18 PM,0
2101641,,DEVEPOND,0,1730236309,1730236309,05:11:49 PM,05:11:49 PM,0
2101641,,DEVEGLEN,0,1730236355,1730236355,05:12:35 PM,05:12:35 PM,0
2101641,,DEVELYSA,0,1730236400,1730236400,05:13:20 PM,05:13:20 PM,0
2101641,,DEVEBANB,0,1730236440,1730236440,05:14:00 PM,05:14:00 PM,0
2101641,,DEVECOM1,0,1730236480,1730236480,05:14:40 PM,05:14:40 PM,0
2101641,,COMMDEV4,0,1730236560,1730236560,05:16:00 PM,05:16:00 PM,0
2101716,,COMMDEV4,0,1730236860,1730236860,05:21:00 PM,05:21:00 PM,0
2101716,,COMMPOM4,0,1730236909,1730236909,05:21:49 PM,05:21:49 PM,0
2101716,,COMMKIE2,0,1730236955,1730236955,05:22:35 PM,05:22:35 PM,0
2101716,,COMMFRO2,0,1730236989,1730236989,05:23:09 PM,05:23:09 PM,0
2101716,,COMMLEA2,0,1730237023,1730237023,05:23:43 PM,05:23:43 PM,0
2101716,,COMMADE2,0,1730237043,1730237043,05:24:03 PM,05:24:03 PM,0
2101716,,ADELLEA1,0,1730237086,1730237086,05:24:46 PM,05:24:46 PM,0
2101716,,ADELLEA3,0,1730237131,1730237131,05:25:31 PM,05:25:31 PM,0
2101716,,ADELLEA5,0,1730237147,1730237147,05:25:47 PM,05:25:47 PM,0
2101716,,ADELLEA7,0,1730237177,1730237177,05:26:17 PM,05:26:17 PM,0
2101716,,ADELTHO1,0,1730237220,1730237220,05:27:00 PM,05:27:00 PM,0
2101716,,ADELMAUD,0,1730237266,1730237266,05:27:46 PM,05:27:46 PM,0
2101716,,ADELTERR,0,1730237314,1730237314,05:28:34 PM,05:28:34 PM,0
2101716,,ADELADA1,0,1730237342,1730237342,05:29:02 PM,05:29:02 PM,0
2101716,,ADELNEL1,0,1730237412,1730237412,05:30:12 PM,05:30:12 PM,0
2101716,,ADELHIL1,0,1730237460,1730237460,05:31:00 PM,05:31:00 PM,0
2101716,,ADELLISI,0,1730237520,1730237520,05:32:00 PM,05:32:00 PM,0
2101716,,ADELDUN1,0,1730237760,1730237760,05:36:00 PM,05:36:00 PM,0
2101716,,ADELLORN,0,1730237858,1730237858,05:37:38 PM,05:37:38 PM,0
2101716,,ADELCEN1,0,1730237929,1730237929,05:38:49 PM,05:38:49 PM,0
2101716,,ADELMCMA,,,,,,
2101716,,ADELPIC1,0,1730238064,1730238064,05:41:04 PM,05:41:04 PM,0
2101716,,ADELOXF1,0,1730238120,1730238120,05:42:00 PM,05:42:00 PM,0
2101716,,ADELSJA1,0,1730238150,1730238150,05:42:30 PM,05:42:30 PM,0
2101716,,ADELGRO1,0,1730238196,1730238196,05:43:16 PM,05:43:16 PM,0
2101716,,ADELCHE1,0,1730238240,1730238240,05:44:00 PM,05:44:00 PM,0
2101716,,ADELVIC1,0,1730238275,1730238275,05:44:35 PM,05:44:35 PM,0
2101716,,ADELREG1,0,1730238329,1730238329,05:45:29 PM,05:45:29 PM,0
2101716,,ADELHUR1,0,1730238367,1730238367,05:46:07 PM,05:46:07 PM,0
2101716,,ADELHUR5,0,1730238433,1730238433,05:47:13 PM,05:47:13 PM,0
2101716,,ADELKIP1,0,1730238479,1730238479,05:47:59 PM,05:47:59 PM,0
2101716,,ADELWIN1,0,1730238590,1730238590,05:49:50 PM,05:49:50 PM,0
2101716,,ADELGLEN,0,1730238703,1730238703,05:51:43 PM,05:51:43 PM,0
2101716,,ADELTENN,0,1730238731,1730238731,05:52:11 PM,05:52:11 PM,0
2101716,,FANSADE4,0,1730238840,1730238840,05:54:00 PM,05:54:00 PM,0
2101716,,FANSSTO2,0,1730238891,1730238891,05:54:51 PM,05:54:51 PM,0
2101716,,FANSHAS2,0,1730239028,1730239028,05:57:08 PM,05:57:08 PM,0
2101716,,FANSJEN2,0,1730239077,1730239077,05:57:57 PM,05:57:57 PM,0
2101716,,FANSJEN4,0,1730239114,1730239114,05:58:34 PM,05:58:34 PM,0
2101716,,FANSNCR2,0,1730239168,1730239168,05:59:28 PM,05:59:28 PM,0
2101716,,MASOSTO6,0,1730239260,1730239260,06:01:00 PM,06:01:00 PM,0
2101645,,MASOSTO6,0,1730239920,1730239920,06:12:00 PM,06:12:00 PM,0
2101645,,FANSRIC1,0,1730240001,1730240001,06:13:21 PM,06:13:21 PM,0
2101645,,FANSNCR1,0,1730240027,1730240027,06:13:47 PM,06:13:47 PM,0
2101645,,FANSNCR3,0,1730240067,1730240067,06:14:27 PM,06:14:27 PM,0
2101645,,FANSHAS3,0,1730240119,1730240119,06:15:19 PM,06:15:19 PM,0
2101645,,FANSHAS1,0,1730240162,1730240162,06:16:02 PM,06:16:02 PM,0
2101645,,FANSSTO3,0,1730240211,1730240211,06:16:51 PM,06:16:51 PM,0
2101645,,FANSSTO1,0,1730240265,1730240265,06:17:45 PM,06:17:45 PM,0
2101645,,ADELFAN2,0,1730240340,1730240340,06:19:00 PM,06:19:00 PM,0
2101645,,ADELMAPL,0,1730240382,1730240382,06:19:42 PM,06:19:42 PM,0
2101645,,ADELWILL,0,1730240413,1730240413,06:20:13 PM,06:20:13 PM,0
2101645,,ADELWIN2,0,1730240496,1730240496,06:21:36 PM,06:21:36 PM,0
2101645,,ADELKIP2,0,1730240580,1730240580,06:23:00 PM,06:23:00 PM,0
2101645,,ADELKIP6,0,1730240642,1730240642,06:24:02 PM,06:24:02 PM,0
2101645,,ADELHUR2,0,1730240713,1730240713,06:25:13 PM,06:25:13 PM,0
2101645,,ADELVIC2,0,1730240768,1730240768,06:26:08 PM,06:26:08 PM,0
2101645,,ADELCHE2,0,1730240820,1730240820,06:27:00 PM,06:27:00 PM,0
2101645,,ADELGRO2,0,1730240855,1730240855,06:27:35 PM,06:27:35 PM,0
2101645,,ADELSJA2,0,1730240901,1730240901,06:28:21 PM,06:28:21 PM,0
2101645,,ADELOXF2,0,1730240940,1730240940,06:29:00 PM,06:29:00 PM,0
2101645,,ADELPIC2,0,1730240975,1730240975,06:29:35 PM,06:29:35 PM,0
2101645,,ADELPAMA,,,,,,
2101645,,ADELCEN2,0,1730241075,1730241075,06:31:15 PM,06:31:15 PM,0
2101645,,ADELROSE,0,1730241103,1730241103,06:31:43 PM,06:31:43 PM,0
2101645,,ADELPRIN,0,1730241134,1730241134,06:32:14 PM,06:32:14 PM,0
2101645,,ADELDUFR,0,1730241161,1730241161,06:32:41 PM,06:32:41 PM,0
2101645,,ADELQUEE,0,1730241190,1730241190,06:33:10 PM,06:33:10 PM,0
2101645,,ADELDUN2,0,1730241240,1730241240,06:34:00 PM,06:34:00 PM,0
2101645,,ADELHAMI,0,1730241360,1730241360,06:36:00 PM,06:36:00 PM,0
2101645,,ADELHIL2,0,1730241392,1730241392,06:36:32 PM,06:36:32 PM,0
2101645,,ADELNEL2,0,1730241439,1730241439,06:37:19 PM,06:37:19 PM,0
2101645,,ADELADA2,0,1730241487,1730241487,06:38:07 PM,06:38:07 PM,0
2101645,,ADELEDNA,0,1730241533,1730241533,06:38:53 PM,06:38:53 PM,0
2101645,,ADELTHO4,0,1730241602,1730241602,06:40:02 PM,06:40:02 PM,0
2101645,,ADELTHO6,0,1730241631,1730241631,06:40:31 PM,06:40:31 PM,0
2101645,,ADELTHO2,0,1730241662,1730241662,06:41:02 PM,06:41:02 PM,0
2101645,,ADELTHO8,0,1730241690,1730241690,06:41:30 PM,06:41:30 PM,0
2101645,,ADELLEA2,0,1730241728,1730241728,06:42:08 PM,06:42:08 PM,0
2101645,,COMMADE1,0,1730241780,1730241780,06:43:00 PM,06:43:00 PM,0
2101645,,COMMLEA1,0,1730241805,1730241805,06:43:25 PM,06:43:25 PM,0
2101645,,COMMFRO1,0,1730241854,1730241854,06:44:14 PM,06:44:14 PM,0
2101645,,COMMKIE1,0,1730241882,1730241882,06:44:42 PM,06:44:42 PM,0
2101645,,COMMPOM1,0,1730241926,1730241926,06:45:26 PM,06:45:26 PM,0
2101645,,COMMPOM1,0,1730241926,1730241926,06:45:26 PM,06:45:26 PM,0
2101645,,PONDDEV2,0,1730241951,1730241951,06:45:51 PM,06:45:51 PM,0
2101645,,PONDBAN2,0,1730241978,1730241978,06:46:18 PM,06:46:18 PM,0
2101645,,DEVEPOND,0,1730242009,1730242009,06:46:49 PM,06:46:49 PM,0
2101645,,DEVEGLEN,0,1730242055,1730242055,06:47:35 PM,06:47:35 PM,0
2101645,,DEVELYSA,0,1730242100,1730242100,06:48:20 PM,06:48:20 PM,0
2101645,,DEVEBANB,0,1730242140,1730242140,06:49:00 PM,06:49:00 PM,0
2101645,,DEVECOM1,0,1730242180,1730242180,06:49:40 PM,06:49:40 PM,0
2101645,,COMMDEV4,0,1730242260,1730242260,06:51:00 PM,06:51:00 PM,0
2101721,,COMMDEV4,0,1730242560,1730242560,06:56:00 PM,06:56:00 PM,0
2101721,,COMMPOM4,0,1730242609,1730242609,06:56:49 PM,06:56:49 PM,0
2101721,,COMMKIE2,0,1730242655,1730242655,06:57:35 PM,06:57:35 PM,0
2101721,,COMMFRO2,0,1730242689,1730242689,06:58:09 PM,06:58:09 PM,0
2101721,,COMMLEA2,0,1730242723,1730242723,06:58:43 PM,06:58:43 PM,0
2101721,,COMMADE2,0,1730242743,1730242743,06:59:03 PM,06:59:03 PM,0
2101721,,ADELLEA1,0,1730242786,1730242786,06:59:46 PM,06:59:46 PM,0
2101721,,ADELLEA3,0,1730242831,1730242831,07:00:31 PM,07:00:31 PM,0
2101721,,ADELLEA5,0,1730242847,1730242847,07:00:47 PM,07:00:47 PM,0
2101721,,ADELLEA7,0,1730242877,1730242877,07:01:17 PM,07:01:17 PM,0
2101721,,ADELTHO1,0,1730242920,1730242920,07:02:00 PM,07:02:00 PM,0
2101721,,ADELMAUD,0,1730242956,1730242956,07:02:36 PM,07:02:36 PM,0
2101721,,ADELTERR,0,1730242994,1730242994,07:03:14 PM,07:03:14 PM,0
2101721,,ADELADA1,0,1730243016,1730243016,07:03:36 PM,07:03:36 PM,0
2101721,,ADELNEL1,0,1730243072,1730243072,07:04:32 PM,07:04:32 PM,0
2101721,,ADELHIL1,0,1730243110,1730243110,07:05:10 PM,07:05:10 PM,0
2101721,,ADELLISI,0,1730243160,1730243160,07:06:00 PM,07:06:00 PM,0
2101721,,ADELDUN1,0,1730243340,1730243340,07:09:00 PM,07:09:00 PM,0
2101721,,ADELLORN,0,1730243405,1730243405,07:10:05 PM,07:10:05 PM,0
2101721,,ADELCEN1,0,1730243452,1730243452,07:10:52 PM,07:10:52 PM,0
2101721,,ADELMCMA,,,,,,
2101721,,ADELPIC1,0,1730243542,1730243542,07:12:22 PM,07:12:22 PM,0
2101721,,ADELOXF1,0,1730243580,1730243580,07:13:00 PM,07:13:00 PM,0
2101721,,ADELSJA1,0,1730243610,1730243610,07:13:30 PM,07:13:30 PM,0
2101721,,ADELGRO1,0,1730243656,1730243656,07:14:16 PM,07:14:16 PM,0
2101721,,ADELCHE1,0,1730243700,1730243700,07:15:00 PM,07:15:00 PM,0
2101721,,ADELVIC1,0,1730243731,1730243731,07:15:31 PM,07:15:31 PM,0
2101721,,ADELREG1,0,1730243779,1730243779,07:16:19 PM,07:16:19 PM,0
2101721,,ADELHUR1,0,1730243813,1730243813,07:16:53 PM,07:16:53 PM,0
2101721,,ADELHUR5,0,1730243872,1730243872,07:17:52 PM,07:17:52 PM,0
2101721,,ADELKIP1,0,1730243914,1730243914,07:18:34 PM,07:18:34 PM,0
2101721,,ADELWIN1,0,1730244014,1730244014,07:20:14 PM,07:20:14 PM,0
2101721,,ADELGLEN,0,1730244115,1730244115,07:21:55 PM,07:21:55 PM,0
2101721,,ADELTENN,0,1730244141,1730244141,07:22:21 PM,07:22:21 PM,0
2101721,,FANSADE4,0,1730244240,1730244240,07:24:00 PM,07:24:00 PM,0
2101721,,FANSSTO2,0,1730244276,1730244276,07:24:36 PM,07:24:36 PM,0
2101721,,FANSHAS2,0,1730244374,1730244374,07:26:14 PM,07:26:14 PM,0
2101721,,FANSJEN2,0,1730244409,1730244409,07:26:49 PM,07:26:49 PM,0
2101721,,FANSJEN4,0,1730244435,1730244435,07:27:15 PM,07:27:15 PM,0
2101721,,FANSNCR2,0,1730244474,1730244474,07:27:54 PM,07:27:54 PM,0
2101721,,MASOSTO6,0,1730244540,1730244540,07:29:00 PM,07:29:00 PM,0
2101649,,MASOSTO6,0,1730245020,1730245020,07:37:00 PM,07:37:00 PM,0
2101649,,FANSRIC1,0,1730245101,1730245101,07:38:21 PM,07:38:21 PM,0
2101649,,FANSNCR1,0,1730245127,1730245127,07:38:47 PM,07:38:47 PM,0
2101649,,FANSNCR3,0,1730245167,1730245167,07:39:27 PM,07:39:27 PM,0
2101649,,FANSHAS3,0,1730245219,1730245219,07:40:19 PM,07:40:19 PM,0
2101649,,FANSHAS1,0,1730245262,1730245262,07:41:02 PM,07:41:02 PM,0
2101649,,FANSSTO3,0,1730245311,1730245311,07:41:51 PM,07:41:51 PM,0
2101649,,FANSSTO1,0,1730245365,1730245365,07:42:45 PM,07:42:45 PM,0
2101649,,ADELFAN2,0,1730245440,1730245440,07:44:00 PM,07:44:00 PM,0
2101649,,ADELMAPL,0,1730245482,1730245482,07:44:42 PM,07:44:42 PM,0
2101649,,ADELWILL,0,1730245513,1730245513,07:45:13 PM,07:45:13 PM,0
2101649,,ADELWIN2,0,1730245596,1730245596,07:46:36 PM,07:46:36 PM,0
2101649,,ADELKIP2,0,1730245680,1730245680,07:48:00 PM,07:48:00 PM,0
2101649,,ADELKIP6,0,1730245742,1730245742,07:49:02 PM,07:49:02 PM,0
2101649,,ADELHUR2,0,1730245813,1730245813,07:50:13 PM,07:50:13 PM,0
2101649,,ADELVIC2,0,1730245868,1730245868,07:51:08 PM,07:51:08 PM,0
2101649,,ADELCHE2,0,1730245920,1730245920,07:52:00 PM,07:52:00 PM,0
2101649,,ADELGRO2,0,1730245955,1730245955,07:52:35 PM,07:52:35 PM,0
2101649,,ADELSJA2,0,1730246001,1730246001,07:53:21 PM,07:53:21 PM,0
2101649,,ADELOXF2,0,1730246040,1730246040,07:54:00 PM,07:54:00 PM,0
2101649,,ADELPIC2,0,1730246075,1730246075,07:54:35 PM,07:54:35 PM,0
2101649,,ADELPAMA,,,,,,
2101649,,ADELCEN2,0,1730246175,1730246175,07:56:15 PM,07:56:15 PM,0
2101649,,ADELROSE,0,1730246203,1730246203,07:56:43 PM,07:56:43 PM,0
2101649,,ADELPRIN,0,1730246234,1730246234,07:57:14 PM,07:57:14 PM,0
2101649,,ADELDUFR,0,1730246261,1730246261,07:57:41 PM,07:57:41 PM,0
2101649,,ADELQUEE,0,1730246290,1730246290,07:58:10 PM,07:58:10 PM,0
2101649,,ADELDUN2,0,1730246340,1730246340,07:59:00 PM,07:59:00 PM,0
2101649,,ADELHAMI,0,1730246460,1730246460,08:01:00 PM,08:01:00 PM,0
2101649,,ADELHIL2,0,1730246492,1730246492,08:01:32 PM,08:01:32 PM,0
2101649,,ADELNEL2,0,1730246539,1730246539,08:02:19 PM,08:02:19 PM,0
2101649,,ADELADA2,0,1730246587,1730246587,08:03:07 PM,08:03:07 PM,0
2101649,,ADELEDNA,0,1730246633,1730246633,08:03:53 PM,08:03:53 PM,0
2101649,,ADELTHO4,0,1730246702,1730246702,08:05:02 PM,08:05:02 PM,0
2101649,,ADELTHO6,0,1730246731,1730246731,08:05:31 PM,08:05:31 PM,0
2101649,,ADELTHO2,0,1730246762,1730246762,08:06:02 PM,08:06:02 PM,0
2101649,,ADELTHO8,0,1730246790,1730246790,08:06:30 PM,08:06:30 PM,0
2101649,,ADELLEA2,0,1730246828,1730246828,08:07:08 PM,08:07:08 PM,0
2101649,,COMMADE1,0,1730246880,1730246880,08:08:00 PM,08:08:00 PM,0
2101649,,COMMLEA1,0,1730246905,1730246905,08:08:25 PM,08:08:25 PM,0
2101649,,COMMFRO1,0,1730246954,1730246954,08:09:14 PM,08:09:14 PM,0
2101649,,COMMKIE1,0,1730246982,1730246982,08:09:42 PM,08:09:42 PM,0
2101649,,COMMPOM1,0,1730247026,1730247026,08:10:26 PM,08:10:26 PM,0
2101649,,COMMPOM1,0,1730247026,1730247026,08:10:26 PM,08:10:26 PM,0
2101649,,PONDDEV2,0,1730247051,1730247051,08:10:51 PM,08:10:51 PM,0
2101649,,PONDBAN2,0,1730247078,1730247078,08:11:18 PM,08:11:18 PM,0
2101649,,DEVEPOND,0,1730247109,1730247109,08:11:49 PM,08:11:49 PM,0
2101649,,DEVEGLEN,0,1730247155,1730247155,08:12:35 PM,08:12:35 PM,0
2101649,,DEVELYSA,0,1730247200,1730247200,08:13:20 PM,08:13:20 PM,0
2101649,,DEVEBANB,0,1730247240,1730247240,08:14:00 PM,08:14:00 PM,0
2101649,,DEVECOM1,0,1730247280,1730247280,08:14:40 PM,08:14:40 PM,0
2101649,,COMMDEV4,0,1730247360,1730247360,08:16:00 PM,08:16:00 PM,0
2101725,,COMMDEV4,0,1730247360,1730247360,08:16:00 PM,08:16:00 PM,0
2101725,,COMMPOM4,0,1730247409,1730247409,08:16:49 PM,08:16:49 PM,0
2101725,,COMMKIE2,0,1730247455,1730247455,08:17:35 PM,08:17:35 PM,0
2101725,,COMMFRO2,0,1730247489,1730247489,08:18:09 PM,08:18:09 PM,0
2101725,,COMMLEA2,0,1730247523,1730247523,08:18:43 PM,08:18:43 PM,0
2101725,,COMMADE2,0,1730247543,1730247543,08:19:03 PM,08:19:03 PM,0
2101725,,ADELLEA1,0,1730247586,1730247586,08:19:46 PM,08:19:46 PM,0
2101725,,ADELLEA3,0,1730247631,1730247631,08:20:31 PM,08:20:31 PM,0
2101725,,ADELLEA5,0,1730247647,1730247647,08:20:47 PM,08:20:47 PM,0
2101725,,ADELLEA7,0,1730247677,1730247677,08:21:17 PM,08:21:17 PM,0
2101725,,ADELTHO1,0,1730247720,1730247720,08:22:00 PM,08:22:00 PM,0
2101725,,ADELMAUD,0,1730247756,1730247756,08:22:36 PM,08:22:36 PM,0
2101725,,ADELTERR,0,1730247794,1730247794,08:23:14 PM,08:23:14 PM,0
2101725,,ADELADA1,0,1730247816,1730247816,08:23:36 PM,08:23:36 PM,0
2101725,,ADELNEL1,0,1730247872,1730247872,08:24:32 PM,08:24:32 PM,0
2101725,,ADELHIL1,0,1730247910,1730247910,08:25:10 PM,08:25:10 PM,0
2101725,,ADELLISI,0,1730247960,1730247960,08:26:00 PM,08:26:00 PM,0
2101725,,ADELDUN1,0,1730248140,1730248140,08:29:00 PM,08:29:00 PM,0
2101725,,ADELLORN,0,1730248205,1730248205,08:30:05 PM,08:30:05 PM,0
2101725,,ADELCEN1,0,1730248252,1730248252,08:30:52 PM,08:30:52 PM,0
2101725,,ADELMCMA,,,,,,
2101725,,ADELPIC1,0,1730248342,1730248342,08:32:22 PM,08:32:22 PM,0
2101725,,ADELOXF1,0,1730248380,1730248380,08:33:00 PM,08:33:00 PM,0
2101725,,ADELSJA1,0,1730248410,1730248410,08:33:30 PM,08:33:30 PM,0
2101725,,ADELGRO1,0,1730248456,1730248456,08:34:16 PM,08:34:16 PM,0
2101725,,ADELCHE1,0,1730248500,1730248500,08:35:00 PM,08:35:00 PM,0
2101725,,ADELVIC1,0,1730248531,1730248531,08:35:31 PM,08:35:31 PM,0
2101725,,ADELREG1,0,1730248579,1730248579,08:36:19 PM,08:36:19 PM,0
2101725,,ADELHUR1,0,1730248613,1730248613,08:36:53 PM,08:36:53 PM,0
2101725,,ADELHUR5,0,1730248672,1730248672,08:37:52 PM,08:37:52 PM,0
2101725,,ADELKIP1,0,1730248714,1730248714,08:38:34 PM,08:38:34 PM,0
2101725,,ADELWIN1,0,1730248814,1730248814,08:40:14 PM,08:40:14 PM,0
2101725,,ADELGLEN,0,1730248915,1730248915,08:41:55 PM,08:41:55 PM,0
2101725,,ADELTENN,0,1730248941,1730248941,08:42:21 PM,08:42:21 PM,0
2101725,,FANSADE4,0,1730249040,1730249040,08:44:00 PM,08:44:00 PM,0
2101725,,FANSSTO2,0,1730249076,1730249076,08:44:36 PM,08:44:36 PM,0
2101725,,FANSHAS2,0,1730249174,1730249174,08:46:14 PM,08:46:14 PM,0
2101725,,FANSJEN2,0,1730249209,1730249209,08:46:49 PM,08:46:49 PM,0
2101725,,FANSJEN4,0,1730249235,1730249235,08:47:15 PM,08:47:15 PM,0
2101725,,FANSNCR2,0,1730249274,1730249274,08:47:54 PM,08:47:54 PM,0
2101725,,MASOSTO6,0,1730249340,1730249340,08:49:00 PM,08:49:00 PM,0
2101653,,MASOSTO6,0,1730249760,1730249760,08:56:00 PM,08:56:00 PM,0
2101653,,FANSRIC1,0,1730249829,1730249829,08:57:09 PM,08:57:09 PM,0
2101653,,FANSNCR1,0,1730249851,1730249851,08:57:31 PM,08:57:31 PM,0
2101653,,FANSNCR3,0,1730249885,1730249885,08:58:05 PM,08:58:05 PM,0
2101653,,FANSHAS3,0,1730249930,1730249930,08:58:50 PM,08:58:50 PM,0
2101653,,FANSHAS1,0,1730249967,1730249967,08:59:27 PM,08:59:27 PM,0
2101653,,FANSSTO3,0,1730250009,1730250009,09:00:09 PM,09:00:09 PM,0
2101653,,FANSSTO1,0,1730250055,1730250055,09:00:55 PM,09:00:55 PM,0
2101653,,ADELFAN2,0,1730250120,1730250120,09:02:00 PM,09:02:00 PM,0
2101653,,ADELMAPL,0,1730250151,1730250151,09:02:31 PM,09:02:31 PM,0
2101653,,ADELWILL,0,1730250174,1730250174,09:02:54 PM,09:02:54 PM,0
2101653,,ADELWIN2,0,1730250236,1730250236,09:03:56 PM,09:03:56 PM,0
2101653,,ADELKIP2,0,1730250300,1730250300,09:05:00 PM,09:05:00 PM,0
2101653,,ADELKIP6,0,1730250362,1730250362,09:06:02 PM,09:06:02 PM,0
2101653,,ADELHUR2,0,1730250433,1730250433,09:07:13 PM,09:07:13 PM,0
2101653,,ADELVIC2,0,1730250488,1730250488,09:08:08 PM,09:08:08 PM,0
2101653,,ADELCHE2,0,1730250540,1730250540,09:09:00 PM,09:09:00 PM,0
2101653,,ADELGRO2,0,1730250575,1730250575,09:09:35 PM,09:09:35 PM,0
2101653,,ADELSJA2,0,1730250621,1730250621,09:10:21 PM,09:10:21 PM,0
2101653,,ADELOXF2,0,1730250660,1730250660,09:11:00 PM,09:11:00 PM,0
2101653,,ADELPIC2,0,1730250695,1730250695,09:11:35 PM,09:11:35 PM,0
2101653,,ADELPAMA,,,,,,
2101653,,ADELCEN2,0,1730250795,1730250795,09:13:15 PM,09:13:15 PM,0
2101653,,ADELROSE,0,1730250823,1730250823,09:13:43 PM,09:13:43 PM,0
2101653,,ADELPRIN,0,1730250854,1730250854,09:14:14 PM,09:14:14 PM,0
2101653,,ADELDUFR,0,1730250881,1730250881,09:14:41 PM,09:14:41 PM,0
2101653,,ADELQUEE,0,1730250910,1730250910,09:15:10 PM,09:15:10 PM,0
2101653,,ADELDUN2,0,1730250960,1730250960,09:16:00 PM,09:16:00 PM,0
2101653,,ADELHAMI,0,1730251080,1730251080,09:18:00 PM,09:18:00 PM,0
2101653,,ADELHIL2,0,1730251107,1730251107,09:18:27 PM,09:18:27 PM,0
2101653,,ADELNEL2,0,1730251148,1730251148,09:19:08 PM,09:19:08 PM,0
2101653,,ADELADA2,0,1730251189,1730251189,09:19:49 PM,09:19:49 PM,0
2101653,,ADELEDNA,0,1730251228,1730251228,09:20:28 PM,09:20:28 PM,0
2101653,,ADELTHO4,0,1730251287,1730251287,09:21:27 PM,09:21:27 PM,0
2101653,,ADELTHO6,0,1730251312,1730251312,09:21:52 PM,09:21:52 PM,0
2101653,,ADELTHO2,0,1730251339,1730251339,09:22:19 PM,09:22:19 PM,0
2101653,,ADELTHO8,0,1730251363,1730251363,09:22:43 PM,09:22:43 PM,0
2101653,,ADELLEA2,0,1730251396,1730251396,09:23:16 PM,09:23:16 PM,0
2101653,,COMMADE1,0,1730251440,1730251440,09:24:00 PM,09:24:00 PM,0
2101653,,COMMLEA1,0,1730251465,1730251465,09:24:25 PM,09:24:25 PM,0
2101653,,COMMFRO1,0,1730251514,1730251514,09:25:14 PM,09:25:14 PM,0
2101653,,COMMKIE1,0,1730251542,1730251542,09:25:42 PM,09:25:42 PM,0
2101653,,COMMPOM1,0,1730251586,1730251586,09:26:26 PM,09:26:26 PM,0
2101653,,COMMPOM1,0,1730251586,1730251586,09:26:26 PM,09:26:26 PM,0
2101653,,PONDDEV2,0,1730251611,1730251611,09:26:51 PM,09:26:51 PM,0
2101653,,PONDBAN2,0,1730251638,1730251638,09:27:18 PM,09:27:18 PM,0
2101653,,DEVEPOND,0,1730251669,1730251669,09:27:49 PM,09:27:49 PM,0
2101653,,DEVEGLEN,0,1730251715,1730251715,09:28:35 PM,09:28:35 PM,0
2101653,,DEVELYSA,0,1730251760,1730251760,09:29:20 PM,09:29:20 PM,0
2101653,,DEVEBANB,0,1730251800,1730251800,09:30:00 PM,09:30:00 PM,0
2101653,,DEVECOM1,0,1730251840,1730251840,09:30:40 PM,09:30:40 PM,0
2101653,,COMMDEV4,0,1730251920,1730251920,09:32:00 PM,09:32:00 PM,0
2101728,,COMMDEV4,0,1730252040,1730252040,09:34:00 PM,09:34:00 PM,0
2101728,,COMMPOM4,0,1730252089,1730252089,09:34:49 PM,09:34:49 PM,0
2101728,,COMMKIE2,0,1730252135,1730252135,09:35:35 PM,09:35:35 PM,0
2101728,,COMMFRO2,0,1730252169,1730252169,09:36:09 PM,09:36:09 PM,0
2101728,,COMMLEA2,0,1730252203,1730252203,09:36:43 PM,09:36:43 PM,0
2101728,,COMMADE2,0,1730252223,1730252223,09:37:03 PM,09:37:03 PM,0
2101728,,ADELLEA1,0,1730252266,1730252266,09:37:46 PM,09:37:46 PM,0
2101728,,ADELLEA3,0,1730252311,1730252311,09:38:31 PM,09:38:31 PM,0
2101728,,ADELLEA5,0,1730252327,1730252327,09:38:47 PM,09:38:47 PM,0
2101728,,ADELLEA7,0,1730252357,1730252357,09:39:17 PM,09:39:17 PM,0
2101728,,ADELTHO1,0,1730252400,1730252400,09:40:00 PM,09:40:00 PM,0
2101728,,ADELMAUD,0,1730252436,1730252436,09:40:36 PM,09:40:36 PM,0
2101728,,ADELTERR,0,1730252474,1730252474,09:41:14 PM,09:41:14 PM,0
2101728,,ADELADA1,0,1730252496,1730252496,09:41:36 PM,09:41:36 PM,0
2101728,,ADELNEL1,0,1730252552,1730252552,09:42:32 PM,09:42:32 PM,0
2101728,,ADELHIL1,0,1730252590,1730252590,09:43:10 PM,09:43:10 PM,0
2101728,,ADELLISI,0,1730252640,1730252640,09:44:00 PM,09:44:00 PM,0
2101728,,ADELDUN1,0,1730252760,1730252760,09:46:00 PM,09:46:00 PM,0
2101728,,ADELLORN,0,1730252825,1730252825,09:47:05 PM,09:47:05 PM,0
2101728,,ADELCEN1,0,1730252872,1730252872,09:47:52 PM,09:47:52 PM,0
2101728,,ADELMCMA,,,,,,
2101728,,ADELPIC1,0,1730252962,1730252962,09:49:22 PM,09:49:22 PM,0
2101728,,ADELOXF1,0,1730253000,1730253000,09:50:00 PM,09:50:00 PM,0
2101728,,ADELSJA1,0,1730253030,1730253030,09:50:30 PM,09:50:30 PM,0
2101728,,ADELGRO1,0,1730253076,1730253076,09:51:16 PM,09:51:16 PM,0
2101728,,ADELCHE1,0,1730253120,1730253120,09:52:00 PM,09:52:00 PM,0
2101728,,ADELVIC1,0,1730253148,1730253148,09:52:28 PM,09:52:28 PM,0
2101728,,ADELREG1,0,1730253191,1730253191,09:53:11 PM,09:53:11 PM,0
2101728,,ADELHUR1,0,1730253221,1730253221,09:53:41 PM,09:53:41 PM,0
2101728,,ADELHUR5,0,1730253274,1730253274,09:54:34 PM,09:54:34 PM,0
2101728,,ADELKIP1,0,1730253311,1730253311,09:55:11 PM,09:55:11 PM,0
2101728,,ADELWIN1,0,1730253400,1730253400,09:56:40 PM,09:56:40 PM,0
2101728,,ADELGLEN,0,1730253490,1730253490,09:58:10 PM,09:58:10 PM,0
2101728,,ADELTENN,0,1730253513,1730253513,09:58:33 PM,09:58:33 PM,0
2101728,,FANSADE4,0,1730253600,1730253600,10:00:00 PM,10:00:00 PM,0
2101728,,FANSSTO2,0,1730253636,1730253636,10:00:36 PM,10:00:36 PM,0
2101728,,FANSHAS2,0,1730253734,1730253734,10:02:14 PM,10:02:14 PM,0
2101728,,FANSJEN2,0,1730253769,1730253769,10:02:49 PM,10:02:49 PM,0
2101728,,FANSJEN4,0,1730253795,1730253795,10:03:15 PM,10:03:15 PM,0
2101728,,FANSNCR2,0,1730253834,1730253834,10:03:54 PM,10:03:54 PM,0
2101728,,MASOSTO6,0,1730253900,1730253900,10:05:00 PM,10:05:00 PM,0
2101658,,MASOSTO6,0,1730253900,1730253900,10:05:00 PM,10:05:00 PM,0
2101658,,FANSRIC1,0,1730253969,1730253969,10:06:09 PM,10:06:09 PM,0
2101658,,FANSNCR1,0,1730253991,1730253991,10:06:31 PM,10:06:31 PM,0
2101658,,FANSNCR3,0,1730254025,1730254025,10:07:05 PM,10:07:05 PM,0
2101658,,FANSHAS3,0,1730254070,1730254070,10:07:50 PM,10:07:50 PM,0
2101658,,FANSHAS1,0,1730254107,1730254107,10:08:27 PM,10:08:27 PM,0
2101658,,FANSSTO3,0,1730254149,1730254149,10:09:09 PM,10:09:09 PM,0
2101658,,FANSSTO1,0,1730254195,1730254195,10:09:55 PM,10:09:55 PM,0
2101658,,ADELFAN2,0,1730254260,1730254260,10:11:00 PM,10:11:00 PM,0
2101658,,ADELMAPL,0,1730254291,1730254291,10:11:31 PM,10:11:31 PM,0
2101658,,ADELWILL,0,1730254314,1730254314,10:11:54 PM,10:11:54 PM,0
2101658,,ADELWIN2,0,1730254376,1730254376,10:12:56 PM,10:12:56 PM,0
2101658,,ADELKIP2,0,1730254440,1730254440,10:14:00 PM,10:14:00 PM,0
2101658,,ADELKIP6,0,1730254502,1730254502,10:15:02 PM,10:15:02 PM,0
2101658,,ADELHUR2,0,1730254573,1730254573,10:16:13 PM,10:16:13 PM,0
2101658,,ADELVIC2,0,1730254628,1730254628,10:17:08 PM,10:17:08 PM,0
2101658,,ADELCHE2,0,1730254680,1730254680,10:18:00 PM,10:18:00 PM,0
2101658,,ADELGRO2,0,1730254715,1730254715,10:18:35 PM,10:18:35 PM,0
2101658,,ADELSJA2,0,1730254761,1730254761,10:19:21 PM,10:19:21 PM,0
2101658,,ADELOXF2,0,1730254800,1730254800,10:20:00 PM,10:20:00 PM,0
2101658,,ADELPIC2,0,1730254835,1730254835,10:20:35 PM,10:20:35 PM,0
2101658,,ADELPAMA,,,,,,
2101658,,ADELCEN2,0,1730254935,1730254935,10:22:15 PM,10:22:15 PM,0
2101658,,ADELROSE,0,1730254963,1730254963,10:22:43 PM,10:22:43 PM,0
2101658,,ADELPRIN,0,1730254994,1730254994,10:23:14 PM,10:23:14 PM,0
2101658,,ADELDUFR,0,1730255021,1730255021,10:23:41 PM,10:23:41 PM,0
2101658,,ADELQUEE,0,1730255050,1730255050,10:24:10 PM,10:24:10 PM,0
2101658,,ADELDUN2,0,1730255100,1730255100,10:25:00 PM,10:25:00 PM,0
2101658,,ADELHAMI,0,1730255220,1730255220,10:27:00 PM,10:27:00 PM,0
2101658,,ADELHIL2,0,1730255247,1730255247,10:27:27 PM,10:27:27 PM,0
2101658,,ADELNEL2,0,1730255288,1730255288,10:28:08 PM,10:28:08 PM,0
2101658,,ADELADA2,0,1730255329,1730255329,10:28:49 PM,10:28:49 PM,0
2101658,,ADELEDNA,0,1730255368,1730255368,10:29:28 PM,10:29:28 PM,0
2101658,,ADELTHO4,0,1730255427,1730255427,10:30:27 PM,10:30:27 PM,0
2101658,,ADELTHO6,0,1730255452,1730255452,10:30:52 PM,10:30:52 PM,0
2101658,,ADELTHO2,0,1730255479,1730255479,10:31:19 PM,10:31:19 PM,0
2101658,,ADELTHO8,0,1730255503,1730255503,10:31:43 PM,10:31:43 PM,0
2101658,,ADELLEA2,0,1730255536,1730255536,10:32:16 PM,10:32:16 PM,0
2101658,,COMMADE1,0,1730255580,1730255580,10:33:00 PM,10:33:00 PM,0
2101658,,COMMLEA1,0,1730255605,1730255605,10:33:25 PM,10:33:25 PM,0
2101658,,COMMFRO1,0,1730255654,1730255654,10:34:14 PM,10:34:14 PM,0
2101658,,COMMKIE1,0,1730255682,1730255682,10:34:42 PM,10:34:42 PM,0
2101658,,COMMPOM1,0,1730255726,1730255726,10:35:26 PM,10:35:26 PM,0
2101658,,COMMPOM1,0,1730255726,1730255726,10:35:26 PM,10:35:26 PM,0
2101658,,PONDDEV2,0,1730255751,1730255751,10:35:51 PM,10:35:51 PM,0
2101658,,PONDBAN2,0,1730255778,1730255778,10:36:18 PM,10:36:18 PM,0
2101658,,DEVEPOND,0,1730255809,1730255809,10:36:49 PM,10:36:49 PM,0
2101658,,DEVEGLEN,0,1730255855,1730255855,10:37:35 PM,10:37:35 PM,0
2101658,,DEVELYSA,0,1730255900,1730255900,10:38:20 PM,10:38:20 PM,0
2101658,,DEVEBANB,0,1730255940,1730255940,10:39:00 PM,10:39:00 PM,0
2101658,,DEVECOM1,0,1730255980,1730255980,10:39:40 PM,10:39:40 PM,0
2101658,,COMMDEV4,0,1730256060,1730256060,10:41:00 PM,10:41:00 PM,0
2101731,,COMMDEV4,0,1730256420,1730256420,10:47:00 PM,10:47:00 PM,0
2101731,,COMMPOM4,0,1730256469,1730256469,10:47:49 PM,10:47:49 PM,0
2101731,,COMMKIE2,0,1730256515,1730256515,10:48:35 PM,10:48:35 PM,0
2101731,,COMMFRO2,0,1730256549,1730256549,10:49:09 PM,10:49:09 PM,0
2101731,,COMMLEA2,0,1730256583,1730256583,10:49:43 PM,10:49:43 PM,0
2101731,,COMMADE2,0,1730256603,1730256603,10:50:03 PM,10:50:03 PM,0
2101731,,ADELLEA1,0,1730256646,1730256646,10:50:46 PM,10:50:46 PM,0
2101731,,ADELLEA3,0,1730256691,1730256691,10:51:31 PM,10:51:31 PM,0
2101731,,ADELLEA5,0,1730256707,1730256707,10:51:47 PM,10:51:47 PM,0
2101731,,ADELLEA7,0,1730256737,1730256737,10:52:17 PM,10:52:17 PM,0
2101731,,ADELTHO1,0,1730256780,1730256780,10:53:00 PM,10:53:00 PM,0
2101731,,ADELMAUD,0,1730256816,1730256816,10:53:36 PM,10:53:36 PM,0
2101731,,ADELTERR,0,1730256854,1730256854,10:54:14 PM,10:54:14 PM,0
2101731,,ADELADA1,0,1730256876,1730256876,10:54:36 PM,10:54:36 PM,0
2101731,,ADELNEL1,0,1730256932,1730256932,10:55:32 PM,10:55:32 PM,0
2101731,,ADELHIL1,0,1730256970,1730256970,10:56:10 PM,10:56:10 PM,0
2101731,,ADELLISI,0,1730257020,1730257020,10:57:00 PM,10:57:00 PM,0
2101731,,ADELDUN1,0,1730257140,1730257140,10:59:00 PM,10:59:00 PM,0
2101731,,ADELLORN,0,1730257205,1730257205,11:00:05 PM,11:00:05 PM,0
2101731,,ADELCEN1,0,1730257252,1730257252,11:00:52 PM,11:00:52 PM,0
2101731,,ADELMCMA,,,,,,
2101731,,ADELPIC1,0,1730257342,1730257342,11:02:22 PM,11:02:22 PM,0
2101731,,ADELOXF1,0,1730257380,1730257380,11:03:00 PM,11:03:00 PM,0
2101731,,ADELSJA1,0,1730257410,1730257410,11:03:30 PM,11:03:30 PM,0
2101731,,ADELGRO1,0,1730257456,1730257456,11:04:16 PM,11:04:16 PM,0
2101731,,ADELCHE1,0,1730257500,1730257500,11:05:00 PM,11:05:00 PM,0
2101731,,ADELVIC1,0,1730257528,1730257528,11:05:28 PM,11:05:28 PM,0
2101731,,ADELREG1,0,1730257571,1730257571,11:06:11 PM,11:06:11 PM,0
2101731,,ADELHUR1,0,1730257601,1730257601,11:06:41 PM,11:06:41 PM,0
2101731,,ADELHUR5,0,1730257654,1730257654,11:07:34 PM,11:07:34 PM,0
2101731,,ADELKIP1,0,1730257691,1730257691,11:08:11 PM,11:08:11 PM,0
2101731,,ADELWIN1,0,1730257780,1730257780,11:09:40 PM,11:09:40 PM,0
2101731,,ADELGLEN,0,1730257870,1730257870,11:11:10 PM,11:11:10 PM,0
2101731,,ADELTENN,0,1730257893,1730257893,11:11:33 PM,11:11:33 PM,0
2101731,,FANSADE4,0,1730257980,1730257980,11:13:00 PM,11:13:00 PM,0
2101731,,FANSSTO2,0,1730258016,1730258016,11:13:36 PM,11:13:36 PM,0
2101731,,FANSHAS2,0,1730258114,1730258114,11:15:14 PM,11:15:14 PM,0
2101731,,FANSJEN2,0,1730258149,1730258149,11:15:49 PM,11:15:49 PM,0
2101731,,FANSJEN4,0,1730258175,1730258175,11:16:15 PM,11:16:15 PM,0
2101731,,FANSNCR2,0,1730258214,1730258214,11:16:54 PM,11:16:54 PM,0
2101731,,MASOSTO6,0,1730258280,1730258280,11:18:00 PM,11:18:00 PM,0
2101661,,MASOSTO6,0,1730258400,1730258400,11:20:00 PM,11:20:00 PM,0
2101661,,FANSRIC1,0,1730258469,1730258469,11:21:09 PM,11:21:09 PM,0
2101661,,FANSNCR1,0,1730258491,1730258491,11:21:31 PM,11:21:31 PM,0
2101661,,FANSNCR3,0,1730258525,1730258525,11:22:05 PM,11:22:05 PM,0
2101661,,FANSHAS3,0,1730258570,1730258570,11:22:50 PM,11:22:50 PM,0
2101661,,FANSHAS1,0,1730258607,1730258607,11:23:27 PM,11:23:27 PM,0
2101661,,FANSSTO3,0,1730258649,1730258649,11:24:09 PM,11:24:09 PM,0
2101661,,FANSSTO1,0,1730258695,1730258695,11:24:55 PM,11:24:55 PM,0
2101661,,ADELFAN2,0,1730258760,1730258760,11:26:00 PM,11:26:00 PM,0
2101661,,ADELMAPL,0,1730258791,1730258791,11:26:31 PM,11:26:31 PM,0
2101661,,ADELWILL,0,1730258814,1730258814,11:26:54 PM,11:26:54 PM,0
2101661,,ADELWIN2,0,1730258876,1730258876,11:27:56 PM,11:27:56 PM,0
2101661,,ADELKIP2,0,1730258940,1730258940,11:29:00 PM,11:29:00 PM,0
2101661,,ADELKIP6,0,1730259002,1730259002,11:30:02 PM,11:30:02 PM,0
2101661,,ADELHUR2,0,1730259073,1730259073,11:31:13 PM,11:31:13 PM,0
2101661,,ADELVIC2,0,1730259128,1730259128,11:32:08 PM,11:32:08 PM,0
2101661,,ADELCHE2,0,1730259180,1730259180,11:33:00 PM,11:33:00 PM,0
2101661,,ADELGRO2,0,1730259215,1730259215,11:33:35 PM,11:33:35 PM,0
2101661,,ADELSJA2,0,1730259261,1730259261,11:34:21 PM,11:34:21 PM,0
2101661,,ADELOXF2,0,1730259300,1730259300,11:35:00 PM,11:35:00 PM,0
2101661,,ADELPIC2,0,1730259335,1730259335,11:35:35 PM,11:35:35 PM,0
2101661,,ADELPAMA,,,,,,
2101661,,ADELCEN2,0,1730259435,1730259435,11:37:15 PM,11:37:15 PM,0
2101661,,ADELROSE,0,1730259463,1730259463,11:37:43 PM,11:37:43 PM,0
2101661,,ADELPRIN,0,1730259494,1730259494,11:38:14 PM,11:38:14 PM,0
2101661,,ADELDUFR,0,1730259521,1730259521,11:38:41 PM,11:38:41 PM,0
2101661,,ADELQUEE,0,1730259550,1730259550,11:39:10 PM,11:39:10 PM,0
2101661,,ADELDUN2,0,1730259600,1730259600,11:40:00 PM,11:40:00 PM,0
2101661,,ADELHAMI,0,1730259720,1730259720,11:42:00 PM,11:42:00 PM,0
2101661,,ADELHIL2,0,1730259747,1730259747,11:42:27 PM,11:42:27 PM,0
2101661,,ADELNEL2,0,1730259788,1730259788,11:43:08 PM,11:43:08 PM,0
2101661,,ADELADA2,0,1730259829,1730259829,11:43:49 PM,11:43:49 PM,0
2101661,,ADELEDNA,0,1730259868,1730259868,11:44:28 PM,11:44:28 PM,0
2101661,,ADELTHO4,0,1730259927,1730259927,11:45:27 PM,11:45:27 PM,0
2101661,,ADELTHO6,0,1730259952,1730259952,11:45:52 PM,11:45:52 PM,0
2101661,,ADELTHO2,0,1730259979,1730259979,11:46:19 PM,11:46:19 PM,0
2101661,,ADELTHO8,0,1730260003,1730260003,11:46:43 PM,11:46:43 PM,0
2101661,,ADELLEA2,0,1730260036,1730260036,11:47:16 PM,11:47:16 PM,0
2101661,,COMMADE1,0,1730260080,1730260080,11:48:00 PM,11:48:00 PM,0
2101661,,COMMLEA1,0,1730260105,1730260105,11:48:25 PM,11:48:25 PM,0
2101661,,COMMFRO1,0,1730260154,1730260154,11:49:14 PM,11:49:14 PM,0
2101661,,COMMKIE1,0,1730260182,1730260182,11:49:42 PM,11:49:42 PM,0
2101661,,COMMPOM1,0,1730260226,1730260226,11:50:26 PM,11:50:26 PM,0
2101661,,COMMPOM1,0,1730260226,1730260226,11:50:26 PM,11:50:26 PM,0
2101661,,PONDDEV2,0,1730260251,1730260251,11:50:51 PM,11:50:51 PM,0
2101661,,PONDBAN2,0,1730260278,1730260278,11:51:18 PM,11:51:18 PM,0
2101661,,DEVEPOND,0,1730260309,1730260309,11:51:49 PM,11:51:49 PM,0
2101661,,DEVEGLEN,0,1730260355,1730260355,11:52:35 PM,11:52:35 PM,0
2101661,,DEVELYSA,0,1730260400,1730260400,11:53:20 PM,11:53:20 PM,0
2101661,,DEVEBANB,0,1730260440,1730260440,11:54:00 PM,11:54:00 PM,0
2101661,,DEVECOM1,0,1730260480,1730260480,11:54:40 PM,11:54:40 PM,0
2101661,,COMMDEV4,0,1730260560,1730260560,11:56:00 PM,11:56:00 PM,0
2101738,,COMMDEV4,0,1730260920,1730260920,12:02:00 AM,12:02:00 AM,0
2101738,,COMMPOM4,0,1730260969,1730260969,12:02:49 AM,12:02:49 AM,0
2101738,,COMMKIE2,0,1730261015,1730261015,12:03:35 AM,12:03:35 AM,0
2101738,,COMMFRO2,0,1730261049,1730261049,12:04:09 AM,12:04:09 AM,0
2101738,,COMMLEA2,0,1730261083,1730261083,12:04:43 AM,12:04:43 AM,0
2101738,,COMMADE2,0,1730261103,1730261103,12:05:03 AM,12:05:03 AM,0
2101738,,ADELLEA1,0,1730261146,1730261146,12:05:46 AM,12:05:46 AM,0
2101738,,ADELLEA3,0,1730261191,1730261191,12:06:31 AM,12:06:31 AM,0
2101738,,ADELLEA5,0,1730261207,1730261207,12:06:47 AM,12:06:47 AM,0
2101738,,ADELLEA7,0,1730261237,1730261237,12:07:17 AM,12:07:17 AM,0
2101738,,ADELTHO1,0,1730261280,1730261280,12:08:00 AM,12:08:00 AM,0
2101738,,ADELMAUD,0,1730261316,1730261316,12:08:36 AM,12:08:36 AM,0
2101738,,ADELTERR,0,1730261354,1730261354,12:09:14 AM,12:09:14 AM,0
2101738,,ADELADA1,0,1730261376,1730261376,12:09:36 AM,12:09:36 AM,0
2101738,,ADELNEL1,0,1730261432,1730261432,12:10:32 AM,12:10:32 AM,0
2101738,,ADELHIL1,0,1730261470,1730261470,12:11:10 AM,12:11:10 AM,0
2101738,,ADELLISI,0,1730261520,1730261520,12:12:00 AM,12:12:00 AM,0
2101738,,ADELDUN1,0,1730261640,1730261640,12:14:00 AM,12:14:00 AM,0
2101738,,ADELLORN,0,1730261705,1730261705,12:15:05 AM,12:15:05 AM,0
2101738,,ADELCEN1,0,1730261752,1730261752,12:15:52 AM,12:15:52 AM,0
2101738,,ADELMCMA,,,,,,
2101738,,ADELPIC1,0,1730261842,1730261842,12:17:22 AM,12:17:22 AM,0
2101738,,ADELOXF1,0,1730261880,1730261880,12:18:00 AM,12:18:00 AM,0
2101738,,ADELSJA1,0,1730261910,1730261910,12:18:30 AM,12:18:30 AM,0
2101738,,ADELGRO1,0,1730261956,1730261956,12:19:16 AM,12:19:16 AM,0
2101738,,ADELCHE1,0,1730262000,1730262000,12:20:00 AM,12:20:00 AM,0
2101738,,ADELVIC1,0,1730262028,1730262028,12:20:28 AM,12:20:28 AM,0
2101738,,ADELREG1,0,1730262071,1730262071,12:21:11 AM,12:21:11 AM,0
2101738,,ADELHUR1,0,1730262101,1730262101,12:21:41 AM,12:21:41 AM,0
2101738,,ADELHUR5,0,1730262154,1730262154,12:22:34 AM,12:22:34 AM,0
2101738,,ADELKIP1,0,1730262191,1730262191,12:23:11 AM,12:23:11 AM,0
2101738,,ADELWIN1,0,1730262280,1730262280,12:24:40 AM,12:24:40 AM,0
2101738,,ADELGLEN,0,1730262370,1730262370,12:26:10 AM,12:26:10 AM,0
2101738,,ADELTENN,0,1730262393,1730262393,12:26:33 AM,12:26:33 AM,0
2101738,,FANSADE4,0,1730262480,1730262480,12:28:00 AM,12:28:00 AM,0
2101738,,FANSSTO2,0,1730262516,1730262516,12:28:36 AM,12:28:36 AM,0
2101738,,FANSHAS2,0,1730262614,1730262614,12:30:14 AM,12:30:14 AM,0
2101738,,FANSJEN2,0,1730262649,1730262649,12:30:49 AM,12:30:49 AM,0
2101738,,FANSJEN4,0,1730262675,1730262675,12:31:15 AM,12:31:15 AM,0
2101738,,FANSNCR2,0,1730262714,1730262714,12:31:54 AM,12:31:54 AM,0
2101738,,MASOSTO6,0,1730262780,1730262780,12:33:00 AM,12:33:00 AM,0
2101666,,MASOSTO6,0,1730262960,1730262960,12:36:00 AM,12:36:00 AM,0
2101666,,FANSRIC1,0,1730263029,1730263029,12:37:09 AM,12:37:09 AM,0
2101666,,FANSNCR1,0,1730263051,1730263051,12:37:31 AM,12:37:31 AM,0
2101666,,FANSNCR3,0,1730263085,1730263085,12:38:05 AM,12:38:05 AM,0
2101666,,FANSHAS3,0,1730263130,1730263130,12:38:50 AM,12:38:50 AM,0
2101666,,FANSHAS1,0,1730263167,1730263167,12:39:27 AM,12:39:27 AM,0
2101666,,FANSSTO3,0,1730263209,1730263209,12:40:09 AM,12:40:09 AM,0
2101666,,FANSSTO1,0,1730263255,1730263255,12:40:55 AM,12:40:55 AM,0
2101666,,ADELFAN2,0,1730263320,1730263320,12:42:00 AM,12:42:00 AM,0
2101666,,ADELMAPL,0,1730263351,1730263351,12:42:31 AM,12:42:31 AM,0
2101666,,ADELWILL,0,1730263374,1730263374,12:42:54 AM,12:42:54 AM,0
2101666,,ADELWIN2,0,1730263436,1730263436,12:43:56 AM,12:43:56 AM,0
2101666,,ADELKIP2,0,1730263500,1730263500,12:45:00 AM,12:45:00 AM,0
2101666,,ADELKIP6,0,1730263562,1730263562,12:46:02 AM,12:46:02 AM,0
2101666,,ADELHUR2,0,1730263633,1730263633,12:47:13 AM,12:47:13 AM,0
2101666,,ADELVIC2,0,1730263688,1730263688,12:48:08 AM,12:48:08 AM,0
2101666,,ADELCHE2,0,1730263740,1730263740,12:49:00 AM,12:49:00 AM,0
2101666,,ADELGRO2,0,1730263775,1730263775,12:49:35 AM,12:49:35 AM,0
2101666,,ADELSJA2,0,1730263821,1730263821,12:50:21 AM,12:50:21 AM,0
2101666,,ADELOXF2,0,1730263860,1730263860,12:51:00 AM,12:51:00 AM,0
2101666,,ADELPIC2,0,1730263888,1730263888,12:51:28 AM,12:51:28 AM,0
2101666,,ADELPAMA,,,,,,
2101666,,ADELCEN2,0,1730263968,1730263968,12:52:48 AM,12:52:48 AM,0
2101666,,ADELROSE,0,1730263990,1730263990,12:53:10 AM,12:53:10 AM,0
2101666,,ADELPRIN,0,1730264015,1730264015,12:53:35 AM,12:53:35 AM,0
2101666,,ADELDUFR,0,1730264036,1730264036,12:53:56 AM,12:53:56 AM,0
2101666,,ADELQUEE,0,1730264059,1730264059,12:54:19 AM,12:54:19 AM,0
2101666,,ADELDUN2,0,1730264100,1730264100,12:55:00 AM,12:55:00 AM,0
2101666,,ADELHAMI,0,1730264220,1730264220,12:57:00 AM,12:57:00 AM,0
2101666,,ADELHIL2,0,1730264247,1730264247,12:57:27 AM,12:57:27 AM,0
2101666,,ADELNEL2,0,1730264288,1730264288,12:58:08 AM,12:58:08 AM,0
2101666,,ADELADA2,0,1730264329,1730264329,12:58:49 AM,12:58:49 AM,0
2101666,,ADELEDNA,0,1730264368,1730264368,12:59:28 AM,12:59:28 AM,0
2101666,,ADELTHO4,0,1730264427,1730264427,01:00:27 AM,01:00:27 AM,0
2101666,,ADELTHO6,0,1730264452,1730264452,01:00:52 AM,01:00:52 AM,0
2101666,,ADELTHO2,0,1730264479,1730264479,01:01:19 AM,01:01:19 AM,0
2101666,,ADELTHO8,0,1730264503,1730264503,01:01:43 AM,01:01:43 AM,0
2101666,,ADELLEA2,0,1730264536,1730264536,01:02:16 AM,01:02:16 AM,0
2101666,,COMMADE1,0,1730264580,1730264580,01:03:00 AM,01:03:00 AM,0
2101666,,COMMLEA1,0,1730264601,1730264601,01:03:21 AM,01:03:21 AM,0
2101666,,COMMFRO1,0,1730264643,1730264643,01:04:03 AM,01:04:03 AM,0
2101666,,COMMKIE1,0,1730264667,1730264667,01:04:27 AM,01:04:27 AM,0
2101666,,COMMPOM1,0,1730264704,1730264704,01:05:04 AM,01:05:04 AM,0
2101666,,COMMPOM1,0,1730264704,1730264704,01:05:04 AM,01:05:04 AM,0
2101666,,PONDDEV2,0,1730264725,1730264725,01:05:25 AM,01:05:25 AM,0
2101666,,PONDBAN2,0,1730264748,1730264748,01:05:48 AM,01:05:48 AM,0
2101666,,DEVEPOND,0,1730264774,1730264774,01:06:14 AM,01:06:14 AM,0
2101666,,DEVEGLEN,0,1730264813,1730264813,01:06:53 AM,01:06:53 AM,0
2101666,,DEVELYSA,0,1730264852,1730264852,01:07:32 AM,01:07:32 AM,0
2101666,,DEVEBANB,0,1730264886,1730264886,01:08:06 AM,01:08:06 AM,0
2101666,,DEVECOM1,0,1730264940,1730264940,01:09:00 AM,01:09:00 AM,0
2101637,,MASOSTO6,0,1730230620,1730230620,03:37:00 PM,03:37:00 PM,0
2101637,,FANSRIC1,0,1730230712,1730230712,03:38:32 PM,03:38:32 PM,0
2101637,,FANSNCR1,0,1730230742,1730230742,03:39:02 PM,03:39:02 PM,0
2101637,,FANSNCR3,0,1730230788,1730230788,03:39:48 PM,03:39:48 PM,0
2101637,,FANSHAS3,0,1730230848,1730230848,03:40:48 PM,03:40:48 PM,0
2101637,,FANSHAS1,0,1730230898,1730230898,03:41:38 PM,03:41:38 PM,0
2101637,,FANSSTO3,0,1730230954,1730230954,03:42:34 PM,03:42:34 PM,0
2101637,,FANSSTO1,0,1730231016,1730231016,03:43:36 PM,03:43:36 PM,0
2101637,,ADELFAN2,0,1730231100,1730231100,03:45:00 PM,03:45:00 PM,0
2101637,,ADELMAPL,0,1730231142,1730231142,03:45:42 PM,03:45:42 PM,0
2101637,,ADELWILL,0,1730231173,1730231173,03:46:13 PM,03:46:13 PM,0
2101637,,ADELWIN2,0,1730231256,1730231256,03:47:36 PM,03:47:36 PM,0
2101637,,ADELKIP2,0,1730231340,1730231340,03:49:00 PM,03:49:00 PM,0
2101637,,ADELKIP6,0,1730231402,1730231402,03:50:02 PM,03:50:02 PM,0
2101637,,ADELHUR2,0,1730231473,1730231473,03:51:13 PM,03:51:13 PM,0
2101637,,ADELVIC2,0,1730231528,1730231528,03:52:08 PM,03:52:08 PM,0
2101637,,ADELCHE2,0,1730231580,1730231580,03:53:00 PM,03:53:00 PM,0
2101637,,ADELGRO2,0,1730231633,1730231633,03:53:53 PM,03:53:53 PM,0
2101637,,ADELSJA2,0,1730231702,1730231702,03:55:02 PM,03:55:02 PM,0
2101637,,ADELOXF2,0,1730231760,1730231760,03:56:00 PM,03:56:00 PM,0
2101637,,ADELPIC2,0,1730231802,1730231802,03:56:42 PM,03:56:42 PM,0
2101637,,ADELPAMA,,,,,,
2101637,,ADELCEN2,0,1730231923,1730231923,03:58:43 PM,03:58:43 PM,0
2101637,,ADELROSE,0,1730231957,1730231957,03:59:17 PM,03:59:17 PM,0
2101637,,ADELPRIN,0,1730231995,1730231995,03:59:55 PM,03:59:55 PM,0
2101637,,ADELDUFR,0,1730232027,1730232027,04:00:27 PM,04:00:27 PM,0
2101637,,ADELQUEE,0,1730232062,1730232062,04:01:02 PM,04:01:02 PM,0
2101637,,ADELDUN2,0,1730232120,1730232120,04:02:00 PM,04:02:00 PM,0
2101637,,ADELHAMI,0,1730232240,1730232240,04:04:00 PM,04:04:00 PM,0
2101637,,ADELHIL2,0,1730232276,1730232276,04:04:36 PM,04:04:36 PM,0
2101637,,ADELNEL2,0,1730232330,1730232330,04:05:30 PM,04:05:30 PM,0
2101637,,ADELADA2,0,1730232385,1730232385,04:06:25 PM,04:06:25 PM,0
2101637,,ADELEDNA,0,1730232437,1730232437,04:07:17 PM,04:07:17 PM,0
2101637,,ADELTHO4,0,1730232515,1730232515,04:08:35 PM,04:08:35 PM,0
2101637,,ADELTHO6,0,1730232549,1730232549,04:09:09 PM,04:09:09 PM,0
2101637,,ADELTHO2,0,1730232585,1730232585,04:09:45 PM,04:09:45 PM,0
2101637,,ADELTHO8,0,1730232617,1730232617,04:10:17 PM,04:10:17 PM,0
2101637,,ADELLEA2,0,1730232661,1730232661,04:11:01 PM,04:11:01 PM,0
2101637,,COMMADE1,0,1730232720,1730232720,04:12:00 PM,04:12:00 PM,0
2101637,,COMMLEA1,0,1730232745,1730232745,04:12:25 PM,04:12:25 PM,0
2101637,,COMMFRO1,0,1730232794,1730232794,04:13:14 PM,04:13:14 PM,0
2101637,,COMMKIE1,0,1730232822,1730232822,04:13:42 PM,04:13:42 PM,0
2101637,,COMMPOM1,0,1730232866,1730232866,04:14:26 PM,04:14:26 PM,0
2101637,,COMMPOM1,0,1730232866,1730232866,04:14:26 PM,04:14:26 PM,0
2101637,,PONDDEV2,0,1730232891,1730232891,04:14:51 PM,04:14:51 PM,0
2101637,,PONDBAN2,0,1730232918,1730232918,04:15:18 PM,04:15:18 PM,0
2101637,,DEVEPOND,0,1730232949,1730232949,04:15:49 PM,04:15:49 PM,0
2101637,,DEVEGLEN,0,1730232995,1730232995,04:16:35 PM,04:16:35 PM,0
2101637,,DEVELYSA,0,1730233040,1730233040,04:17:20 PM,04:17:20 PM,0
2101637,,DEVEBANB,0,1730233080,1730233080,04:18:00 PM,04:18:00 PM,0
2101637,,DEVECOM1,0,1730233120,1730233120,04:18:40 PM,04:18:40 PM,0
2101637,,COMMDEV4,0,1730233200,1730233200,04:20:00 PM,04:20:00 PM,0
2101712,,COMMDEV4,0,1730233500,1730233500,04:25:00 PM,04:25:00 PM,0
2101712,,COMMPOM4,0,1730233549,1730233549,04:25:49 PM,04:25:49 PM,0
2101712,,COMMKIE2,0,1730233595,1730233595,04:26:35 PM,04:26:35 PM,0
2101712,,COMMFRO2,0,1730233629,1730233629,04:27:09 PM,04:27:09 PM,0
2101712,,COMMLEA2,0,1730233663,1730233663,04:27:43 PM,04:27:43 PM,0
2101712,,COMMADE2,0,1730233683,1730233683,04:28:03 PM,04:28:03 PM,0
2101712,,ADELLEA1,0,1730233726,1730233726,04:28:46 PM,04:28:46 PM,0
2101712,,ADELLEA3,0,1730233771,1730233771,04:29:31 PM,04:29:31 PM,0
2101712,,ADELLEA5,0,1730233787,1730233787,04:29:47 PM,04:29:47 PM,0
2101712,,ADELLEA7,0,1730233817,1730233817,04:30:17 PM,04:30:17 PM,0
2101712,,ADELTHO1,0,1730233860,1730233860,04:31:00 PM,04:31:00 PM,0
2101712,,ADELMAUD,0,1730233906,1730233906,04:31:46 PM,04:31:46 PM,0
2101712,,ADELTERR,0,1730233954,1730233954,04:32:34 PM,04:32:34 PM,0
2101712,,ADELADA1,0,1730233982,1730233982,04:33:02 PM,04:33:02 PM,0
2101712,,ADELNEL1,0,1730234052,1730234052,04:34:12 PM,04:34:12 PM,0
2101712,,ADELHIL1,0,1730234100,1730234100,04:35:00 PM,04:35:00 PM,0
2101712,,ADELLISI,0,1730234160,1730234160,04:36:00 PM,04:36:00 PM,0
2101712,,ADELDUN1,0,1730234400,1730234400,04:40:00 PM,04:40:00 PM,0
2101712,,ADELLORN,0,1730234498,1730234498,04:41:38 PM,04:41:38 PM,0
2101712,,ADELCEN1,0,1730234569,1730234569,04:42:49 PM,04:42:49 PM,0
2101712,,ADELMCMA,,,,,,
2101712,,ADELPIC1,0,1730234704,1730234704,04:45:04 PM,04:45:04 PM,0
2101712,,ADELOXF1,0,1730234760,1730234760,04:46:00 PM,04:46:00 PM,0
2101712,,ADELSJA1,0,1730234790,1730234790,04:46:30 PM,04:46:30 PM,0
2101712,,ADELGRO1,0,1730234836,1730234836,04:47:16 PM,04:47:16 PM,0
2101712,,ADELCHE1,0,1730234880,1730234880,04:48:00 PM,04:48:00 PM,0
2101712,,ADELVIC1,0,1730234915,1730234915,04:48:35 PM,04:48:35 PM,0
2101712,,ADELREG1,0,1730234969,1730234969,04:49:29 PM,04:49:29 PM,0
2101712,,ADELHUR1,0,1730235007,1730235007,04:50:07 PM,04:50:07 PM,0
2101712,,ADELHUR5,0,1730235073,1730235073,04:51:13 PM,04:51:13 PM,0
2101712,,ADELKIP1,0,1730235119,1730235119,04:51:59 PM,04:51:59 PM,0
2101712,,ADELWIN1,0,1730235230,1730235230,04:53:50 PM,04:53:50 PM,0
2101712,,ADELGLEN,0,1730235343,1730235343,04:55:43 PM,04:55:43 PM,0
2101712,,ADELTENN,0,1730235371,1730235371,04:56:11 PM,04:56:11 PM,0
2101712,,FANSADE4,0,1730235480,1730235480,04:58:00 PM,04:58:00 PM,0
2101712,,FANSSTO2,0,1730235531,1730235531,04:58:51 PM,04:58:51 PM,0
2101712,,FANSHAS2,0,1730235668,1730235668,05:01:08 PM,05:01:08 PM,0
2101712,,FANSJEN2,0,1730235717,1730235717,05:01:57 PM,05:01:57 PM,0
2101712,,FANSJEN4,0,1730235754,1730235754,05:02:34 PM,05:02:34 PM,0
2101712,,FANSNCR2,0,1730235808,1730235808,05:03:28 PM,05:03:28 PM,0
2101712,,MASOSTO6,0,1730235900,1730235900,05:05:00 PM,05:05:00 PM,0
2101643,,MASOSTO6,0,1730236500,1730236500,05:15:00 PM,05:15:00 PM,0
2101643,,FANSRIC1,0,1730236592,1730236592,05:16:32 PM,05:16:32 PM,0
2101643,,FANSNCR1,0,1730236622,1730236622,05:17:02 PM,05:17:02 PM,0
2101643,,FANSNCR3,0,1730236668,1730236668,05:17:48 PM,05:17:48 PM,0
2101643,,FANSHAS3,0,1730236728,1730236728,05:18:48 PM,05:18:48 PM,0
2101643,,FANSHAS1,0,1730236778,1730236778,05:19:38 PM,05:19:38 PM,0
2101643,,FANSSTO3,0,1730236834,1730236834,05:20:34 PM,05:20:34 PM,0
2101643,,FANSSTO1,0,1730236896,1730236896,05:21:36 PM,05:21:36 PM,0
2101643,,ADELFAN2,0,1730236980,1730236980,05:23:00 PM,05:23:00 PM,0
2101643,,ADELMAPL,0,1730237022,1730237022,05:23:42 PM,05:23:42 PM,0
2101643,,ADELWILL,0,1730237053,1730237053,05:24:13 PM,05:24:13 PM,0
2101643,,ADELWIN2,0,1730237136,1730237136,05:25:36 PM,05:25:36 PM,0
2101643,,ADELKIP2,0,1730237220,1730237220,05:27:00 PM,05:27:00 PM,0
2101643,,ADELKIP6,0,1730237282,1730237282,05:28:02 PM,05:28:02 PM,0
2101643,,ADELHUR2,0,1730237353,1730237353,05:29:13 PM,05:29:13 PM,0
2101643,,ADELVIC2,0,1730237408,1730237408,05:30:08 PM,05:30:08 PM,0
2101643,,ADELCHE2,0,1730237460,1730237460,05:31:00 PM,05:31:00 PM,0
2101643,,ADELGRO2,0,1730237513,1730237513,05:31:53 PM,05:31:53 PM,0
2101643,,ADELSJA2,0,1730237582,1730237582,05:33:02 PM,05:33:02 PM,0
2101643,,ADELOXF2,0,1730237640,1730237640,05:34:00 PM,05:34:00 PM,0
2101643,,ADELPIC2,0,1730237682,1730237682,05:34:42 PM,05:34:42 PM,0
2101643,,ADELPAMA,,,,,,
2101643,,ADELCEN2,0,1730237803,1730237803,05:36:43 PM,05:36:43 PM,0
2101643,,ADELROSE,0,1730237837,1730237837,05:37:17 PM,05:37:17 PM,0
2101643,,ADELPRIN,0,1730237875,1730237875,05:37:55 PM,05:37:55 PM,0
2101643,,ADELDUFR,0,1730237907,1730237907,05:38:27 PM,05:38:27 PM,0
2101643,,ADELQUEE,0,1730237942,1730237942,05:39:02 PM,05:39:02 PM,0
2101643,,ADELDUN2,0,1730238000,1730238000,05:40:00 PM,05:40:00 PM,0
2101643,,ADELHAMI,0,1730238120,1730238120,05:42:00 PM,05:42:00 PM,0
2101643,,ADELHIL2,0,1730238156,1730238156,05:42:36 PM,05:42:36 PM,0
2101643,,ADELNEL2,0,1730238210,1730238210,05:43:30 PM,05:43:30 PM,0
2101643,,ADELADA2,0,1730238265,1730238265,05:44:25 PM,05:44:25 PM,0
2101643,,ADELEDNA,0,1730238317,1730238317,05:45:17 PM,05:45:17 PM,0
2101643,,ADELTHO4,0,1730238395,1730238395,05:46:35 PM,05:46:35 PM,0
2101643,,ADELTHO6,0,1730238429,1730238429,05:47:09 PM,05:47:09 PM,0
2101643,,ADELTHO2,0,1730238465,1730238465,05:47:45 PM,05:47:45 PM,0
2101643,,ADELTHO8,0,1730238497,1730238497,05:48:17 PM,05:48:17 PM,0
2101643,,ADELLEA2,0,1730238541,1730238541,05:49:01 PM,05:49:01 PM,0
2101643,,COMMADE1,0,1730238600,1730238600,05:50:00 PM,05:50:00 PM,0
2101643,,COMMLEA1,0,1730238625,1730238625,05:50:25 PM,05:50:25 PM,0
2101643,,COMMFRO1,0,1730238674,1730238674,05:51:14 PM,05:51:14 PM,0
2101643,,COMMKIE1,0,1730238702,1730238702,05:51:42 PM,05:51:42 PM,0
2101643,,COMMPOM1,0,1730238746,1730238746,05:52:26 PM,05:52:26 PM,0
2101643,,COMMPOM1,0,1730238746,1730238746,05:52:26 PM,05:52:26 PM,0
2101643,,PONDDEV2,0,1730238771,1730238771,05:52:51 PM,05:52:51 PM,0
2101643,,PONDBAN2,0,1730238798,1730238798,05:53:18 PM,05:53:18 PM,0
2101643,,DEVEPOND,0,1730238829,1730238829,05:53:49 PM,05:53:49 PM,0
2101643,,DEVEGLEN,0,1730238875,1730238875,05:54:35 PM,05:54:35 PM,0
2101643,,DEVELYSA,0,1730238920,1730238920,05:55:20 PM,05:55:20 PM,0
2101643,,DEVEBANB,0,1730238960,1730238960,05:56:00 PM,05:56:00 PM,0
2101643,,DEVECOM1,0,1730239000,1730239000,05:56:40 PM,05:56:40 PM,0
2101643,,COMMDEV4,0,1730239080,1730239080,05:58:00 PM,05:58:00 PM,0
2101718,,COMMDEV4,0,1730239260,1730239260,06:01:00 PM,06:01:00 PM,0
2101718,,COMMPOM4,0,1730239309,1730239309,06:01:49 PM,06:01:49 PM,0
2101718,,COMMKIE2,0,1730239355,1730239355,06:02:35 PM,06:02:35 PM,0
2101718,,COMMFRO2,0,1730239389,1730239389,06:03:09 PM,06:03:09 PM,0
2101718,,COMMLEA2,0,1730239423,1730239423,06:03:43 PM,06:03:43 PM,0
2101718,,COMMADE2,0,1730239443,1730239443,06:04:03 PM,06:04:03 PM,0
2101718,,ADELLEA1,0,1730239486,1730239486,06:04:46 PM,06:04:46 PM,0
2101718,,ADELLEA3,0,1730239531,1730239531,06:05:31 PM,06:05:31 PM,0
2101718,,ADELLEA5,0,1730239547,1730239547,06:05:47 PM,06:05:47 PM,0
2101718,,ADELLEA7,0,1730239577,1730239577,06:06:17 PM,06:06:17 PM,0
2101718,,ADELTHO1,0,1730239620,1730239620,06:07:00 PM,06:07:00 PM,0
2101718,,ADELMAUD,0,1730239656,1730239656,06:07:36 PM,06:07:36 PM,0
2101718,,ADELTERR,0,1730239694,1730239694,06:08:14 PM,06:08:14 PM,0
2101718,,ADELADA1,0,1730239716,1730239716,06:08:36 PM,06:08:36 PM,0
2101718,,ADELNEL1,0,1730239772,1730239772,06:09:32 PM,06:09:32 PM,0
2101718,,ADELHIL1,0,1730239810,1730239810,06:10:10 PM,06:10:10 PM,0
2101718,,ADELLISI,0,1730239860,1730239860,06:11:00 PM,06:11:00 PM,0
2101718,,ADELDUN1,0,1730240040,1730240040,06:14:00 PM,06:14:00 PM,0
2101718,,ADELLORN,0,1730240105,1730240105,06:15:05 PM,06:15:05 PM,0
2101718,,ADELCEN1,0,1730240152,1730240152,06:15:52 PM,06:15:52 PM,0
2101718,,ADELMCMA,,,,,,
2101718,,ADELPIC1,0,1730240242,1730240242,06:17:22 PM,06:17:22 PM,0
2101718,,ADELOXF1,0,1730240280,1730240280,06:18:00 PM,06:18:00 PM,0
2101718,,ADELSJA1,0,1730240310,1730240310,06:18:30 PM,06:18:30 PM,0
2101718,,ADELGRO1,0,1730240356,1730240356,06:19:16 PM,06:19:16 PM,0
2101718,,ADELCHE1,0,1730240400,1730240400,06:20:00 PM,06:20:00 PM,0
2101718,,ADELVIC1,0,1730240431,1730240431,06:20:31 PM,06:20:31 PM,0
2101718,,ADELREG1,0,1730240479,1730240479,06:21:19 PM,06:21:19 PM,0
2101718,,ADELHUR1,0,1730240513,1730240513,06:21:53 PM,06:21:53 PM,0
2101718,,ADELHUR5,0,1730240572,1730240572,06:22:52 PM,06:22:52 PM,0
2101718,,ADELKIP1,0,1730240614,1730240614,06:23:34 PM,06:23:34 PM,0
2101718,,ADELWIN1,0,1730240714,1730240714,06:25:14 PM,06:25:14 PM,0
2101718,,ADELGLEN,0,1730240815,1730240815,06:26:55 PM,06:26:55 PM,0
2101718,,ADELTENN,0,1730240841,1730240841,06:27:21 PM,06:27:21 PM,0
2101718,,FANSADE4,0,1730240940,1730240940,06:29:00 PM,06:29:00 PM,0
2101718,,FANSSTO2,0,1730240976,1730240976,06:29:36 PM,06:29:36 PM,0
2101718,,FANSHAS2,0,1730241074,1730241074,06:31:14 PM,06:31:14 PM,0
2101718,,FANSJEN2,0,1730241109,1730241109,06:31:49 PM,06:31:49 PM,0
2101718,,FANSJEN4,0,1730241135,1730241135,06:32:15 PM,06:32:15 PM,0
2101718,,FANSNCR2,0,1730241174,1730241174,06:32:54 PM,06:32:54 PM,0
2101718,,MASOSTO6,0,1730241240,1730241240,06:34:00 PM,06:34:00 PM,0
2101646,,MASOSTO6,0,1730241420,1730241420,06:37:00 PM,06:37:00 PM,0
2101646,,FANSRIC1,0,1730241501,1730241501,06:38:21 PM,06:38:21 PM,0
2101646,,FANSNCR1,0,1730241527,1730241527,06:38:47 PM,06:38:47 PM,0
2101646,,FANSNCR3,0,1730241567,1730241567,06:39:27 PM,06:39:27 PM,0
2101646,,FANSHAS3,0,1730241619,1730241619,06:40:19 PM,06:40:19 PM,0
2101646,,FANSHAS1,0,1730241662,1730241662,06:41:02 PM,06:41:02 PM,0
2101646,,FANSSTO3,0,1730241711,1730241711,06:41:51 PM,06:41:51 PM,0
2101646,,FANSSTO1,0,1730241765,1730241765,06:42:45 PM,06:42:45 PM,0
2101646,,ADELFAN2,0,1730241840,1730241840,06:44:00 PM,06:44:00 PM,0
2101646,,ADELMAPL,0,1730241882,1730241882,06:44:42 PM,06:44:42 PM,0
2101646,,ADELWILL,0,1730241913,1730241913,06:45:13 PM,06:45:13 PM,0
2101646,,ADELWIN2,0,1730241996,1730241996,06:46:36 PM,06:46:36 PM,0
2101646,,ADELKIP2,0,1730242080,1730242080,06:48:00 PM,06:48:00 PM,0
2101646,,ADELKIP6,0,1730242142,1730242142,06:49:02 PM,06:49:02 PM,0
2101646,,ADELHUR2,0,1730242213,1730242213,06:50:13 PM,06:50:13 PM,0
2101646,,ADELVIC2,0,1730242268,1730242268,06:51:08 PM,06:51:08 PM,0
2101646,,ADELCHE2,0,1730242320,1730242320,06:52:00 PM,06:52:00 PM,0
2101646,,ADELGRO2,0,1730242355,1730242355,06:52:35 PM,06:52:35 PM,0
2101646,,ADELSJA2,0,1730242401,1730242401,06:53:21 PM,06:53:21 PM,0
2101646,,ADELOXF2,0,1730242440,1730242440,06:54:00 PM,06:54:00 PM,0
2101646,,ADELPIC2,0,1730242475,1730242475,06:54:35 PM,06:54:35 PM,0
2101646,,ADELPAMA,,,,,,
2101646,,ADELCEN2,0,1730242575,1730242575,06:56:15 PM,06:56:15 PM,0
2101646,,ADELROSE,0,1730242603,1730242603,06:56:43 PM,06:56:43 PM,0
2101646,,ADELPRIN,0,1730242634,1730242634,06:57:14 PM,06:57:14 PM,0
2101646,,ADELDUFR,0,1730242661,1730242661,06:57:41 PM,06:57:41 PM,0
2101646,,ADELQUEE,0,1730242690,1730242690,06:58:10 PM,06:58:10 PM,0
2101646,,ADELDUN2,0,1730242740,1730242740,06:59:00 PM,06:59:00 PM,0
2101646,,ADELHAMI,0,1730242860,1730242860,07:01:00 PM,07:01:00 PM,0
2101646,,ADELHIL2,0,1730242892,1730242892,07:01:32 PM,07:01:32 PM,0
2101646,,ADELNEL2,0,1730242939,1730242939,07:02:19 PM,07:02:19 PM,0
2101646,,ADELADA2,0,1730242987,1730242987,07:03:07 PM,07:03:07 PM,0
2101646,,ADELEDNA,0,1730243033,1730243033,07:03:53 PM,07:03:53 PM,0
2101646,,ADELTHO4,0,1730243102,1730243102,07:05:02 PM,07:05:02 PM,0
2101646,,ADELTHO6,0,1730243131,1730243131,07:05:31 PM,07:05:31 PM,0
2101646,,ADELTHO2,0,1730243162,1730243162,07:06:02 PM,07:06:02 PM,0
2101646,,ADELTHO8,0,1730243190,1730243190,07:06:30 PM,07:06:30 PM,0
2101646,,ADELLEA2,0,1730243228,1730243228,07:07:08 PM,07:07:08 PM,0
2101646,,COMMADE1,0,1730243280,1730243280,07:08:00 PM,07:08:00 PM,0
2101646,,COMMLEA1,0,1730243305,1730243305,07:08:25 PM,07:08:25 PM,0
2101646,,COMMFRO1,0,1730243354,1730243354,07:09:14 PM,07:09:14 PM,0
2101646,,COMMKIE1,0,1730243382,1730243382,07:09:42 PM,07:09:42 PM,0
2101646,,COMMPOM1,0,1730243426,1730243426,07:10:26 PM,07:10:26 PM,0
2101646,,COMMPOM1,0,1730243426,1730243426,07:10:26 PM,07:10:26 PM,0
2101646,,PONDDEV2,0,1730243451,1730243451,07:10:51 PM,07:10:51 PM,0
2101646,,PONDBAN2,0,1730243478,1730243478,07:11:18 PM,07:11:18 PM,0
2101646,,DEVEPOND,0,1730243509,1730243509,07:11:49 PM,07:11:49 PM,0
2101646,,DEVEGLEN,0,1730243555,1730243555,07:12:35 PM,07:12:35 PM,0
2101646,,DEVELYSA,0,1730243600,1730243600,07:13:20 PM,07:13:20 PM,0
2101646,,DEVEBANB,0,1730243640,1730243640,07:14:00 PM,07:14:00 PM,0
2101646,,DEVECOM1,0,1730243680,1730243680,07:14:40 PM,07:14:40 PM,0
2101646,,COMMDEV4,0,1730243760,1730243760,07:16:00 PM,07:16:00 PM,0
2101722,,COMMDEV4,0,1730243760,1730243760,07:16:00 PM,07:16:00 PM,0
2101722,,COMMPOM4,0,1730243809,1730243809,07:16:49 PM,07:16:49 PM,0
2101722,,COMMKIE2,0,1730243855,1730243855,07:17:35 PM,07:17:35 PM,0
2101722,,COMMFRO2,0,1730243889,1730243889,07:18:09 PM,07:18:09 PM,0
2101722,,COMMLEA2,0,1730243923,1730243923,07:18:43 PM,07:18:43 PM,0
2101722,,COMMADE2,0,1730243943,1730243943,07:19:03 PM,07:19:03 PM,0
2101722,,ADELLEA1,0,1730243986,1730243986,07:19:46 PM,07:19:46 PM,0
2101722,,ADELLEA3,0,1730244031,1730244031,07:20:31 PM,07:20:31 PM,0
2101722,,ADELLEA5,0,1730244047,1730244047,07:20:47 PM,07:20:47 PM,0
2101722,,ADELLEA7,0,1730244077,1730244077,07:21:17 PM,07:21:17 PM,0
2101722,,ADELTHO1,0,1730244120,1730244120,07:22:00 PM,07:22:00 PM,0
2101722,,ADELMAUD,0,1730244156,1730244156,07:22:36 PM,07:22:36 PM,0
2101722,,ADELTERR,0,1730244194,1730244194,07:23:14 PM,07:23:14 PM,0
2101722,,ADELADA1,0,1730244216,1730244216,07:23:36 PM,07:23:36 PM,0
2101722,,ADELNEL1,0,1730244272,1730244272,07:24:32 PM,07:24:32 PM,0
2101722,,ADELHIL1,0,1730244310,1730244310,07:25:10 PM,07:25:10 PM,0
2101722,,ADELLISI,0,1730244360,1730244360,07:26:00 PM,07:26:00 PM,0
2101722,,ADELDUN1,0,1730244540,1730244540,07:29:00 PM,07:29:00 PM,0
2101722,,ADELLORN,0,1730244605,1730244605,07:30:05 PM,07:30:05 PM,0
2101722,,ADELCEN1,0,1730244652,1730244652,07:30:52 PM,07:30:52 PM,0
2101722,,ADELMCMA,,,,,,
2101722,,ADELPIC1,0,1730244742,1730244742,07:32:22 PM,07:32:22 PM,0
2101722,,ADELOXF1,0,1730244780,1730244780,07:33:00 PM,07:33:00 PM,0
2101722,,ADELSJA1,0,1730244810,1730244810,07:33:30 PM,07:33:30 PM,0
2101722,,ADELGRO1,0,1730244856,1730244856,07:34:16 PM,07:34:16 PM,0
2101722,,ADELCHE1,0,1730244900,1730244900,07:35:00 PM,07:35:00 PM,0
2101722,,ADELVIC1,0,1730244931,1730244931,07:35:31 PM,07:35:31 PM,0
2101722,,ADELREG1,0,1730244979,1730244979,07:36:19 PM,07:36:19 PM,0
2101722,,ADELHUR1,0,1730245013,1730245013,07:36:53 PM,07:36:53 PM,0
2101722,,ADELHUR5,0,1730245072,1730245072,07:37:52 PM,07:37:52 PM,0
2101722,,ADELKIP1,0,1730245114,1730245114,07:38:34 PM,07:38:34 PM,0
2101722,,ADELWIN1,0,1730245214,1730245214,07:40:14 PM,07:40:14 PM,0
2101722,,ADELGLEN,0,1730245315,1730245315,07:41:55 PM,07:41:55 PM,0
2101722,,ADELTENN,0,1730245341,1730245341,07:42:21 PM,07:42:21 PM,0
2101722,,FANSADE4,0,1730245440,1730245440,07:44:00 PM,07:44:00 PM,0
2101722,,FANSSTO2,0,1730245476,1730245476,07:44:36 PM,07:44:36 PM,0
2101722,,FANSHAS2,0,1730245574,1730245574,07:46:14 PM,07:46:14 PM,0
2101722,,FANSJEN2,0,1730245609,1730245609,07:46:49 PM,07:46:49 PM,0
2101722,,FANSJEN4,0,1730245635,1730245635,07:47:15 PM,07:47:15 PM,0
2101722,,FANSNCR2,0,1730245674,1730245674,07:47:54 PM,07:47:54 PM,0
2101722,,MASOSTO6,0,1730245740,1730245740,07:49:00 PM,07:49:00 PM,0
2101650,,MASOSTO6,0,1730246220,1730246220,07:57:00 PM,07:57:00 PM,0
2101650,,FANSRIC1,0,1730246301,1730246301,07:58:21 PM,07:58:21 PM,0
2101650,,FANSNCR1,0,1730246327,1730246327,07:58:47 PM,07:58:47 PM,0
2101650,,FANSNCR3,0,1730246367,1730246367,07:59:27 PM,07:59:27 PM,0
2101650,,FANSHAS3,0,1730246419,1730246419,08:00:19 PM,08:00:19 PM,0
2101650,,FANSHAS1,0,1730246462,1730246462,08:01:02 PM,08:01:02 PM,0
2101650,,FANSSTO3,0,1730246511,1730246511,08:01:51 PM,08:01:51 PM,0
2101650,,FANSSTO1,0,1730246565,1730246565,08:02:45 PM,08:02:45 PM,0
2101650,,ADELFAN2,0,1730246640,1730246640,08:04:00 PM,08:04:00 PM,0
2101650,,ADELMAPL,0,1730246682,1730246682,08:04:42 PM,08:04:42 PM,0
2101650,,ADELWILL,0,1730246713,1730246713,08:05:13 PM,08:05:13 PM,0
2101650,,ADELWIN2,0,1730246796,1730246796,08:06:36 PM,08:06:36 PM,0
2101650,,ADELKIP2,0,1730246880,1730246880,08:08:00 PM,08:08:00 PM,0
2101650,,ADELKIP6,0,1730246942,1730246942,08:09:02 PM,08:09:02 PM,0
2101650,,ADELHUR2,0,1730247013,1730247013,08:10:13 PM,08:10:13 PM,0
2101650,,ADELVIC2,0,1730247068,1730247068,08:11:08 PM,08:11:08 PM,0
2101650,,ADELCHE2,0,1730247120,1730247120,08:12:00 PM,08:12:00 PM,0
2101650,,ADELGRO2,0,1730247155,1730247155,08:12:35 PM,08:12:35 PM,0
2101650,,ADELSJA2,0,1730247201,1730247201,08:13:21 PM,08:13:21 PM,0
2101650,,ADELOXF2,0,1730247240,1730247240,08:14:00 PM,08:14:00 PM,0
2101650,,ADELPIC2,0,1730247275,1730247275,08:14:35 PM,08:14:35 PM,0
2101650,,ADELPAMA,,,,,,
2101650,,ADELCEN2,0,1730247375,1730247375,08:16:15 PM,08:16:15 PM,0
2101650,,ADELROSE,0,1730247403,1730247403,08:16:43 PM,08:16:43 PM,0
2101650,,ADELPRIN,0,1730247434,1730247434,08:17:14 PM,08:17:14 PM,0
2101650,,ADELDUFR,0,1730247461,1730247461,08:17:41 PM,08:17:41 PM,0
2101650,,ADELQUEE,0,1730247490,1730247490,08:18:10 PM,08:18:10 PM,0
2101650,,ADELDUN2,0,1730247540,1730247540,08:19:00 PM,08:19:00 PM,0
2101650,,ADELHAMI,0,1730247660,1730247660,08:21:00 PM,08:21:00 PM,0
2101650,,ADELHIL2,0,1730247692,1730247692,08:21:32 PM,08:21:32 PM,0
2101650,,ADELNEL2,0,1730247739,1730247739,08:22:19 PM,08:22:19 PM,0
2101650,,ADELADA2,0,1730247787,1730247787,08:23:07 PM,08:23:07 PM,0
2101650,,ADELEDNA,0,1730247833,1730247833,08:23:53 PM,08:23:53 PM,0
2101650,,ADELTHO4,0,1730247902,1730247902,08:25:02 PM,08:25:02 PM,0
2101650,,ADELTHO6,0,1730247931,1730247931,08:25:31 PM,08:25:31 PM,0
2101650,,ADELTHO2,0,1730247962,1730247962,08:26:02 PM,08:26:02 PM,0
2101650,,ADELTHO8,0,1730247990,1730247990,08:26:30 PM,08:26:30 PM,0
2101650,,ADELLEA2,0,1730248028,1730248028,08:27:08 PM,08:27:08 PM,0
2101650,,COMMADE1,0,1730248080,1730248080,08:28:00 PM,08:28:00 PM,0
2101650,,COMMLEA1,0,1730248105,1730248105,08:28:25 PM,08:28:25 PM,0
2101650,,COMMFRO1,0,1730248154,1730248154,08:29:14 PM,08:29:14 PM,0
2101650,,COMMKIE1,0,1730248182,1730248182,08:29:42 PM,08:29:42 PM,0
2101650,,COMMPOM1,0,1730248226,1730248226,08:30:26 PM,08:30:26 PM,0
2101650,,COMMPOM1,0,1730248226,1730248226,08:30:26 PM,08:30:26 PM,0
2101650,,PONDDEV2,0,1730248251,1730248251,08:30:51 PM,08:30:51 PM,0
2101650,,PONDBAN2,0,1730248278,1730248278,08:31:18 PM,08:31:18 PM,0
2101650,,DEVEPOND,0,1730248309,1730248309,08:31:49 PM,08:31:49 PM,0
2101650,,DEVEGLEN,0,1730248355,1730248355,08:32:35 PM,08:32:35 PM,0
2101650,,DEVELYSA,0,1730248400,1730248400,08:33:20 PM,08:33:20 PM,0
2101650,,DEVEBANB,0,1730248440,1730248440,08:34:00 PM,08:34:00 PM,0
2101650,,DEVECOM1,0,1730248480,1730248480,08:34:40 PM,08:34:40 PM,0
2101650,,COMMDEV4,0,1730248560,1730248560,08:36:00 PM,08:36:00 PM,0
2101726,,COMMDEV4,0,1730248560,1730248560,08:36:00 PM,08:36:00 PM,0
2101726,,COMMPOM4,0,1730248609,1730248609,08:36:49 PM,08:36:49 PM,0
2101726,,COMMKIE2,0,1730248655,1730248655,08:37:35 PM,08:37:35 PM,0
2101726,,COMMFRO2,0,1730248689,1730248689,08:38:09 PM,08:38:09 PM,0
2101726,,COMMLEA2,0,1730248723,1730248723,08:38:43 PM,08:38:43 PM,0
2101726,,COMMADE2,0,1730248743,1730248743,08:39:03 PM,08:39:03 PM,0
2101726,,ADELLEA1,0,1730248786,1730248786,08:39:46 PM,08:39:46 PM,0
2101726,,ADELLEA3,0,1730248831,1730248831,08:40:31 PM,08:40:31 PM,0
2101726,,ADELLEA5,0,1730248847,1730248847,08:40:47 PM,08:40:47 PM,0
2101726,,ADELLEA7,0,1730248877,1730248877,08:41:17 PM,08:41:17 PM,0
2101726,,ADELTHO1,0,1730248920,1730248920,08:42:00 PM,08:42:00 PM,0
2101726,,ADELMAUD,0,1730248956,1730248956,08:42:36 PM,08:42:36 PM,0
2101726,,ADELTERR,0,1730248994,1730248994,08:43:14 PM,08:43:14 PM,0
2101726,,ADELADA1,0,1730249016,1730249016,08:43:36 PM,08:43:36 PM,0
2101726,,ADELNEL1,0,1730249072,1730249072,08:44:32 PM,08:44:32 PM,0
2101726,,ADELHIL1,0,1730249110,1730249110,08:45:10 PM,08:45:10 PM,0
2101726,,ADELLISI,0,1730249160,1730249160,08:46:00 PM,08:46:00 PM,0
2101726,,ADELDUN1,0,1730249340,1730249340,08:49:00 PM,08:49:00 PM,0
2101726,,ADELLORN,0,1730249405,1730249405,08:50:05 PM,08:50:05 PM,0
2101726,,ADELCEN1,0,1730249452,1730249452,08:50:52 PM,08:50:52 PM,0
2101726,,ADELMCMA,,,,,,
2101726,,ADELPIC1,0,1730249542,1730249542,08:52:22 PM,08:52:22 PM,0
2101726,,ADELOXF1,0,1730249580,1730249580,08:53:00 PM,08:53:00 PM,0
2101726,,ADELSJA1,0,1730249610,1730249610,08:53:30 PM,08:53:30 PM,0
2101726,,ADELGRO1,0,1730249656,1730249656,08:54:16 PM,08:54:16 PM,0
2101726,,ADELCHE1,0,1730249700,1730249700,08:55:00 PM,08:55:00 PM,0
2101726,,ADELVIC1,0,1730249731,1730249731,08:55:31 PM,08:55:31 PM,0
2101726,,ADELREG1,0,1730249779,1730249779,08:56:19 PM,08:56:19 PM,0
2101726,,ADELHUR1,0,1730249813,1730249813,08:56:53 PM,08:56:53 PM,0
2101726,,ADELHUR5,0,1730249872,1730249872,08:57:52 PM,08:57:52 PM,0
2101726,,ADELKIP1,0,1730249914,1730249914,08:58:34 PM,08:58:34 PM,0
2101726,,ADELWIN1,0,1730250014,1730250014,09:00:14 PM,09:00:14 PM,0
2101726,,ADELGLEN,0,1730250115,1730250115,09:01:55 PM,09:01:55 PM,0
2101726,,ADELTENN,0,1730250141,1730250141,09:02:21 PM,09:02:21 PM,0
2101726,,FANSADE4,0,1730250240,1730250240,09:04:00 PM,09:04:00 PM,0
2101726,,FANSSTO2,0,1730250276,1730250276,09:04:36 PM,09:04:36 PM,0
2101726,,FANSHAS2,0,1730250374,1730250374,09:06:14 PM,09:06:14 PM,0
2101726,,FANSJEN2,0,1730250409,1730250409,09:06:49 PM,09:06:49 PM,0
2101726,,FANSJEN4,0,1730250435,1730250435,09:07:15 PM,09:07:15 PM,0
2101726,,FANSNCR2,0,1730250474,1730250474,09:07:54 PM,09:07:54 PM,0
2101726,,MASOSTO6,0,1730250540,1730250540,09:09:00 PM,09:09:00 PM,0
2101656,,MASOSTO6,0,1730251140,1730251140,09:19:00 PM,09:19:00 PM,0
2101656,,FANSRIC1,0,1730251209,1730251209,09:20:09 PM,09:20:09 PM,0
2101656,,FANSNCR1,0,1730251231,1730251231,09:20:31 PM,09:20:31 PM,0
2101656,,FANSNCR3,0,1730251265,1730251265,09:21:05 PM,09:21:05 PM,0
2101656,,FANSHAS3,0,1730251310,1730251310,09:21:50 PM,09:21:50 PM,0
2101656,,FANSHAS1,0,1730251347,1730251347,09:22:27 PM,09:22:27 PM,0
2101656,,FANSSTO3,0,1730251389,1730251389,09:23:09 PM,09:23:09 PM,0
2101656,,FANSSTO1,0,1730251435,1730251435,09:23:55 PM,09:23:55 PM,0
2101656,,ADELFAN2,0,1730251500,1730251500,09:25:00 PM,09:25:00 PM,0
2101656,,ADELMAPL,0,1730251531,1730251531,09:25:31 PM,09:25:31 PM,0
2101656,,ADELWILL,0,1730251554,1730251554,09:25:54 PM,09:25:54 PM,0
2101656,,ADELWIN2,0,1730251616,1730251616,09:26:56 PM,09:26:56 PM,0
2101656,,ADELKIP2,0,1730251680,1730251680,09:28:00 PM,09:28:00 PM,0
2101656,,ADELKIP6,0,1730251742,1730251742,09:29:02 PM,09:29:02 PM,0
2101656,,ADELHUR2,0,1730251813,1730251813,09:30:13 PM,09:30:13 PM,0
2101656,,ADELVIC2,0,1730251868,1730251868,09:31:08 PM,09:31:08 PM,0
2101656,,ADELCHE2,0,1730251920,1730251920,09:32:00 PM,09:32:00 PM,0
2101656,,ADELGRO2,0,1730251955,1730251955,09:32:35 PM,09:32:35 PM,0
2101656,,ADELSJA2,0,1730252001,1730252001,09:33:21 PM,09:33:21 PM,0
2101656,,ADELOXF2,0,1730252040,1730252040,09:34:00 PM,09:34:00 PM,0
2101656,,ADELPIC2,0,1730252075,1730252075,09:34:35 PM,09:34:35 PM,0
2101656,,ADELPAMA,,,,,,
2101656,,ADELCEN2,0,1730252175,1730252175,09:36:15 PM,09:36:15 PM,0
2101656,,ADELROSE,0,1730252203,1730252203,09:36:43 PM,09:36:43 PM,0
2101656,,ADELPRIN,0,1730252234,1730252234,09:37:14 PM,09:37:14 PM,0
2101656,,ADELDUFR,0,1730252261,1730252261,09:37:41 PM,09:37:41 PM,0
2101656,,ADELQUEE,0,1730252290,1730252290,09:38:10 PM,09:38:10 PM,0
2101656,,ADELDUN2,0,1730252340,1730252340,09:39:00 PM,09:39:00 PM,0
2101656,,ADELHAMI,0,1730252460,1730252460,09:41:00 PM,09:41:00 PM,0
2101656,,ADELHIL2,0,1730252487,1730252487,09:41:27 PM,09:41:27 PM,0
2101656,,ADELNEL2,0,1730252528,1730252528,09:42:08 PM,09:42:08 PM,0
2101656,,ADELADA2,0,1730252569,1730252569,09:42:49 PM,09:42:49 PM,0
2101656,,ADELEDNA,0,1730252608,1730252608,09:43:28 PM,09:43:28 PM,0
2101656,,ADELTHO4,0,1730252667,1730252667,09:44:27 PM,09:44:27 PM,0
2101656,,ADELTHO6,0,1730252692,1730252692,09:44:52 PM,09:44:52 PM,0
2101656,,ADELTHO2,0,1730252719,1730252719,09:45:19 PM,09:45:19 PM,0
2101656,,ADELTHO8,0,1730252743,1730252743,09:45:43 PM,09:45:43 PM,0
2101656,,ADELLEA2,0,1730252776,1730252776,09:46:16 PM,09:46:16 PM,0
2101656,,COMMADE1,0,1730252820,1730252820,09:47:00 PM,09:47:00 PM,0
2101656,,COMMLEA1,0,1730252845,1730252845,09:47:25 PM,09:47:25 PM,0
2101656,,COMMFRO1,0,1730252894,1730252894,09:48:14 PM,09:48:14 PM,0
2101656,,COMMKIE1,0,1730252922,1730252922,09:48:42 PM,09:48:42 PM,0
2101656,,COMMPOM1,0,1730252966,1730252966,09:49:26 PM,09:49:26 PM,0
2101656,,COMMPOM1,0,1730252966,1730252966,09:49:26 PM,09:49:26 PM,0
2101656,,PONDDEV2,0,1730252991,1730252991,09:49:51 PM,09:49:51 PM,0
2101656,,PONDBAN2,0,1730253018,1730253018,09:50:18 PM,09:50:18 PM,0
2101656,,DEVEPOND,0,1730253049,1730253049,09:50:49 PM,09:50:49 PM,0
2101656,,DEVEGLEN,0,1730253095,1730253095,09:51:35 PM,09:51:35 PM,0
2101656,,DEVELYSA,0,1730253140,1730253140,09:52:20 PM,09:52:20 PM,0
2101656,,DEVEBANB,0,1730253180,1730253180,09:53:00 PM,09:53:00 PM,0
2101656,,DEVECOM1,0,1730253220,1730253220,09:53:40 PM,09:53:40 PM,0
2101656,,COMMDEV4,0,1730253300,1730253300,09:55:00 PM,09:55:00 PM,0
2101729,,COMMDEV4,0,1730253540,1730253540,09:59:00 PM,09:59:00 PM,0
2101729,,COMMPOM4,0,1730253589,1730253589,09:59:49 PM,09:59:49 PM,0
2101729,,COMMKIE2,0,1730253635,1730253635,10:00:35 PM,10:00:35 PM,0
2101729,,COMMFRO2,0,1730253669,1730253669,10:01:09 PM,10:01:09 PM,0
2101729,,COMMLEA2,0,1730253703,1730253703,10:01:43 PM,10:01:43 PM,0
2101729,,COMMADE2,0,1730253723,1730253723,10:02:03 PM,10:02:03 PM,0
2101729,,ADELLEA1,0,1730253766,1730253766,10:02:46 PM,10:02:46 PM,0
2101729,,ADELLEA3,0,1730253811,1730253811,10:03:31 PM,10:03:31 PM,0
2101729,,ADELLEA5,0,1730253827,1730253827,10:03:47 PM,10:03:47 PM,0
2101729,,ADELLEA7,0,1730253857,1730253857,10:04:17 PM,10:04:17 PM,0
2101729,,ADELTHO1,0,1730253900,1730253900,10:05:00 PM,10:05:00 PM,0
2101729,,ADELMAUD,0,1730253936,1730253936,10:05:36 PM,10:05:36 PM,0
2101729,,ADELTERR,0,1730253974,1730253974,10:06:14 PM,10:06:14 PM,0
2101729,,ADELADA1,0,1730253996,1730253996,10:06:36 PM,10:06:36 PM,0
2101729,,ADELNEL1,0,1730254052,1730254052,10:07:32 PM,10:07:32 PM,0
2101729,,ADELHIL1,0,1730254090,1730254090,10:08:10 PM,10:08:10 PM,0
2101729,,ADELLISI,0,1730254140,1730254140,10:09:00 PM,10:09:00 PM,0
2101729,,ADELDUN1,0,1730254260,1730254260,10:11:00 PM,10:11:00 PM,0
2101729,,ADELLORN,0,1730254325,1730254325,10:12:05 PM,10:12:05 PM,0
2101729,,ADELCEN1,0,1730254372,1730254372,10:12:52 PM,10:12:52 PM,0
2101729,,ADELMCMA,,,,,,
2101729,,ADELPIC1,0,1730254462,1730254462,10:14:22 PM,10:14:22 PM,0
2101729,,ADELOXF1,0,1730254500,1730254500,10:15:00 PM,10:15:00 PM,0
2101729,,ADELSJA1,0,1730254530,1730254530,10:15:30 PM,10:15:30 PM,0
2101729,,ADELGRO1,0,1730254576,1730254576,10:16:16 PM,10:16:16 PM,0
2101729,,ADELCHE1,0,1730254620,1730254620,10:17:00 PM,10:17:00 PM,0
2101729,,ADELVIC1,0,1730254648,1730254648,10:17:28 PM,10:17:28 PM,0
2101729,,ADELREG1,0,1730254691,1730254691,10:18:11 PM,10:18:11 PM,0
2101729,,ADELHUR1,0,1730254721,1730254721,10:18:41 PM,10:18:41 PM,0
2101729,,ADELHUR5,0,1730254774,1730254774,10:19:34 PM,10:19:34 PM,0
2101729,,ADELKIP1,0,1730254811,1730254811,10:20:11 PM,10:20:11 PM,0
2101729,,ADELWIN1,0,1730254900,1730254900,10:21:40 PM,10:21:40 PM,0
2101729,,ADELGLEN,0,1730254990,1730254990,10:23:10 PM,10:23:10 PM,0
2101729,,ADELTENN,0,1730255013,1730255013,10:23:33 PM,10:23:33 PM,0
2101729,,FANSADE4,0,1730255100,1730255100,10:25:00 PM,10:25:00 PM,0
2101729,,FANSSTO2,0,1730255136,1730255136,10:25:36 PM,10:25:36 PM,0
2101729,,FANSHAS2,0,1730255234,1730255234,10:27:14 PM,10:27:14 PM,0
2101729,,FANSJEN2,0,1730255269,1730255269,10:27:49 PM,10:27:49 PM,0
2101729,,FANSJEN4,0,1730255295,1730255295,10:28:15 PM,10:28:15 PM,0
2101729,,FANSNCR2,0,1730255334,1730255334,10:28:54 PM,10:28:54 PM,0
2101729,,MASOSTO6,0,1730255400,1730255400,10:30:00 PM,10:30:00 PM,0
2101659,,MASOSTO6,0,1730255400,1730255400,10:30:00 PM,10:30:00 PM,0
2101659,,FANSRIC1,0,1730255469,1730255469,10:31:09 PM,10:31:09 PM,0
2101659,,FANSNCR1,0,1730255491,1730255491,10:31:31 PM,10:31:31 PM,0
2101659,,FANSNCR3,0,1730255525,1730255525,10:32:05 PM,10:32:05 PM,0
2101659,,FANSHAS3,0,1730255570,1730255570,10:32:50 PM,10:32:50 PM,0
2101659,,FANSHAS1,0,1730255607,1730255607,10:33:27 PM,10:33:27 PM,0
2101659,,FANSSTO3,0,1730255649,1730255649,10:34:09 PM,10:34:09 PM,0
2101659,,FANSSTO1,0,1730255695,1730255695,10:34:55 PM,10:34:55 PM,0
2101659,,ADELFAN2,0,1730255760,1730255760,10:36:00 PM,10:36:00 PM,0
2101659,,ADELMAPL,0,1730255791,1730255791,10:36:31 PM,10:36:31 PM,0
2101659,,ADELWILL,0,1730255814,1730255814,10:36:54 PM,10:36:54 PM,0
2101659,,ADELWIN2,0,1730255876,1730255876,10:37:56 PM,10:37:56 PM,0
2101659,,ADELKIP2,0,1730255940,1730255940,10:39:00 PM,10:39:00 PM,0
2101659,,ADELKIP6,0,1730256002,1730256002,10:40:02 PM,10:40:02 PM,0
2101659,,ADELHUR2,0,1730256073,1730256073,10:41:13 PM,10:41:13 PM,0
2101659,,ADELVIC2,0,1730256128,1730256128,10:42:08 PM,10:42:08 PM,0
2101659,,ADELCHE2,0,1730256180,1730256180,10:43:00 PM,10:43:00 PM,0
2101659,,ADELGRO2,0,1730256215,1730256215,10:43:35 PM,10:43:35 PM,0
2101659,,ADELSJA2,0,1730256261,1730256261,10:44:21 PM,10:44:21 PM,0
2101659,,ADELOXF2,0,1730256300,1730256300,10:45:00 PM,10:45:00 PM,0
2101659,,ADELPIC2,0,1730256335,1730256335,10:45:35 PM,10:45:35 PM,0
2101659,,ADELPAMA,,,,,,
2101659,,ADELCEN2,0,1730256435,1730256435,10:47:15 PM,10:47:15 PM,0
2101659,,ADELROSE,0,1730256463,1730256463,10:47:43 PM,10:47:43 PM,0
2101659,,ADELPRIN,0,1730256494,1730256494,10:48:14 PM,10:48:14 PM,0
2101659,,ADELDUFR,0,1730256521,1730256521,10:48:41 PM,10:48:41 PM,0
2101659,,ADELQUEE,0,1730256550,1730256550,10:49:10 PM,10:49:10 PM,0
2101659,,ADELDUN2,0,1730256600,1730256600,10:50:00 PM,10:50:00 PM,0
2101659,,ADELHAMI,0,1730256720,1730256720,10:52:00 PM,10:52:00 PM,0
2101659,,ADELHIL2,0,1730256747,1730256747,10:52:27 PM,10:52:27 PM,0
2101659,,ADELNEL2,0,1730256788,1730256788,10:53:08 PM,10:53:08 PM,0
2101659,,ADELADA2,0,1730256829,1730256829,10:53:49 PM,10:53:49 PM,0
2101659,,ADELEDNA,0,1730256868,1730256868,10:54:28 PM,10:54:28 PM,0
2101659,,ADELTHO4,0,1730256927,1730256927,10:55:27 PM,10:55:27 PM,0
2101659,,ADELTHO6,0,1730256952,1730256952,10:55:52 PM,10:55:52 PM,0
2101659,,ADELTHO2,0,1730256979,1730256979,10:56:19 PM,10:56:19 PM,0
2101659,,ADELTHO8,0,1730257003,1730257003,10:56:43 PM,10:56:43 PM,0
2101659,,ADELLEA2,0,1730257036,1730257036,10:57:16 PM,10:57:16 PM,0
2101659,,COMMADE1,0,1730257080,1730257080,10:58:00 PM,10:58:00 PM,0
2101659,,COMMLEA1,0,1730257105,1730257105,10:58:25 PM,10:58:25 PM,0
2101659,,COMMFRO1,0,1730257154,1730257154,10:59:14 PM,10:59:14 PM,0
2101659,,COMMKIE1,0,1730257182,1730257182,10:59:42 PM,10:59:42 PM,0
2101659,,COMMPOM1,0,1730257226,1730257226,11:00:26 PM,11:00:26 PM,0
2101659,,COMMPOM1,0,1730257226,1730257226,11:00:26 PM,11:00:26 PM,0
2101659,,PONDDEV2,0,1730257251,1730257251,11:00:51 PM,11:00:51 PM,0
2101659,,PONDBAN2,0,1730257278,1730257278,11:01:18 PM,11:01:18 PM,0
2101659,,DEVEPOND,0,1730257309,1730257309,11:01:49 PM,11:01:49 PM,0
2101659,,DEVEGLEN,0,1730257355,1730257355,11:02:35 PM,11:02:35 PM,0
2101659,,DEVELYSA,0,1730257400,1730257400,11:03:20 PM,11:03:20 PM,0
2101659,,DEVEBANB,0,1730257440,1730257440,11:04:00 PM,11:04:00 PM,0
2101659,,DEVECOM1,0,1730257480,1730257480,11:04:40 PM,11:04:40 PM,0
2101659,,COMMDEV4,0,1730257560,1730257560,11:06:00 PM,11:06:00 PM,0
2101732,,COMMDEV4,0,1730257920,1730257920,11:12:00 PM,11:12:00 PM,0
2101732,,COMMPOM4,0,1730257969,1730257969,11:12:49 PM,11:12:49 PM,0
2101732,,COMMKIE2,0,1730258015,1730258015,11:13:35 PM,11:13:35 PM,0
2101732,,COMMFRO2,0,1730258049,1730258049,11:14:09 PM,11:14:09 PM,0
2101732,,COMMLEA2,0,1730258083,1730258083,11:14:43 PM,11:14:43 PM,0
2101732,,COMMADE2,0,1730258103,1730258103,11:15:03 PM,11:15:03 PM,0
2101732,,ADELLEA1,0,1730258146,1730258146,11:15:46 PM,11:15:46 PM,0
2101732,,ADELLEA3,0,1730258191,1730258191,11:16:31 PM,11:16:31 PM,0
2101732,,ADELLEA5,0,1730258207,1730258207,11:16:47 PM,11:16:47 PM,0
2101732,,ADELLEA7,0,1730258237,1730258237,11:17:17 PM,11:17:17 PM,0
2101732,,ADELTHO1,0,1730258280,1730258280,11:18:00 PM,11:18:00 PM,0
2101732,,ADELMAUD,0,1730258316,1730258316,11:18:36 PM,11:18:36 PM,0
2101732,,ADELTERR,0,1730258354,1730258354,11:19:14 PM,11:19:14 PM,0
2101732,,ADELADA1,0,1730258376,1730258376,11:19:36 PM,11:19:36 PM,0
2101732,,ADELNEL1,0,1730258432,1730258432,11:20:32 PM,11:20:32 PM,0
2101732,,ADELHIL1,0,1730258470,1730258470,11:21:10 PM,11:21:10 PM,0
2101732,,ADELLISI,0,1730258520,1730258520,11:22:00 PM,11:22:00 PM,0
2101732,,ADELDUN1,0,1730258640,1730258640,11:24:00 PM,11:24:00 PM,0
2101732,,ADELLORN,0,1730258705,1730258705,11:25:05 PM,11:25:05 PM,0
2101732,,ADELCEN1,0,1730258752,1730258752,11:25:52 PM,11:25:52 PM,0
2101732,,ADELMCMA,,,,,,
2101732,,ADELPIC1,0,1730258842,1730258842,11:27:22 PM,11:27:22 PM,0
2101732,,ADELOXF1,0,1730258880,1730258880,11:28:00 PM,11:28:00 PM,0
2101732,,ADELSJA1,0,1730258910,1730258910,11:28:30 PM,11:28:30 PM,0
2101732,,ADELGRO1,0,1730258956,1730258956,11:29:16 PM,11:29:16 PM,0
2101732,,ADELCHE1,0,1730259000,1730259000,11:30:00 PM,11:30:00 PM,0
2101732,,ADELVIC1,0,1730259028,1730259028,11:30:28 PM,11:30:28 PM,0
2101732,,ADELREG1,0,1730259071,1730259071,11:31:11 PM,11:31:11 PM,0
2101732,,ADELHUR1,0,1730259101,1730259101,11:31:41 PM,11:31:41 PM,0
2101732,,ADELHUR5,0,1730259154,1730259154,11:32:34 PM,11:32:34 PM,0
2101732,,ADELKIP1,0,1730259191,1730259191,11:33:11 PM,11:33:11 PM,0
2101732,,ADELWIN1,0,1730259280,1730259280,11:34:40 PM,11:34:40 PM,0
2101732,,ADELGLEN,0,1730259370,1730259370,11:36:10 PM,11:36:10 PM,0
2101732,,ADELTENN,0,1730259393,1730259393,11:36:33 PM,11:36:33 PM,0
2101732,,FANSADE4,0,1730259480,1730259480,11:38:00 PM,11:38:00 PM,0
2101732,,FANSSTO2,0,1730259516,1730259516,11:38:36 PM,11:38:36 PM,0
2101732,,FANSHAS2,0,1730259614,1730259614,11:40:14 PM,11:40:14 PM,0
2101732,,FANSJEN2,0,1730259649,1730259649,11:40:49 PM,11:40:49 PM,0
2101732,,FANSJEN4,0,1730259675,1730259675,11:41:15 PM,11:41:15 PM,0
2101732,,FANSNCR2,0,1730259714,1730259714,11:41:54 PM,11:41:54 PM,0
2101732,,MASOSTO6,0,1730259780,1730259780,11:43:00 PM,11:43:00 PM,0
2101664,,MASOSTO6,0,1730259900,1730259900,11:45:00 PM,11:45:00 PM,0
2101664,,FANSRIC1,0,1730259969,1730259969,11:46:09 PM,11:46:09 PM,0
2101664,,FANSNCR1,0,1730259991,1730259991,11:46:31 PM,11:46:31 PM,0
2101664,,FANSNCR3,0,1730260025,1730260025,11:47:05 PM,11:47:05 PM,0
2101664,,FANSHAS3,0,1730260070,1730260070,11:47:50 PM,11:47:50 PM,0
2101664,,FANSHAS1,0,1730260107,1730260107,11:48:27 PM,11:48:27 PM,0
2101664,,FANSSTO3,0,1730260149,1730260149,11:49:09 PM,11:49:09 PM,0
2101664,,FANSSTO1,0,1730260195,1730260195,11:49:55 PM,11:49:55 PM,0
2101664,,ADELFAN2,0,1730260260,1730260260,11:51:00 PM,11:51:00 PM,0
2101664,,ADELMAPL,0,1730260291,1730260291,11:51:31 PM,11:51:31 PM,0
2101664,,ADELWILL,0,1730260314,1730260314,11:51:54 PM,11:51:54 PM,0
2101664,,ADELWIN2,0,1730260376,1730260376,11:52:56 PM,11:52:56 PM,0
2101664,,ADELKIP2,0,1730260440,1730260440,11:54:00 PM,11:54:00 PM,0
2101664,,ADELKIP6,0,1730260502,1730260502,11:55:02 PM,11:55:02 PM,0
2101664,,ADELHUR2,0,1730260573,1730260573,11:56:13 PM,11:56:13 PM,0
2101664,,ADELVIC2,0,1730260628,1730260628,11:57:08 PM,11:57:08 PM,0
2101664,,ADELCHE2,0,1730260680,1730260680,11:58:00 PM,11:58:00 PM,0
2101664,,ADELGRO2,0,1730260715,1730260715,11:58:35 PM,11:58:35 PM,0
2101664,,ADELSJA2,0,1730260761,1730260761,11:59:21 PM,11:59:21 PM,0
2101664,,ADELOXF2,0,1730260800,1730260800,12:00:00 AM,12:00:00 AM,0
2101664,,ADELPIC2,0,1730260835,1730260835,12:00:35 AM,12:00:35 AM,0
2101664,,ADELPAMA,,,,,,
2101664,,ADELCEN2,0,1730260935,1730260935,12:02:15 AM,12:02:15 AM,0
2101664,,ADELROSE,0,1730260963,1730260963,12:02:43 AM,12:02:43 AM,0
2101664,,ADELPRIN,0,1730260994,1730260994,12:03:14 AM,12:03:14 AM,0
2101664,,ADELDUFR,0,1730261021,1730261021,12:03:41 AM,12:03:41 AM,0
2101664,,ADELQUEE,0,1730261050,1730261050,12:04:10 AM,12:04:10 AM,0
2101664,,ADELDUN2,0,1730261100,1730261100,12:05:00 AM,12:05:00 AM,0
2101664,,ADELHAMI,0,1730261220,1730261220,12:07:00 AM,12:07:00 AM,0
2101664,,ADELHIL2,0,1730261247,1730261247,12:07:27 AM,12:07:27 AM,0
2101664,,ADELNEL2,0,1730261288,1730261288,12:08:08 AM,12:08:08 AM,0
2101664,,ADELADA2,0,1730261329,1730261329,12:08:49 AM,12:08:49 AM,0
2101664,,ADELEDNA,0,1730261368,1730261368,12:09:28 AM,12:09:28 AM,0
2101664,,ADELTHO4,0,1730261427,1730261427,12:10:27 AM,12:10:27 AM,0
2101664,,ADELTHO6,0,1730261452,1730261452,12:10:52 AM,12:10:52 AM,0
2101664,,ADELTHO2,0,1730261479,1730261479,12:11:19 AM,12:11:19 AM,0
2101664,,ADELTHO8,0,1730261503,1730261503,12:11:43 AM,12:11:43 AM,0
2101664,,ADELLEA2,0,1730261536,1730261536,12:12:16 AM,12:12:16 AM,0
2101664,,COMMADE1,0,1730261580,1730261580,12:13:00 AM,12:13:00 AM,0
2101664,,COMMLEA1,0,1730261605,1730261605,12:13:25 AM,12:13:25 AM,0
2101664,,COMMFRO1,0,1730261654,1730261654,12:14:14 AM,12:14:14 AM,0
2101664,,COMMKIE1,0,1730261682,1730261682,12:14:42 AM,12:14:42 AM,0
2101664,,COMMPOM1,0,1730261726,1730261726,12:15:26 AM,12:15:26 AM,0
2101664,,COMMPOM1,0,1730261726,1730261726,12:15:26 AM,12:15:26 AM,0
2101664,,PONDDEV2,0,1730261751,1730261751,12:15:51 AM,12:15:51 AM,0
2101664,,PONDBAN2,0,1730261778,1730261778,12:16:18 AM,12:16:18 AM,0
2101664,,DEVEPOND,0,1730261809,1730261809,12:16:49 AM,12:16:49 AM,0
2101664,,DEVEGLEN,0,1730261855,1730261855,12:17:35 AM,12:17:35 AM,0
2101664,,DEVELYSA,0,1730261900,1730261900,12:18:20 AM,12:18:20 AM,0
2101664,,DEVEBANB,0,1730261940,1730261940,12:19:00 AM,12:19:00 AM,0
2101664,,DEVECOM1,0,1730261980,1730261980,12:19:40 AM,12:19:40 AM,0
2101664,,COMMDEV4,0,1730262060,1730262060,12:21:00 AM,12:21:00 AM,0
2101739,,COMMDEV4,0,1730262420,1730262420,12:27:00 AM,12:27:00 AM,0
2101739,,COMMPOM4,0,1730262469,1730262469,12:27:49 AM,12:27:49 AM,0
2101739,,COMMKIE2,0,1730262515,1730262515,12:28:35 AM,12:28:35 AM,0
2101739,,COMMFRO2,0,1730262549,1730262549,12:29:09 AM,12:29:09 AM,0
2101739,,COMMLEA2,0,1730262583,1730262583,12:29:43 AM,12:29:43 AM,0
2101739,,COMMADE2,0,1730262603,1730262603,12:30:03 AM,12:30:03 AM,0
2101739,,ADELLEA1,0,1730262646,1730262646,12:30:46 AM,12:30:46 AM,0
2101739,,ADELLEA3,0,1730262691,1730262691,12:31:31 AM,12:31:31 AM,0
2101739,,ADELLEA5,0,1730262707,1730262707,12:31:47 AM,12:31:47 AM,0
2101739,,ADELLEA7,0,1730262737,1730262737,12:32:17 AM,12:32:17 AM,0
2101739,,ADELTHO1,0,1730262780,1730262780,12:33:00 AM,12:33:00 AM,0
2101739,,ADELMAUD,0,1730262816,1730262816,12:33:36 AM,12:33:36 AM,0
2101739,,ADELTERR,0,1730262854,1730262854,12:34:14 AM,12:34:14 AM,0
2101739,,ADELADA1,0,1730262876,1730262876,12:34:36 AM,12:34:36 AM,0
2101739,,ADELNEL1,0,1730262932,1730262932,12:35:32 AM,12:35:32 AM,0
2101739,,ADELHIL1,0,1730262970,1730262970,12:36:10 AM,12:36:10 AM,0
2101739,,ADELLISI,0,1730263020,1730263020,12:37:00 AM,12:37:00 AM,0
2101739,,ADELDUN1,0,1730263140,1730263140,12:39:00 AM,12:39:00 AM,0
2101739,,ADELLORN,0,1730263205,1730263205,12:40:05 AM,12:40:05 AM,0
2101739,,ADELCEN1,0,1730263252,1730263252,12:40:52 AM,12:40:52 AM,0
2101739,,ADELMCMA,,,,,,
2101739,,ADELPIC1,0,1730263342,1730263342,12:42:22 AM,12:42:22 AM,0
2101739,,ADELOXF1,0,1730263380,1730263380,12:43:00 AM,12:43:00 AM,0
2101739,,ADELSJA1,0,1730263410,1730263410,12:43:30 AM,12:43:30 AM,0
2101739,,ADELGRO1,0,1730263456,1730263456,12:44:16 AM,12:44:16 AM,0
2101739,,ADELCHE1,0,1730263500,1730263500,12:45:00 AM,12:45:00 AM,0
2101739,,ADELVIC1,0,1730263528,1730263528,12:45:28 AM,12:45:28 AM,0
2101739,,ADELREG1,0,1730263571,1730263571,12:46:11 AM,12:46:11 AM,0
2101739,,ADELHUR1,0,1730263601,1730263601,12:46:41 AM,12:46:41 AM,0
2101739,,ADELHUR5,0,1730263654,1730263654,12:47:34 AM,12:47:34 AM,0
2101739,,ADELKIP1,0,1730263691,1730263691,12:48:11 AM,12:48:11 AM,0
2101739,,ADELWIN1,0,1730263780,1730263780,12:49:40 AM,12:49:40 AM,0
2101739,,ADELGLEN,0,1730263870,1730263870,12:51:10 AM,12:51:10 AM,0
2101739,,ADELTENN,0,1730263893,1730263893,12:51:33 AM,12:51:33 AM,0
2101739,,FANSADE4,0,1730263980,1730263980,12:53:00 AM,12:53:00 AM,0
2101739,,FANSSTO2,0,1730264016,1730264016,12:53:36 AM,12:53:36 AM,0
2101739,,FANSHAS2,0,1730264114,1730264114,12:55:14 AM,12:55:14 AM,0
2101739,,FANSJEN2,0,1730264149,1730264149,12:55:49 AM,12:55:49 AM,0
2101739,,FANSJEN4,0,1730264175,1730264175,12:56:15 AM,12:56:15 AM,0
2101739,,FANSNCR2,0,1730264214,1730264214,12:56:54 AM,12:56:54 AM,0
2101739,,MASOSTO6,0,1730264280,1730264280,12:58:00 AM,12:58:00 AM,0
2101667,,MASOSTO6,0,1730264460,1730264460,01:01:00 AM,01:01:00 AM,0
2101667,,FANSRIC1,0,1730264529,1730264529,01:02:09 AM,01:02:09 AM,0
2101667,,FANSNCR1,0,1730264551,1730264551,01:02:31 AM,01:02:31 AM,0
2101667,,FANSNCR3,0,1730264585,1730264585,01:03:05 AM,01:03:05 AM,0
2101667,,FANSHAS3,0,1730264630,1730264630,01:03:50 AM,01:03:50 AM,0
2101667,,FANSHAS1,0,1730264667,1730264667,01:04:27 AM,01:04:27 AM,0
2101667,,FANSSTO3,0,1730264709,1730264709,01:05:09 AM,01:05:09 AM,0
2101667,,FANSSTO1,0,1730264755,1730264755,01:05:55 AM,01:05:55 AM,0
2101667,,ADELFAN2,0,1730264820,1730264820,01:07:00 AM,01:07:00 AM,0
2101667,,ADELMAPL,0,1730264851,1730264851,01:07:31 AM,01:07:31 AM,0
2101667,,ADELWILL,0,1730264874,1730264874,01:07:54 AM,01:07:54 AM,0
2101667,,ADELWIN2,0,1730264936,1730264936,01:08:56 AM,01:08:56 AM,0
2101667,,ADELKIP2,0,1730265000,1730265000,01:10:00 AM,01:10:00 AM,0
2101667,,ADELKIP6,0,1730265062,1730265062,01:11:02 AM,01:11:02 AM,0
2101667,,ADELHUR2,0,1730265133,1730265133,01:12:13 AM,01:12:13 AM,0
2101667,,ADELVIC2,0,1730265188,1730265188,01:13:08 AM,01:13:08 AM,0
2101667,,ADELCHE2,0,1730265240,1730265240,01:14:00 AM,01:14:00 AM,0
2101667,,ADELGRO2,0,1730265275,1730265275,01:14:35 AM,01:14:35 AM,0
2101667,,ADELSJA2,0,1730265321,1730265321,01:15:21 AM,01:15:21 AM,0
2101667,,ADELOXF2,0,1730265360,1730265360,01:16:00 AM,01:16:00 AM,0
2101667,,ADELPIC2,0,1730265388,1730265388,01:16:28 AM,01:16:28 AM,0
2101667,,ADELPAMA,,,,,,
2101667,,ADELCEN2,0,1730265468,1730265468,01:17:48 AM,01:17:48 AM,0
2101667,,ADELROSE,0,1730265490,1730265490,01:18:10 AM,01:18:10 AM,0
2101667,,ADELPRIN,0,1730265515,1730265515,01:18:35 AM,01:18:35 AM,0
2101667,,ADELDUFR,0,1730265536,1730265536,01:18:56 AM,01:18:56 AM,0
2101667,,ADELQUEE,0,1730265559,1730265559,01:19:19 AM,01:19:19 AM,0
2101667,,ADELDUN2,0,1730265600,1730265600,01:20:00 AM,01:20:00 AM,0
2101667,,ADELHAMI,0,1730265720,1730265720,01:22:00 AM,01:22:00 AM,0
2101667,,ADELHIL2,0,1730265747,1730265747,01:22:27 AM,01:22:27 AM,0
2101667,,ADELNEL2,0,1730265788,1730265788,01:23:08 AM,01:23:08 AM,0
2101667,,ADELADA2,0,1730265829,1730265829,01:23:49 AM,01:23:49 AM,0
2101667,,ADELEDNA,0,1730265868,1730265868,01:24:28 AM,01:24:28 AM,0
2101667,,ADELTHO4,0,1730265927,1730265927,01:25:27 AM,01:25:27 AM,0
2101667,,ADELTHO6,0,1730265952,1730265952,01:25:52 AM,01:25:52 AM,0
2101667,,ADELTHO2,0,1730265979,1730265979,01:26:19 AM,01:26:19 AM,0
2101667,,ADELTHO8,0,1730266003,1730266003,01:26:43 AM,01:26:43 AM,0
2101667,,ADELLEA2,0,1730266036,1730266036,01:27:16 AM,01:27:16 AM,0
2101667,,COMMADE1,0,1730266080,1730266080,01:28:00 AM,01:28:00 AM,0
2101667,,COMMLEA1,0,1730266101,1730266101,01:28:21 AM,01:28:21 AM,0
2101667,,COMMFRO1,0,1730266143,1730266143,01:29:03 AM,01:29:03 AM,0
2101667,,COMMKIE1,0,1730266167,1730266167,01:29:27 AM,01:29:27 AM,0
2101667,,COMMPOM1,0,1730266204,1730266204,01:30:04 AM,01:30:04 AM,0
2101667,,COMMPOM1,0,1730266204,1730266204,01:30:04 AM,01:30:04 AM,0
2101667,,PONDDEV2,0,1730266225,1730266225,01:30:25 AM,01:30:25 AM,0
2101667,,PONDBAN2,0,1730266248,1730266248,01:30:48 AM,01:30:48 AM,0
2101667,,DEVEPOND,0,1730266274,1730266274,01:31:14 AM,01:31:14 AM,0
2101667,,DEVEGLEN,0,1730266313,1730266313,01:31:53 AM,01:31:53 AM,0
2101667,,DEVELYSA,0,1730266352,1730266352,01:32:32 AM,01:32:32 AM,0
2101667,,DEVEBANB,0,1730266386,1730266386,01:33:06 AM,01:33:06 AM,0
2101667,,DEVECOM1,0,1730266440,1730266440,01:34:00 AM,01:34:00 AM,0
2101638,,MASOSTO6,0,1730231460,1730231460,03:51:00 PM,03:51:00 PM,0
2101638,,FANSRIC1,0,1730231552,1730231552,03:52:32 PM,03:52:32 PM,0
2101638,,FANSNCR1,0,1730231582,1730231582,03:53:02 PM,03:53:02 PM,0
2101638,,FANSNCR3,0,1730231628,1730231628,03:53:48 PM,03:53:48 PM,0
2101638,,FANSHAS3,0,1730231688,1730231688,03:54:48 PM,03:54:48 PM,0
2101638,,FANSHAS1,0,1730231738,1730231738,03:55:38 PM,03:55:38 PM,0
2101638,,FANSSTO3,0,1730231794,1730231794,03:56:34 PM,03:56:34 PM,0
2101638,,FANSSTO1,0,1730231856,1730231856,03:57:36 PM,03:57:36 PM,0
2101638,,ADELFAN2,0,1730231940,1730231940,03:59:00 PM,03:59:00 PM,0
2101638,,ADELMAPL,0,1730231982,1730231982,03:59:42 PM,03:59:42 PM,0
2101638,,ADELWILL,0,1730232013,1730232013,04:00:13 PM,04:00:13 PM,0
2101638,,ADELWIN2,0,1730232096,1730232096,04:01:36 PM,04:01:36 PM,0
2101638,,ADELKIP2,0,1730232180,1730232180,04:03:00 PM,04:03:00 PM,0
2101638,,ADELKIP6,0,1730232242,1730232242,04:04:02 PM,04:04:02 PM,0
2101638,,ADELHUR2,0,1730232313,1730232313,04:05:13 PM,04:05:13 PM,0
2101638,,ADELVIC2,0,1730232368,1730232368,04:06:08 PM,04:06:08 PM,0
2101638,,ADELCHE2,0,1730232420,1730232420,04:07:00 PM,04:07:00 PM,0
2101638,,ADELGRO2,0,1730232473,1730232473,04:07:53 PM,04:07:53 PM,0
2101638,,ADELSJA2,0,1730232542,1730232542,04:09:02 PM,04:09:02 PM,0
2101638,,ADELOXF2,0,1730232600,1730232600,04:10:00 PM,04:10:00 PM,0
2101638,,ADELPIC2,0,1730232642,1730232642,04:10:42 PM,04:10:42 PM,0
2101638,,ADELPAMA,,,,,,
2101638,,ADELCEN2,0,1730232763,1730232763,04:12:43 PM,04:12:43 PM,0
2101638,,ADELROSE,0,1730232797,1730232797,04:13:17 PM,04:13:17 PM,0
2101638,,ADELPRIN,0,1730232835,1730232835,04:13:55 PM,04:13:55 PM,0
2101638,,ADELDUFR,0,1730232867,1730232867,04:14:27 PM,04:14:27 PM,0
2101638,,ADELQUEE,0,1730232902,1730232902,04:15:02 PM,04:15:02 PM,0
2101638,,ADELDUN2,0,1730232960,1730232960,04:16:00 PM,04:16:00 PM,0
2101638,,ADELHAMI,0,1730233080,1730233080,04:18:00 PM,04:18:00 PM,0
2101638,,ADELHIL2,0,1730233116,1730233116,04:18:36 PM,04:18:36 PM,0
2101638,,ADELNEL2,0,1730233170,1730233170,04:19:30 PM,04:19:30 PM,0
2101638,,ADELADA2,0,1730233225,1730233225,04:20:25 PM,04:20:25 PM,0
2101638,,ADELEDNA,0,1730233277,1730233277,04:21:17 PM,04:21:17 PM,0
2101638,,ADELTHO4,0,1730233355,1730233355,04:22:35 PM,04:22:35 PM,0
2101638,,ADELTHO6,0,1730233389,1730233389,04:23:09 PM,04:23:09 PM,0
2101638,,ADELTHO2,0,1730233425,1730233425,04:23:45 PM,04:23:45 PM,0
2101638,,ADELTHO8,0,1730233457,1730233457,04:24:17 PM,04:24:17 PM,0
2101638,,ADELLEA2,0,1730233501,1730233501,04:25:01 PM,04:25:01 PM,0
2101638,,COMMADE1,0,1730233560,1730233560,04:26:00 PM,04:26:00 PM,0
2101638,,COMMLEA1,0,1730233585,1730233585,04:26:25 PM,04:26:25 PM,0
2101638,,COMMFRO1,0,1730233634,1730233634,04:27:14 PM,04:27:14 PM,0
2101638,,COMMKIE1,0,1730233662,1730233662,04:27:42 PM,04:27:42 PM,0
2101638,,COMMPOM1,0,1730233706,1730233706,04:28:26 PM,04:28:26 PM,0
2101638,,COMMPOM1,0,1730233706,1730233706,04:28:26 PM,04:28:26 PM,0
2101638,,PONDDEV2,0,1730233731,1730233731,04:28:51 PM,04:28:51 PM,0
2101638,,PONDBAN2,0,1730233758,1730233758,04:29:18 PM,04:29:18 PM,0
2101638,,DEVEPOND,0,1730233789,1730233789,04:29:49 PM,04:29:49 PM,0
2101638,,DEVEGLEN,0,1730233835,1730233835,04:30:35 PM,04:30:35 PM,0
2101638,,DEVELYSA,0,1730233880,1730233880,04:31:20 PM,04:31:20 PM,0
2101638,,DEVEBANB,0,1730233920,1730233920,04:32:00 PM,04:32:00 PM,0
2101638,,DEVECOM1,0,1730233960,1730233960,04:32:40 PM,04:32:40 PM,0
2101638,,COMMDEV4,0,1730234040,1730234040,04:34:00 PM,04:34:00 PM,0
2101713,,COMMDEV4,0,1730234340,1730234340,04:39:00 PM,04:39:00 PM,0
2101713,,COMMPOM4,0,1730234389,1730234389,04:39:49 PM,04:39:49 PM,0
2101713,,COMMKIE2,0,1730234435,1730234435,04:40:35 PM,04:40:35 PM,0
2101713,,COMMFRO2,0,1730234469,1730234469,04:41:09 PM,04:41:09 PM,0
2101713,,COMMLEA2,0,1730234503,1730234503,04:41:43 PM,04:41:43 PM,0
2101713,,COMMADE2,0,1730234523,1730234523,04:42:03 PM,04:42:03 PM,0
2101713,,ADELLEA1,0,1730234566,1730234566,04:42:46 PM,04:42:46 PM,0
2101713,,ADELLEA3,0,1730234611,1730234611,04:43:31 PM,04:43:31 PM,0
2101713,,ADELLEA5,0,1730234627,1730234627,04:43:47 PM,04:43:47 PM,0
2101713,,ADELLEA7,0,1730234657,1730234657,04:44:17 PM,04:44:17 PM,0
2101713,,ADELTHO1,0,1730234700,1730234700,04:45:00 PM,04:45:00 PM,0
2101713,,ADELMAUD,0,1730234746,1730234746,04:45:46 PM,04:45:46 PM,0
2101713,,ADELTERR,0,1730234794,1730234794,04:46:34 PM,04:46:34 PM,0
2101713,,ADELADA1,0,1730234822,1730234822,04:47:02 PM,04:47:02 PM,0
2101713,,ADELNEL1,0,1730234892,1730234892,04:48:12 PM,04:48:12 PM,0
2101713,,ADELHIL1,0,1730234940,1730234940,04:49:00 PM,04:49:00 PM,0
2101713,,ADELLISI,0,1730235000,1730235000,04:50:00 PM,04:50:00 PM,0
2101713,,ADELDUN1,0,1730235240,1730235240,04:54:00 PM,04:54:00 PM,0
2101713,,ADELLORN,0,1730235338,1730235338,04:55:38 PM,04:55:38 PM,0
2101713,,ADELCEN1,0,1730235409,1730235409,04:56:49 PM,04:56:49 PM,0
2101713,,ADELMCMA,,,,,,
2101713,,ADELPIC1,0,1730235544,1730235544,04:59:04 PM,04:59:04 PM,0
2101713,,ADELOXF1,0,1730235600,1730235600,05:00:00 PM,05:00:00 PM,0
2101713,,ADELSJA1,0,1730235630,1730235630,05:00:30 PM,05:00:30 PM,0
2101713,,ADELGRO1,0,1730235676,1730235676,05:01:16 PM,05:01:16 PM,0
2101713,,ADELCHE1,0,1730235720,1730235720,05:02:00 PM,05:02:00 PM,0
2101713,,ADELVIC1,0,1730235755,1730235755,05:02:35 PM,05:02:35 PM,0
2101713,,ADELREG1,0,1730235809,1730235809,05:03:29 PM,05:03:29 PM,0
2101713,,ADELHUR1,0,1730235847,1730235847,05:04:07 PM,05:04:07 PM,0
2101713,,ADELHUR5,0,1730235913,1730235913,05:05:13 PM,05:05:13 PM,0
2101713,,ADELKIP1,0,1730235959,1730235959,05:05:59 PM,05:05:59 PM,0
2101713,,ADELWIN1,0,1730236070,1730236070,05:07:50 PM,05:07:50 PM,0
2101713,,ADELGLEN,0,1730236183,1730236183,05:09:43 PM,05:09:43 PM,0
2101713,,ADELTENN,0,1730236211,1730236211,05:10:11 PM,05:10:11 PM,0
2101713,,FANSADE4,0,1730236320,1730236320,05:12:00 PM,05:12:00 PM,0
2101713,,FANSSTO2,0,1730236371,1730236371,05:12:51 PM,05:12:51 PM,0
2101713,,FANSHAS2,0,1730236508,1730236508,05:15:08 PM,05:15:08 PM,0
2101713,,FANSJEN2,0,1730236557,1730236557,05:15:57 PM,05:15:57 PM,0
2101713,,FANSJEN4,0,1730236594,1730236594,05:16:34 PM,05:16:34 PM,0
2101713,,FANSNCR2,0,1730236648,1730236648,05:17:28 PM,05:17:28 PM,0
2101713,,MASOSTO6,0,1730236740,1730236740,05:19:00 PM,05:19:00 PM,0
2101636,,MASOSTO6,0,1730230080,1730230080,03:28:00 PM,03:28:00 PM,0
2101636,,FANSRIC1,0,1730230172,1730230172,03:29:32 PM,03:29:32 PM,0
2101636,,FANSNCR1,0,1730230202,1730230202,03:30:02 PM,03:30:02 PM,0
2101636,,FANSNCR3,0,1730230248,1730230248,03:30:48 PM,03:30:48 PM,0
2101636,,FANSHAS3,0,1730230308,1730230308,03:31:48 PM,03:31:48 PM,0
2101636,,FANSHAS1,0,1730230358,1730230358,03:32:38 PM,03:32:38 PM,0
2101636,,FANSSTO3,0,1730230414,1730230414,03:33:34 PM,03:33:34 PM,0
2101636,,FANSSTO1,0,1730230476,1730230476,03:34:36 PM,03:34:36 PM,0
2101636,,ADELFAN2,0,1730230560,1730230560,03:36:00 PM,03:36:00 PM,0
2101636,,ADELMAPL,0,1730230602,1730230602,03:36:42 PM,03:36:42 PM,0
2101636,,ADELWILL,0,1730230633,1730230633,03:37:13 PM,03:37:13 PM,0
2101636,,ADELWIN2,0,1730230716,1730230716,03:38:36 PM,03:38:36 PM,0
2101636,,ADELKIP2,0,1730230800,1730230800,03:40:00 PM,03:40:00 PM,0
2101636,,ADELKIP6,0,1730230862,1730230862,03:41:02 PM,03:41:02 PM,0
2101636,,ADELHUR2,0,1730230933,1730230933,03:42:13 PM,03:42:13 PM,0
2101636,,ADELVIC2,0,1730230988,1730230988,03:43:08 PM,03:43:08 PM,0
2101636,,ADELCHE2,0,1730231040,1730231040,03:44:00 PM,03:44:00 PM,0
2101636,,ADELGRO2,0,1730231075,1730231075,03:44:35 PM,03:44:35 PM,0
2101636,,ADELSJA2,0,1730231121,1730231121,03:45:21 PM,03:45:21 PM,0
2101636,,ADELOXF2,0,1730231160,1730231160,03:46:00 PM,03:46:00 PM,0
2101636,,ADELPIC2,0,1730231202,1730231202,03:46:42 PM,03:46:42 PM,0
2101636,,ADELPAMA,,,,,,
2101636,,ADELCEN2,0,1730231323,1730231323,03:48:43 PM,03:48:43 PM,0
2101636,,ADELROSE,0,1730231357,1730231357,03:49:17 PM,03:49:17 PM,0
2101636,,ADELPRIN,0,1730231395,1730231395,03:49:55 PM,03:49:55 PM,0
2101636,,ADELDUFR,0,1730231427,1730231427,03:50:27 PM,03:50:27 PM,0
2101636,,ADELQUEE,0,1730231462,1730231462,03:51:02 PM,03:51:02 PM,0
2101636,,ADELDUN2,0,1730231520,1730231520,03:52:00 PM,03:52:00 PM,0
2101636,,ADELHAMI,0,1730231640,1730231640,03:54:00 PM,03:54:00 PM,0
2101636,,ADELHIL2,0,1730231681,1730231681,03:54:41 PM,03:54:41 PM,0
2101636,,ADELNEL2,0,1730231742,1730231742,03:55:42 PM,03:55:42 PM,0
2101636,,ADELADA2,0,1730231804,1730231804,03:56:44 PM,03:56:44 PM,0
2101636,,ADELEDNA,0,1730231863,1730231863,03:57:43 PM,03:57:43 PM,0
2101636,,ADELTHO4,0,1730231951,1730231951,03:59:11 PM,03:59:11 PM,0
2101636,,ADELTHO6,0,1730231989,1730231989,03:59:49 PM,03:59:49 PM,0
2101636,,ADELTHO2,0,1730232029,1730232029,04:00:29 PM,04:00:29 PM,0
2101636,,ADELTHO8,0,1730232065,1730232065,04:01:05 PM,04:01:05 PM,0
2101636,,ADELLEA2,0,1730232114,1730232114,04:01:54 PM,04:01:54 PM,0
2101636,,COMMADE1,0,1730232180,1730232180,04:03:00 PM,04:03:00 PM,0
2101636,,COMMLEA1,0,1730232205,1730232205,04:03:25 PM,04:03:25 PM,0
2101636,,COMMFRO1,0,1730232254,1730232254,04:04:14 PM,04:04:14 PM,0
2101636,,COMMKIE1,0,1730232282,1730232282,04:04:42 PM,04:04:42 PM,0
2101636,,COMMPOM1,0,1730232326,1730232326,04:05:26 PM,04:05:26 PM,0
2101636,,COMMPOM1,0,1730232326,1730232326,04:05:26 PM,04:05:26 PM,0
2101636,,PONDDEV2,0,1730232351,1730232351,04:05:51 PM,04:05:51 PM,0
2101636,,PONDBAN2,0,1730232378,1730232378,04:06:18 PM,04:06:18 PM,0
2101636,,DEVEPOND,0,1730232409,1730232409,04:06:49 PM,04:06:49 PM,0
2101636,,DEVEGLEN,0,1730232455,1730232455,04:07:35 PM,04:07:35 PM,0
2101636,,DEVELYSA,0,1730232500,1730232500,04:08:20 PM,04:08:20 PM,0
2101636,,DEVEBANB,0,1730232540,1730232540,04:09:00 PM,04:09:00 PM,0
2101636,,DEVECOM1,0,1730232580,1730232580,04:09:40 PM,04:09:40 PM,0
2101636,,COMMDEV4,0,1730232660,1730232660,04:11:00 PM,04:11:00 PM,0
2101711,,COMMDEV4,0,1730232900,1730232900,04:15:00 PM,04:15:00 PM,0
2101711,,COMMPOM4,0,1730232949,1730232949,04:15:49 PM,04:15:49 PM,0
2101711,,COMMKIE2,0,1730232995,1730232995,04:16:35 PM,04:16:35 PM,0
2101711,,COMMFRO2,0,1730233029,1730233029,04:17:09 PM,04:17:09 PM,0
2101711,,COMMLEA2,0,1730233063,1730233063,04:17:43 PM,04:17:43 PM,0
2101711,,COMMADE2,0,1730233083,1730233083,04:18:03 PM,04:18:03 PM,0
2101711,,ADELLEA1,0,1730233126,1730233126,04:18:46 PM,04:18:46 PM,0
2101711,,ADELLEA3,0,1730233171,1730233171,04:19:31 PM,04:19:31 PM,0
2101711,,ADELLEA5,0,1730233187,1730233187,04:19:47 PM,04:19:47 PM,0
2101711,,ADELLEA7,0,1730233217,1730233217,04:20:17 PM,04:20:17 PM,0
2101711,,ADELTHO1,0,1730233260,1730233260,04:21:00 PM,04:21:00 PM,0
2101711,,ADELMAUD,0,1730233306,1730233306,04:21:46 PM,04:21:46 PM,0
2101711,,ADELTERR,0,1730233354,1730233354,04:22:34 PM,04:22:34 PM,0
2101711,,ADELADA1,0,1730233382,1730233382,04:23:02 PM,04:23:02 PM,0
2101711,,ADELNEL1,0,1730233452,1730233452,04:24:12 PM,04:24:12 PM,0
2101711,,ADELHIL1,0,1730233500,1730233500,04:25:00 PM,04:25:00 PM,0
2101711,,ADELLISI,0,1730233560,1730233560,04:26:00 PM,04:26:00 PM,0
2101711,,ADELDUN1,0,1730233800,1730233800,04:30:00 PM,04:30:00 PM,0
2101711,,ADELLORN,0,1730233898,1730233898,04:31:38 PM,04:31:38 PM,0
2101711,,ADELCEN1,0,1730233969,1730233969,04:32:49 PM,04:32:49 PM,0
2101711,,ADELMCMA,,,,,,
2101711,,ADELPIC1,0,1730234104,1730234104,04:35:04 PM,04:35:04 PM,0
2101711,,ADELOXF1,0,1730234160,1730234160,04:36:00 PM,04:36:00 PM,0
2101711,,ADELSJA1,0,1730234190,1730234190,04:36:30 PM,04:36:30 PM,0
2101711,,ADELGRO1,0,1730234236,1730234236,04:37:16 PM,04:37:16 PM,0
2101711,,ADELCHE1,0,1730234280,1730234280,04:38:00 PM,04:38:00 PM,0
2101711,,ADELVIC1,0,1730234315,1730234315,04:38:35 PM,04:38:35 PM,0
2101711,,ADELREG1,0,1730234369,1730234369,04:39:29 PM,04:39:29 PM,0
2101711,,ADELHUR1,0,1730234407,1730234407,04:40:07 PM,04:40:07 PM,0
2101711,,ADELHUR5,0,1730234473,1730234473,04:41:13 PM,04:41:13 PM,0
2101711,,ADELKIP1,0,1730234519,1730234519,04:41:59 PM,04:41:59 PM,0
2101711,,ADELWIN1,0,1730234630,1730234630,04:43:50 PM,04:43:50 PM,0
2101711,,ADELGLEN,0,1730234743,1730234743,04:45:43 PM,04:45:43 PM,0
2101711,,ADELTENN,0,1730234771,1730234771,04:46:11 PM,04:46:11 PM,0
2101711,,FANSADE4,0,1730234880,1730234880,04:48:00 PM,04:48:00 PM,0
2101711,,FANSSTO2,0,1730234931,1730234931,04:48:51 PM,04:48:51 PM,0
2101711,,FANSHAS2,0,1730235068,1730235068,04:51:08 PM,04:51:08 PM,0
2101711,,FANSJEN2,0,1730235117,1730235117,04:51:57 PM,04:51:57 PM,0
2101711,,FANSJEN4,0,1730235154,1730235154,04:52:34 PM,04:52:34 PM,0
2101711,,FANSNCR2,0,1730235208,1730235208,04:53:28 PM,04:53:28 PM,0
2101711,,MASOSTO6,0,1730235300,1730235300,04:55:00 PM,04:55:00 PM,0
2101654,,MASOSTO6,0,1730235660,1730235660,05:01:00 PM,05:01:00 PM,0
2101654,,FANSRIC1,0,1730235752,1730235752,05:02:32 PM,05:02:32 PM,0
2101654,,FANSNCR1,0,1730235782,1730235782,05:03:02 PM,05:03:02 PM,0
2101654,,FANSNCR3,0,1730235828,1730235828,05:03:48 PM,05:03:48 PM,0
2101654,,FANSHAS3,0,1730235888,1730235888,05:04:48 PM,05:04:48 PM,0
2101654,,FANSHAS1,0,1730235938,1730235938,05:05:38 PM,05:05:38 PM,0
2101654,,FANSSTO3,0,1730235994,1730235994,05:06:34 PM,05:06:34 PM,0
2101654,,FANSSTO1,0,1730236056,1730236056,05:07:36 PM,05:07:36 PM,0
2101654,,ADELFAN2,0,1730236140,1730236140,05:09:00 PM,05:09:00 PM,0
2101654,,ADELMAPL,0,1730236182,1730236182,05:09:42 PM,05:09:42 PM,0
2101654,,ADELWILL,0,1730236213,1730236213,05:10:13 PM,05:10:13 PM,0
2101654,,ADELWIN2,0,1730236296,1730236296,05:11:36 PM,05:11:36 PM,0
2101654,,ADELKIP2,0,1730236380,1730236380,05:13:00 PM,05:13:00 PM,0
2101654,,ADELKIP6,0,1730236442,1730236442,05:14:02 PM,05:14:02 PM,0
2101654,,ADELHUR2,0,1730236513,1730236513,05:15:13 PM,05:15:13 PM,0
2101654,,ADELVIC2,0,1730236568,1730236568,05:16:08 PM,05:16:08 PM,0
2101654,,ADELCHE2,0,1730236620,1730236620,05:17:00 PM,05:17:00 PM,0
2101654,,ADELGRO2,0,1730236673,1730236673,05:17:53 PM,05:17:53 PM,0
2101654,,ADELSJA2,0,1730236742,1730236742,05:19:02 PM,05:19:02 PM,0
2101654,,ADELOXF2,0,1730236800,1730236800,05:20:00 PM,05:20:00 PM,0
2101654,,ADELPIC2,0,1730236842,1730236842,05:20:42 PM,05:20:42 PM,0
2101654,,ADELPAMA,,,,,,
2101654,,ADELCEN2,0,1730236963,1730236963,05:22:43 PM,05:22:43 PM,0
2101654,,ADELROSE,0,1730236997,1730236997,05:23:17 PM,05:23:17 PM,0
2101654,,ADELPRIN,0,1730237035,1730237035,05:23:55 PM,05:23:55 PM,0
2101654,,ADELDUFR,0,1730237067,1730237067,05:24:27 PM,05:24:27 PM,0
2101654,,ADELQUEE,0,1730237102,1730237102,05:25:02 PM,05:25:02 PM,0
2101654,,ADELDUN2,0,1730237160,1730237160,05:26:00 PM,05:26:00 PM,0
2101654,,ADELHAMI,0,1730237280,1730237280,05:28:00 PM,05:28:00 PM,0
2101654,,ADELHIL2,0,1730237316,1730237316,05:28:36 PM,05:28:36 PM,0
2101654,,ADELNEL2,0,1730237370,1730237370,05:29:30 PM,05:29:30 PM,0
2101654,,ADELADA2,0,1730237425,1730237425,05:30:25 PM,05:30:25 PM,0
2101654,,ADELEDNA,0,1730237477,1730237477,05:31:17 PM,05:31:17 PM,0
2101654,,ADELTHO4,0,1730237555,1730237555,05:32:35 PM,05:32:35 PM,0
2101654,,ADELTHO6,0,1730237589,1730237589,05:33:09 PM,05:33:09 PM,0
2101654,,ADELTHO2,0,1730237625,1730237625,05:33:45 PM,05:33:45 PM,0
2101654,,ADELTHO8,0,1730237657,1730237657,05:34:17 PM,05:34:17 PM,0
2101654,,ADELLEA2,0,1730237701,1730237701,05:35:01 PM,05:35:01 PM,0
2101654,,COMMADE1,0,1730237760,1730237760,05:36:00 PM,05:36:00 PM,0
2101654,,COMMLEA1,0,1730237785,1730237785,05:36:25 PM,05:36:25 PM,0
2101654,,COMMFRO1,0,1730237834,1730237834,05:37:14 PM,05:37:14 PM,0
2101654,,COMMKIE1,0,1730237862,1730237862,05:37:42 PM,05:37:42 PM,0
2101654,,COMMPOM1,0,1730237906,1730237906,05:38:26 PM,05:38:26 PM,0
2101654,,COMMPOM1,0,1730237906,1730237906,05:38:26 PM,05:38:26 PM,0
2101654,,PONDDEV2,0,1730237931,1730237931,05:38:51 PM,05:38:51 PM,0
2101654,,PONDBAN2,0,1730237958,1730237958,05:39:18 PM,05:39:18 PM,0
2101654,,DEVEPOND,0,1730237989,1730237989,05:39:49 PM,05:39:49 PM,0
2101654,,DEVEGLEN,0,1730238035,1730238035,05:40:35 PM,05:40:35 PM,0
2101654,,DEVELYSA,0,1730238080,1730238080,05:41:20 PM,05:41:20 PM,0
2101654,,DEVEBANB,0,1730238120,1730238120,05:42:00 PM,05:42:00 PM,0
2101654,,DEVECOM1,0,1730238160,1730238160,05:42:40 PM,05:42:40 PM,0
2101654,,COMMDEV4,0,1730238240,1730238240,05:44:00 PM,05:44:00 PM,0
2101635,,MASOSTO6,0,1730229240,1730229240,03:14:00 PM,03:14:00 PM,0
2101635,,FANSRIC1,0,1730229332,1730229332,03:15:32 PM,03:15:32 PM,0
2101635,,FANSNCR1,0,1730229362,1730229362,03:16:02 PM,03:16:02 PM,0
2101635,,FANSNCR3,0,1730229408,1730229408,03:16:48 PM,03:16:48 PM,0
2101635,,FANSHAS3,0,1730229468,1730229468,03:17:48 PM,03:17:48 PM,0
2101635,,FANSHAS1,0,1730229518,1730229518,03:18:38 PM,03:18:38 PM,0
2101635,,FANSSTO3,0,1730229574,1730229574,03:19:34 PM,03:19:34 PM,0
2101635,,FANSSTO1,0,1730229636,1730229636,03:20:36 PM,03:20:36 PM,0
2101635,,ADELFAN2,0,1730229720,1730229720,03:22:00 PM,03:22:00 PM,0
2101635,,ADELMAPL,0,1730229762,1730229762,03:22:42 PM,03:22:42 PM,0
2101635,,ADELWILL,0,1730229793,1730229793,03:23:13 PM,03:23:13 PM,0
2101635,,ADELWIN2,0,1730229876,1730229876,03:24:36 PM,03:24:36 PM,0
2101635,,ADELKIP2,0,1730229960,1730229960,03:26:00 PM,03:26:00 PM,0
2101635,,ADELKIP6,0,1730230022,1730230022,03:27:02 PM,03:27:02 PM,0
2101635,,ADELHUR2,0,1730230093,1730230093,03:28:13 PM,03:28:13 PM,0
2101635,,ADELVIC2,0,1730230148,1730230148,03:29:08 PM,03:29:08 PM,0
2101635,,ADELCHE2,0,1730230200,1730230200,03:30:00 PM,03:30:00 PM,0
2101635,,ADELGRO2,0,1730230235,1730230235,03:30:35 PM,03:30:35 PM,0
2101635,,ADELSJA2,0,1730230281,1730230281,03:31:21 PM,03:31:21 PM,0
2101635,,ADELOXF2,0,1730230320,1730230320,03:32:00 PM,03:32:00 PM,0
2101635,,ADELPIC2,0,1730230362,1730230362,03:32:42 PM,03:32:42 PM,0
2101635,,ADELPAMA,,,,,,
2101635,,ADELCEN2,0,1730230483,1730230483,03:34:43 PM,03:34:43 PM,0
2101635,,ADELROSE,0,1730230517,1730230517,03:35:17 PM,03:35:17 PM,0
2101635,,ADELPRIN,0,1730230555,1730230555,03:35:55 PM,03:35:55 PM,0
2101635,,ADELDUFR,0,1730230587,1730230587,03:36:27 PM,03:36:27 PM,0
2101635,,ADELQUEE,0,1730230622,1730230622,03:37:02 PM,03:37:02 PM,0
2101635,,ADELDUN2,0,1730230680,1730230680,03:38:00 PM,03:38:00 PM,0
2101635,,ADELHAMI,0,1730230800,1730230800,03:40:00 PM,03:40:00 PM,0
2101635,,ADELHIL2,0,1730230841,1730230841,03:40:41 PM,03:40:41 PM,0
2101635,,ADELNEL2,0,1730230902,1730230902,03:41:42 PM,03:41:42 PM,0
2101635,,ADELADA2,0,1730230964,1730230964,03:42:44 PM,03:42:44 PM,0
2101635,,ADELEDNA,0,1730231023,1730231023,03:43:43 PM,03:43:43 PM,0
2101635,,ADELTHO4,0,1730231111,1730231111,03:45:11 PM,03:45:11 PM,0
2101635,,ADELTHO6,0,1730231149,1730231149,03:45:49 PM,03:45:49 PM,0
2101635,,ADELTHO2,0,1730231189,1730231189,03:46:29 PM,03:46:29 PM,0
2101635,,ADELTHO8,0,1730231225,1730231225,03:47:05 PM,03:47:05 PM,0
2101635,,ADELLEA2,0,1730231274,1730231274,03:47:54 PM,03:47:54 PM,0
2101635,,COMMADE1,0,1730231340,1730231340,03:49:00 PM,03:49:00 PM,0
2101635,,COMMLEA1,0,1730231365,1730231365,03:49:25 PM,03:49:25 PM,0
2101635,,COMMFRO1,0,1730231414,1730231414,03:50:14 PM,03:50:14 PM,0
2101635,,COMMKIE1,0,1730231442,1730231442,03:50:42 PM,03:50:42 PM,0
2101635,,COMMPOM1,0,1730231486,1730231486,03:51:26 PM,03:51:26 PM,0
2101635,,COMMPOM1,0,1730231486,1730231486,03:51:26 PM,03:51:26 PM,0
2101635,,PONDDEV2,0,1730231511,1730231511,03:51:51 PM,03:51:51 PM,0
2101635,,PONDBAN2,0,1730231538,1730231538,03:52:18 PM,03:52:18 PM,0
2101635,,DEVEPOND,0,1730231569,1730231569,03:52:49 PM,03:52:49 PM,0
2101635,,DEVEGLEN,0,1730231615,1730231615,03:53:35 PM,03:53:35 PM,0
2101635,,DEVELYSA,0,1730231660,1730231660,03:54:20 PM,03:54:20 PM,0
2101635,,DEVEBANB,0,1730231700,1730231700,03:55:00 PM,03:55:00 PM,0
2101635,,DEVECOM1,0,1730231740,1730231740,03:55:40 PM,03:55:40 PM,0
2101635,,COMMDEV4,0,1730231820,1730231820,03:57:00 PM,03:57:00 PM,0
2101710,,COMMDEV4,0,1730232060,1730232060,04:01:00 PM,04:01:00 PM,0
2101710,,COMMPOM4,0,1730232109,1730232109,04:01:49 PM,04:01:49 PM,0
2101710,,COMMKIE2,0,1730232155,1730232155,04:02:35 PM,04:02:35 PM,0
2101710,,COMMFRO2,0,1730232189,1730232189,04:03:09 PM,04:03:09 PM,0
2101710,,COMMLEA2,0,1730232223,1730232223,04:03:43 PM,04:03:43 PM,0
2101710,,COMMADE2,0,1730232243,1730232243,04:04:03 PM,04:04:03 PM,0
2101710,,ADELLEA1,0,1730232286,1730232286,04:04:46 PM,04:04:46 PM,0
2101710,,ADELLEA3,0,1730232331,1730232331,04:05:31 PM,04:05:31 PM,0
2101710,,ADELLEA5,0,1730232347,1730232347,04:05:47 PM,04:05:47 PM,0
2101710,,ADELLEA7,0,1730232377,1730232377,04:06:17 PM,04:06:17 PM,0
2101710,,ADELTHO1,0,1730232420,1730232420,04:07:00 PM,04:07:00 PM,0
2101710,,ADELMAUD,0,1730232466,1730232466,04:07:46 PM,04:07:46 PM,0
2101710,,ADELTERR,0,1730232514,1730232514,04:08:34 PM,04:08:34 PM,0
2101710,,ADELADA1,0,1730232542,1730232542,04:09:02 PM,04:09:02 PM,0
2101710,,ADELNEL1,0,1730232612,1730232612,04:10:12 PM,04:10:12 PM,0
2101710,,ADELHIL1,0,1730232660,1730232660,04:11:00 PM,04:11:00 PM,0
2101710,,ADELLISI,0,1730232720,1730232720,04:12:00 PM,04:12:00 PM,0
2101710,,ADELDUN1,0,1730232960,1730232960,04:16:00 PM,04:16:00 PM,0
2101710,,ADELLORN,0,1730233058,1730233058,04:17:38 PM,04:17:38 PM,0
2101710,,ADELCEN1,0,1730233129,1730233129,04:18:49 PM,04:18:49 PM,0
2101710,,ADELMCMA,,,,,,
2101710,,ADELPIC1,0,1730233264,1730233264,04:21:04 PM,04:21:04 PM,0
2101710,,ADELOXF1,0,1730233320,1730233320,04:22:00 PM,04:22:00 PM,0
2101710,,ADELSJA1,0,1730233350,1730233350,04:22:30 PM,04:22:30 PM,0
2101710,,ADELGRO1,0,1730233396,1730233396,04:23:16 PM,04:23:16 PM,0
2101710,,ADELCHE1,0,1730233440,1730233440,04:24:00 PM,04:24:00 PM,0
2101710,,ADELVIC1,0,1730233475,1730233475,04:24:35 PM,04:24:35 PM,0
2101710,,ADELREG1,0,1730233529,1730233529,04:25:29 PM,04:25:29 PM,0
2101710,,ADELHUR1,0,1730233567,1730233567,04:26:07 PM,04:26:07 PM,0
2101710,,ADELHUR5,0,1730233633,1730233633,04:27:13 PM,04:27:13 PM,0
2101710,,ADELKIP1,0,1730233679,1730233679,04:27:59 PM,04:27:59 PM,0
2101710,,ADELWIN1,0,1730233790,1730233790,04:29:50 PM,04:29:50 PM,0
2101710,,ADELGLEN,0,1730233903,1730233903,04:31:43 PM,04:31:43 PM,0
2101710,,ADELTENN,0,1730233931,1730233931,04:32:11 PM,04:32:11 PM,0
2101710,,FANSADE4,0,1730234040,1730234040,04:34:00 PM,04:34:00 PM,0
2101710,,FANSSTO2,0,1730234091,1730234091,04:34:51 PM,04:34:51 PM,0
2101710,,FANSHAS2,0,1730234228,1730234228,04:37:08 PM,04:37:08 PM,0
2101710,,FANSJEN2,0,1730234277,1730234277,04:37:57 PM,04:37:57 PM,0
2101710,,FANSJEN4,0,1730234314,1730234314,04:38:34 PM,04:38:34 PM,0
2101710,,FANSNCR2,0,1730234368,1730234368,04:39:28 PM,04:39:28 PM,0
2101710,,MASOSTO6,0,1730234460,1730234460,04:41:00 PM,04:41:00 PM,0
2101642,,MASOSTO6,0,1730234820,1730234820,04:47:00 PM,04:47:00 PM,0
2101642,,FANSRIC1,0,1730234912,1730234912,04:48:32 PM,04:48:32 PM,0
2101642,,FANSNCR1,0,1730234942,1730234942,04:49:02 PM,04:49:02 PM,0
2101642,,FANSNCR3,0,1730234988,1730234988,04:49:48 PM,04:49:48 PM,0
2101642,,FANSHAS3,0,1730235048,1730235048,04:50:48 PM,04:50:48 PM,0
2101642,,FANSHAS1,0,1730235098,1730235098,04:51:38 PM,04:51:38 PM,0
2101642,,FANSSTO3,0,1730235154,1730235154,04:52:34 PM,04:52:34 PM,0
2101642,,FANSSTO1,0,1730235216,1730235216,04:53:36 PM,04:53:36 PM,0
2101642,,ADELFAN2,0,1730235300,1730235300,04:55:00 PM,04:55:00 PM,0
2101642,,ADELMAPL,0,1730235342,1730235342,04:55:42 PM,04:55:42 PM,0
2101642,,ADELWILL,0,1730235373,1730235373,04:56:13 PM,04:56:13 PM,0
2101642,,ADELWIN2,0,1730235456,1730235456,04:57:36 PM,04:57:36 PM,0
2101642,,ADELKIP2,0,1730235540,1730235540,04:59:00 PM,04:59:00 PM,0
2101642,,ADELKIP6,0,1730235602,1730235602,05:00:02 PM,05:00:02 PM,0
2101642,,ADELHUR2,0,1730235673,1730235673,05:01:13 PM,05:01:13 PM,0
2101642,,ADELVIC2,0,1730235728,1730235728,05:02:08 PM,05:02:08 PM,0
2101642,,ADELCHE2,0,1730235780,1730235780,05:03:00 PM,05:03:00 PM,0
2101642,,ADELGRO2,0,1730235833,1730235833,05:03:53 PM,05:03:53 PM,0
2101642,,ADELSJA2,0,1730235902,1730235902,05:05:02 PM,05:05:02 PM,0
2101642,,ADELOXF2,0,1730235960,1730235960,05:06:00 PM,05:06:00 PM,0
2101642,,ADELPIC2,0,1730236002,1730236002,05:06:42 PM,05:06:42 PM,0
2101642,,ADELPAMA,,,,,,
2101642,,ADELCEN2,0,1730236123,1730236123,05:08:43 PM,05:08:43 PM,0
2101642,,ADELROSE,0,1730236157,1730236157,05:09:17 PM,05:09:17 PM,0
2101642,,ADELPRIN,0,1730236195,1730236195,05:09:55 PM,05:09:55 PM,0
2101642,,ADELDUFR,0,1730236227,1730236227,05:10:27 PM,05:10:27 PM,0
2101642,,ADELQUEE,0,1730236262,1730236262,05:11:02 PM,05:11:02 PM,0
2101642,,ADELDUN2,0,1730236320,1730236320,05:12:00 PM,05:12:00 PM,0
2101642,,ADELHAMI,0,1730236440,1730236440,05:14:00 PM,05:14:00 PM,0
2101642,,ADELHIL2,0,1730236476,1730236476,05:14:36 PM,05:14:36 PM,0
2101642,,ADELNEL2,0,1730236530,1730236530,05:15:30 PM,05:15:30 PM,0
2101642,,ADELADA2,0,1730236585,1730236585,05:16:25 PM,05:16:25 PM,0
2101642,,ADELEDNA,0,1730236637,1730236637,05:17:17 PM,05:17:17 PM,0
2101642,,ADELTHO4,0,1730236715,1730236715,05:18:35 PM,05:18:35 PM,0
2101642,,ADELTHO6,0,1730236749,1730236749,05:19:09 PM,05:19:09 PM,0
2101642,,ADELTHO2,0,1730236785,1730236785,05:19:45 PM,05:19:45 PM,0
2101642,,ADELTHO8,0,1730236817,1730236817,05:20:17 PM,05:20:17 PM,0
2101642,,ADELLEA2,0,1730236861,1730236861,05:21:01 PM,05:21:01 PM,0
2101642,,COMMADE1,0,1730236920,1730236920,05:22:00 PM,05:22:00 PM,0
2101642,,COMMLEA1,0,1730236945,1730236945,05:22:25 PM,05:22:25 PM,0
2101642,,COMMFRO1,0,1730236994,1730236994,05:23:14 PM,05:23:14 PM,0
2101642,,COMMKIE1,0,1730237022,1730237022,05:23:42 PM,05:23:42 PM,0
2101642,,COMMPOM1,0,1730237066,1730237066,05:24:26 PM,05:24:26 PM,0
2101642,,COMMPOM1,0,1730237066,1730237066,05:24:26 PM,05:24:26 PM,0
2101642,,PONDDEV2,0,1730237091,1730237091,05:24:51 PM,05:24:51 PM,0
2101642,,PONDBAN2,0,1730237118,1730237118,05:25:18 PM,05:25:18 PM,0
2101642,,DEVEPOND,0,1730237149,1730237149,05:25:49 PM,05:25:49 PM,0
2101642,,DEVEGLEN,0,1730237195,1730237195,05:26:35 PM,05:26:35 PM,0
2101642,,DEVELYSA,0,1730237240,1730237240,05:27:20 PM,05:27:20 PM,0
2101642,,DEVEBANB,0,1730237280,1730237280,05:28:00 PM,05:28:00 PM,0
2101642,,DEVECOM1,0,1730237320,1730237320,05:28:40 PM,05:28:40 PM,0
2101642,,COMMDEV4,0,1730237400,1730237400,05:30:00 PM,05:30:00 PM,0
2101706,,COMMDEV4,0,1730229600,1730229600,03:20:00 PM,03:20:00 PM,0
2101706,,COMMPOM4,0,1730229657,1730229657,03:20:57 PM,03:20:57 PM,0
2101706,,COMMKIE2,0,1730229711,1730229711,03:21:51 PM,03:21:51 PM,0
2101706,,COMMFRO2,0,1730229751,1730229751,03:22:31 PM,03:22:31 PM,0
2101706,,COMMLEA2,0,1730229791,1730229791,03:23:11 PM,03:23:11 PM,0
2101706,,COMMADE2,0,1730229815,1730229815,03:23:35 PM,03:23:35 PM,0
2101706,,ADELLEA1,0,1730229865,1730229865,03:24:25 PM,03:24:25 PM,0
2101706,,ADELLEA3,0,1730229918,1730229918,03:25:18 PM,03:25:18 PM,0
2101706,,ADELLEA5,0,1730229937,1730229937,03:25:37 PM,03:25:37 PM,0
2101706,,ADELLEA7,0,1730229972,1730229972,03:26:12 PM,03:26:12 PM,0
2101706,,ADELTHO1,0,1730230020,1730230020,03:27:00 PM,03:27:00 PM,0
2101706,,ADELMAUD,0,1730230056,1730230056,03:27:36 PM,03:27:36 PM,0
2101706,,ADELTERR,0,1730230094,1730230094,03:28:14 PM,03:28:14 PM,0
2101706,,ADELADA1,0,1730230116,1730230116,03:28:36 PM,03:28:36 PM,0
2101706,,ADELNEL1,0,1730230172,1730230172,03:29:32 PM,03:29:32 PM,0
2101706,,ADELHIL1,0,1730230210,1730230210,03:30:10 PM,03:30:10 PM,0
2101706,,ADELLISI,0,1730230260,1730230260,03:31:00 PM,03:31:00 PM,0
2101706,,ADELDUN1,0,1730230440,1730230440,03:34:00 PM,03:34:00 PM,0
2101706,,ADELLORN,0,1730230538,1730230538,03:35:38 PM,03:35:38 PM,0
2101706,,ADELCEN1,0,1730230609,1730230609,03:36:49 PM,03:36:49 PM,0
2101706,,ADELMCMA,,,,,,
2101706,,ADELPIC1,0,1730230744,1730230744,03:39:04 PM,03:39:04 PM,0
2101706,,ADELOXF1,0,1730230800,1730230800,03:40:00 PM,03:40:00 PM,0
2101706,,ADELSJA1,0,1730230830,1730230830,03:40:30 PM,03:40:30 PM,0
2101706,,ADELGRO1,0,1730230876,1730230876,03:41:16 PM,03:41:16 PM,0
2101706,,ADELCHE1,0,1730230920,1730230920,03:42:00 PM,03:42:00 PM,0
2101706,,ADELVIC1,0,1730230955,1730230955,03:42:35 PM,03:42:35 PM,0
2101706,,ADELREG1,0,1730231009,1730231009,03:43:29 PM,03:43:29 PM,0
2101706,,ADELHUR1,0,1730231047,1730231047,03:44:07 PM,03:44:07 PM,0
2101706,,ADELHUR5,0,1730231113,1730231113,03:45:13 PM,03:45:13 PM,0
2101706,,ADELKIP1,0,1730231159,1730231159,03:45:59 PM,03:45:59 PM,0
2101706,,ADELWIN1,0,1730231270,1730231270,03:47:50 PM,03:47:50 PM,0
2101706,,ADELGLEN,0,1730231383,1730231383,03:49:43 PM,03:49:43 PM,0
2101706,,ADELTENN,0,1730231411,1730231411,03:50:11 PM,03:50:11 PM,0
2101706,,FANSADE4,0,1730231520,1730231520,03:52:00 PM,03:52:00 PM,0
2101706,,FANSSTO2,0,1730231556,1730231556,03:52:36 PM,03:52:36 PM,0
2101706,,FANSHAS2,0,1730231654,1730231654,03:54:14 PM,03:54:14 PM,0
2101706,,FANSJEN2,0,1730231689,1730231689,03:54:49 PM,03:54:49 PM,0
2101706,,FANSJEN4,0,1730231715,1730231715,03:55:15 PM,03:55:15 PM,0
2101706,,FANSNCR2,0,1730231754,1730231754,03:55:54 PM,03:55:54 PM,0
2101706,,MASOSTO6,0,1730231820,1730231820,03:57:00 PM,03:57:00 PM,0
2101639,,MASOSTO6,0,1730232300,1730232300,04:05:00 PM,04:05:00 PM,0
2101639,,FANSRIC1,0,1730232392,1730232392,04:06:32 PM,04:06:32 PM,0
2101639,,FANSNCR1,0,1730232422,1730232422,04:07:02 PM,04:07:02 PM,0
2101639,,FANSNCR3,0,1730232468,1730232468,04:07:48 PM,04:07:48 PM,0
2101639,,FANSHAS3,0,1730232528,1730232528,04:08:48 PM,04:08:48 PM,0
2101639,,FANSHAS1,0,1730232578,1730232578,04:09:38 PM,04:09:38 PM,0
2101639,,FANSSTO3,0,1730232634,1730232634,04:10:34 PM,04:10:34 PM,0
2101639,,FANSSTO1,0,1730232696,1730232696,04:11:36 PM,04:11:36 PM,0
2101639,,ADELFAN2,0,1730232780,1730232780,04:13:00 PM,04:13:00 PM,0
2101639,,ADELMAPL,0,1730232822,1730232822,04:13:42 PM,04:13:42 PM,0
2101639,,ADELWILL,0,1730232853,1730232853,04:14:13 PM,04:14:13 PM,0
2101639,,ADELWIN2,0,1730232936,1730232936,04:15:36 PM,04:15:36 PM,0
2101639,,ADELKIP2,0,1730233020,1730233020,04:17:00 PM,04:17:00 PM,0
2101639,,ADELKIP6,0,1730233082,1730233082,04:18:02 PM,04:18:02 PM,0
2101639,,ADELHUR2,0,1730233153,1730233153,04:19:13 PM,04:19:13 PM,0
2101639,,ADELVIC2,0,1730233208,1730233208,04:20:08 PM,04:20:08 PM,0
2101639,,ADELCHE2,0,1730233260,1730233260,04:21:00 PM,04:21:00 PM,0
2101639,,ADELGRO2,0,1730233313,1730233313,04:21:53 PM,04:21:53 PM,0
2101639,,ADELSJA2,0,1730233382,1730233382,04:23:02 PM,04:23:02 PM,0
2101639,,ADELOXF2,0,1730233440,1730233440,04:24:00 PM,04:24:00 PM,0
2101639,,ADELPIC2,0,1730233482,1730233482,04:24:42 PM,04:24:42 PM,0
2101639,,ADELPAMA,,,,,,
2101639,,ADELCEN2,0,1730233603,1730233603,04:26:43 PM,04:26:43 PM,0
2101639,,ADELROSE,0,1730233637,1730233637,04:27:17 PM,04:27:17 PM,0
2101639,,ADELPRIN,0,1730233675,1730233675,04:27:55 PM,04:27:55 PM,0
2101639,,ADELDUFR,0,1730233707,1730233707,04:28:27 PM,04:28:27 PM,0
2101639,,ADELQUEE,0,1730233742,1730233742,04:29:02 PM,04:29:02 PM,0
2101639,,ADELDUN2,0,1730233800,1730233800,04:30:00 PM,04:30:00 PM,0
2101639,,ADELHAMI,0,1730233920,1730233920,04:32:00 PM,04:32:00 PM,0
2101639,,ADELHIL2,0,1730233956,1730233956,04:32:36 PM,04:32:36 PM,0
2101639,,ADELNEL2,0,1730234010,1730234010,04:33:30 PM,04:33:30 PM,0
2101639,,ADELADA2,0,1730234065,1730234065,04:34:25 PM,04:34:25 PM,0
2101639,,ADELEDNA,0,1730234117,1730234117,04:35:17 PM,04:35:17 PM,0
2101639,,ADELTHO4,0,1730234195,1730234195,04:36:35 PM,04:36:35 PM,0
2101639,,ADELTHO6,0,1730234229,1730234229,04:37:09 PM,04:37:09 PM,0
2101639,,ADELTHO2,0,1730234265,1730234265,04:37:45 PM,04:37:45 PM,0
2101639,,ADELTHO8,0,1730234297,1730234297,04:38:17 PM,04:38:17 PM,0
2101639,,ADELLEA2,0,1730234341,1730234341,04:39:01 PM,04:39:01 PM,0
2101639,,COMMADE1,0,1730234400,1730234400,04:40:00 PM,04:40:00 PM,0
2101639,,COMMLEA1,0,1730234425,1730234425,04:40:25 PM,04:40:25 PM,0
2101639,,COMMFRO1,0,1730234474,1730234474,04:41:14 PM,04:41:14 PM,0
2101639,,COMMKIE1,0,1730234502,1730234502,04:41:42 PM,04:41:42 PM,0
2101639,,COMMPOM1,0,1730234546,1730234546,04:42:26 PM,04:42:26 PM,0
2101639,,COMMPOM1,0,1730234546,1730234546,04:42:26 PM,04:42:26 PM,0
2101639,,PONDDEV2,0,1730234571,1730234571,04:42:51 PM,04:42:51 PM,0
2101639,,PONDBAN2,0,1730234598,1730234598,04:43:18 PM,04:43:18 PM,0
2101639,,DEVEPOND,0,1730234629,1730234629,04:43:49 PM,04:43:49 PM,0
2101639,,DEVEGLEN,0,1730234675,1730234675,04:44:35 PM,04:44:35 PM,0
2101639,,DEVELYSA,0,1730234720,1730234720,04:45:20 PM,04:45:20 PM,0
2101639,,DEVEBANB,0,1730234760,1730234760,04:46:00 PM,04:46:00 PM,0
2101639,,DEVECOM1,0,1730234800,1730234800,04:46:40 PM,04:46:40 PM,0
2101639,,COMMDEV4,0,1730234880,1730234880,04:48:00 PM,04:48:00 PM,0
2101714,,COMMDEV4,0,1730235180,1730235180,04:53:00 PM,04:53:00 PM,0
2101714,,COMMPOM4,0,1730235229,1730235229,04:53:49 PM,04:53:49 PM,0
2101714,,COMMKIE2,0,1730235275,1730235275,04:54:35 PM,04:54:35 PM,0
2101714,,COMMFRO2,0,1730235309,1730235309,04:55:09 PM,04:55:09 PM,0
2101714,,COMMLEA2,0,1730235343,1730235343,04:55:43 PM,04:55:43 PM,0
2101714,,COMMADE2,0,1730235363,1730235363,04:56:03 PM,04:56:03 PM,0
2101714,,ADELLEA1,0,1730235406,1730235406,04:56:46 PM,04:56:46 PM,0
2101714,,ADELLEA3,0,1730235451,1730235451,04:57:31 PM,04:57:31 PM,0
2101714,,ADELLEA5,0,1730235467,1730235467,04:57:47 PM,04:57:47 PM,0
2101714,,ADELLEA7,0,1730235497,1730235497,04:58:17 PM,04:58:17 PM,0
2101714,,ADELTHO1,0,1730235540,1730235540,04:59:00 PM,04:59:00 PM,0
2101714,,ADELMAUD,0,1730235586,1730235586,04:59:46 PM,04:59:46 PM,0
2101714,,ADELTERR,0,1730235634,1730235634,05:00:34 PM,05:00:34 PM,0
2101714,,ADELADA1,0,1730235662,1730235662,05:01:02 PM,05:01:02 PM,0
2101714,,ADELNEL1,0,1730235732,1730235732,05:02:12 PM,05:02:12 PM,0
2101714,,ADELHIL1,0,1730235780,1730235780,05:03:00 PM,05:03:00 PM,0
2101714,,ADELLISI,0,1730235840,1730235840,05:04:00 PM,05:04:00 PM,0
2101714,,ADELDUN1,0,1730236080,1730236080,05:08:00 PM,05:08:00 PM,0
2101714,,ADELLORN,0,1730236178,1730236178,05:09:38 PM,05:09:38 PM,0
2101714,,ADELCEN1,0,1730236249,1730236249,05:10:49 PM,05:10:49 PM,0
2101714,,ADELMCMA,,,,,,
2101714,,ADELPIC1,0,1730236384,1730236384,05:13:04 PM,05:13:04 PM,0
2101714,,ADELOXF1,0,1730236440,1730236440,05:14:00 PM,05:14:00 PM,0
2101714,,ADELSJA1,0,1730236470,1730236470,05:14:30 PM,05:14:30 PM,0
2101714,,ADELGRO1,0,1730236516,1730236516,05:15:16 PM,05:15:16 PM,0
2101714,,ADELCHE1,0,1730236560,1730236560,05:16:00 PM,05:16:00 PM,0
2101714,,ADELVIC1,0,1730236595,1730236595,05:16:35 PM,05:16:35 PM,0
2101714,,ADELREG1,0,1730236649,1730236649,05:17:29 PM,05:17:29 PM,0
2101714,,ADELHUR1,0,1730236687,1730236687,05:18:07 PM,05:18:07 PM,0
2101714,,ADELHUR5,0,1730236753,1730236753,05:19:13 PM,05:19:13 PM,0
2101714,,ADELKIP1,0,1730236799,1730236799,05:19:59 PM,05:19:59 PM,0
2101714,,ADELWIN1,0,1730236910,1730236910,05:21:50 PM,05:21:50 PM,0
2101714,,ADELGLEN,0,1730237023,1730237023,05:23:43 PM,05:23:43 PM,0
2101714,,ADELTENN,0,1730237051,1730237051,05:24:11 PM,05:24:11 PM,0
2101714,,FANSADE4,0,1730237160,1730237160,05:26:00 PM,05:26:00 PM,0
2101714,,FANSSTO2,0,1730237211,1730237211,05:26:51 PM,05:26:51 PM,0
2101714,,FANSHAS2,0,1730237348,1730237348,05:29:08 PM,05:29:08 PM,0
2101714,,FANSJEN2,0,1730237397,1730237397,05:29:57 PM,05:29:57 PM,0
2101714,,FANSJEN4,0,1730237434,1730237434,05:30:34 PM,05:30:34 PM,0
2101714,,FANSNCR2,0,1730237488,1730237488,05:31:28 PM,05:31:28 PM,0
2101714,,MASOSTO6,0,1730237580,1730237580,05:33:00 PM,05:33:00 PM,0
2101655,,MASOSTO6,0,1730237640,1730237640,05:34:00 PM,05:34:00 PM,0
2101655,,FANSRIC1,0,1730237732,1730237732,05:35:32 PM,05:35:32 PM,0
2101655,,FANSNCR1,0,1730237762,1730237762,05:36:02 PM,05:36:02 PM,0
2101655,,FANSNCR3,0,1730237808,1730237808,05:36:48 PM,05:36:48 PM,0
2101655,,FANSHAS3,0,1730237868,1730237868,05:37:48 PM,05:37:48 PM,0
2101655,,FANSHAS1,0,1730237918,1730237918,05:38:38 PM,05:38:38 PM,0
2101655,,FANSSTO3,0,1730237974,1730237974,05:39:34 PM,05:39:34 PM,0
2101655,,FANSSTO1,0,1730238036,1730238036,05:40:36 PM,05:40:36 PM,0
2101655,,ADELFAN2,0,1730238120,1730238120,05:42:00 PM,05:42:00 PM,0
2101655,,ADELMAPL,0,1730238162,1730238162,05:42:42 PM,05:42:42 PM,0
2101655,,ADELWILL,0,1730238193,1730238193,05:43:13 PM,05:43:13 PM,0
2101655,,ADELWIN2,0,1730238276,1730238276,05:44:36 PM,05:44:36 PM,0
2101655,,ADELKIP2,0,1730238360,1730238360,05:46:00 PM,05:46:00 PM,0
2101655,,ADELKIP6,0,1730238422,1730238422,05:47:02 PM,05:47:02 PM,0
2101655,,ADELHUR2,0,1730238493,1730238493,05:48:13 PM,05:48:13 PM,0
2101655,,ADELVIC2,0,1730238548,1730238548,05:49:08 PM,05:49:08 PM,0
2101655,,ADELCHE2,0,1730238600,1730238600,05:50:00 PM,05:50:00 PM,0
2101655,,ADELGRO2,0,1730238653,1730238653,05:50:53 PM,05:50:53 PM,0
2101655,,ADELSJA2,0,1730238722,1730238722,05:52:02 PM,05:52:02 PM,0
2101655,,ADELOXF2,0,1730238780,1730238780,05:53:00 PM,05:53:00 PM,0
2101655,,ADELPIC2,0,1730238822,1730238822,05:53:42 PM,05:53:42 PM,0
2101655,,ADELPAMA,,,,,,
2101655,,ADELCEN2,0,1730238943,1730238943,05:55:43 PM,05:55:43 PM,0
2101655,,ADELROSE,0,1730238977,1730238977,05:56:17 PM,05:56:17 PM,0
2101655,,ADELPRIN,0,1730239015,1730239015,05:56:55 PM,05:56:55 PM,0
2101655,,ADELDUFR,0,1730239047,1730239047,05:57:27 PM,05:57:27 PM,0
2101655,,ADELQUEE,0,1730239082,1730239082,05:58:02 PM,05:58:02 PM,0
2101655,,ADELDUN2,0,1730239140,1730239140,05:59:00 PM,05:59:00 PM,0
2101655,,ADELHAMI,0,1730239260,1730239260,06:01:00 PM,06:01:00 PM,0
2101655,,ADELHIL2,0,1730239296,1730239296,06:01:36 PM,06:01:36 PM,0
2101655,,ADELNEL2,0,1730239350,1730239350,06:02:30 PM,06:02:30 PM,0
2101655,,ADELADA2,0,1730239405,1730239405,06:03:25 PM,06:03:25 PM,0
2101655,,ADELEDNA,0,1730239457,1730239457,06:04:17 PM,06:04:17 PM,0
2101655,,ADELTHO4,0,1730239535,1730239535,06:05:35 PM,06:05:35 PM,0
2101655,,ADELTHO6,0,1730239569,1730239569,06:06:09 PM,06:06:09 PM,0
2101655,,ADELTHO2,0,1730239605,1730239605,06:06:45 PM,06:06:45 PM,0
2101655,,ADELTHO8,0,1730239637,1730239637,06:07:17 PM,06:07:17 PM,0
2101655,,ADELLEA2,0,1730239681,1730239681,06:08:01 PM,06:08:01 PM,0
2101655,,COMMADE1,0,1730239740,1730239740,06:09:00 PM,06:09:00 PM,0
2101655,,COMMLEA1,0,1730239765,1730239765,06:09:25 PM,06:09:25 PM,0
2101655,,COMMFRO1,0,1730239814,1730239814,06:10:14 PM,06:10:14 PM,0
2101655,,COMMKIE1,0,1730239842,1730239842,06:10:42 PM,06:10:42 PM,0
2101655,,COMMPOM1,0,1730239886,1730239886,06:11:26 PM,06:11:26 PM,0
2101655,,COMMPOM1,0,1730239886,1730239886,06:11:26 PM,06:11:26 PM,0
2101655,,PONDDEV2,0,1730239911,1730239911,06:11:51 PM,06:11:51 PM,0
2101655,,PONDBAN2,0,1730239938,1730239938,06:12:18 PM,06:12:18 PM,0
2101655,,DEVEPOND,0,1730239969,1730239969,06:12:49 PM,06:12:49 PM,0
2101655,,DEVEGLEN,0,1730240015,1730240015,06:13:35 PM,06:13:35 PM,0
2101655,,DEVELYSA,0,1730240060,1730240060,06:14:20 PM,06:14:20 PM,0
2101655,,DEVEBANB,0,1730240100,1730240100,06:15:00 PM,06:15:00 PM,0
2101655,,DEVECOM1,0,1730240140,1730240140,06:15:40 PM,06:15:40 PM,0
2101655,,COMMDEV4,0,1730240220,1730240220,06:17:00 PM,06:17:00 PM,0
2101719,,COMMDEV4,0,1730240460,1730240460,06:21:00 PM,06:21:00 PM,0
2101719,,COMMPOM4,0,1730240509,1730240509,06:21:49 PM,06:21:49 PM,0
2101719,,COMMKIE2,0,1730240555,1730240555,06:22:35 PM,06:22:35 PM,0
2101719,,COMMFRO2,0,1730240589,1730240589,06:23:09 PM,06:23:09 PM,0
2101719,,COMMLEA2,0,1730240623,1730240623,06:23:43 PM,06:23:43 PM,0
2101719,,COMMADE2,0,1730240643,1730240643,06:24:03 PM,06:24:03 PM,0
2101719,,ADELLEA1,0,1730240686,1730240686,06:24:46 PM,06:24:46 PM,0
2101719,,ADELLEA3,0,1730240731,1730240731,06:25:31 PM,06:25:31 PM,0
2101719,,ADELLEA5,0,1730240747,1730240747,06:25:47 PM,06:25:47 PM,0
2101719,,ADELLEA7,0,1730240777,1730240777,06:26:17 PM,06:26:17 PM,0
2101719,,ADELTHO1,0,1730240820,1730240820,06:27:00 PM,06:27:00 PM,0
2101719,,ADELMAUD,0,1730240856,1730240856,06:27:36 PM,06:27:36 PM,0
2101719,,ADELTERR,0,1730240894,1730240894,06:28:14 PM,06:28:14 PM,0
2101719,,ADELADA1,0,1730240916,1730240916,06:28:36 PM,06:28:36 PM,0
2101719,,ADELNEL1,0,1730240972,1730240972,06:29:32 PM,06:29:32 PM,0
2101719,,ADELHIL1,0,1730241010,1730241010,06:30:10 PM,06:30:10 PM,0
2101719,,ADELLISI,0,1730241060,1730241060,06:31:00 PM,06:31:00 PM,0
2101719,,ADELDUN1,0,1730241240,1730241240,06:34:00 PM,06:34:00 PM,0
2101719,,ADELLORN,0,1730241305,1730241305,06:35:05 PM,06:35:05 PM,0
2101719,,ADELCEN1,0,1730241352,1730241352,06:35:52 PM,06:35:52 PM,0
2101719,,ADELMCMA,,,,,,
2101719,,ADELPIC1,0,1730241442,1730241442,06:37:22 PM,06:37:22 PM,0
2101719,,ADELOXF1,0,1730241480,1730241480,06:38:00 PM,06:38:00 PM,0
2101719,,ADELSJA1,0,1730241510,1730241510,06:38:30 PM,06:38:30 PM,0
2101719,,ADELGRO1,0,1730241556,1730241556,06:39:16 PM,06:39:16 PM,0
2101719,,ADELCHE1,0,1730241600,1730241600,06:40:00 PM,06:40:00 PM,0
2101719,,ADELVIC1,0,1730241631,1730241631,06:40:31 PM,06:40:31 PM,0
2101719,,ADELREG1,0,1730241679,1730241679,06:41:19 PM,06:41:19 PM,0
2101719,,ADELHUR1,0,1730241713,1730241713,06:41:53 PM,06:41:53 PM,0
2101719,,ADELHUR5,0,1730241772,1730241772,06:42:52 PM,06:42:52 PM,0
2101719,,ADELKIP1,0,1730241814,1730241814,06:43:34 PM,06:43:34 PM,0
2101719,,ADELWIN1,0,1730241914,1730241914,06:45:14 PM,06:45:14 PM,0
2101719,,ADELGLEN,0,1730242015,1730242015,06:46:55 PM,06:46:55 PM,0
2101719,,ADELTENN,0,1730242041,1730242041,06:47:21 PM,06:47:21 PM,0
2101719,,FANSADE4,0,1730242140,1730242140,06:49:00 PM,06:49:00 PM,0
2101719,,FANSSTO2,0,1730242176,1730242176,06:49:36 PM,06:49:36 PM,0
2101719,,FANSHAS2,0,1730242274,1730242274,06:51:14 PM,06:51:14 PM,0
2101719,,FANSJEN2,0,1730242309,1730242309,06:51:49 PM,06:51:49 PM,0
2101719,,FANSJEN4,0,1730242335,1730242335,06:52:15 PM,06:52:15 PM,0
2101719,,FANSNCR2,0,1730242374,1730242374,06:52:54 PM,06:52:54 PM,0
2101719,,MASOSTO6,0,1730242440,1730242440,06:54:00 PM,06:54:00 PM,0
2101647,,MASOSTO6,0,1730242620,1730242620,06:57:00 PM,06:57:00 PM,0
2101647,,FANSRIC1,0,1730242701,1730242701,06:58:21 PM,06:58:21 PM,0
2101647,,FANSNCR1,0,1730242727,1730242727,06:58:47 PM,06:58:47 PM,0
2101647,,FANSNCR3,0,1730242767,1730242767,06:59:27 PM,06:59:27 PM,0
2101647,,FANSHAS3,0,1730242819,1730242819,07:00:19 PM,07:00:19 PM,0
2101647,,FANSHAS1,0,1730242862,1730242862,07:01:02 PM,07:01:02 PM,0
2101647,,FANSSTO3,0,1730242911,1730242911,07:01:51 PM,07:01:51 PM,0
2101647,,FANSSTO1,0,1730242965,1730242965,07:02:45 PM,07:02:45 PM,0
2101647,,ADELFAN2,0,1730243040,1730243040,07:04:00 PM,07:04:00 PM,0
2101647,,ADELMAPL,0,1730243082,1730243082,07:04:42 PM,07:04:42 PM,0
2101647,,ADELWILL,0,1730243113,1730243113,07:05:13 PM,07:05:13 PM,0
2101647,,ADELWIN2,0,1730243196,1730243196,07:06:36 PM,07:06:36 PM,0
2101647,,ADELKIP2,0,1730243280,1730243280,07:08:00 PM,07:08:00 PM,0
2101647,,ADELKIP6,0,1730243342,1730243342,07:09:02 PM,07:09:02 PM,0
2101647,,ADELHUR2,0,1730243413,1730243413,07:10:13 PM,07:10:13 PM,0
2101647,,ADELVIC2,0,1730243468,1730243468,07:11:08 PM,07:11:08 PM,0
2101647,,ADELCHE2,0,1730243520,1730243520,07:12:00 PM,07:12:00 PM,0
2101647,,ADELGRO2,0,1730243555,1730243555,07:12:35 PM,07:12:35 PM,0
2101647,,ADELSJA2,0,1730243601,1730243601,07:13:21 PM,07:13:21 PM,0
2101647,,ADELOXF2,0,1730243640,1730243640,07:14:00 PM,07:14:00 PM,0
2101647,,ADELPIC2,0,1730243675,1730243675,07:14:35 PM,07:14:35 PM,0
2101647,,ADELPAMA,,,,,,
2101647,,ADELCEN2,0,1730243775,1730243775,07:16:15 PM,07:16:15 PM,0
2101647,,ADELROSE,0,1730243803,1730243803,07:16:43 PM,07:16:43 PM,0
2101647,,ADELPRIN,0,1730243834,1730243834,07:17:14 PM,07:17:14 PM,0
2101647,,ADELDUFR,0,1730243861,1730243861,07:17:41 PM,07:17:41 PM,0
2101647,,ADELQUEE,0,1730243890,1730243890,07:18:10 PM,07:18:10 PM,0
2101647,,ADELDUN2,0,1730243940,1730243940,07:19:00 PM,07:19:00 PM,0
2101647,,ADELHAMI,0,1730244060,1730244060,07:21:00 PM,07:21:00 PM,0
2101647,,ADELHIL2,0,1730244092,1730244092,07:21:32 PM,07:21:32 PM,0
2101647,,ADELNEL2,0,1730244139,1730244139,07:22:19 PM,07:22:19 PM,0
2101647,,ADELADA2,0,1730244187,1730244187,07:23:07 PM,07:23:07 PM,0
2101647,,ADELEDNA,0,1730244233,1730244233,07:23:53 PM,07:23:53 PM,0
2101647,,ADELTHO4,0,1730244302,1730244302,07:25:02 PM,07:25:02 PM,0
2101647,,ADELTHO6,0,1730244331,1730244331,07:25:31 PM,07:25:31 PM,0
2101647,,ADELTHO2,0,1730244362,1730244362,07:26:02 PM,07:26:02 PM,0
2101647,,ADELTHO8,0,1730244390,1730244390,07:26:30 PM,07:26:30 PM,0
2101647,,ADELLEA2,0,1730244428,1730244428,07:27:08 PM,07:27:08 PM,0
2101647,,COMMADE1,0,1730244480,1730244480,07:28:00 PM,07:28:00 PM,0
2101647,,COMMLEA1,0,1730244505,1730244505,07:28:25 PM,07:28:25 PM,0
2101647,,COMMFRO1,0,1730244554,1730244554,07:29:14 PM,07:29:14 PM,0
2101647,,COMMKIE1,0,1730244582,1730244582,07:29:42 PM,07:29:42 PM,0
2101647,,COMMPOM1,0,1730244626,1730244626,07:30:26 PM,07:30:26 PM,0
2101647,,COMMPOM1,0,1730244626,1730244626,07:30:26 PM,07:30:26 PM,0
2101647,,PONDDEV2,0,1730244651,1730244651,07:30:51 PM,07:30:51 PM,0
2101647,,PONDBAN2,0,1730244678,1730244678,07:31:18 PM,07:31:18 PM,0
2101647,,DEVEPOND,0,1730244709,1730244709,07:31:49 PM,07:31:49 PM,0
2101647,,DEVEGLEN,0,1730244755,1730244755,07:32:35 PM,07:32:35 PM,0
2101647,,DEVELYSA,0,1730244800,1730244800,07:33:20 PM,07:33:20 PM,0
2101647,,DEVEBANB,0,1730244840,1730244840,07:34:00 PM,07:34:00 PM,0
2101647,,DEVECOM1,0,1730244880,1730244880,07:34:40 PM,07:34:40 PM,0
2101647,,COMMDEV4,0,1730244960,1730244960,07:36:00 PM,07:36:00 PM,0
2101723,,COMMDEV4,0,1730244960,1730244960,07:36:00 PM,07:36:00 PM,0
2101723,,COMMPOM4,0,1730245009,1730245009,07:36:49 PM,07:36:49 PM,0
2101723,,COMMKIE2,0,1730245055,1730245055,07:37:35 PM,07:37:35 PM,0
2101723,,COMMFRO2,0,1730245089,1730245089,07:38:09 PM,07:38:09 PM,0
2101723,,COMMLEA2,0,1730245123,1730245123,07:38:43 PM,07:38:43 PM,0
2101723,,COMMADE2,0,1730245143,1730245143,07:39:03 PM,07:39:03 PM,0
2101723,,ADELLEA1,0,1730245186,1730245186,07:39:46 PM,07:39:46 PM,0
2101723,,ADELLEA3,0,1730245231,1730245231,07:40:31 PM,07:40:31 PM,0
2101723,,ADELLEA5,0,1730245247,1730245247,07:40:47 PM,07:40:47 PM,0
2101723,,ADELLEA7,0,1730245277,1730245277,07:41:17 PM,07:41:17 PM,0
2101723,,ADELTHO1,0,1730245320,1730245320,07:42:00 PM,07:42:00 PM,0
2101723,,ADELMAUD,0,1730245356,1730245356,07:42:36 PM,07:42:36 PM,0
2101723,,ADELTERR,0,1730245394,1730245394,07:43:14 PM,07:43:14 PM,0
2101723,,ADELADA1,0,1730245416,1730245416,07:43:36 PM,07:43:36 PM,0
2101723,,ADELNEL1,0,1730245472,1730245472,07:44:32 PM,07:44:32 PM,0
2101723,,ADELHIL1,0,1730245510,1730245510,07:45:10 PM,07:45:10 PM,0
2101723,,ADELLISI,0,1730245560,1730245560,07:46:00 PM,07:46:00 PM,0
2101723,,ADELDUN1,0,1730245740,1730245740,07:49:00 PM,07:49:00 PM,0
2101723,,ADELLORN,0,1730245805,1730245805,07:50:05 PM,07:50:05 PM,0
2101723,,ADELCEN1,0,1730245852,1730245852,07:50:52 PM,07:50:52 PM,0
2101723,,ADELMCMA,,,,,,
2101723,,ADELPIC1,0,1730245942,1730245942,07:52:22 PM,07:52:22 PM,0
2101723,,ADELOXF1,0,1730245980,1730245980,07:53:00 PM,07:53:00 PM,0
2101723,,ADELSJA1,0,1730246010,1730246010,07:53:30 PM,07:53:30 PM,0
2101723,,ADELGRO1,0,1730246056,1730246056,07:54:16 PM,07:54:16 PM,0
2101723,,ADELCHE1,0,1730246100,1730246100,07:55:00 PM,07:55:00 PM,0
2101723,,ADELVIC1,0,1730246131,1730246131,07:55:31 PM,07:55:31 PM,0
2101723,,ADELREG1,0,1730246179,1730246179,07:56:19 PM,07:56:19 PM,0
2101723,,ADELHUR1,0,1730246213,1730246213,07:56:53 PM,07:56:53 PM,0
2101723,,ADELHUR5,0,1730246272,1730246272,07:57:52 PM,07:57:52 PM,0
2101723,,ADELKIP1,0,1730246314,1730246314,07:58:34 PM,07:58:34 PM,0
2101723,,ADELWIN1,0,1730246414,1730246414,08:00:14 PM,08:00:14 PM,0
2101723,,ADELGLEN,0,1730246515,1730246515,08:01:55 PM,08:01:55 PM,0
2101723,,ADELTENN,0,1730246541,1730246541,08:02:21 PM,08:02:21 PM,0
2101723,,FANSADE4,0,1730246640,1730246640,08:04:00 PM,08:04:00 PM,0
2101723,,FANSSTO2,0,1730246676,1730246676,08:04:36 PM,08:04:36 PM,0
2101723,,FANSHAS2,0,1730246774,1730246774,08:06:14 PM,08:06:14 PM,0
2101723,,FANSJEN2,0,1730246809,1730246809,08:06:49 PM,08:06:49 PM,0
2101723,,FANSJEN4,0,1730246835,1730246835,08:07:15 PM,08:07:15 PM,0
2101723,,FANSNCR2,0,1730246874,1730246874,08:07:54 PM,08:07:54 PM,0
2101723,,MASOSTO6,0,1730246940,1730246940,08:09:00 PM,08:09:00 PM,0
2101651,,MASOSTO6,0,1730247420,1730247420,08:17:00 PM,08:17:00 PM,0
2101651,,FANSRIC1,0,1730247501,1730247501,08:18:21 PM,08:18:21 PM,0
2101651,,FANSNCR1,0,1730247527,1730247527,08:18:47 PM,08:18:47 PM,0
2101651,,FANSNCR3,0,1730247567,1730247567,08:19:27 PM,08:19:27 PM,0
2101651,,FANSHAS3,0,1730247619,1730247619,08:20:19 PM,08:20:19 PM,0
2101651,,FANSHAS1,0,1730247662,1730247662,08:21:02 PM,08:21:02 PM,0
2101651,,FANSSTO3,0,1730247711,1730247711,08:21:51 PM,08:21:51 PM,0
2101651,,FANSSTO1,0,1730247765,1730247765,08:22:45 PM,08:22:45 PM,0
2101651,,ADELFAN2,0,1730247840,1730247840,08:24:00 PM,08:24:00 PM,0
2101651,,ADELMAPL,0,1730247882,1730247882,08:24:42 PM,08:24:42 PM,0
2101651,,ADELWILL,0,1730247913,1730247913,08:25:13 PM,08:25:13 PM,0
2101651,,ADELWIN2,0,1730247996,1730247996,08:26:36 PM,08:26:36 PM,0
2101651,,ADELKIP2,0,1730248080,1730248080,08:28:00 PM,08:28:00 PM,0
2101651,,ADELKIP6,0,1730248142,1730248142,08:29:02 PM,08:29:02 PM,0
2101651,,ADELHUR2,0,1730248213,1730248213,08:30:13 PM,08:30:13 PM,0
2101651,,ADELVIC2,0,1730248268,1730248268,08:31:08 PM,08:31:08 PM,0
2101651,,ADELCHE2,0,1730248320,1730248320,08:32:00 PM,08:32:00 PM,0
2101651,,ADELGRO2,0,1730248355,1730248355,08:32:35 PM,08:32:35 PM,0
2101651,,ADELSJA2,0,1730248401,1730248401,08:33:21 PM,08:33:21 PM,0
2101651,,ADELOXF2,0,1730248440,1730248440,08:34:00 PM,08:34:00 PM,0
2101651,,ADELPIC2,0,1730248475,1730248475,08:34:35 PM,08:34:35 PM,0
2101651,,ADELPAMA,,,,,,
2101651,,ADELCEN2,0,1730248575,1730248575,08:36:15 PM,08:36:15 PM,0
2101651,,ADELROSE,0,1730248603,1730248603,08:36:43 PM,08:36:43 PM,0
2101651,,ADELPRIN,0,1730248634,1730248634,08:37:14 PM,08:37:14 PM,0
2101651,,ADELDUFR,0,1730248661,1730248661,08:37:41 PM,08:37:41 PM,0
2101651,,ADELQUEE,0,1730248690,1730248690,08:38:10 PM,08:38:10 PM,0
2101651,,ADELDUN2,0,1730248740,1730248740,08:39:00 PM,08:39:00 PM,0
2101651,,ADELHAMI,0,1730248860,1730248860,08:41:00 PM,08:41:00 PM,0
2101651,,ADELHIL2,0,1730248892,1730248892,08:41:32 PM,08:41:32 PM,0
2101651,,ADELNEL2,0,1730248939,1730248939,08:42:19 PM,08:42:19 PM,0
2101651,,ADELADA2,0,1730248987,1730248987,08:43:07 PM,08:43:07 PM,0
2101651,,ADELEDNA,0,1730249033,1730249033,08:43:53 PM,08:43:53 PM,0
2101651,,ADELTHO4,0,1730249102,1730249102,08:45:02 PM,08:45:02 PM,0
2101651,,ADELTHO6,0,1730249131,1730249131,08:45:31 PM,08:45:31 PM,0
2101651,,ADELTHO2,0,1730249162,1730249162,08:46:02 PM,08:46:02 PM,0
2101651,,ADELTHO8,0,1730249190,1730249190,08:46:30 PM,08:46:30 PM,0
2101651,,ADELLEA2,0,1730249228,1730249228,08:47:08 PM,08:47:08 PM,0
2101651,,COMMADE1,0,1730249280,1730249280,08:48:00 PM,08:48:00 PM,0
2101651,,COMMLEA1,0,1730249305,1730249305,08:48:25 PM,08:48:25 PM,0
2101651,,COMMFRO1,0,1730249354,1730249354,08:49:14 PM,08:49:14 PM,0
2101651,,COMMKIE1,0,1730249382,1730249382,08:49:42 PM,08:49:42 PM,0
2101651,,COMMPOM1,0,1730249426,1730249426,08:50:26 PM,08:50:26 PM,0
2101651,,COMMPOM1,0,1730249426,1730249426,08:50:26 PM,08:50:26 PM,0
2101651,,PONDDEV2,0,1730249451,1730249451,08:50:51 PM,08:50:51 PM,0
2101651,,PONDBAN2,0,1730249478,1730249478,08:51:18 PM,08:51:18 PM,0
2101651,,DEVEPOND,0,1730249509,1730249509,08:51:49 PM,08:51:49 PM,0
2101651,,DEVEGLEN,0,1730249555,1730249555,08:52:35 PM,08:52:35 PM,0
2101651,,DEVELYSA,0,1730249600,1730249600,08:53:20 PM,08:53:20 PM,0
2101651,,DEVEBANB,0,1730249640,1730249640,08:54:00 PM,08:54:00 PM,0
2101651,,DEVECOM1,0,1730249680,1730249680,08:54:40 PM,08:54:40 PM,0
2101651,,COMMDEV4,0,1730249760,1730249760,08:56:00 PM,08:56:00 PM,0
2101727,,COMMDEV4,0,1730249820,1730249820,08:57:00 PM,08:57:00 PM,0
2101727,,COMMPOM4,0,1730249869,1730249869,08:57:49 PM,08:57:49 PM,0
2101727,,COMMKIE2,0,1730249915,1730249915,08:58:35 PM,08:58:35 PM,0
2101727,,COMMFRO2,0,1730249949,1730249949,08:59:09 PM,08:59:09 PM,0
2101727,,COMMLEA2,0,1730249983,1730249983,08:59:43 PM,08:59:43 PM,0
2101727,,COMMADE2,0,1730250003,1730250003,09:00:03 PM,09:00:03 PM,0
2101727,,ADELLEA1,0,1730250046,1730250046,09:00:46 PM,09:00:46 PM,0
2101727,,ADELLEA3,0,1730250091,1730250091,09:01:31 PM,09:01:31 PM,0
2101727,,ADELLEA5,0,1730250107,1730250107,09:01:47 PM,09:01:47 PM,0
2101727,,ADELLEA7,0,1730250137,1730250137,09:02:17 PM,09:02:17 PM,0
2101727,,ADELTHO1,0,1730250180,1730250180,09:03:00 PM,09:03:00 PM,0
2101727,,ADELMAUD,0,1730250216,1730250216,09:03:36 PM,09:03:36 PM,0
2101727,,ADELTERR,0,1730250254,1730250254,09:04:14 PM,09:04:14 PM,0
2101727,,ADELADA1,0,1730250276,1730250276,09:04:36 PM,09:04:36 PM,0
2101727,,ADELNEL1,0,1730250332,1730250332,09:05:32 PM,09:05:32 PM,0
2101727,,ADELHIL1,0,1730250370,1730250370,09:06:10 PM,09:06:10 PM,0
2101727,,ADELLISI,0,1730250420,1730250420,09:07:00 PM,09:07:00 PM,0
2101727,,ADELDUN1,0,1730250540,1730250540,09:09:00 PM,09:09:00 PM,0
2101727,,ADELLORN,0,1730250605,1730250605,09:10:05 PM,09:10:05 PM,0
2101727,,ADELCEN1,0,1730250652,1730250652,09:10:52 PM,09:10:52 PM,0
2101727,,ADELMCMA,,,,,,
2101727,,ADELPIC1,0,1730250742,1730250742,09:12:22 PM,09:12:22 PM,0
2101727,,ADELOXF1,0,1730250780,1730250780,09:13:00 PM,09:13:00 PM,0
2101727,,ADELSJA1,0,1730250810,1730250810,09:13:30 PM,09:13:30 PM,0
2101727,,ADELGRO1,0,1730250856,1730250856,09:14:16 PM,09:14:16 PM,0
2101727,,ADELCHE1,0,1730250900,1730250900,09:15:00 PM,09:15:00 PM,0
2101727,,ADELVIC1,0,1730250928,1730250928,09:15:28 PM,09:15:28 PM,0
2101727,,ADELREG1,0,1730250971,1730250971,09:16:11 PM,09:16:11 PM,0
2101727,,ADELHUR1,0,1730251001,1730251001,09:16:41 PM,09:16:41 PM,0
2101727,,ADELHUR5,0,1730251054,1730251054,09:17:34 PM,09:17:34 PM,0
2101727,,ADELKIP1,0,1730251091,1730251091,09:18:11 PM,09:18:11 PM,0
2101727,,ADELWIN1,0,1730251180,1730251180,09:19:40 PM,09:19:40 PM,0
2101727,,ADELGLEN,0,1730251270,1730251270,09:21:10 PM,09:21:10 PM,0
2101727,,ADELTENN,0,1730251293,1730251293,09:21:33 PM,09:21:33 PM,0
2101727,,FANSADE4,0,1730251380,1730251380,09:23:00 PM,09:23:00 PM,0
2101727,,FANSSTO2,0,1730251416,1730251416,09:23:36 PM,09:23:36 PM,0
2101727,,FANSHAS2,0,1730251514,1730251514,09:25:14 PM,09:25:14 PM,0
2101727,,FANSJEN2,0,1730251549,1730251549,09:25:49 PM,09:25:49 PM,0
2101727,,FANSJEN4,0,1730251575,1730251575,09:26:15 PM,09:26:15 PM,0
2101727,,FANSNCR2,0,1730251614,1730251614,09:26:54 PM,09:26:54 PM,0
2101727,,MASOSTO6,0,1730251680,1730251680,09:28:00 PM,09:28:00 PM,0
2101657,,MASOSTO6,0,1730252400,1730252400,09:40:00 PM,09:40:00 PM,0
2101657,,FANSRIC1,0,1730252469,1730252469,09:41:09 PM,09:41:09 PM,0
2101657,,FANSNCR1,0,1730252491,1730252491,09:41:31 PM,09:41:31 PM,0
2101657,,FANSNCR3,0,1730252525,1730252525,09:42:05 PM,09:42:05 PM,0
2101657,,FANSHAS3,0,1730252570,1730252570,09:42:50 PM,09:42:50 PM,0
2101657,,FANSHAS1,0,1730252607,1730252607,09:43:27 PM,09:43:27 PM,0
2101657,,FANSSTO3,0,1730252649,1730252649,09:44:09 PM,09:44:09 PM,0
2101657,,FANSSTO1,0,1730252695,1730252695,09:44:55 PM,09:44:55 PM,0
2101657,,ADELFAN2,0,1730252760,1730252760,09:46:00 PM,09:46:00 PM,0
2101657,,ADELMAPL,0,1730252791,1730252791,09:46:31 PM,09:46:31 PM,0
2101657,,ADELWILL,0,1730252814,1730252814,09:46:54 PM,09:46:54 PM,0
2101657,,ADELWIN2,0,1730252876,1730252876,09:47:56 PM,09:47:56 PM,0
2101657,,ADELKIP2,0,1730252940,1730252940,09:49:00 PM,09:49:00 PM,0
2101657,,ADELKIP6,0,1730253002,1730253002,09:50:02 PM,09:50:02 PM,0
2101657,,ADELHUR2,0,1730253073,1730253073,09:51:13 PM,09:51:13 PM,0
2101657,,ADELVIC2,0,1730253128,1730253128,09:52:08 PM,09:52:08 PM,0
2101657,,ADELCHE2,0,1730253180,1730253180,09:53:00 PM,09:53:00 PM,0
2101657,,ADELGRO2,0,1730253215,1730253215,09:53:35 PM,09:53:35 PM,0
2101657,,ADELSJA2,0,1730253261,1730253261,09:54:21 PM,09:54:21 PM,0
2101657,,ADELOXF2,0,1730253300,1730253300,09:55:00 PM,09:55:00 PM,0
2101657,,ADELPIC2,0,1730253335,1730253335,09:55:35 PM,09:55:35 PM,0
2101657,,ADELPAMA,,,,,,
2101657,,ADELCEN2,0,1730253435,1730253435,09:57:15 PM,09:57:15 PM,0
2101657,,ADELROSE,0,1730253463,1730253463,09:57:43 PM,09:57:43 PM,0
2101657,,ADELPRIN,0,1730253494,1730253494,09:58:14 PM,09:58:14 PM,0
2101657,,ADELDUFR,0,1730253521,1730253521,09:58:41 PM,09:58:41 PM,0
2101657,,ADELQUEE,0,1730253550,1730253550,09:59:10 PM,09:59:10 PM,0
2101657,,ADELDUN2,0,1730253600,1730253600,10:00:00 PM,10:00:00 PM,0
2101657,,ADELHAMI,0,1730253720,1730253720,10:02:00 PM,10:02:00 PM,0
2101657,,ADELHIL2,0,1730253747,1730253747,10:02:27 PM,10:02:27 PM,0
2101657,,ADELNEL2,0,1730253788,1730253788,10:03:08 PM,10:03:08 PM,0
2101657,,ADELADA2,0,1730253829,1730253829,10:03:49 PM,10:03:49 PM,0
2101657,,ADELEDNA,0,1730253868,1730253868,10:04:28 PM,10:04:28 PM,0
2101657,,ADELTHO4,0,1730253927,1730253927,10:05:27 PM,10:05:27 PM,0
2101657,,ADELTHO6,0,1730253952,1730253952,10:05:52 PM,10:05:52 PM,0
2101657,,ADELTHO2,0,1730253979,1730253979,10:06:19 PM,10:06:19 PM,0
2101657,,ADELTHO8,0,1730254003,1730254003,10:06:43 PM,10:06:43 PM,0
2101657,,ADELLEA2,0,1730254036,1730254036,10:07:16 PM,10:07:16 PM,0
2101657,,COMMADE1,0,1730254080,1730254080,10:08:00 PM,10:08:00 PM,0
2101657,,COMMLEA1,0,1730254105,1730254105,10:08:25 PM,10:08:25 PM,0
2101657,,COMMFRO1,0,1730254154,1730254154,10:09:14 PM,10:09:14 PM,0
2101657,,COMMKIE1,0,1730254182,1730254182,10:09:42 PM,10:09:42 PM,0
2101657,,COMMPOM1,0,1730254226,1730254226,10:10:26 PM,10:10:26 PM,0
2101657,,COMMPOM1,0,1730254226,1730254226,10:10:26 PM,10:10:26 PM,0
2101657,,PONDDEV2,0,1730254251,1730254251,10:10:51 PM,10:10:51 PM,0
2101657,,PONDBAN2,0,1730254278,1730254278,10:11:18 PM,10:11:18 PM,0
2101657,,DEVEPOND,0,1730254309,1730254309,10:11:49 PM,10:11:49 PM,0
2101657,,DEVEGLEN,0,1730254355,1730254355,10:12:35 PM,10:12:35 PM,0
2101657,,DEVELYSA,0,1730254400,1730254400,10:13:20 PM,10:13:20 PM,0
2101657,,DEVEBANB,0,1730254440,1730254440,10:14:00 PM,10:14:00 PM,0
2101657,,DEVECOM1,0,1730254480,1730254480,10:14:40 PM,10:14:40 PM,0
2101657,,COMMDEV4,0,1730254560,1730254560,10:16:00 PM,10:16:00 PM,0
2101730,,COMMDEV4,0,1730254920,1730254920,10:22:00 PM,10:22:00 PM,0
2101730,,COMMPOM4,0,1730254969,1730254969,10:22:49 PM,10:22:49 PM,0
2101730,,COMMKIE2,0,1730255015,1730255015,10:23:35 PM,10:23:35 PM,0
2101730,,COMMFRO2,0,1730255049,1730255049,10:24:09 PM,10:24:09 PM,0
2101730,,COMMLEA2,0,1730255083,1730255083,10:24:43 PM,10:24:43 PM,0
2101730,,COMMADE2,0,1730255103,1730255103,10:25:03 PM,10:25:03 PM,0
2101730,,ADELLEA1,0,1730255146,1730255146,10:25:46 PM,10:25:46 PM,0
2101730,,ADELLEA3,0,1730255191,1730255191,10:26:31 PM,10:26:31 PM,0
2101730,,ADELLEA5,0,1730255207,1730255207,10:26:47 PM,10:26:47 PM,0
2101730,,ADELLEA7,0,1730255237,1730255237,10:27:17 PM,10:27:17 PM,0
2101730,,ADELTHO1,0,1730255280,1730255280,10:28:00 PM,10:28:00 PM,0
2101730,,ADELMAUD,0,1730255316,1730255316,10:28:36 PM,10:28:36 PM,0
2101730,,ADELTERR,0,1730255354,1730255354,10:29:14 PM,10:29:14 PM,0
2101730,,ADELADA1,0,1730255376,1730255376,10:29:36 PM,10:29:36 PM,0
2101730,,ADELNEL1,0,1730255432,1730255432,10:30:32 PM,10:30:32 PM,0
2101730,,ADELHIL1,0,1730255470,1730255470,10:31:10 PM,10:31:10 PM,0
2101730,,ADELLISI,0,1730255520,1730255520,10:32:00 PM,10:32:00 PM,0
2101730,,ADELDUN1,0,1730255640,1730255640,10:34:00 PM,10:34:00 PM,0
2101730,,ADELLORN,0,1730255705,1730255705,10:35:05 PM,10:35:05 PM,0
2101730,,ADELCEN1,0,1730255752,1730255752,10:35:52 PM,10:35:52 PM,0
2101730,,ADELMCMA,,,,,,
2101730,,ADELPIC1,0,1730255842,1730255842,10:37:22 PM,10:37:22 PM,0
2101730,,ADELOXF1,0,1730255880,1730255880,10:38:00 PM,10:38:00 PM,0
2101730,,ADELSJA1,0,1730255910,1730255910,10:38:30 PM,10:38:30 PM,0
2101730,,ADELGRO1,0,1730255956,1730255956,10:39:16 PM,10:39:16 PM,0
2101730,,ADELCHE1,0,1730256000,1730256000,10:40:00 PM,10:40:00 PM,0
2101730,,ADELVIC1,0,1730256028,1730256028,10:40:28 PM,10:40:28 PM,0
2101730,,ADELREG1,0,1730256071,1730256071,10:41:11 PM,10:41:11 PM,0
2101730,,ADELHUR1,0,1730256101,1730256101,10:41:41 PM,10:41:41 PM,0
2101730,,ADELHUR5,0,1730256154,1730256154,10:42:34 PM,10:42:34 PM,0
2101730,,ADELKIP1,0,1730256191,1730256191,10:43:11 PM,10:43:11 PM,0
2101730,,ADELWIN1,0,1730256280,1730256280,10:44:40 PM,10:44:40 PM,0
2101730,,ADELGLEN,0,1730256370,1730256370,10:46:10 PM,10:46:10 PM,0
2101730,,ADELTENN,0,1730256393,1730256393,10:46:33 PM,10:46:33 PM,0
2101730,,FANSADE4,0,1730256480,1730256480,10:48:00 PM,10:48:00 PM,0
2101730,,FANSSTO2,0,1730256516,1730256516,10:48:36 PM,10:48:36 PM,0
2101730,,FANSHAS2,0,1730256614,1730256614,10:50:14 PM,10:50:14 PM,0
2101730,,FANSJEN2,0,1730256649,1730256649,10:50:49 PM,10:50:49 PM,0
2101730,,FANSJEN4,0,1730256675,1730256675,10:51:15 PM,10:51:15 PM,0
2101730,,FANSNCR2,0,1730256714,1730256714,10:51:54 PM,10:51:54 PM,0
2101730,,MASOSTO6,0,1730256780,1730256780,10:53:00 PM,10:53:00 PM,0
2101660,,MASOSTO6,0,1730256900,1730256900,10:55:00 PM,10:55:00 PM,0
2101660,,FANSRIC1,0,1730256969,1730256969,10:56:09 PM,10:56:09 PM,0
2101660,,FANSNCR1,0,1730256991,1730256991,10:56:31 PM,10:56:31 PM,0
2101660,,FANSNCR3,0,1730257025,1730257025,10:57:05 PM,10:57:05 PM,0
2101660,,FANSHAS3,0,1730257070,1730257070,10:57:50 PM,10:57:50 PM,0
2101660,,FANSHAS1,0,1730257107,1730257107,10:58:27 PM,10:58:27 PM,0
2101660,,FANSSTO3,0,1730257149,1730257149,10:59:09 PM,10:59:09 PM,0
2101660,,FANSSTO1,0,1730257195,1730257195,10:59:55 PM,10:59:55 PM,0
2101660,,ADELFAN2,0,1730257260,1730257260,11:01:00 PM,11:01:00 PM,0
2101660,,ADELMAPL,0,1730257291,1730257291,11:01:31 PM,11:01:31 PM,0
2101660,,ADELWILL,0,1730257314,1730257314,11:01:54 PM,11:01:54 PM,0
2101660,,ADELWIN2,0,1730257376,1730257376,11:02:56 PM,11:02:56 PM,0
2101660,,ADELKIP2,0,1730257440,1730257440,11:04:00 PM,11:04:00 PM,0
2101660,,ADELKIP6,0,1730257502,1730257502,11:05:02 PM,11:05:02 PM,0
2101660,,ADELHUR2,0,1730257573,1730257573,11:06:13 PM,11:06:13 PM,0
2101660,,ADELVIC2,0,1730257628,1730257628,11:07:08 PM,11:07:08 PM,0
2101660,,ADELCHE2,0,1730257680,1730257680,11:08:00 PM,11:08:00 PM,0
2101660,,ADELGRO2,0,1730257715,1730257715,11:08:35 PM,11:08:35 PM,0
2101660,,ADELSJA2,0,1730257761,1730257761,11:09:21 PM,11:09:21 PM,0
2101660,,ADELOXF2,0,1730257800,1730257800,11:10:00 PM,11:10:00 PM,0
2101660,,ADELPIC2,0,1730257835,1730257835,11:10:35 PM,11:10:35 PM,0
2101660,,ADELPAMA,,,,,,
2101660,,ADELCEN2,0,1730257935,1730257935,11:12:15 PM,11:12:15 PM,0
2101660,,ADELROSE,0,1730257963,1730257963,11:12:43 PM,11:12:43 PM,0
2101660,,ADELPRIN,0,1730257994,1730257994,11:13:14 PM,11:13:14 PM,0
2101660,,ADELDUFR,0,1730258021,1730258021,11:13:41 PM,11:13:41 PM,0
2101660,,ADELQUEE,0,1730258050,1730258050,11:14:10 PM,11:14:10 PM,0
2101660,,ADELDUN2,0,1730258100,1730258100,11:15:00 PM,11:15:00 PM,0
2101660,,ADELHAMI,0,1730258220,1730258220,11:17:00 PM,11:17:00 PM,0
2101660,,ADELHIL2,0,1730258247,1730258247,11:17:27 PM,11:17:27 PM,0
2101660,,ADELNEL2,0,1730258288,1730258288,11:18:08 PM,11:18:08 PM,0
2101660,,ADELADA2,0,1730258329,1730258329,11:18:49 PM,11:18:49 PM,0
2101660,,ADELEDNA,0,1730258368,1730258368,11:19:28 PM,11:19:28 PM,0
2101660,,ADELTHO4,0,1730258427,1730258427,11:20:27 PM,11:20:27 PM,0
2101660,,ADELTHO6,0,1730258452,1730258452,11:20:52 PM,11:20:52 PM,0
2101660,,ADELTHO2,0,1730258479,1730258479,11:21:19 PM,11:21:19 PM,0
2101660,,ADELTHO8,0,1730258503,1730258503,11:21:43 PM,11:21:43 PM,0
2101660,,ADELLEA2,0,1730258536,1730258536,11:22:16 PM,11:22:16 PM,0
2101660,,COMMADE1,0,1730258580,1730258580,11:23:00 PM,11:23:00 PM,0
2101660,,COMMLEA1,0,1730258605,1730258605,11:23:25 PM,11:23:25 PM,0
2101660,,COMMFRO1,0,1730258654,1730258654,11:24:14 PM,11:24:14 PM,0
2101660,,COMMKIE1,0,1730258682,1730258682,11:24:42 PM,11:24:42 PM,0
2101660,,COMMPOM1,0,1730258726,1730258726,11:25:26 PM,11:25:26 PM,0
2101660,,COMMPOM1,0,1730258726,1730258726,11:25:26 PM,11:25:26 PM,0
2101660,,PONDDEV2,0,1730258751,1730258751,11:25:51 PM,11:25:51 PM,0
2101660,,PONDBAN2,0,1730258778,1730258778,11:26:18 PM,11:26:18 PM,0
2101660,,DEVEPOND,0,1730258809,1730258809,11:26:49 PM,11:26:49 PM,0
2101660,,DEVEGLEN,0,1730258855,1730258855,11:27:35 PM,11:27:35 PM,0
2101660,,DEVELYSA,0,1730258900,1730258900,11:28:20 PM,11:28:20 PM,0
2101660,,DEVEBANB,0,1730258940,1730258940,11:29:00 PM,11:29:00 PM,0
2101660,,DEVECOM1,0,1730258980,1730258980,11:29:40 PM,11:29:40 PM,0
2101660,,COMMDEV4,0,1730259060,1730259060,11:31:00 PM,11:31:00 PM,0
2101733,,COMMDEV4,0,1730259420,1730259420,11:37:00 PM,11:37:00 PM,0
2101733,,COMMPOM4,0,1730259469,1730259469,11:37:49 PM,11:37:49 PM,0
2101733,,COMMKIE2,0,1730259515,1730259515,11:38:35 PM,11:38:35 PM,0
2101733,,COMMFRO2,0,1730259549,1730259549,11:39:09 PM,11:39:09 PM,0
2101733,,COMMLEA2,0,1730259583,1730259583,11:39:43 PM,11:39:43 PM,0
2101733,,COMMADE2,0,1730259603,1730259603,11:40:03 PM,11:40:03 PM,0
2101733,,ADELLEA1,0,1730259646,1730259646,11:40:46 PM,11:40:46 PM,0
2101733,,ADELLEA3,0,1730259691,1730259691,11:41:31 PM,11:41:31 PM,0
2101733,,ADELLEA5,0,1730259707,1730259707,11:41:47 PM,11:41:47 PM,0
2101733,,ADELLEA7,0,1730259737,1730259737,11:42:17 PM,11:42:17 PM,0
2101733,,ADELTHO1,0,1730259780,1730259780,11:43:00 PM,11:43:00 PM,0
2101733,,ADELMAUD,0,1730259816,1730259816,11:43:36 PM,11:43:36 PM,0
2101733,,ADELTERR,0,1730259854,1730259854,11:44:14 PM,11:44:14 PM,0
2101733,,ADELADA1,0,1730259876,1730259876,11:44:36 PM,11:44:36 PM,0
2101733,,ADELNEL1,0,1730259932,1730259932,11:45:32 PM,11:45:32 PM,0
2101733,,ADELHIL1,0,1730259970,1730259970,11:46:10 PM,11:46:10 PM,0
2101733,,ADELLISI,0,1730260020,1730260020,11:47:00 PM,11:47:00 PM,0
2101733,,ADELDUN1,0,1730260140,1730260140,11:49:00 PM,11:49:00 PM,0
2101733,,ADELLORN,0,1730260205,1730260205,11:50:05 PM,11:50:05 PM,0
2101733,,ADELCEN1,0,1730260252,1730260252,11:50:52 PM,11:50:52 PM,0
2101733,,ADELMCMA,,,,,,
2101733,,ADELPIC1,0,1730260342,1730260342,11:52:22 PM,11:52:22 PM,0
2101733,,ADELOXF1,0,1730260380,1730260380,11:53:00 PM,11:53:00 PM,0
2101733,,ADELSJA1,0,1730260410,1730260410,11:53:30 PM,11:53:30 PM,0
2101733,,ADELGRO1,0,1730260456,1730260456,11:54:16 PM,11:54:16 PM,0
2101733,,ADELCHE1,0,1730260500,1730260500,11:55:00 PM,11:55:00 PM,0
2101733,,ADELVIC1,0,1730260528,1730260528,11:55:28 PM,11:55:28 PM,0
2101733,,ADELREG1,0,1730260571,1730260571,11:56:11 PM,11:56:11 PM,0
2101733,,ADELHUR1,0,1730260601,1730260601,11:56:41 PM,11:56:41 PM,0
2101733,,ADELHUR5,0,1730260654,1730260654,11:57:34 PM,11:57:34 PM,0
2101733,,ADELKIP1,0,1730260691,1730260691,11:58:11 PM,11:58:11 PM,0
2101733,,ADELWIN1,0,1730260780,1730260780,11:59:40 PM,11:59:40 PM,0
2101733,,ADELGLEN,0,1730260870,1730260870,12:01:10 AM,12:01:10 AM,0
2101733,,ADELTENN,0,1730260893,1730260893,12:01:33 AM,12:01:33 AM,0
2101733,,FANSADE4,0,1730260980,1730260980,12:03:00 AM,12:03:00 AM,0
2101733,,FANSSTO2,0,1730261016,1730261016,12:03:36 AM,12:03:36 AM,0
2101733,,FANSHAS2,0,1730261114,1730261114,12:05:14 AM,12:05:14 AM,0
2101733,,FANSJEN2,0,1730261149,1730261149,12:05:49 AM,12:05:49 AM,0
2101733,,FANSJEN4,0,1730261175,1730261175,12:06:15 AM,12:06:15 AM,0
2101733,,FANSNCR2,0,1730261214,1730261214,12:06:54 AM,12:06:54 AM,0
2101733,,MASOSTO6,0,1730261280,1730261280,12:08:00 AM,12:08:00 AM,0
2101665,,MASOSTO6,0,1730261400,1730261400,12:10:00 AM,12:10:00 AM,0
2101665,,FANSRIC1,0,1730261469,1730261469,12:11:09 AM,12:11:09 AM,0
2101665,,FANSNCR1,0,1730261491,1730261491,12:11:31 AM,12:11:31 AM,0
2101665,,FANSNCR3,0,1730261525,1730261525,12:12:05 AM,12:12:05 AM,0
2101665,,FANSHAS3,0,1730261570,1730261570,12:12:50 AM,12:12:50 AM,0
2101665,,FANSHAS1,0,1730261607,1730261607,12:13:27 AM,12:13:27 AM,0
2101665,,FANSSTO3,0,1730261649,1730261649,12:14:09 AM,12:14:09 AM,0
2101665,,FANSSTO1,0,1730261695,1730261695,12:14:55 AM,12:14:55 AM,0
2101665,,ADELFAN2,0,1730261760,1730261760,12:16:00 AM,12:16:00 AM,0
2101665,,ADELMAPL,0,1730261791,1730261791,12:16:31 AM,12:16:31 AM,0
2101665,,ADELWILL,0,1730261814,1730261814,12:16:54 AM,12:16:54 AM,0
2101665,,ADELWIN2,0,1730261876,1730261876,12:17:56 AM,12:17:56 AM,0
2101665,,ADELKIP2,0,1730261940,1730261940,12:19:00 AM,12:19:00 AM,0
2101665,,ADELKIP6,0,1730262002,1730262002,12:20:02 AM,12:20:02 AM,0
2101665,,ADELHUR2,0,1730262073,1730262073,12:21:13 AM,12:21:13 AM,0
2101665,,ADELVIC2,0,1730262128,1730262128,12:22:08 AM,12:22:08 AM,0
2101665,,ADELCHE2,0,1730262180,1730262180,12:23:00 AM,12:23:00 AM,0
2101665,,ADELGRO2,0,1730262215,1730262215,12:23:35 AM,12:23:35 AM,0
2101665,,ADELSJA2,0,1730262261,1730262261,12:24:21 AM,12:24:21 AM,0
2101665,,ADELOXF2,0,1730262300,1730262300,12:25:00 AM,12:25:00 AM,0
2101665,,ADELPIC2,0,1730262335,1730262335,12:25:35 AM,12:25:35 AM,0
2101665,,ADELPAMA,,,,,,
2101665,,ADELCEN2,0,1730262435,1730262435,12:27:15 AM,12:27:15 AM,0
2101665,,ADELROSE,0,1730262463,1730262463,12:27:43 AM,12:27:43 AM,0
2101665,,ADELPRIN,0,1730262494,1730262494,12:28:14 AM,12:28:14 AM,0
2101665,,ADELDUFR,0,1730262521,1730262521,12:28:41 AM,12:28:41 AM,0
2101665,,ADELQUEE,0,1730262550,1730262550,12:29:10 AM,12:29:10 AM,0
2101665,,ADELDUN2,0,1730262600,1730262600,12:30:00 AM,12:30:00 AM,0
2101665,,ADELHAMI,0,1730262720,1730262720,12:32:00 AM,12:32:00 AM,0
2101665,,ADELHIL2,0,1730262747,1730262747,12:32:27 AM,12:32:27 AM,0
2101665,,ADELNEL2,0,1730262788,1730262788,12:33:08 AM,12:33:08 AM,0
2101665,,ADELADA2,0,1730262829,1730262829,12:33:49 AM,12:33:49 AM,0
2101665,,ADELEDNA,0,1730262868,1730262868,12:34:28 AM,12:34:28 AM,0
2101665,,ADELTHO4,0,1730262927,1730262927,12:35:27 AM,12:35:27 AM,0
2101665,,ADELTHO6,0,1730262952,1730262952,12:35:52 AM,12:35:52 AM,0
2101665,,ADELTHO2,0,1730262979,1730262979,12:36:19 AM,12:36:19 AM,0
2101665,,ADELTHO8,0,1730263003,1730263003,12:36:43 AM,12:36:43 AM,0
2101665,,ADELLEA2,0,1730263036,1730263036,12:37:16 AM,12:37:16 AM,0
2101665,,COMMADE1,0,1730263080,1730263080,12:38:00 AM,12:38:00 AM,0
2101665,,COMMLEA1,0,1730263105,1730263105,12:38:25 AM,12:38:25 AM,0
2101665,,COMMFRO1,0,1730263154,1730263154,12:39:14 AM,12:39:14 AM,0
2101665,,COMMKIE1,0,1730263182,1730263182,12:39:42 AM,12:39:42 AM,0
2101665,,COMMPOM1,0,1730263226,1730263226,12:40:26 AM,12:40:26 AM,0
2101665,,COMMPOM1,0,1730263226,1730263226,12:40:26 AM,12:40:26 AM,0
2101665,,PONDDEV2,0,1730263251,1730263251,12:40:51 AM,12:40:51 AM,0
2101665,,PONDBAN2,0,1730263278,1730263278,12:41:18 AM,12:41:18 AM,0
2101665,,DEVEPOND,0,1730263309,1730263309,12:41:49 AM,12:41:49 AM,0
2101665,,DEVEGLEN,0,1730263355,1730263355,12:42:35 AM,12:42:35 AM,0
2101665,,DEVELYSA,0,1730263400,1730263400,12:43:20 AM,12:43:20 AM,0
2101665,,DEVEBANB,0,1730263440,1730263440,12:44:00 AM,12:44:00 AM,0
2101665,,DEVECOM1,0,1730263480,1730263480,12:44:40 AM,12:44:40 AM,0
2101665,,COMMDEV4,0,1730263560,1730263560,12:46:00 AM,12:46:00 AM,0
2102289,,BYBAGRIF,0,1730231880,1730231880,03:58:00 PM,03:58:00 PM,0
2102289,,BYBABELV,0,1730231924,1730231924,03:58:44 PM,03:58:44 PM,0
2102289,,BYBABYRO,0,1730231996,1730231996,03:59:56 PM,03:59:56 PM,0
2102289,,BOLEBASE,0,1730232037,1730232037,04:00:37 PM,04:00:37 PM,0
2102289,,BOLEGLEN,0,1730232105,1730232105,04:01:45 PM,04:01:45 PM,0
2102289,,BOLECOM1,0,1730232140,1730232140,04:02:20 PM,04:02:20 PM,0
2102289,,BOLECOM3,0,1730232180,1730232180,04:03:00 PM,04:03:00 PM,0
2102289,,BOLECOM3,0,1730232180,1730232180,04:03:00 PM,04:03:00 PM,0
2102289,,SANIRIV1,0,1730232271,1730232271,04:04:31 PM,04:04:31 PM,0
2102289,,SANIPLY1,0,1730232284,1730232284,04:04:44 PM,04:04:44 PM,0
2102289,,SANISUT1,0,1730232327,1730232327,04:05:27 PM,04:05:27 PM,0
2102289,,OXFOSAN1,0,1730232385,1730232385,04:06:25 PM,04:06:25 PM,0
2102289,,OXFOOLH1,0,1730232412,1730232412,04:06:52 PM,04:06:52 PM,0
2102289,,OXFOROY3,0,1730232462,1730232462,04:07:42 PM,04:07:42 PM,0
2102289,,OXFOROY1,0,1730232500,1730232500,04:08:20 PM,04:08:20 PM,0
2102289,,OXFOHYD1,0,1730232540,1730232540,04:09:00 PM,04:09:00 PM,0
2102289,,OXFOFID1,0,1730232575,1730232575,04:09:35 PM,04:09:35 PM,0
2102289,,OXFOGUI1,0,1730232632,1730232632,04:10:32 PM,04:10:32 PM,0
2102289,,OXFOFRE1,0,1730232677,1730232677,04:11:17 PM,04:11:17 PM,0
2102289,,OXFOJUNI,0,1730232735,1730232735,04:12:15 PM,04:12:15 PM,0
2102289,,OXFOLAR1,0,1730232820,1730232820,04:13:40 PM,04:13:40 PM,0
2102289,,OXFOCAP1,0,1730232885,1730232885,04:14:45 PM,04:14:45 PM,0
2102289,,OXFOWON1,0,1730232960,1730232960,04:16:00 PM,04:16:00 PM,0
2102289,,OXFOPRO1,0,1730233007,1730233007,04:16:47 PM,04:16:47 PM,0
2102289,,OXFOBEA1,0,1730233082,1730233082,04:18:02 PM,04:18:02 PM,0
2102289,,OXFOCHE1,0,1730233125,1730233125,04:18:45 PM,04:18:45 PM,0
2102289,,OXFOCHE3,0,1730233142,1730233142,04:19:02 PM,04:19:02 PM,0
2102289,,OXFOBRI1,0,1730233200,1730233200,04:20:00 PM,04:20:00 PM,0
2102289,,OXFORAT1,0,1730233279,1730233279,04:21:19 PM,04:21:19 PM,0
2102289,,OXFOWHA1,0,1730233364,1730233364,04:22:44 PM,04:22:44 PM,0
2102289,,OXFOANDR,0,1730233396,1730233396,04:23:16 PM,04:23:16 PM,0
2102289,,OXFOTAL1,0,1730233500,1730233500,04:25:00 PM,04:25:00 PM,0
2102289,,OXFOGEO1,0,1730233556,1730233556,04:25:56 PM,04:25:56 PM,0
2102289,,OXFORIC1,0,1730233620,1730233620,04:27:00 PM,04:27:00 PM,0
2102289,,OXFOWEL1,0,1730233645,1730233645,04:27:25 PM,04:27:25 PM,0
2102289,,OXFOWAT1,0,1730233689,1730233689,04:28:09 PM,04:28:09 PM,0
2102289,,OXFOCOL1,0,1730233732,1730233732,04:28:52 PM,04:28:52 PM,0
2102289,,OXFOMAI1,0,1730233785,1730233785,04:29:45 PM,04:29:45 PM,0
2102289,,OXFOWIL1,0,1730233821,1730233821,04:30:21 PM,04:30:21 PM,0
2102289,,OXFOADE1,0,1730233860,1730233860,04:31:00 PM,04:31:00 PM,0
2102289,,OXFOELI1,0,1730233909,1730233909,04:31:49 PM,04:31:49 PM,0
2102289,,OXFOELL1,0,1730233952,1730233952,04:32:32 PM,04:32:32 PM,0
2102289,,OXFOGAM1,0,1730234006,1730234006,04:33:26 PM,04:33:26 PM,0
2102289,,OXFOSTE1,0,1730234047,1730234047,04:34:07 PM,04:34:07 PM,0
2102289,,OXFOQUE1,0,1730234071,1730234071,04:34:31 PM,04:34:31 PM,0
2102289,,OXFOSTRA,0,1730234110,1730234110,04:35:10 PM,04:35:10 PM,0
2102289,,OXFOSPIT,0,1730234157,1730234157,04:35:57 PM,04:35:57 PM,0
2102289,,OXFOCLE1,0,1730234200,1730234200,04:36:40 PM,04:36:40 PM,0
2102289,,OXFOEMPI,0,1730234246,1730234246,04:37:26 PM,04:37:26 PM,0
2102289,,OXFOMORN,,,,,,
2102289,,OXFOHIG1,,,,,,
2102289,,OXFOHIG3,,,,,,
2102289,,FANCOLL1,0,1730234460,1730234460,04:41:00 PM,04:41:00 PM,0
2102289,,OXFOSEC1,0,1730234529,1730234529,04:42:09 PM,04:42:09 PM,0
2102289,,OXFOTHI1,0,1730234593,1730234593,04:43:13 PM,04:43:13 PM,0
2102289,,THIROXF2,0,1730234637,1730234637,04:43:57 PM,04:43:57 PM,0
2102289,,THIROFO2,0,1730234669,1730234669,04:44:29 PM,04:44:29 PM,0
2102289,,THIRCUL2,0,1730234700,1730234700,04:45:00 PM,04:45:00 PM,0
2102289,,CULVTHR1,0,1730234723,1730234723,04:45:23 PM,04:45:23 PM,0
2102289,,CULVCUL1,0,1730234773,1730234773,04:46:13 PM,04:46:13 PM,0
2102289,,CULVCUL3,0,1730234806,1730234806,04:46:46 PM,04:46:46 PM,0
2102289,,CULVCUL5,0,1730234859,1730234859,04:47:39 PM,04:47:39 PM,0
2102289,,CULVCLA1,0,1730234914,1730234914,04:48:34 PM,04:48:34 PM,0
2102289,,CLARCULV,0,1730234966,1730234966,04:49:26 PM,04:49:26 PM,0
2102289,,CLARHERB,0,1730234995,1730234995,04:49:55 PM,04:49:55 PM,0
2102289,,CLARPKH2,0,1730235012,1730235012,04:50:12 PM,04:50:12 PM,0
2102289,,CLARAVA2,0,1730235060,1730235060,04:51:00 PM,04:51:00 PM,0
2102289,,CLARDUN2,0,1730235101,1730235101,04:51:41 PM,04:51:41 PM,0
2102289,,CLARWHI2,0,1730235149,1730235149,04:52:29 PM,04:52:29 PM,0
2102289,,ARGYMAL2,0,1730235240,1730235240,04:54:00 PM,04:54:00 PM,0
2102354,,ARGYMAL2,0,1730235960,1730235960,05:06:00 PM,05:06:00 PM,0
2102354,,CLARDUN1,0,1730236034,1730236034,05:07:14 PM,05:07:14 PM,0
2102354,,CLARAVA1,0,1730236061,1730236061,05:07:41 PM,05:07:41 PM,0
2102354,,CLARPKH1,0,1730236095,1730236095,05:08:15 PM,05:08:15 PM,0
2102354,,CLARPACI,0,1730236138,1730236138,05:08:58 PM,05:08:58 PM,0
2102354,,CULVCLA4,0,1730236200,1730236200,05:10:00 PM,05:10:00 PM,0
2102354,,CULVCLA2,0,1730236250,1730236250,05:10:50 PM,05:10:50 PM,0
2102354,,CULVCUL4,0,1730236310,1730236310,05:11:50 PM,05:11:50 PM,0
2102354,,CULVCUL2,0,1730236345,1730236345,05:12:25 PM,05:12:25 PM,0
2102354,,CULVTHR2,0,1730236390,1730236390,05:13:10 PM,05:13:10 PM,0
2102354,,THIRCUL1,0,1730236453,1730236453,05:14:13 PM,05:14:13 PM,0
2102354,,THIROXF1,0,1730236517,1730236517,05:15:17 PM,05:15:17 PM,0
2102354,,OXFOSEC2,0,1730236597,1730236597,05:16:37 PM,05:16:37 PM,0
2102354,,FANCOLL5,0,1730236680,1730236680,05:18:00 PM,05:18:00 PM,0
2102354,,OXFOROE2,0,1730236724,1730236724,05:18:44 PM,05:18:44 PM,0
2102354,,OXFOHIG4,,,,,,
2102354,,OXFOHIG2,,,,,,
2102354,,OXFOWIST,,,,,,
2102354,,OXFOOAKS,0,1730236868,1730236868,05:21:08 PM,05:21:08 PM,0
2102354,,OXFOCLE2,0,1730236918,1730236918,05:21:58 PM,05:21:58 PM,0
2102354,,OXFOLYMA,0,1730236967,1730236967,05:22:47 PM,05:22:47 PM,0
2102354,,OXFOSTUA,0,1730237001,1730237001,05:23:21 PM,05:23:21 PM,0
2102354,,OXFOQUE2,0,1730237047,1730237047,05:24:07 PM,05:24:07 PM,0
2102354,,OXFOSTE2,0,1730237081,1730237081,05:24:41 PM,05:24:41 PM,0
2102354,,OXFOGAM2,0,1730237107,1730237107,05:25:07 PM,05:25:07 PM,0
2102354,,OXFOELL2,0,1730237169,1730237169,05:26:09 PM,05:26:09 PM,0
2102354,,OXFOELI2,0,1730237215,1730237215,05:26:55 PM,05:26:55 PM,0
2102354,,OXFOADE2,0,1730237280,1730237280,05:28:00 PM,05:28:00 PM,0
2102354,,OXFOWIL2,0,1730237326,1730237326,05:28:46 PM,05:28:46 PM,0
2102354,,OXFOMAI2,0,1730237378,1730237378,05:29:38 PM,05:29:38 PM,0
2102354,,OXFOCOL2,0,1730237420,1730237420,05:30:20 PM,05:30:20 PM,0
2102354,,OXFOWAT2,0,1730237467,1730237467,05:31:07 PM,05:31:07 PM,0
2102354,,OXFOWEL2,0,1730237523,1730237523,05:32:03 PM,05:32:03 PM,0
2102354,,OXFORIC2,0,1730237580,1730237580,05:33:00 PM,05:33:00 PM,0
2102354,,OXFOGEO2,0,1730237642,1730237642,05:34:02 PM,05:34:02 PM,0
2102354,,OXFOTAL2,0,1730237696,1730237696,05:34:56 PM,05:34:56 PM,0
2102354,,OXFOGRAC,0,1730237843,1730237843,05:37:23 PM,05:37:23 PM,0
2102354,,OXFOWHA2,0,1730237892,1730237892,05:38:12 PM,05:38:12 PM,0
2102354,,OXFOFERN,0,1730237920,1730237920,05:38:40 PM,05:38:40 PM,0
2102354,,OXFORAT2,0,1730237999,1730237999,05:39:59 PM,05:39:59 PM,0
2102354,,OXFOPLAT,0,1730238120,1730238120,05:42:00 PM,05:42:00 PM,0
2102354,,OXFOCHE2,0,1730238168,1730238168,05:42:48 PM,05:42:48 PM,0
2102354,,OXFOBEA4,0,1730238248,1730238248,05:44:08 PM,05:44:08 PM,0
2102354,,OXFOBEA2,,,,,,
2102354,,OXFOPRO2,0,1730238343,1730238343,05:45:43 PM,05:45:43 PM,0
2102354,,OXFOWON2,0,1730238420,1730238420,05:47:00 PM,05:47:00 PM,0
2102354,,OXFOCAP2,0,1730238458,1730238458,05:47:38 PM,05:47:38 PM,0
2102354,,OXFOLAR2,0,1730238523,1730238523,05:48:43 PM,05:48:43 PM,0
2102354,,OXFOGUI2,0,1730238589,1730238589,05:49:49 PM,05:49:49 PM,0
2102354,,OXFOFRE2,0,1730238649,1730238649,05:50:49 PM,05:50:49 PM,0
2102354,,OXFOGUI3,0,1730238699,1730238699,05:51:39 PM,05:51:39 PM,0
2102354,,OXFOFID2,0,1730238736,1730238736,05:52:16 PM,05:52:16 PM,0
2102354,,HYDEOXF2,0,1730238780,1730238780,05:53:00 PM,05:53:00 PM,0
2102354,,HYDEFIG2,0,1730238834,1730238834,05:53:54 PM,05:53:54 PM,0
2102354,,HYDEHAZE,0,1730238873,1730238873,05:54:33 PM,05:54:33 PM,0
2102354,,HYDERIV1,0,1730238925,1730238925,05:55:25 PM,05:55:25 PM,0
2102354,,RIVEHAR2,0,1730238965,1730238965,05:56:05 PM,05:56:05 PM,0
2102354,,RIVEANT2,0,1730239015,1730239015,05:56:55 PM,05:56:55 PM,0
2102354,,RIVEHAR4,0,1730239036,1730239036,05:57:16 PM,05:57:16 PM,0
2102354,,RIVESAN2,0,1730239072,1730239072,05:57:52 PM,05:57:52 PM,0
2102354,,HALLCOMM,0,1730239140,1730239140,05:59:00 PM,05:59:00 PM,0
2102354,,HALLCOMM,0,1730239680,1730239680,06:08:00 PM,06:08:00 PM,0
2102354,,COMMSTEP,0,1730239718,1730239718,06:08:38 PM,06:08:38 PM,0
2102354,,COMMGRAN,0,1730239749,1730239749,06:09:09 PM,06:09:09 PM,0
2102354,,COMMCAD1,0,1730239772,1730239772,06:09:32 PM,06:09:32 PM,0
2102354,,COMMCAD2,0,1730239803,1730239803,06:10:03 PM,06:10:03 PM,0
2102354,,KAINOXFN,0,1730239860,1730239860,06:11:00 PM,06:11:00 PM,0
2102350,,ARGYMAL2,0,1730231760,1730231760,03:56:00 PM,03:56:00 PM,0
2102350,,CLARDUN1,0,1730231834,1730231834,03:57:14 PM,03:57:14 PM,0
2102350,,CLARAVA1,0,1730231861,1730231861,03:57:41 PM,03:57:41 PM,0
2102350,,CLARPKH1,0,1730231895,1730231895,03:58:15 PM,03:58:15 PM,0
2102350,,CLARPACI,0,1730231938,1730231938,03:58:58 PM,03:58:58 PM,0
2102350,,CULVCLA4,0,1730232000,1730232000,04:00:00 PM,04:00:00 PM,0
2102350,,CULVCLA2,0,1730232050,1730232050,04:00:50 PM,04:00:50 PM,0
2102350,,CULVCUL4,0,1730232110,1730232110,04:01:50 PM,04:01:50 PM,0
2102350,,CULVCUL2,0,1730232145,1730232145,04:02:25 PM,04:02:25 PM,0
2102350,,CULVTHR2,0,1730232190,1730232190,04:03:10 PM,04:03:10 PM,0
2102350,,THIRCUL1,0,1730232253,1730232253,04:04:13 PM,04:04:13 PM,0
2102350,,THIROXF1,0,1730232317,1730232317,04:05:17 PM,04:05:17 PM,0
2102350,,OXFOSEC2,0,1730232397,1730232397,04:06:37 PM,04:06:37 PM,0
2102350,,FANCOLL5,0,1730232480,1730232480,04:08:00 PM,04:08:00 PM,0
2102350,,OXFOROE2,0,1730232524,1730232524,04:08:44 PM,04:08:44 PM,0
2102350,,OXFOHIG4,,,,,,
2102350,,OXFOHIG2,,,,,,
2102350,,OXFOWIST,,,,,,
2102350,,OXFOOAKS,0,1730232668,1730232668,04:11:08 PM,04:11:08 PM,0
2102350,,OXFOCLE2,0,1730232718,1730232718,04:11:58 PM,04:11:58 PM,0
2102350,,OXFOLYMA,0,1730232767,1730232767,04:12:47 PM,04:12:47 PM,0
2102350,,OXFOSTUA,0,1730232801,1730232801,04:13:21 PM,04:13:21 PM,0
2102350,,OXFOQUE2,0,1730232847,1730232847,04:14:07 PM,04:14:07 PM,0
2102350,,OXFOSTE2,0,1730232881,1730232881,04:14:41 PM,04:14:41 PM,0
2102350,,OXFOGAM2,0,1730232907,1730232907,04:15:07 PM,04:15:07 PM,0
2102350,,OXFOELL2,0,1730232969,1730232969,04:16:09 PM,04:16:09 PM,0
2102350,,OXFOELI2,0,1730233015,1730233015,04:16:55 PM,04:16:55 PM,0
2102350,,OXFOADE2,0,1730233080,1730233080,04:18:00 PM,04:18:00 PM,0
2102350,,OXFOWIL2,0,1730233126,1730233126,04:18:46 PM,04:18:46 PM,0
2102350,,OXFOMAI2,0,1730233178,1730233178,04:19:38 PM,04:19:38 PM,0
2102350,,OXFOCOL2,0,1730233220,1730233220,04:20:20 PM,04:20:20 PM,0
2102350,,OXFOWAT2,0,1730233267,1730233267,04:21:07 PM,04:21:07 PM,0
2102350,,OXFOWEL2,0,1730233323,1730233323,04:22:03 PM,04:22:03 PM,0
2102350,,OXFORIC2,0,1730233380,1730233380,04:23:00 PM,04:23:00 PM,0
2102350,,OXFOGEO2,0,1730233442,1730233442,04:24:02 PM,04:24:02 PM,0
2102350,,OXFOTAL2,0,1730233496,1730233496,04:24:56 PM,04:24:56 PM,0
2102350,,OXFOGRAC,0,1730233643,1730233643,04:27:23 PM,04:27:23 PM,0
2102350,,OXFOWHA2,0,1730233692,1730233692,04:28:12 PM,04:28:12 PM,0
2102350,,OXFOFERN,0,1730233720,1730233720,04:28:40 PM,04:28:40 PM,0
2102350,,OXFORAT2,0,1730233799,1730233799,04:29:59 PM,04:29:59 PM,0
2102350,,OXFOPLAT,0,1730233920,1730233920,04:32:00 PM,04:32:00 PM,0
2102350,,OXFOCHE2,0,1730233968,1730233968,04:32:48 PM,04:32:48 PM,0
2102350,,OXFOBEA4,0,1730234048,1730234048,04:34:08 PM,04:34:08 PM,0
2102350,,OXFOBEA2,,,,,,
2102350,,OXFOPRO2,0,1730234143,1730234143,04:35:43 PM,04:35:43 PM,0
2102350,,OXFOWON2,0,1730234220,1730234220,04:37:00 PM,04:37:00 PM,0
2102350,,OXFOCAP2,0,1730234258,1730234258,04:37:38 PM,04:37:38 PM,0
2102350,,OXFOLAR2,0,1730234323,1730234323,04:38:43 PM,04:38:43 PM,0
2102350,,OXFOGUI2,0,1730234389,1730234389,04:39:49 PM,04:39:49 PM,0
2102350,,OXFOFRE2,0,1730234449,1730234449,04:40:49 PM,04:40:49 PM,0
2102350,,OXFOGUI3,0,1730234499,1730234499,04:41:39 PM,04:41:39 PM,0
2102350,,OXFOFID2,0,1730234536,1730234536,04:42:16 PM,04:42:16 PM,0
2102350,,HYDEOXF2,0,1730234580,1730234580,04:43:00 PM,04:43:00 PM,0
2102350,,HYDEFIG2,0,1730234634,1730234634,04:43:54 PM,04:43:54 PM,0
2102350,,HYDEHAZE,0,1730234673,1730234673,04:44:33 PM,04:44:33 PM,0
2102350,,HYDERIV1,0,1730234725,1730234725,04:45:25 PM,04:45:25 PM,0
2102350,,RIVEHAR2,0,1730234765,1730234765,04:46:05 PM,04:46:05 PM,0
2102350,,RIVEANT2,0,1730234815,1730234815,04:46:55 PM,04:46:55 PM,0
2102350,,RIVEHAR4,0,1730234836,1730234836,04:47:16 PM,04:47:16 PM,0
2102350,,RIVESAN2,0,1730234872,1730234872,04:47:52 PM,04:47:52 PM,0
2102350,,HALLCOMM,0,1730234940,1730234940,04:49:00 PM,04:49:00 PM,0
2102350,,HALLCOMM,0,1730235120,1730235120,04:52:00 PM,04:52:00 PM,0
2102350,,COMMSTEP,0,1730235158,1730235158,04:52:38 PM,04:52:38 PM,0
2102350,,COMMGRAN,0,1730235189,1730235189,04:53:09 PM,04:53:09 PM,0
2102350,,COMMCAD1,0,1730235212,1730235212,04:53:32 PM,04:53:32 PM,0
2102350,,COMMCAD2,0,1730235243,1730235243,04:54:03 PM,04:54:03 PM,0
2102350,,KAINOXFN,0,1730235300,1730235300,04:55:00 PM,04:55:00 PM,0
2102292,,KAINOXFN,0,1730235300,1730235300,04:55:00 PM,04:55:00 PM,0
2102292,,KAINKIRK,0,1730235371,1730235371,04:56:11 PM,04:56:11 PM,0
2102292,,KAINSUMM,0,1730235388,1730235388,04:56:28 PM,04:56:28 PM,0
2102292,,KAINRIVE,0,1730235452,1730235452,04:57:32 PM,04:57:32 PM,0
2102292,,RIVESHOR,0,1730235548,1730235548,04:59:08 PM,04:59:08 PM,0
2102292,,RIVEOXF1,0,1730235591,1730235591,04:59:51 PM,04:59:51 PM,0
2102292,,OXFORIV1,0,1730235636,1730235636,05:00:36 PM,05:00:36 PM,0
2102292,,COMMCHE1,0,1730235719,1730235719,05:01:59 PM,05:01:59 PM,0
2102292,,COMMCHE2,0,1730235776,1730235776,05:02:56 PM,05:02:56 PM,0
2102292,,COMMGRA2,0,1730235808,1730235808,05:03:28 PM,05:03:28 PM,0
2102292,,COMMREYN,0,1730235845,1730235845,05:04:05 PM,05:04:05 PM,0
2102292,,COMMSTE1,0,1730235888,1730235888,05:04:48 PM,05:04:48 PM,0
2102292,,COMMHAL2,0,1730235926,1730235926,05:05:26 PM,05:05:26 PM,0
2102292,,BOLECOM3,0,1730235960,1730235960,05:06:00 PM,05:06:00 PM,0
2102292,,BOLECOM3,0,1730235960,1730235960,05:06:00 PM,05:06:00 PM,0
2102292,,RIVESAN1,0,1730236031,1730236031,05:07:11 PM,05:07:11 PM,0
2102292,,RIVEHAR3,0,1730236061,1730236061,05:07:41 PM,05:07:41 PM,0
2102292,,RIVEANT1,0,1730236085,1730236085,05:08:05 PM,05:08:05 PM,0
2102292,,RIVEHAR1,0,1730236130,1730236130,05:08:50 PM,05:08:50 PM,0
2102292,,HYDERIVE,0,1730236178,1730236178,05:09:38 PM,05:09:38 PM,0
2102292,,HYDEVALE,0,1730236229,1730236229,05:10:29 PM,05:10:29 PM,0
2102292,,HYDEFIG1,0,1730236265,1730236265,05:11:05 PM,05:11:05 PM,0
2102292,,HYDEOXF1,0,1730236320,1730236320,05:12:00 PM,05:12:00 PM,0
2102292,,OXFOFID1,0,1730236364,1730236364,05:12:44 PM,05:12:44 PM,0
2102292,,OXFOGUI1,0,1730236420,1730236420,05:13:40 PM,05:13:40 PM,0
2102292,,OXFOFRE1,0,1730236464,1730236464,05:14:24 PM,05:14:24 PM,0
2102292,,OXFOJUNI,0,1730236520,1730236520,05:15:20 PM,05:15:20 PM,0
2102292,,OXFOLAR1,0,1730236602,1730236602,05:16:42 PM,05:16:42 PM,0
2102292,,OXFOCAP1,0,1730236666,1730236666,05:17:46 PM,05:17:46 PM,0
2102292,,OXFOWON1,0,1730236740,1730236740,05:19:00 PM,05:19:00 PM,0
2102292,,OXFOPRO1,0,1730236787,1730236787,05:19:47 PM,05:19:47 PM,0
2102292,,OXFOBEA1,0,1730236862,1730236862,05:21:02 PM,05:21:02 PM,0
2102292,,OXFOCHE1,0,1730236905,1730236905,05:21:45 PM,05:21:45 PM,0
2102292,,OXFOCHE3,0,1730236922,1730236922,05:22:02 PM,05:22:02 PM,0
2102292,,OXFOBRI1,0,1730236980,1730236980,05:23:00 PM,05:23:00 PM,0
2102292,,OXFORAT1,0,1730237059,1730237059,05:24:19 PM,05:24:19 PM,0
2102292,,OXFOWHA1,0,1730237144,1730237144,05:25:44 PM,05:25:44 PM,0
2102292,,OXFOANDR,0,1730237176,1730237176,05:26:16 PM,05:26:16 PM,0
2102292,,OXFOTAL1,0,1730237280,1730237280,05:28:00 PM,05:28:00 PM,0
2102292,,OXFOGEO1,0,1730237336,1730237336,05:28:56 PM,05:28:56 PM,0
2102292,,OXFORIC1,0,1730237400,1730237400,05:30:00 PM,05:30:00 PM,0
2102292,,OXFOWEL1,0,1730237425,1730237425,05:30:25 PM,05:30:25 PM,0
2102292,,OXFOWAT1,0,1730237469,1730237469,05:31:09 PM,05:31:09 PM,0
2102292,,OXFOCOL1,0,1730237512,1730237512,05:31:52 PM,05:31:52 PM,0
2102292,,OXFOMAI1,0,1730237565,1730237565,05:32:45 PM,05:32:45 PM,0
2102292,,OXFOWIL1,0,1730237601,1730237601,05:33:21 PM,05:33:21 PM,0
2102292,,OXFOADE1,0,1730237640,1730237640,05:34:00 PM,05:34:00 PM,0
2102292,,OXFOELI1,0,1730237689,1730237689,05:34:49 PM,05:34:49 PM,0
2102292,,OXFOELL1,0,1730237732,1730237732,05:35:32 PM,05:35:32 PM,0
2102292,,OXFOGAM1,0,1730237786,1730237786,05:36:26 PM,05:36:26 PM,0
2102292,,OXFOSTE1,0,1730237827,1730237827,05:37:07 PM,05:37:07 PM,0
2102292,,OXFOQUE1,0,1730237851,1730237851,05:37:31 PM,05:37:31 PM,0
2102292,,OXFOSTRA,0,1730237890,1730237890,05:38:10 PM,05:38:10 PM,0
2102292,,OXFOSPIT,0,1730237937,1730237937,05:38:57 PM,05:38:57 PM,0
2102292,,OXFOCLE1,0,1730237980,1730237980,05:39:40 PM,05:39:40 PM,0
2102292,,OXFOEMPI,0,1730238026,1730238026,05:40:26 PM,05:40:26 PM,0
2102292,,OXFOMORN,,,,,,
2102292,,OXFOHIG1,,,,,,
2102292,,OXFOHIG3,,,,,,
2102292,,FANCOLL1,0,1730238240,1730238240,05:44:00 PM,05:44:00 PM,0
2102292,,OXFOSEC1,0,1730238312,1730238312,05:45:12 PM,05:45:12 PM,0
2102292,,OXFOTHI1,0,1730238375,1730238375,05:46:15 PM,05:46:15 PM,0
2102292,,THIROXF2,0,1730238418,1730238418,05:46:58 PM,05:46:58 PM,0
2102292,,THIROFO2,0,1730238449,1730238449,05:47:29 PM,05:47:29 PM,0
2102292,,THIRCUL2,0,1730238480,1730238480,05:48:00 PM,05:48:00 PM,0
2102292,,CULVTHR1,0,1730238503,1730238503,05:48:23 PM,05:48:23 PM,0
2102292,,CULVCUL1,0,1730238553,1730238553,05:49:13 PM,05:49:13 PM,0
2102292,,CULVCUL3,0,1730238586,1730238586,05:49:46 PM,05:49:46 PM,0
2102292,,CULVCUL5,0,1730238639,1730238639,05:50:39 PM,05:50:39 PM,0
2102292,,CULVCLA1,0,1730238694,1730238694,05:51:34 PM,05:51:34 PM,0
2102292,,CLARCULV,0,1730238746,1730238746,05:52:26 PM,05:52:26 PM,0
2102292,,CLARHERB,0,1730238775,1730238775,05:52:55 PM,05:52:55 PM,0
2102292,,CLARPKH2,0,1730238792,1730238792,05:53:12 PM,05:53:12 PM,0
2102292,,CLARAVA2,0,1730238840,1730238840,05:54:00 PM,05:54:00 PM,0
2102292,,CLARDUN2,0,1730238881,1730238881,05:54:41 PM,05:54:41 PM,0
2102292,,CLARWHI2,0,1730238929,1730238929,05:55:29 PM,05:55:29 PM,0
2102292,,ARGYMAL2,0,1730239020,1730239020,05:57:00 PM,05:57:00 PM,0
2102317,,ARGYMAL2,0,1730239620,1730239620,06:07:00 PM,06:07:00 PM,0
2102317,,CLARDUN1,0,1730239686,1730239686,06:08:06 PM,06:08:06 PM,0
2102317,,CLARAVA1,0,1730239715,1730239715,06:08:35 PM,06:08:35 PM,0
2102317,,CLARPKH1,0,1730239750,1730239750,06:09:10 PM,06:09:10 PM,0
2102317,,CLARPACI,0,1730239795,1730239795,06:09:55 PM,06:09:55 PM,0
2102317,,CULVCLA4,0,1730239860,1730239860,06:11:00 PM,06:11:00 PM,0
2102317,,CULVCLA2,0,1730239910,1730239910,06:11:50 PM,06:11:50 PM,0
2102317,,CULVCUL4,0,1730239970,1730239970,06:12:50 PM,06:12:50 PM,0
2102317,,CULVCUL2,0,1730240005,1730240005,06:13:25 PM,06:13:25 PM,0
2102317,,CULVTHR2,0,1730240050,1730240050,06:14:10 PM,06:14:10 PM,0
2102317,,THIRCUL1,0,1730240128,1730240128,06:15:28 PM,06:15:28 PM,0
2102317,,THIROXF1,0,1730240177,1730240177,06:16:17 PM,06:16:17 PM,0
2102317,,OXFOSEC2,0,1730240257,1730240257,06:17:37 PM,06:17:37 PM,0
2102317,,FANCOLL5,0,1730240340,1730240340,06:19:00 PM,06:19:00 PM,0
2102317,,OXFOROE2,0,1730240384,1730240384,06:19:44 PM,06:19:44 PM,0
2102317,,OXFOHIG4,,,,,,
2102317,,OXFOHIG2,,,,,,
2102317,,OXFOWIST,,,,,,
2102317,,OXFOOAKS,0,1730240519,1730240519,06:21:59 PM,06:21:59 PM,0
2102317,,OXFOCLE2,0,1730240563,1730240563,06:22:43 PM,06:22:43 PM,0
2102317,,OXFOLYMA,0,1730240606,1730240606,06:23:26 PM,06:23:26 PM,0
2102317,,OXFOSTUA,0,1730240636,1730240636,06:23:56 PM,06:23:56 PM,0
2102317,,OXFOQUE2,0,1730240676,1730240676,06:24:36 PM,06:24:36 PM,0
2102317,,OXFOSTE2,0,1730240706,1730240706,06:25:06 PM,06:25:06 PM,0
2102317,,OXFOGAM2,0,1730240729,1730240729,06:25:29 PM,06:25:29 PM,0
2102317,,OXFOELL2,0,1730240783,1730240783,06:26:23 PM,06:26:23 PM,0
2102317,,OXFOELI2,0,1730240823,1730240823,06:27:03 PM,06:27:03 PM,0
2102317,,OXFOADE2,0,1730240880,1730240880,06:28:00 PM,06:28:00 PM,0
2102317,,OXFOWIL2,0,1730240917,1730240917,06:28:37 PM,06:28:37 PM,0
2102317,,OXFOMAI2,0,1730240958,1730240958,06:29:18 PM,06:29:18 PM,0
2102317,,OXFOCOL2,0,1730240992,1730240992,06:29:52 PM,06:29:52 PM,0
2102317,,OXFOWAT2,0,1730241030,1730241030,06:30:30 PM,06:30:30 PM,0
2102317,,OXFOWEL2,0,1730241075,1730241075,06:31:15 PM,06:31:15 PM,0
2102317,,OXFORIC2,0,1730241120,1730241120,06:32:00 PM,06:32:00 PM,0
2102317,,OXFOGEO2,0,1730241154,1730241154,06:32:34 PM,06:32:34 PM,0
2102317,,OXFOTAL2,0,1730241184,1730241184,06:33:04 PM,06:33:04 PM,0
2102317,,OXFOGRAC,0,1730241265,1730241265,06:34:25 PM,06:34:25 PM,0
2102317,,OXFOWHA2,0,1730241292,1730241292,06:34:52 PM,06:34:52 PM,0
2102317,,OXFOFERN,0,1730241308,1730241308,06:35:08 PM,06:35:08 PM,0
2102317,,OXFORAT2,0,1730241351,1730241351,06:35:51 PM,06:35:51 PM,0
2102317,,OXFOPLAT,0,1730241420,1730241420,06:37:00 PM,06:37:00 PM,0
2102317,,OXFOCHE2,0,1730241468,1730241468,06:37:48 PM,06:37:48 PM,0
2102317,,OXFOBEA4,0,1730241548,1730241548,06:39:08 PM,06:39:08 PM,0
2102317,,OXFOBEA2,,,,,,
2102317,,OXFOPRO2,0,1730241643,1730241643,06:40:43 PM,06:40:43 PM,0
2102317,,OXFOWON2,0,1730241720,1730241720,06:42:00 PM,06:42:00 PM,0
2102317,,OXFOCAP2,0,1730241756,1730241756,06:42:36 PM,06:42:36 PM,0
2102317,,OXFOLAR2,0,1730241818,1730241818,06:43:38 PM,06:43:38 PM,0
2102317,,OXFOGUI2,0,1730241881,1730241881,06:44:41 PM,06:44:41 PM,0
2102317,,OXFOFRE2,0,1730241939,1730241939,06:45:39 PM,06:45:39 PM,0
2102317,,OXFOGUI3,0,1730241986,1730241986,06:46:26 PM,06:46:26 PM,0
2102317,,OXFOFID2,0,1730242022,1730242022,06:47:02 PM,06:47:02 PM,0
2102317,,OXFOHYD2,0,1730242080,1730242080,06:48:00 PM,06:48:00 PM,0
2102317,,OXFOROY2,0,1730242097,1730242097,06:48:17 PM,06:48:17 PM,0
2102317,,OXFOROY4,0,1730242122,1730242122,06:48:42 PM,06:48:42 PM,0
2102317,,OXFOOLH2,0,1730242154,1730242154,06:49:14 PM,06:49:14 PM,0
2102317,,SANISUT2,0,1730242212,1730242212,06:50:12 PM,06:50:12 PM,0
2102317,,SANIPLY2,0,1730242242,1730242242,06:50:42 PM,06:50:42 PM,0
2102317,,SANIRIV2,0,1730242254,1730242254,06:50:54 PM,06:50:54 PM,0
2102317,,HALLCOMM,0,1730242320,1730242320,06:52:00 PM,06:52:00 PM,0
2102317,,HALLCOMM,0,1730242740,1730242740,06:59:00 PM,06:59:00 PM,0
2102317,,COMMSTEP,0,1730242793,1730242793,06:59:53 PM,06:59:53 PM,0
2102317,,GRIFCOMM,0,1730242831,1730242831,07:00:31 PM,07:00:31 PM,0
2102317,,GRIFHEMO,0,1730242868,1730242868,07:01:08 PM,07:01:08 PM,0
2102317,,GRIFNORM,0,1730242916,1730242916,07:01:56 PM,07:01:56 PM,0
2102317,,BYBAGRIF,0,1730242980,1730242980,07:03:00 PM,07:03:00 PM,0
2102251,,BYBAGRIF,0,1730242980,1730242980,07:03:00 PM,07:03:00 PM,0
2102251,,BYBABELV,0,1730243015,1730243015,07:03:35 PM,07:03:35 PM,0
2102251,,BYBABYRO,0,1730243072,1730243072,07:04:32 PM,07:04:32 PM,0
2102251,,BOLEBASE,0,1730243104,1730243104,07:05:04 PM,07:05:04 PM,0
2102251,,BOLEGLEN,0,1730243159,1730243159,07:05:59 PM,07:05:59 PM,0
2102251,,BOLECOM1,0,1730243187,1730243187,07:06:27 PM,07:06:27 PM,0
2102251,,BOLECOM3,0,1730243220,1730243220,07:07:00 PM,07:07:00 PM,0
2102251,,BOLECOM3,0,1730243220,1730243220,07:07:00 PM,07:07:00 PM,0
2102251,,SANIRIV1,0,1730243280,1730243280,07:08:00 PM,07:08:00 PM,0
2102251,,SANIPLY1,0,1730243288,1730243288,07:08:08 PM,07:08:08 PM,0
2102251,,SANISUT1,0,1730243317,1730243317,07:08:37 PM,07:08:37 PM,0
2102251,,OXFOSAN1,0,1730243355,1730243355,07:09:15 PM,07:09:15 PM,0
2102251,,OXFOOLH1,0,1730243373,1730243373,07:09:33 PM,07:09:33 PM,0
2102251,,OXFOROY3,0,1730243406,1730243406,07:10:06 PM,07:10:06 PM,0
2102251,,OXFOROY1,0,1730243431,1730243431,07:10:31 PM,07:10:31 PM,0
2102251,,OXFOHYD1,0,1730243460,1730243460,07:11:00 PM,07:11:00 PM,0
2102251,,OXFOFID1,0,1730243490,1730243490,07:11:30 PM,07:11:30 PM,0
2102251,,OXFOGUI1,0,1730243539,1730243539,07:12:19 PM,07:12:19 PM,0
2102251,,OXFOFRE1,0,1730243578,1730243578,07:12:58 PM,07:12:58 PM,0
2102251,,OXFOJUNI,0,1730243627,1730243627,07:13:47 PM,07:13:47 PM,0
2102251,,OXFOLAR1,0,1730243699,1730243699,07:14:59 PM,07:14:59 PM,0
2102251,,OXFOCAP1,0,1730243755,1730243755,07:15:55 PM,07:15:55 PM,0
2102251,,OXFOWON1,0,1730243820,1730243820,07:17:00 PM,07:17:00 PM,0
2102251,,OXFOPRO1,0,1730243867,1730243867,07:17:47 PM,07:17:47 PM,0
2102251,,OXFOBEA1,0,1730243942,1730243942,07:19:02 PM,07:19:02 PM,0
2102251,,OXFOCHE1,0,1730243985,1730243985,07:19:45 PM,07:19:45 PM,0
2102251,,OXFOCHE3,0,1730244002,1730244002,07:20:02 PM,07:20:02 PM,0
2102251,,OXFOBRI1,0,1730244060,1730244060,07:21:00 PM,07:21:00 PM,0
2102251,,OXFORAT1,0,1730244127,1730244127,07:22:07 PM,07:22:07 PM,0
2102251,,OXFOWHA1,0,1730244200,1730244200,07:23:20 PM,07:23:20 PM,0
2102251,,OXFOANDR,0,1730244227,1730244227,07:23:47 PM,07:23:47 PM,0
2102251,,OXFOTAL1,0,1730244316,1730244316,07:25:16 PM,07:25:16 PM,0
2102251,,OXFOGEO1,0,1730244364,1730244364,07:26:04 PM,07:26:04 PM,0
2102251,,OXFORIC1,0,1730244420,1730244420,07:27:00 PM,07:27:00 PM,0
2102251,,OXFOWEL1,0,1730244439,1730244439,07:27:19 PM,07:27:19 PM,0
2102251,,OXFOWAT1,0,1730244472,1730244472,07:27:52 PM,07:27:52 PM,0
2102251,,OXFOCOL1,0,1730244504,1730244504,07:28:24 PM,07:28:24 PM,0
2102251,,OXFOMAI1,0,1730244544,1730244544,07:29:04 PM,07:29:04 PM,0
2102251,,OXFOWIL1,0,1730244571,1730244571,07:29:31 PM,07:29:31 PM,0
2102251,,OXFOADE1,0,1730244600,1730244600,07:30:00 PM,07:30:00 PM,0
2102251,,OXFOELI1,0,1730244642,1730244642,07:30:42 PM,07:30:42 PM,0
2102251,,OXFOELL1,0,1730244680,1730244680,07:31:20 PM,07:31:20 PM,0
2102251,,OXFOGAM1,0,1730244727,1730244727,07:32:07 PM,07:32:07 PM,0
2102251,,OXFOSTE1,0,1730244763,1730244763,07:32:43 PM,07:32:43 PM,0
2102251,,OXFOQUE1,0,1730244784,1730244784,07:33:04 PM,07:33:04 PM,0
2102251,,OXFOSTRA,0,1730244818,1730244818,07:33:38 PM,07:33:38 PM,0
2102251,,OXFOSPIT,0,1730244859,1730244859,07:34:19 PM,07:34:19 PM,0
2102251,,OXFOCLE1,0,1730244897,1730244897,07:34:57 PM,07:34:57 PM,0
2102251,,OXFOEMPI,0,1730244937,1730244937,07:35:37 PM,07:35:37 PM,0
2102251,,OXFOMORN,,,,,,
2102251,,OXFOHIG1,,,,,,
2102251,,OXFOHIG3,,,,,,
2102251,,FANCOLL1,0,1730245140,1730245140,07:39:00 PM,07:39:00 PM,0
2102251,,OXFOSEC1,0,1730245191,1730245191,07:39:51 PM,07:39:51 PM,0
2102251,,OXFOTHI1,0,1730245239,1730245239,07:40:39 PM,07:40:39 PM,0
2102251,,THIROXF2,0,1730245272,1730245272,07:41:12 PM,07:41:12 PM,0
2102251,,THIROFO2,0,1730245296,1730245296,07:41:36 PM,07:41:36 PM,0
2102251,,THIRCUL2,0,1730245320,1730245320,07:42:00 PM,07:42:00 PM,0
2102251,,CULVTHR1,0,1730245338,1730245338,07:42:18 PM,07:42:18 PM,0
2102251,,CULVCUL1,0,1730245377,1730245377,07:42:57 PM,07:42:57 PM,0
2102251,,CULVCUL3,0,1730245402,1730245402,07:43:22 PM,07:43:22 PM,0
2102251,,CULVCUL5,0,1730245443,1730245443,07:44:03 PM,07:44:03 PM,0
2102251,,CULVCLA1,0,1730245486,1730245486,07:44:46 PM,07:44:46 PM,0
2102251,,CLARCULV,0,1730245526,1730245526,07:45:26 PM,07:45:26 PM,0
2102251,,CLARHERB,0,1730245549,1730245549,07:45:49 PM,07:45:49 PM,0
2102251,,CLARPKH2,0,1730245562,1730245562,07:46:02 PM,07:46:02 PM,0
2102251,,CLARAVA2,0,1730245600,1730245600,07:46:40 PM,07:46:40 PM,0
2102251,,CLARDUN2,0,1730245632,1730245632,07:47:12 PM,07:47:12 PM,0
2102251,,CLARWHI2,0,1730245669,1730245669,07:47:49 PM,07:47:49 PM,0
2102251,,ARGYMAL2,0,1730245740,1730245740,07:49:00 PM,07:49:00 PM,0
2102311,,ARGYMAL2,0,1730246460,1730246460,08:01:00 PM,08:01:00 PM,0
2102311,,CLARDUN1,0,1730246526,1730246526,08:02:06 PM,08:02:06 PM,0
2102311,,CLARAVA1,0,1730246555,1730246555,08:02:35 PM,08:02:35 PM,0
2102311,,CLARPKH1,0,1730246590,1730246590,08:03:10 PM,08:03:10 PM,0
2102311,,CLARPACI,0,1730246635,1730246635,08:03:55 PM,08:03:55 PM,0
2102311,,CULVCLA4,0,1730246700,1730246700,08:05:00 PM,08:05:00 PM,0
2102311,,CULVCLA2,0,1730246750,1730246750,08:05:50 PM,08:05:50 PM,0
2102311,,CULVCUL4,0,1730246810,1730246810,08:06:50 PM,08:06:50 PM,0
2102311,,CULVCUL2,0,1730246845,1730246845,08:07:25 PM,08:07:25 PM,0
2102311,,CULVTHR2,0,1730246890,1730246890,08:08:10 PM,08:08:10 PM,0
2102311,,THIRCUL1,0,1730246968,1730246968,08:09:28 PM,08:09:28 PM,0
2102311,,THIROXF1,0,1730247017,1730247017,08:10:17 PM,08:10:17 PM,0
2102311,,OXFOSEC2,0,1730247097,1730247097,08:11:37 PM,08:11:37 PM,0
2102311,,FANCOLL5,0,1730247180,1730247180,08:13:00 PM,08:13:00 PM,0
2102311,,OXFOROE2,0,1730247224,1730247224,08:13:44 PM,08:13:44 PM,0
2102311,,OXFOHIG4,,,,,,
2102311,,OXFOHIG2,,,,,,
2102311,,OXFOWIST,,,,,,
2102311,,OXFOOAKS,0,1730247359,1730247359,08:15:59 PM,08:15:59 PM,0
2102311,,OXFOCLE2,0,1730247403,1730247403,08:16:43 PM,08:16:43 PM,0
2102311,,OXFOLYMA,0,1730247446,1730247446,08:17:26 PM,08:17:26 PM,0
2102311,,OXFOSTUA,0,1730247476,1730247476,08:17:56 PM,08:17:56 PM,0
2102311,,OXFOQUE2,0,1730247516,1730247516,08:18:36 PM,08:18:36 PM,0
2102311,,OXFOSTE2,0,1730247546,1730247546,08:19:06 PM,08:19:06 PM,0
2102311,,OXFOGAM2,0,1730247569,1730247569,08:19:29 PM,08:19:29 PM,0
2102311,,OXFOELL2,0,1730247623,1730247623,08:20:23 PM,08:20:23 PM,0
2102311,,OXFOELI2,0,1730247663,1730247663,08:21:03 PM,08:21:03 PM,0
2102311,,OXFOADE2,0,1730247720,1730247720,08:22:00 PM,08:22:00 PM,0
2102311,,OXFOWIL2,0,1730247757,1730247757,08:22:37 PM,08:22:37 PM,0
2102311,,OXFOMAI2,0,1730247798,1730247798,08:23:18 PM,08:23:18 PM,0
2102311,,OXFOCOL2,0,1730247832,1730247832,08:23:52 PM,08:23:52 PM,0
2102311,,OXFOWAT2,0,1730247870,1730247870,08:24:30 PM,08:24:30 PM,0
2102311,,OXFOWEL2,0,1730247915,1730247915,08:25:15 PM,08:25:15 PM,0
2102311,,OXFORIC2,0,1730247960,1730247960,08:26:00 PM,08:26:00 PM,0
2102311,,OXFOGEO2,0,1730247994,1730247994,08:26:34 PM,08:26:34 PM,0
2102311,,OXFOTAL2,0,1730248024,1730248024,08:27:04 PM,08:27:04 PM,0
2102311,,OXFOGRAC,0,1730248105,1730248105,08:28:25 PM,08:28:25 PM,0
2102311,,OXFOWHA2,0,1730248132,1730248132,08:28:52 PM,08:28:52 PM,0
2102311,,OXFOFERN,0,1730248148,1730248148,08:29:08 PM,08:29:08 PM,0
2102311,,OXFORAT2,0,1730248191,1730248191,08:29:51 PM,08:29:51 PM,0
2102311,,OXFOPLAT,0,1730248260,1730248260,08:31:00 PM,08:31:00 PM,0
2102311,,OXFOCHE2,0,1730248308,1730248308,08:31:48 PM,08:31:48 PM,0
2102311,,OXFOBEA4,0,1730248388,1730248388,08:33:08 PM,08:33:08 PM,0
2102311,,OXFOBEA2,,,,,,
2102311,,OXFOPRO2,0,1730248483,1730248483,08:34:43 PM,08:34:43 PM,0
2102311,,OXFOWON2,0,1730248560,1730248560,08:36:00 PM,08:36:00 PM,0
2102311,,OXFOCAP2,0,1730248596,1730248596,08:36:36 PM,08:36:36 PM,0
2102311,,OXFOLAR2,0,1730248658,1730248658,08:37:38 PM,08:37:38 PM,0
2102311,,OXFOGUI2,0,1730248721,1730248721,08:38:41 PM,08:38:41 PM,0
2102311,,OXFOFRE2,0,1730248779,1730248779,08:39:39 PM,08:39:39 PM,0
2102311,,OXFOGUI3,0,1730248826,1730248826,08:40:26 PM,08:40:26 PM,0
2102311,,OXFOFID2,0,1730248862,1730248862,08:41:02 PM,08:41:02 PM,0
2102311,,OXFOHYD2,0,1730248920,1730248920,08:42:00 PM,08:42:00 PM,0
2102311,,OXFOROY2,0,1730248937,1730248937,08:42:17 PM,08:42:17 PM,0
2102311,,OXFOROY4,0,1730248962,1730248962,08:42:42 PM,08:42:42 PM,0
2102311,,OXFOOLH2,0,1730248994,1730248994,08:43:14 PM,08:43:14 PM,0
2102311,,SANISUT2,0,1730249052,1730249052,08:44:12 PM,08:44:12 PM,0
2102311,,SANIPLY2,0,1730249082,1730249082,08:44:42 PM,08:44:42 PM,0
2102311,,SANIRIV2,0,1730249094,1730249094,08:44:54 PM,08:44:54 PM,0
2102311,,HALLCOMM,0,1730249160,1730249160,08:46:00 PM,08:46:00 PM,0
2102311,,HALLCOMM,0,1730249580,1730249580,08:53:00 PM,08:53:00 PM,0
2102311,,COMMSTEP,0,1730249633,1730249633,08:53:53 PM,08:53:53 PM,0
2102311,,GRIFCOMM,0,1730249671,1730249671,08:54:31 PM,08:54:31 PM,0
2102311,,GRIFHEMO,0,1730249708,1730249708,08:55:08 PM,08:55:08 PM,0
2102311,,GRIFNORM,0,1730249756,1730249756,08:55:56 PM,08:55:56 PM,0
2102311,,BYBAGRIF,0,1730249820,1730249820,08:57:00 PM,08:57:00 PM,0
2102255,,BYBAGRIF,0,1730249820,1730249820,08:57:00 PM,08:57:00 PM,0
2102255,,BYBABELV,0,1730249855,1730249855,08:57:35 PM,08:57:35 PM,0
2102255,,BYBABYRO,0,1730249912,1730249912,08:58:32 PM,08:58:32 PM,0
2102255,,BOLEBASE,0,1730249944,1730249944,08:59:04 PM,08:59:04 PM,0
2102255,,BOLEGLEN,0,1730249999,1730249999,08:59:59 PM,08:59:59 PM,0
2102255,,BOLECOM1,0,1730250027,1730250027,09:00:27 PM,09:00:27 PM,0
2102255,,BOLECOM3,0,1730250060,1730250060,09:01:00 PM,09:01:00 PM,0
2102255,,BOLECOM3,0,1730250060,1730250060,09:01:00 PM,09:01:00 PM,0
2102255,,SANIRIV1,0,1730250120,1730250120,09:02:00 PM,09:02:00 PM,0
2102255,,SANIPLY1,0,1730250128,1730250128,09:02:08 PM,09:02:08 PM,0
2102255,,SANISUT1,0,1730250157,1730250157,09:02:37 PM,09:02:37 PM,0
2102255,,OXFOSAN1,0,1730250195,1730250195,09:03:15 PM,09:03:15 PM,0
2102255,,OXFOOLH1,0,1730250213,1730250213,09:03:33 PM,09:03:33 PM,0
2102255,,OXFOROY3,0,1730250246,1730250246,09:04:06 PM,09:04:06 PM,0
2102255,,OXFOROY1,0,1730250271,1730250271,09:04:31 PM,09:04:31 PM,0
2102255,,OXFOHYD1,0,1730250300,1730250300,09:05:00 PM,09:05:00 PM,0
2102255,,OXFOFID1,0,1730250325,1730250325,09:05:25 PM,09:05:25 PM,0
2102255,,OXFOGUI1,0,1730250366,1730250366,09:06:06 PM,09:06:06 PM,0
2102255,,OXFOFRE1,0,1730250398,1730250398,09:06:38 PM,09:06:38 PM,0
2102255,,OXFOJUNI,0,1730250439,1730250439,09:07:19 PM,09:07:19 PM,0
2102255,,OXFOLAR1,0,1730250499,1730250499,09:08:19 PM,09:08:19 PM,0
2102255,,OXFOCAP1,0,1730250545,1730250545,09:09:05 PM,09:09:05 PM,0
2102255,,OXFOWON1,0,1730250600,1730250600,09:10:00 PM,09:10:00 PM,0
2102255,,OXFOPRO1,0,1730250647,1730250647,09:10:47 PM,09:10:47 PM,0
2102255,,OXFOBEA1,0,1730250722,1730250722,09:12:02 PM,09:12:02 PM,0
2102255,,OXFOCHE1,0,1730250765,1730250765,09:12:45 PM,09:12:45 PM,0
2102255,,OXFOCHE3,0,1730250782,1730250782,09:13:02 PM,09:13:02 PM,0
2102255,,OXFOBRI1,0,1730250840,1730250840,09:14:00 PM,09:14:00 PM,0
2102255,,OXFORAT1,0,1730250896,1730250896,09:14:56 PM,09:14:56 PM,0
2102255,,OXFOWHA1,0,1730250957,1730250957,09:15:57 PM,09:15:57 PM,0
2102255,,OXFOANDR,0,1730250980,1730250980,09:16:20 PM,09:16:20 PM,0
2102255,,OXFOTAL1,0,1730251054,1730251054,09:17:34 PM,09:17:34 PM,0
2102255,,OXFOGEO1,0,1730251094,1730251094,09:18:14 PM,09:18:14 PM,0
2102255,,OXFORIC1,0,1730251140,1730251140,09:19:00 PM,09:19:00 PM,0
2102255,,OXFOWEL1,0,1730251159,1730251159,09:19:19 PM,09:19:19 PM,0
2102255,,OXFOWAT1,0,1730251192,1730251192,09:19:52 PM,09:19:52 PM,0
2102255,,OXFOCOL1,0,1730251224,1730251224,09:20:24 PM,09:20:24 PM,0
2102255,,OXFOMAI1,0,1730251264,1730251264,09:21:04 PM,09:21:04 PM,0
2102255,,OXFOWIL1,0,1730251291,1730251291,09:21:31 PM,09:21:31 PM,0
2102255,,OXFOADE1,0,1730251320,1730251320,09:22:00 PM,09:22:00 PM,0
2102255,,OXFOELI1,0,1730251362,1730251362,09:22:42 PM,09:22:42 PM,0
2102255,,OXFOELL1,0,1730251400,1730251400,09:23:20 PM,09:23:20 PM,0
2102255,,OXFOGAM1,0,1730251447,1730251447,09:24:07 PM,09:24:07 PM,0
2102255,,OXFOSTE1,0,1730251483,1730251483,09:24:43 PM,09:24:43 PM,0
2102255,,OXFOQUE1,0,1730251504,1730251504,09:25:04 PM,09:25:04 PM,0
2102255,,OXFOSTRA,0,1730251538,1730251538,09:25:38 PM,09:25:38 PM,0
2102255,,OXFOSPIT,0,1730251579,1730251579,09:26:19 PM,09:26:19 PM,0
2102255,,OXFOCLE1,0,1730251617,1730251617,09:26:57 PM,09:26:57 PM,0
2102255,,OXFOEMPI,0,1730251657,1730251657,09:27:37 PM,09:27:37 PM,0
2102255,,OXFOMORN,,,,,,
2102255,,OXFOHIG1,,,,,,
2102255,,OXFOHIG3,,,,,,
2102255,,FANCOLL1,0,1730251860,1730251860,09:31:00 PM,09:31:00 PM,0
2102255,,OXFOSEC1,0,1730251911,1730251911,09:31:51 PM,09:31:51 PM,0
2102255,,OXFOTHI1,0,1730251959,1730251959,09:32:39 PM,09:32:39 PM,0
2102255,,THIROXF2,0,1730251992,1730251992,09:33:12 PM,09:33:12 PM,0
2102255,,THIROFO2,0,1730252016,1730252016,09:33:36 PM,09:33:36 PM,0
2102255,,THIRCUL2,0,1730252040,1730252040,09:34:00 PM,09:34:00 PM,0
2102255,,CULVTHR1,0,1730252055,1730252055,09:34:15 PM,09:34:15 PM,0
2102255,,CULVCUL1,0,1730252088,1730252088,09:34:48 PM,09:34:48 PM,0
2102255,,CULVCUL3,0,1730252110,1730252110,09:35:10 PM,09:35:10 PM,0
2102255,,CULVCUL5,0,1730252145,1730252145,09:35:45 PM,09:35:45 PM,0
2102255,,CULVCLA1,0,1730252182,1730252182,09:36:22 PM,09:36:22 PM,0
2102255,,CLARCULV,0,1730252217,1730252217,09:36:57 PM,09:36:57 PM,0
2102255,,CLARHERB,0,1730252236,1730252236,09:37:16 PM,09:37:16 PM,0
2102255,,CLARPKH2,0,1730252247,1730252247,09:37:27 PM,09:37:27 PM,0
2102255,,CLARAVA2,0,1730252279,1730252279,09:37:59 PM,09:37:59 PM,0
2102255,,CLARDUN2,0,1730252306,1730252306,09:38:26 PM,09:38:26 PM,0
2102255,,CLARWHI2,0,1730252338,1730252338,09:38:58 PM,09:38:58 PM,0
2102255,,ARGYMAL2,0,1730252400,1730252400,09:40:00 PM,09:40:00 PM,0
2102357,,ARGYMAL2,0,1730252760,1730252760,09:46:00 PM,09:46:00 PM,0
2102357,,CLARDUN1,0,1730252809,1730252809,09:46:49 PM,09:46:49 PM,0
2102357,,CLARAVA1,0,1730252830,1730252830,09:47:10 PM,09:47:10 PM,0
2102357,,CLARPKH1,0,1730252856,1730252856,09:47:36 PM,09:47:36 PM,0
2102357,,CLARPACI,0,1730252889,1730252889,09:48:09 PM,09:48:09 PM,0
2102357,,CULVCLA4,0,1730252940,1730252940,09:49:00 PM,09:49:00 PM,0
2102357,,CULVCLA2,0,1730252983,1730252983,09:49:43 PM,09:49:43 PM,0
2102357,,CULVCUL4,0,1730253035,1730253035,09:50:35 PM,09:50:35 PM,0
2102357,,CULVCUL2,0,1730253065,1730253065,09:51:05 PM,09:51:05 PM,0
2102357,,CULVTHR2,0,1730253104,1730253104,09:51:44 PM,09:51:44 PM,0
2102357,,THIRCUL1,0,1730253173,1730253173,09:52:53 PM,09:52:53 PM,0
2102357,,THIROXF1,0,1730253215,1730253215,09:53:35 PM,09:53:35 PM,0
2102357,,OXFOSEC2,0,1730253285,1730253285,09:54:45 PM,09:54:45 PM,0
2102357,,FANCOLL5,0,1730253360,1730253360,09:56:00 PM,09:56:00 PM,0
2102357,,OXFOROE2,0,1730253404,1730253404,09:56:44 PM,09:56:44 PM,0
2102357,,OXFOHIG4,,,,,,
2102357,,OXFOHIG2,,,,,,
2102357,,OXFOWIST,,,,,,
2102357,,OXFOOAKS,0,1730253539,1730253539,09:58:59 PM,09:58:59 PM,0
2102357,,OXFOCLE2,0,1730253583,1730253583,09:59:43 PM,09:59:43 PM,0
2102357,,OXFOLYMA,0,1730253626,1730253626,10:00:26 PM,10:00:26 PM,0
2102357,,OXFOSTUA,0,1730253656,1730253656,10:00:56 PM,10:00:56 PM,0
2102357,,OXFOQUE2,0,1730253696,1730253696,10:01:36 PM,10:01:36 PM,0
2102357,,OXFOSTE2,0,1730253726,1730253726,10:02:06 PM,10:02:06 PM,0
2102357,,OXFOGAM2,0,1730253749,1730253749,10:02:29 PM,10:02:29 PM,0
2102357,,OXFOELL2,0,1730253803,1730253803,10:03:23 PM,10:03:23 PM,0
2102357,,OXFOELI2,0,1730253843,1730253843,10:04:03 PM,10:04:03 PM,0
2102357,,OXFOADE2,0,1730253900,1730253900,10:05:00 PM,10:05:00 PM,0
2102357,,OXFOWIL2,0,1730253927,1730253927,10:05:27 PM,10:05:27 PM,0
2102357,,OXFOMAI2,0,1730253958,1730253958,10:05:58 PM,10:05:58 PM,0
2102357,,OXFOCOL2,0,1730253983,1730253983,10:06:23 PM,10:06:23 PM,0
2102357,,OXFOWAT2,0,1730254011,1730254011,10:06:51 PM,10:06:51 PM,0
2102357,,OXFOWEL2,0,1730254044,1730254044,10:07:24 PM,10:07:24 PM,0
2102357,,OXFORIC2,0,1730254080,1730254080,10:08:00 PM,10:08:00 PM,0
2102357,,OXFOGEO2,0,1730254107,1730254107,10:08:27 PM,10:08:27 PM,0
2102357,,OXFOTAL2,0,1730254131,1730254131,10:08:51 PM,10:08:51 PM,0
2102357,,OXFOGRAC,0,1730254196,1730254196,10:09:56 PM,10:09:56 PM,0
2102357,,OXFOWHA2,0,1730254217,1730254217,10:10:17 PM,10:10:17 PM,0
2102357,,OXFOFERN,0,1730254229,1730254229,10:10:29 PM,10:10:29 PM,0
2102357,,OXFORAT2,0,1730254264,1730254264,10:11:04 PM,10:11:04 PM,0
2102357,,OXFOPLAT,0,1730254320,1730254320,10:12:00 PM,10:12:00 PM,0
2102357,,OXFOCHE2,0,1730254359,1730254359,10:12:39 PM,10:12:39 PM,0
2102357,,OXFOBEA4,0,1730254423,1730254423,10:13:43 PM,10:13:43 PM,0
2102357,,OXFOBEA2,,,,,,
2102357,,OXFOPRO2,0,1730254499,1730254499,10:14:59 PM,10:14:59 PM,0
2102357,,OXFOWON2,0,1730254560,1730254560,10:16:00 PM,10:16:00 PM,0
2102357,,OXFOCAP2,0,1730254590,1730254590,10:16:30 PM,10:16:30 PM,0
2102357,,OXFOLAR2,0,1730254642,1730254642,10:17:22 PM,10:17:22 PM,0
2102357,,OXFOGUI2,0,1730254694,1730254694,10:18:14 PM,10:18:14 PM,0
2102357,,OXFOFRE2,0,1730254742,1730254742,10:19:02 PM,10:19:02 PM,0
2102357,,OXFOGUI3,0,1730254781,1730254781,10:19:41 PM,10:19:41 PM,0
2102357,,OXFOFID2,0,1730254811,1730254811,10:20:11 PM,10:20:11 PM,0
2102357,,OXFOHYD2,0,1730254860,1730254860,10:21:00 PM,10:21:00 PM,0
2102357,,OXFOROY2,0,1730254873,1730254873,10:21:13 PM,10:21:13 PM,0
2102357,,OXFOROY4,0,1730254892,1730254892,10:21:32 PM,10:21:32 PM,0
2102357,,OXFOOLH2,0,1730254916,1730254916,10:21:56 PM,10:21:56 PM,0
2102357,,SANISUT2,0,1730254959,1730254959,10:22:39 PM,10:22:39 PM,0
2102357,,SANIPLY2,0,1730254981,1730254981,10:23:01 PM,10:23:01 PM,0
2102357,,SANIRIV2,0,1730254990,1730254990,10:23:10 PM,10:23:10 PM,0
2102357,,HALLCOMM,0,1730255040,1730255040,10:24:00 PM,10:24:00 PM,0
2102357,,HALLCOMM,0,1730255340,1730255340,10:29:00 PM,10:29:00 PM,0
2102357,,COMMSTEP,0,1730255393,1730255393,10:29:53 PM,10:29:53 PM,0
2102357,,GRIFCOMM,0,1730255431,1730255431,10:30:31 PM,10:30:31 PM,0
2102357,,GRIFHEMO,0,1730255468,1730255468,10:31:08 PM,10:31:08 PM,0
2102357,,GRIFNORM,0,1730255516,1730255516,10:31:56 PM,10:31:56 PM,0
2102357,,BYBAGRIF,0,1730255580,1730255580,10:33:00 PM,10:33:00 PM,0
2102298,,BYBAGRIF,0,1730255580,1730255580,10:33:00 PM,10:33:00 PM,0
2102298,,BYBABELV,0,1730255615,1730255615,10:33:35 PM,10:33:35 PM,0
2102298,,BYBABYRO,0,1730255672,1730255672,10:34:32 PM,10:34:32 PM,0
2102298,,BOLEBASE,0,1730255704,1730255704,10:35:04 PM,10:35:04 PM,0
2102298,,BOLEGLEN,0,1730255759,1730255759,10:35:59 PM,10:35:59 PM,0
2102298,,BOLECOM1,0,1730255787,1730255787,10:36:27 PM,10:36:27 PM,0
2102298,,BOLECOM3,0,1730255820,1730255820,10:37:00 PM,10:37:00 PM,0
2102298,,BOLECOM3,0,1730255820,1730255820,10:37:00 PM,10:37:00 PM,0
2102298,,SANIRIV1,0,1730255880,1730255880,10:38:00 PM,10:38:00 PM,0
2102298,,SANIPLY1,0,1730255888,1730255888,10:38:08 PM,10:38:08 PM,0
2102298,,SANISUT1,0,1730255917,1730255917,10:38:37 PM,10:38:37 PM,0
2102298,,OXFOSAN1,0,1730255955,1730255955,10:39:15 PM,10:39:15 PM,0
2102298,,OXFOOLH1,0,1730255973,1730255973,10:39:33 PM,10:39:33 PM,0
2102298,,OXFOROY3,0,1730256006,1730256006,10:40:06 PM,10:40:06 PM,0
2102298,,OXFOROY1,0,1730256031,1730256031,10:40:31 PM,10:40:31 PM,0
2102298,,OXFOHYD1,0,1730256060,1730256060,10:41:00 PM,10:41:00 PM,0
2102298,,OXFOFID1,0,1730256085,1730256085,10:41:25 PM,10:41:25 PM,0
2102298,,OXFOGUI1,0,1730256126,1730256126,10:42:06 PM,10:42:06 PM,0
2102298,,OXFOFRE1,0,1730256158,1730256158,10:42:38 PM,10:42:38 PM,0
2102298,,OXFOJUNI,0,1730256199,1730256199,10:43:19 PM,10:43:19 PM,0
2102298,,OXFOLAR1,0,1730256259,1730256259,10:44:19 PM,10:44:19 PM,0
2102298,,OXFOCAP1,0,1730256305,1730256305,10:45:05 PM,10:45:05 PM,0
2102298,,OXFOWON1,0,1730256360,1730256360,10:46:00 PM,10:46:00 PM,0
2102298,,OXFOPRO1,0,1730256407,1730256407,10:46:47 PM,10:46:47 PM,0
2102298,,OXFOBEA1,0,1730256482,1730256482,10:48:02 PM,10:48:02 PM,0
2102298,,OXFOCHE1,0,1730256525,1730256525,10:48:45 PM,10:48:45 PM,0
2102298,,OXFOCHE3,0,1730256542,1730256542,10:49:02 PM,10:49:02 PM,0
2102298,,OXFOBRI1,0,1730256600,1730256600,10:50:00 PM,10:50:00 PM,0
2102298,,OXFORAT1,0,1730256656,1730256656,10:50:56 PM,10:50:56 PM,0
2102298,,OXFOWHA1,0,1730256717,1730256717,10:51:57 PM,10:51:57 PM,0
2102298,,OXFOANDR,0,1730256740,1730256740,10:52:20 PM,10:52:20 PM,0
2102298,,OXFOTAL1,0,1730256814,1730256814,10:53:34 PM,10:53:34 PM,0
2102298,,OXFOGEO1,0,1730256854,1730256854,10:54:14 PM,10:54:14 PM,0
2102298,,OXFORIC1,0,1730256900,1730256900,10:55:00 PM,10:55:00 PM,0
2102298,,OXFOWEL1,0,1730256919,1730256919,10:55:19 PM,10:55:19 PM,0
2102298,,OXFOWAT1,0,1730256952,1730256952,10:55:52 PM,10:55:52 PM,0
2102298,,OXFOCOL1,0,1730256984,1730256984,10:56:24 PM,10:56:24 PM,0
2102298,,OXFOMAI1,0,1730257024,1730257024,10:57:04 PM,10:57:04 PM,0
2102298,,OXFOWIL1,0,1730257051,1730257051,10:57:31 PM,10:57:31 PM,0
2102298,,OXFOADE1,0,1730257080,1730257080,10:58:00 PM,10:58:00 PM,0
2102298,,OXFOELI1,0,1730257122,1730257122,10:58:42 PM,10:58:42 PM,0
2102298,,OXFOELL1,0,1730257160,1730257160,10:59:20 PM,10:59:20 PM,0
2102298,,OXFOGAM1,0,1730257207,1730257207,11:00:07 PM,11:00:07 PM,0
2102298,,OXFOSTE1,0,1730257243,1730257243,11:00:43 PM,11:00:43 PM,0
2102298,,OXFOQUE1,0,1730257264,1730257264,11:01:04 PM,11:01:04 PM,0
2102298,,OXFOSTRA,0,1730257298,1730257298,11:01:38 PM,11:01:38 PM,0
2102298,,OXFOSPIT,0,1730257339,1730257339,11:02:19 PM,11:02:19 PM,0
2102298,,OXFOCLE1,0,1730257377,1730257377,11:02:57 PM,11:02:57 PM,0
2102298,,OXFOEMPI,0,1730257417,1730257417,11:03:37 PM,11:03:37 PM,0
2102298,,OXFOMORN,,,,,,
2102298,,OXFOHIG1,,,,,,
2102298,,OXFOHIG3,,,,,,
2102298,,FANCOLL1,0,1730257620,1730257620,11:07:00 PM,11:07:00 PM,0
2102298,,OXFOSEC1,0,1730257671,1730257671,11:07:51 PM,11:07:51 PM,0
2102298,,OXFOTHI1,0,1730257719,1730257719,11:08:39 PM,11:08:39 PM,0
2102298,,THIROXF2,0,1730257752,1730257752,11:09:12 PM,11:09:12 PM,0
2102298,,THIROFO2,0,1730257776,1730257776,11:09:36 PM,11:09:36 PM,0
2102298,,THIRCUL2,0,1730257800,1730257800,11:10:00 PM,11:10:00 PM,0
2102298,,CULVTHR1,0,1730257815,1730257815,11:10:15 PM,11:10:15 PM,0
2102298,,CULVCUL1,0,1730257848,1730257848,11:10:48 PM,11:10:48 PM,0
2102298,,CULVCUL3,0,1730257870,1730257870,11:11:10 PM,11:11:10 PM,0
2102298,,CULVCUL5,0,1730257905,1730257905,11:11:45 PM,11:11:45 PM,0
2102298,,CULVCLA1,0,1730257942,1730257942,11:12:22 PM,11:12:22 PM,0
2102298,,CLARCULV,0,1730257977,1730257977,11:12:57 PM,11:12:57 PM,0
2102298,,CLARHERB,0,1730257996,1730257996,11:13:16 PM,11:13:16 PM,0
2102298,,CLARPKH2,0,1730258007,1730258007,11:13:27 PM,11:13:27 PM,0
2102298,,CLARAVA2,0,1730258039,1730258039,11:13:59 PM,11:13:59 PM,0
2102298,,CLARDUN2,0,1730258066,1730258066,11:14:26 PM,11:14:26 PM,0
2102298,,CLARWHI2,0,1730258098,1730258098,11:14:58 PM,11:14:58 PM,0
2102298,,ARGYMAL2,0,1730258160,1730258160,11:16:00 PM,11:16:00 PM,0
2102361,,ARGYMAL2,0,1730258580,1730258580,11:23:00 PM,11:23:00 PM,0
2102361,,CLARDUN1,0,1730258629,1730258629,11:23:49 PM,11:23:49 PM,0
2102361,,CLARAVA1,0,1730258650,1730258650,11:24:10 PM,11:24:10 PM,0
2102361,,CLARPKH1,0,1730258676,1730258676,11:24:36 PM,11:24:36 PM,0
2102361,,CLARPACI,0,1730258709,1730258709,11:25:09 PM,11:25:09 PM,0
2102361,,CULVCLA4,0,1730258760,1730258760,11:26:00 PM,11:26:00 PM,0
2102361,,CULVCLA2,0,1730258803,1730258803,11:26:43 PM,11:26:43 PM,0
2102361,,CULVCUL4,0,1730258855,1730258855,11:27:35 PM,11:27:35 PM,0
2102361,,CULVCUL2,0,1730258885,1730258885,11:28:05 PM,11:28:05 PM,0
2102361,,CULVTHR2,0,1730258924,1730258924,11:28:44 PM,11:28:44 PM,0
2102361,,THIRCUL1,0,1730258993,1730258993,11:29:53 PM,11:29:53 PM,0
2102361,,THIROXF1,0,1730259035,1730259035,11:30:35 PM,11:30:35 PM,0
2102361,,OXFOSEC2,0,1730259105,1730259105,11:31:45 PM,11:31:45 PM,0
2102361,,FANCOLL5,0,1730259180,1730259180,11:33:00 PM,11:33:00 PM,0
2102361,,OXFOROE2,0,1730259224,1730259224,11:33:44 PM,11:33:44 PM,0
2102361,,OXFOHIG4,,,,,,
2102361,,OXFOHIG2,,,,,,
2102361,,OXFOWIST,,,,,,
2102361,,OXFOOAKS,0,1730259359,1730259359,11:35:59 PM,11:35:59 PM,0
2102361,,OXFOCLE2,0,1730259403,1730259403,11:36:43 PM,11:36:43 PM,0
2102361,,OXFOLYMA,0,1730259446,1730259446,11:37:26 PM,11:37:26 PM,0
2102361,,OXFOSTUA,0,1730259476,1730259476,11:37:56 PM,11:37:56 PM,0
2102361,,OXFOQUE2,0,1730259516,1730259516,11:38:36 PM,11:38:36 PM,0
2102361,,OXFOSTE2,0,1730259546,1730259546,11:39:06 PM,11:39:06 PM,0
2102361,,OXFOGAM2,0,1730259569,1730259569,11:39:29 PM,11:39:29 PM,0
2102361,,OXFOELL2,0,1730259623,1730259623,11:40:23 PM,11:40:23 PM,0
2102361,,OXFOELI2,0,1730259663,1730259663,11:41:03 PM,11:41:03 PM,0
2102361,,OXFOADE2,0,1730259720,1730259720,11:42:00 PM,11:42:00 PM,0
2102361,,OXFOWIL2,0,1730259747,1730259747,11:42:27 PM,11:42:27 PM,0
2102361,,OXFOMAI2,0,1730259778,1730259778,11:42:58 PM,11:42:58 PM,0
2102361,,OXFOCOL2,0,1730259803,1730259803,11:43:23 PM,11:43:23 PM,0
2102361,,OXFOWAT2,0,1730259831,1730259831,11:43:51 PM,11:43:51 PM,0
2102361,,OXFOWEL2,0,1730259864,1730259864,11:44:24 PM,11:44:24 PM,0
2102361,,OXFORIC2,0,1730259900,1730259900,11:45:00 PM,11:45:00 PM,0
2102361,,OXFOGEO2,0,1730259927,1730259927,11:45:27 PM,11:45:27 PM,0
2102361,,OXFOTAL2,0,1730259951,1730259951,11:45:51 PM,11:45:51 PM,0
2102361,,OXFOGRAC,0,1730260016,1730260016,11:46:56 PM,11:46:56 PM,0
2102361,,OXFOWHA2,0,1730260037,1730260037,11:47:17 PM,11:47:17 PM,0
2102361,,OXFOFERN,0,1730260049,1730260049,11:47:29 PM,11:47:29 PM,0
2102361,,OXFORAT2,0,1730260084,1730260084,11:48:04 PM,11:48:04 PM,0
2102361,,OXFOPLAT,0,1730260140,1730260140,11:49:00 PM,11:49:00 PM,0
2102361,,OXFOCHE2,0,1730260179,1730260179,11:49:39 PM,11:49:39 PM,0
2102361,,OXFOBEA4,0,1730260243,1730260243,11:50:43 PM,11:50:43 PM,0
2102361,,OXFOBEA2,,,,,,
2102361,,OXFOPRO2,0,1730260319,1730260319,11:51:59 PM,11:51:59 PM,0
2102361,,OXFOWON2,0,1730260380,1730260380,11:53:00 PM,11:53:00 PM,0
2102361,,OXFOCAP2,0,1730260410,1730260410,11:53:30 PM,11:53:30 PM,0
2102361,,OXFOLAR2,0,1730260462,1730260462,11:54:22 PM,11:54:22 PM,0
2102361,,OXFOGUI2,0,1730260514,1730260514,11:55:14 PM,11:55:14 PM,0
2102361,,OXFOFRE2,0,1730260562,1730260562,11:56:02 PM,11:56:02 PM,0
2102361,,OXFOGUI3,0,1730260601,1730260601,11:56:41 PM,11:56:41 PM,0
2102361,,OXFOFID2,0,1730260631,1730260631,11:57:11 PM,11:57:11 PM,0
2102361,,OXFOHYD2,0,1730260680,1730260680,11:58:00 PM,11:58:00 PM,0
2102361,,OXFOROY2,0,1730260693,1730260693,11:58:13 PM,11:58:13 PM,0
2102361,,OXFOROY4,0,1730260712,1730260712,11:58:32 PM,11:58:32 PM,0
2102361,,OXFOOLH2,0,1730260736,1730260736,11:58:56 PM,11:58:56 PM,0
2102361,,SANISUT2,0,1730260779,1730260779,11:59:39 PM,11:59:39 PM,0
2102361,,SANIPLY2,0,1730260801,1730260801,12:00:01 AM,12:00:01 AM,0
2102361,,SANIRIV2,0,1730260810,1730260810,12:00:10 AM,12:00:10 AM,0
2102361,,HALLCOMM,0,1730260860,1730260860,12:01:00 AM,12:01:00 AM,0
2102361,,HALLCOMM,0,1730261160,1730261160,12:06:00 AM,12:06:00 AM,0
2102361,,COMMSTEP,0,1730261213,1730261213,12:06:53 AM,12:06:53 AM,0
2102361,,GRIFCOMM,0,1730261251,1730261251,12:07:31 AM,12:07:31 AM,0
2102361,,GRIFHEMO,0,1730261288,1730261288,12:08:08 AM,12:08:08 AM,0
2102361,,GRIFNORM,0,1730261336,1730261336,12:08:56 AM,12:08:56 AM,0
2102361,,BYBAGRIF,0,1730261400,1730261400,12:10:00 AM,12:10:00 AM,0
2102305,,BYBAGRIF,0,1730261400,1730261400,12:10:00 AM,12:10:00 AM,0
2102305,,BYBABELV,0,1730261435,1730261435,12:10:35 AM,12:10:35 AM,0
2102305,,BYBABYRO,0,1730261492,1730261492,12:11:32 AM,12:11:32 AM,0
2102305,,BOLEBASE,0,1730261524,1730261524,12:12:04 AM,12:12:04 AM,0
2102305,,BOLEGLEN,0,1730261579,1730261579,12:12:59 AM,12:12:59 AM,0
2102305,,BOLECOM1,0,1730261607,1730261607,12:13:27 AM,12:13:27 AM,0
2102305,,BOLECOM3,0,1730261640,1730261640,12:14:00 AM,12:14:00 AM,0
2102305,,BOLECOM3,0,1730261640,1730261640,12:14:00 AM,12:14:00 AM,0
2102305,,SANIRIV1,0,1730261700,1730261700,12:15:00 AM,12:15:00 AM,0
2102305,,SANIPLY1,0,1730261708,1730261708,12:15:08 AM,12:15:08 AM,0
2102305,,SANISUT1,0,1730261737,1730261737,12:15:37 AM,12:15:37 AM,0
2102305,,OXFOSAN1,0,1730261775,1730261775,12:16:15 AM,12:16:15 AM,0
2102305,,OXFOOLH1,0,1730261793,1730261793,12:16:33 AM,12:16:33 AM,0
2102305,,OXFOROY3,0,1730261826,1730261826,12:17:06 AM,12:17:06 AM,0
2102305,,OXFOROY1,0,1730261851,1730261851,12:17:31 AM,12:17:31 AM,0
2102305,,OXFOHYD1,0,1730261880,1730261880,12:18:00 AM,12:18:00 AM,0
2102305,,OXFOFID1,0,1730261905,1730261905,12:18:25 AM,12:18:25 AM,0
2102305,,OXFOGUI1,0,1730261946,1730261946,12:19:06 AM,12:19:06 AM,0
2102305,,OXFOFRE1,0,1730261978,1730261978,12:19:38 AM,12:19:38 AM,0
2102305,,OXFOJUNI,0,1730262019,1730262019,12:20:19 AM,12:20:19 AM,0
2102305,,OXFOLAR1,0,1730262079,1730262079,12:21:19 AM,12:21:19 AM,0
2102305,,OXFOCAP1,0,1730262125,1730262125,12:22:05 AM,12:22:05 AM,0
2102305,,OXFOWON1,0,1730262180,1730262180,12:23:00 AM,12:23:00 AM,0
2102305,,OXFOPRO1,0,1730262227,1730262227,12:23:47 AM,12:23:47 AM,0
2102305,,OXFOBEA1,0,1730262302,1730262302,12:25:02 AM,12:25:02 AM,0
2102305,,OXFOCHE1,0,1730262345,1730262345,12:25:45 AM,12:25:45 AM,0
2102305,,OXFOCHE3,0,1730262362,1730262362,12:26:02 AM,12:26:02 AM,0
2102305,,OXFOBRI1,0,1730262420,1730262420,12:27:00 AM,12:27:00 AM,0
2102305,,OXFORAT1,0,1730262476,1730262476,12:27:56 AM,12:27:56 AM,0
2102305,,OXFOWHA1,0,1730262537,1730262537,12:28:57 AM,12:28:57 AM,0
2102305,,OXFOANDR,0,1730262560,1730262560,12:29:20 AM,12:29:20 AM,0
2102305,,OXFOTAL1,0,1730262634,1730262634,12:30:34 AM,12:30:34 AM,0
2102305,,OXFOGEO1,0,1730262674,1730262674,12:31:14 AM,12:31:14 AM,0
2102305,,OXFORIC1,0,1730262720,1730262720,12:32:00 AM,12:32:00 AM,0
2102305,,OXFOWEL1,0,1730262739,1730262739,12:32:19 AM,12:32:19 AM,0
2102305,,OXFOWAT1,0,1730262772,1730262772,12:32:52 AM,12:32:52 AM,0
2102305,,OXFOCOL1,0,1730262804,1730262804,12:33:24 AM,12:33:24 AM,0
2102305,,OXFOMAI1,0,1730262844,1730262844,12:34:04 AM,12:34:04 AM,0
2102305,,OXFOWIL1,0,1730262871,1730262871,12:34:31 AM,12:34:31 AM,0
2102305,,OXFOADE1,0,1730262900,1730262900,12:35:00 AM,12:35:00 AM,0
2102305,,OXFOELI1,0,1730262942,1730262942,12:35:42 AM,12:35:42 AM,0
2102305,,OXFOELL1,0,1730262980,1730262980,12:36:20 AM,12:36:20 AM,0
2102305,,OXFOGAM1,0,1730263027,1730263027,12:37:07 AM,12:37:07 AM,0
2102305,,OXFOSTE1,0,1730263063,1730263063,12:37:43 AM,12:37:43 AM,0
2102305,,OXFOQUE1,0,1730263084,1730263084,12:38:04 AM,12:38:04 AM,0
2102305,,OXFOSTRA,0,1730263118,1730263118,12:38:38 AM,12:38:38 AM,0
2102305,,OXFOSPIT,0,1730263159,1730263159,12:39:19 AM,12:39:19 AM,0
2102305,,OXFOCLE1,0,1730263197,1730263197,12:39:57 AM,12:39:57 AM,0
2102305,,OXFOEMPI,0,1730263237,1730263237,12:40:37 AM,12:40:37 AM,0
2102305,,OXFOMORN,,,,,,
2102305,,OXFOHIG1,,,,,,
2102305,,OXFOHIG3,,,,,,
2102305,,FANCOLL1,0,1730263440,1730263440,12:44:00 AM,12:44:00 AM,0
2102305,,OXFOSEC1,0,1730263491,1730263491,12:44:51 AM,12:44:51 AM,0
2102305,,OXFOTHI1,0,1730263539,1730263539,12:45:39 AM,12:45:39 AM,0
2102305,,THIROXF2,0,1730263572,1730263572,12:46:12 AM,12:46:12 AM,0
2102305,,THIROFO2,0,1730263596,1730263596,12:46:36 AM,12:46:36 AM,0
2102305,,THIRCUL2,0,1730263620,1730263620,12:47:00 AM,12:47:00 AM,0
2102305,,CULVTHR1,0,1730263635,1730263635,12:47:15 AM,12:47:15 AM,0
2102305,,CULVCUL1,0,1730263668,1730263668,12:47:48 AM,12:47:48 AM,0
2102305,,CULVCUL3,0,1730263690,1730263690,12:48:10 AM,12:48:10 AM,0
2102305,,CULVCUL5,0,1730263725,1730263725,12:48:45 AM,12:48:45 AM,0
2102305,,CULVCLA1,0,1730263762,1730263762,12:49:22 AM,12:49:22 AM,0
2102305,,CLARCULV,0,1730263797,1730263797,12:49:57 AM,12:49:57 AM,0
2102305,,CLARHERB,0,1730263816,1730263816,12:50:16 AM,12:50:16 AM,0
2102305,,CLARPKH2,0,1730263827,1730263827,12:50:27 AM,12:50:27 AM,0
2102305,,CLARAVA2,0,1730263859,1730263859,12:50:59 AM,12:50:59 AM,0
2102305,,CLARDUN2,0,1730263886,1730263886,12:51:26 AM,12:51:26 AM,0
2102305,,CLARWHI2,0,1730263918,1730263918,12:51:58 AM,12:51:58 AM,0
2102305,,ARGYMAL2,0,1730263980,1730263980,12:53:00 AM,12:53:00 AM,0
2102348,,ARGYMAL2,0,1730229360,1730229360,03:16:00 PM,03:16:00 PM,0
2102348,,CLARDUN1,0,1730229434,1730229434,03:17:14 PM,03:17:14 PM,0
2102348,,CLARAVA1,0,1730229461,1730229461,03:17:41 PM,03:17:41 PM,0
2102348,,CLARPKH1,0,1730229495,1730229495,03:18:15 PM,03:18:15 PM,0
2102348,,CLARPACI,0,1730229538,1730229538,03:18:58 PM,03:18:58 PM,0
2102348,,CULVCLA4,0,1730229600,1730229600,03:20:00 PM,03:20:00 PM,0
2102348,,CULVCLA2,0,1730229650,1730229650,03:20:50 PM,03:20:50 PM,0
2102348,,CULVCUL4,0,1730229710,1730229710,03:21:50 PM,03:21:50 PM,0
2102348,,CULVCUL2,0,1730229745,1730229745,03:22:25 PM,03:22:25 PM,0
2102348,,CULVTHR2,0,1730229790,1730229790,03:23:10 PM,03:23:10 PM,0
2102348,,THIRCUL1,0,1730229853,1730229853,03:24:13 PM,03:24:13 PM,0
2102348,,THIROXF1,0,1730229917,1730229917,03:25:17 PM,03:25:17 PM,0
2102348,,OXFOSEC2,0,1730229997,1730229997,03:26:37 PM,03:26:37 PM,0
2102348,,FANCOLL5,0,1730230080,1730230080,03:28:00 PM,03:28:00 PM,0
2102348,,OXFOROE2,0,1730230124,1730230124,03:28:44 PM,03:28:44 PM,0
2102348,,OXFOHIG4,,,,,,
2102348,,OXFOHIG2,,,,,,
2102348,,OXFOWIST,,,,,,
2102348,,OXFOOAKS,0,1730230268,1730230268,03:31:08 PM,03:31:08 PM,0
2102348,,OXFOCLE2,0,1730230318,1730230318,03:31:58 PM,03:31:58 PM,0
2102348,,OXFOLYMA,0,1730230367,1730230367,03:32:47 PM,03:32:47 PM,0
2102348,,OXFOSTUA,0,1730230401,1730230401,03:33:21 PM,03:33:21 PM,0
2102348,,OXFOQUE2,0,1730230447,1730230447,03:34:07 PM,03:34:07 PM,0
2102348,,OXFOSTE2,0,1730230481,1730230481,03:34:41 PM,03:34:41 PM,0
2102348,,OXFOGAM2,0,1730230507,1730230507,03:35:07 PM,03:35:07 PM,0
2102348,,OXFOELL2,0,1730230569,1730230569,03:36:09 PM,03:36:09 PM,0
2102348,,OXFOELI2,0,1730230615,1730230615,03:36:55 PM,03:36:55 PM,0
2102348,,OXFOADE2,0,1730230680,1730230680,03:38:00 PM,03:38:00 PM,0
2102348,,OXFOWIL2,0,1730230726,1730230726,03:38:46 PM,03:38:46 PM,0
2102348,,OXFOMAI2,0,1730230778,1730230778,03:39:38 PM,03:39:38 PM,0
2102348,,OXFOCOL2,0,1730230820,1730230820,03:40:20 PM,03:40:20 PM,0
2102348,,OXFOWAT2,0,1730230867,1730230867,03:41:07 PM,03:41:07 PM,0
2102348,,OXFOWEL2,0,1730230923,1730230923,03:42:03 PM,03:42:03 PM,0
2102348,,OXFORIC2,0,1730230980,1730230980,03:43:00 PM,03:43:00 PM,0
2102348,,OXFOGEO2,0,1730231028,1730231028,03:43:48 PM,03:43:48 PM,0
2102348,,OXFOTAL2,0,1730231070,1730231070,03:44:30 PM,03:44:30 PM,0
2102348,,OXFOGRAC,0,1730231184,1730231184,03:46:24 PM,03:46:24 PM,0
2102348,,OXFOWHA2,0,1730231222,1730231222,03:47:02 PM,03:47:02 PM,0
2102348,,OXFOFERN,0,1730231244,1730231244,03:47:24 PM,03:47:24 PM,0
2102348,,OXFORAT2,0,1730231305,1730231305,03:48:25 PM,03:48:25 PM,0
2102348,,OXFOPLAT,0,1730231400,1730231400,03:50:00 PM,03:50:00 PM,0
2102348,,OXFOCHE2,0,1730231448,1730231448,03:50:48 PM,03:50:48 PM,0
2102348,,OXFOBEA4,0,1730231528,1730231528,03:52:08 PM,03:52:08 PM,0
2102348,,OXFOBEA2,,,,,,
2102348,,OXFOPRO2,0,1730231623,1730231623,03:53:43 PM,03:53:43 PM,0
2102348,,OXFOWON2,0,1730231700,1730231700,03:55:00 PM,03:55:00 PM,0
2102348,,OXFOCAP2,0,1730231738,1730231738,03:55:38 PM,03:55:38 PM,0
2102348,,OXFOLAR2,0,1730231803,1730231803,03:56:43 PM,03:56:43 PM,0
2102348,,OXFOGUI2,0,1730231869,1730231869,03:57:49 PM,03:57:49 PM,0
2102348,,OXFOFRE2,0,1730231929,1730231929,03:58:49 PM,03:58:49 PM,0
2102348,,OXFOGUI3,0,1730231979,1730231979,03:59:39 PM,03:59:39 PM,0
2102348,,OXFOFID2,0,1730232016,1730232016,04:00:16 PM,04:00:16 PM,0
2102348,,HYDEOXF2,0,1730232060,1730232060,04:01:00 PM,04:01:00 PM,0
2102348,,HYDEFIG2,0,1730232114,1730232114,04:01:54 PM,04:01:54 PM,0
2102348,,HYDEHAZE,0,1730232153,1730232153,04:02:33 PM,04:02:33 PM,0
2102348,,HYDERIV1,0,1730232205,1730232205,04:03:25 PM,04:03:25 PM,0
2102348,,RIVEHAR2,0,1730232245,1730232245,04:04:05 PM,04:04:05 PM,0
2102348,,RIVEANT2,0,1730232295,1730232295,04:04:55 PM,04:04:55 PM,0
2102348,,RIVEHAR4,0,1730232316,1730232316,04:05:16 PM,04:05:16 PM,0
2102348,,RIVESAN2,0,1730232352,1730232352,04:05:52 PM,04:05:52 PM,0
2102348,,HALLCOMM,0,1730232420,1730232420,04:07:00 PM,04:07:00 PM,0
2102348,,HALLCOMM,0,1730232720,1730232720,04:12:00 PM,04:12:00 PM,0
2102348,,COMMSTEP,0,1730232758,1730232758,04:12:38 PM,04:12:38 PM,0
2102348,,COMMGRAN,0,1730232789,1730232789,04:13:09 PM,04:13:09 PM,0
2102348,,COMMCAD1,0,1730232812,1730232812,04:13:32 PM,04:13:32 PM,0
2102348,,COMMCAD2,0,1730232843,1730232843,04:14:03 PM,04:14:03 PM,0
2102348,,KAINOXFN,0,1730232900,1730232900,04:15:00 PM,04:15:00 PM,0
2102290,,KAINOXFN,0,1730232900,1730232900,04:15:00 PM,04:15:00 PM,0
2102290,,KAINKIRK,0,1730232971,1730232971,04:16:11 PM,04:16:11 PM,0
2102290,,KAINSUMM,0,1730232988,1730232988,04:16:28 PM,04:16:28 PM,0
2102290,,KAINRIVE,0,1730233052,1730233052,04:17:32 PM,04:17:32 PM,0
2102290,,RIVESHOR,0,1730233148,1730233148,04:19:08 PM,04:19:08 PM,0
2102290,,RIVEOXF1,0,1730233191,1730233191,04:19:51 PM,04:19:51 PM,0
2102290,,OXFORIV1,0,1730233236,1730233236,04:20:36 PM,04:20:36 PM,0
2102290,,COMMCHE1,0,1730233319,1730233319,04:21:59 PM,04:21:59 PM,0
2102290,,COMMCHE2,0,1730233376,1730233376,04:22:56 PM,04:22:56 PM,0
2102290,,COMMGRA2,0,1730233408,1730233408,04:23:28 PM,04:23:28 PM,0
2102290,,COMMREYN,0,1730233445,1730233445,04:24:05 PM,04:24:05 PM,0
2102290,,COMMSTE1,0,1730233488,1730233488,04:24:48 PM,04:24:48 PM,0
2102290,,COMMHAL2,0,1730233526,1730233526,04:25:26 PM,04:25:26 PM,0
2102290,,BOLECOM3,0,1730233560,1730233560,04:26:00 PM,04:26:00 PM,0
2102290,,BOLECOM3,0,1730233560,1730233560,04:26:00 PM,04:26:00 PM,0
2102290,,RIVESAN1,0,1730233631,1730233631,04:27:11 PM,04:27:11 PM,0
2102290,,RIVEHAR3,0,1730233661,1730233661,04:27:41 PM,04:27:41 PM,0
2102290,,RIVEANT1,0,1730233685,1730233685,04:28:05 PM,04:28:05 PM,0
2102290,,RIVEHAR1,0,1730233730,1730233730,04:28:50 PM,04:28:50 PM,0
2102290,,HYDERIVE,0,1730233778,1730233778,04:29:38 PM,04:29:38 PM,0
2102290,,HYDEVALE,0,1730233829,1730233829,04:30:29 PM,04:30:29 PM,0
2102290,,HYDEFIG1,0,1730233865,1730233865,04:31:05 PM,04:31:05 PM,0
2102290,,HYDEOXF1,0,1730233920,1730233920,04:32:00 PM,04:32:00 PM,0
2102290,,OXFOFID1,0,1730233964,1730233964,04:32:44 PM,04:32:44 PM,0
2102290,,OXFOGUI1,0,1730234020,1730234020,04:33:40 PM,04:33:40 PM,0
2102290,,OXFOFRE1,0,1730234064,1730234064,04:34:24 PM,04:34:24 PM,0
2102290,,OXFOJUNI,0,1730234120,1730234120,04:35:20 PM,04:35:20 PM,0
2102290,,OXFOLAR1,0,1730234202,1730234202,04:36:42 PM,04:36:42 PM,0
2102290,,OXFOCAP1,0,1730234266,1730234266,04:37:46 PM,04:37:46 PM,0
2102290,,OXFOWON1,0,1730234340,1730234340,04:39:00 PM,04:39:00 PM,0
2102290,,OXFOPRO1,0,1730234387,1730234387,04:39:47 PM,04:39:47 PM,0
2102290,,OXFOBEA1,0,1730234462,1730234462,04:41:02 PM,04:41:02 PM,0
2102290,,OXFOCHE1,0,1730234505,1730234505,04:41:45 PM,04:41:45 PM,0
2102290,,OXFOCHE3,0,1730234522,1730234522,04:42:02 PM,04:42:02 PM,0
2102290,,OXFOBRI1,0,1730234580,1730234580,04:43:00 PM,04:43:00 PM,0
2102290,,OXFORAT1,0,1730234659,1730234659,04:44:19 PM,04:44:19 PM,0
2102290,,OXFOWHA1,0,1730234744,1730234744,04:45:44 PM,04:45:44 PM,0
2102290,,OXFOANDR,0,1730234776,1730234776,04:46:16 PM,04:46:16 PM,0
2102290,,OXFOTAL1,0,1730234880,1730234880,04:48:00 PM,04:48:00 PM,0
2102290,,OXFOGEO1,0,1730234936,1730234936,04:48:56 PM,04:48:56 PM,0
2102290,,OXFORIC1,0,1730235000,1730235000,04:50:00 PM,04:50:00 PM,0
2102290,,OXFOWEL1,0,1730235025,1730235025,04:50:25 PM,04:50:25 PM,0
2102290,,OXFOWAT1,0,1730235069,1730235069,04:51:09 PM,04:51:09 PM,0
2102290,,OXFOCOL1,0,1730235112,1730235112,04:51:52 PM,04:51:52 PM,0
2102290,,OXFOMAI1,0,1730235165,1730235165,04:52:45 PM,04:52:45 PM,0
2102290,,OXFOWIL1,0,1730235201,1730235201,04:53:21 PM,04:53:21 PM,0
2102290,,OXFOADE1,0,1730235240,1730235240,04:54:00 PM,04:54:00 PM,0
2102290,,OXFOELI1,0,1730235289,1730235289,04:54:49 PM,04:54:49 PM,0
2102290,,OXFOELL1,0,1730235332,1730235332,04:55:32 PM,04:55:32 PM,0
2102290,,OXFOGAM1,0,1730235386,1730235386,04:56:26 PM,04:56:26 PM,0
2102290,,OXFOSTE1,0,1730235427,1730235427,04:57:07 PM,04:57:07 PM,0
2102290,,OXFOQUE1,0,1730235451,1730235451,04:57:31 PM,04:57:31 PM,0
2102290,,OXFOSTRA,0,1730235490,1730235490,04:58:10 PM,04:58:10 PM,0
2102290,,OXFOSPIT,0,1730235537,1730235537,04:58:57 PM,04:58:57 PM,0
2102290,,OXFOCLE1,0,1730235580,1730235580,04:59:40 PM,04:59:40 PM,0
2102290,,OXFOEMPI,0,1730235626,1730235626,05:00:26 PM,05:00:26 PM,0
2102290,,OXFOMORN,,,,,,
2102290,,OXFOHIG1,,,,,,
2102290,,OXFOHIG3,,,,,,
2102290,,FANCOLL1,0,1730235840,1730235840,05:04:00 PM,05:04:00 PM,0
2102290,,OXFOSEC1,0,1730235912,1730235912,05:05:12 PM,05:05:12 PM,0
2102290,,OXFOTHI1,0,1730235975,1730235975,05:06:15 PM,05:06:15 PM,0
2102290,,THIROXF2,0,1730236018,1730236018,05:06:58 PM,05:06:58 PM,0
2102290,,THIROFO2,0,1730236049,1730236049,05:07:29 PM,05:07:29 PM,0
2102290,,THIRCUL2,0,1730236080,1730236080,05:08:00 PM,05:08:00 PM,0
2102290,,CULVTHR1,0,1730236103,1730236103,05:08:23 PM,05:08:23 PM,0
2102290,,CULVCUL1,0,1730236153,1730236153,05:09:13 PM,05:09:13 PM,0
2102290,,CULVCUL3,0,1730236186,1730236186,05:09:46 PM,05:09:46 PM,0
2102290,,CULVCUL5,0,1730236239,1730236239,05:10:39 PM,05:10:39 PM,0
2102290,,CULVCLA1,0,1730236294,1730236294,05:11:34 PM,05:11:34 PM,0
2102290,,CLARCULV,0,1730236346,1730236346,05:12:26 PM,05:12:26 PM,0
2102290,,CLARHERB,0,1730236375,1730236375,05:12:55 PM,05:12:55 PM,0
2102290,,CLARPKH2,0,1730236392,1730236392,05:13:12 PM,05:13:12 PM,0
2102290,,CLARAVA2,0,1730236440,1730236440,05:14:00 PM,05:14:00 PM,0
2102290,,CLARDUN2,0,1730236481,1730236481,05:14:41 PM,05:14:41 PM,0
2102290,,CLARWHI2,0,1730236529,1730236529,05:15:29 PM,05:15:29 PM,0
2102290,,ARGYMAL2,0,1730236620,1730236620,05:17:00 PM,05:17:00 PM,0
2102355,,ARGYMAL2,0,1730237040,1730237040,05:24:00 PM,05:24:00 PM,0
2102355,,CLARDUN1,0,1730237106,1730237106,05:25:06 PM,05:25:06 PM,0
2102355,,CLARAVA1,0,1730237135,1730237135,05:25:35 PM,05:25:35 PM,0
2102355,,CLARPKH1,0,1730237170,1730237170,05:26:10 PM,05:26:10 PM,0
2102355,,CLARPACI,0,1730237215,1730237215,05:26:55 PM,05:26:55 PM,0
2102355,,CULVCLA4,0,1730237280,1730237280,05:28:00 PM,05:28:00 PM,0
2102355,,CULVCLA2,0,1730237330,1730237330,05:28:50 PM,05:28:50 PM,0
2102355,,CULVCUL4,0,1730237390,1730237390,05:29:50 PM,05:29:50 PM,0
2102355,,CULVCUL2,0,1730237425,1730237425,05:30:25 PM,05:30:25 PM,0
2102355,,CULVTHR2,0,1730237470,1730237470,05:31:10 PM,05:31:10 PM,0
2102355,,THIRCUL1,0,1730237548,1730237548,05:32:28 PM,05:32:28 PM,0
2102355,,THIROXF1,0,1730237597,1730237597,05:33:17 PM,05:33:17 PM,0
2102355,,OXFOSEC2,0,1730237677,1730237677,05:34:37 PM,05:34:37 PM,0
2102355,,FANCOLL5,0,1730237760,1730237760,05:36:00 PM,05:36:00 PM,0
2102355,,OXFOROE2,0,1730237804,1730237804,05:36:44 PM,05:36:44 PM,0
2102355,,OXFOHIG4,,,,,,
2102355,,OXFOHIG2,,,,,,
2102355,,OXFOWIST,,,,,,
2102355,,OXFOOAKS,0,1730237948,1730237948,05:39:08 PM,05:39:08 PM,0
2102355,,OXFOCLE2,0,1730237998,1730237998,05:39:58 PM,05:39:58 PM,0
2102355,,OXFOLYMA,0,1730238047,1730238047,05:40:47 PM,05:40:47 PM,0
2102355,,OXFOSTUA,0,1730238081,1730238081,05:41:21 PM,05:41:21 PM,0
2102355,,OXFOQUE2,0,1730238127,1730238127,05:42:07 PM,05:42:07 PM,0
2102355,,OXFOSTE2,0,1730238161,1730238161,05:42:41 PM,05:42:41 PM,0
2102355,,OXFOGAM2,0,1730238187,1730238187,05:43:07 PM,05:43:07 PM,0
2102355,,OXFOELL2,0,1730238249,1730238249,05:44:09 PM,05:44:09 PM,0
2102355,,OXFOELI2,0,1730238295,1730238295,05:44:55 PM,05:44:55 PM,0
2102355,,OXFOADE2,0,1730238360,1730238360,05:46:00 PM,05:46:00 PM,0
2102355,,OXFOWIL2,0,1730238406,1730238406,05:46:46 PM,05:46:46 PM,0
2102355,,OXFOMAI2,0,1730238458,1730238458,05:47:38 PM,05:47:38 PM,0
2102355,,OXFOCOL2,0,1730238500,1730238500,05:48:20 PM,05:48:20 PM,0
2102355,,OXFOWAT2,0,1730238547,1730238547,05:49:07 PM,05:49:07 PM,0
2102355,,OXFOWEL2,0,1730238603,1730238603,05:50:03 PM,05:50:03 PM,0
2102355,,OXFORIC2,0,1730238660,1730238660,05:51:00 PM,05:51:00 PM,0
2102355,,OXFOGEO2,0,1730238722,1730238722,05:52:02 PM,05:52:02 PM,0
2102355,,OXFOTAL2,0,1730238776,1730238776,05:52:56 PM,05:52:56 PM,0
2102355,,OXFOGRAC,0,1730238923,1730238923,05:55:23 PM,05:55:23 PM,0
2102355,,OXFOWHA2,0,1730238972,1730238972,05:56:12 PM,05:56:12 PM,0
2102355,,OXFOFERN,0,1730239000,1730239000,05:56:40 PM,05:56:40 PM,0
2102355,,OXFORAT2,0,1730239079,1730239079,05:57:59 PM,05:57:59 PM,0
2102355,,OXFOPLAT,0,1730239200,1730239200,06:00:00 PM,06:00:00 PM,0
2102355,,OXFOCHE2,0,1730239248,1730239248,06:00:48 PM,06:00:48 PM,0
2102355,,OXFOBEA4,0,1730239328,1730239328,06:02:08 PM,06:02:08 PM,0
2102355,,OXFOBEA2,,,,,,
2102355,,OXFOPRO2,0,1730239423,1730239423,06:03:43 PM,06:03:43 PM,0
2102355,,OXFOWON2,0,1730239500,1730239500,06:05:00 PM,06:05:00 PM,0
2102355,,OXFOCAP2,0,1730239536,1730239536,06:05:36 PM,06:05:36 PM,0
2102355,,OXFOLAR2,0,1730239598,1730239598,06:06:38 PM,06:06:38 PM,0
2102355,,OXFOGUI2,0,1730239661,1730239661,06:07:41 PM,06:07:41 PM,0
2102355,,OXFOFRE2,0,1730239719,1730239719,06:08:39 PM,06:08:39 PM,0
2102355,,OXFOGUI3,0,1730239766,1730239766,06:09:26 PM,06:09:26 PM,0
2102355,,OXFOFID2,0,1730239802,1730239802,06:10:02 PM,06:10:02 PM,0
2102355,,OXFOHYD2,0,1730239860,1730239860,06:11:00 PM,06:11:00 PM,0
2102355,,OXFOROY2,0,1730239877,1730239877,06:11:17 PM,06:11:17 PM,0
2102355,,OXFOROY4,0,1730239902,1730239902,06:11:42 PM,06:11:42 PM,0
2102355,,OXFOOLH2,0,1730239934,1730239934,06:12:14 PM,06:12:14 PM,0
2102355,,SANISUT2,0,1730239992,1730239992,06:13:12 PM,06:13:12 PM,0
2102355,,SANIPLY2,0,1730240022,1730240022,06:13:42 PM,06:13:42 PM,0
2102355,,SANIRIV2,0,1730240034,1730240034,06:13:54 PM,06:13:54 PM,0
2102355,,HALLCOMM,0,1730240100,1730240100,06:15:00 PM,06:15:00 PM,0
2102355,,HALLCOMM,0,1730240520,1730240520,06:22:00 PM,06:22:00 PM,0
2102355,,COMMSTEP,0,1730240573,1730240573,06:22:53 PM,06:22:53 PM,0
2102355,,GRIFCOMM,0,1730240611,1730240611,06:23:31 PM,06:23:31 PM,0
2102355,,GRIFHEMO,0,1730240648,1730240648,06:24:08 PM,06:24:08 PM,0
2102355,,GRIFNORM,0,1730240696,1730240696,06:24:56 PM,06:24:56 PM,0
2102355,,BYBAGRIF,0,1730240760,1730240760,06:26:00 PM,06:26:00 PM,0
2102304,,BYBAGRIF,0,1730240760,1730240760,06:26:00 PM,06:26:00 PM,0
2102304,,BYBABELV,0,1730240804,1730240804,06:26:44 PM,06:26:44 PM,0
2102304,,BYBABYRO,0,1730240876,1730240876,06:27:56 PM,06:27:56 PM,0
2102304,,BOLEBASE,0,1730240917,1730240917,06:28:37 PM,06:28:37 PM,0
2102304,,BOLEGLEN,0,1730240985,1730240985,06:29:45 PM,06:29:45 PM,0
2102304,,BOLECOM1,0,1730241020,1730241020,06:30:20 PM,06:30:20 PM,0
2102304,,BOLECOM3,0,1730241060,1730241060,06:31:00 PM,06:31:00 PM,0
2102304,,BOLECOM3,0,1730241060,1730241060,06:31:00 PM,06:31:00 PM,0
2102304,,SANIRIV1,0,1730241136,1730241136,06:32:16 PM,06:32:16 PM,0
2102304,,SANIPLY1,0,1730241147,1730241147,06:32:27 PM,06:32:27 PM,0
2102304,,SANISUT1,0,1730241183,1730241183,06:33:03 PM,06:33:03 PM,0
2102304,,OXFOSAN1,0,1730241231,1730241231,06:33:51 PM,06:33:51 PM,0
2102304,,OXFOOLH1,0,1730241253,1730241253,06:34:13 PM,06:34:13 PM,0
2102304,,OXFOROY3,0,1730241295,1730241295,06:34:55 PM,06:34:55 PM,0
2102304,,OXFOROY1,0,1730241327,1730241327,06:35:27 PM,06:35:27 PM,0
2102304,,OXFOHYD1,0,1730241360,1730241360,06:36:00 PM,06:36:00 PM,0
2102304,,OXFOFID1,0,1730241390,1730241390,06:36:30 PM,06:36:30 PM,0
2102304,,OXFOGUI1,0,1730241439,1730241439,06:37:19 PM,06:37:19 PM,0
2102304,,OXFOFRE1,0,1730241478,1730241478,06:37:58 PM,06:37:58 PM,0
2102304,,OXFOJUNI,0,1730241527,1730241527,06:38:47 PM,06:38:47 PM,0
2102304,,OXFOLAR1,0,1730241599,1730241599,06:39:59 PM,06:39:59 PM,0
2102304,,OXFOCAP1,0,1730241655,1730241655,06:40:55 PM,06:40:55 PM,0
2102304,,OXFOWON1,0,1730241720,1730241720,06:42:00 PM,06:42:00 PM,0
2102304,,OXFOPRO1,0,1730241767,1730241767,06:42:47 PM,06:42:47 PM,0
2102304,,OXFOBEA1,0,1730241842,1730241842,06:44:02 PM,06:44:02 PM,0
2102304,,OXFOCHE1,0,1730241885,1730241885,06:44:45 PM,06:44:45 PM,0
2102304,,OXFOCHE3,0,1730241902,1730241902,06:45:02 PM,06:45:02 PM,0
2102304,,OXFOBRI1,0,1730241960,1730241960,06:46:00 PM,06:46:00 PM,0
2102304,,OXFORAT1,0,1730242027,1730242027,06:47:07 PM,06:47:07 PM,0
2102304,,OXFOWHA1,0,1730242100,1730242100,06:48:20 PM,06:48:20 PM,0
2102304,,OXFOANDR,0,1730242127,1730242127,06:48:47 PM,06:48:47 PM,0
2102304,,OXFOTAL1,0,1730242216,1730242216,06:50:16 PM,06:50:16 PM,0
2102304,,OXFOGEO1,0,1730242264,1730242264,06:51:04 PM,06:51:04 PM,0
2102304,,OXFORIC1,0,1730242320,1730242320,06:52:00 PM,06:52:00 PM,0
2102304,,OXFOWEL1,0,1730242339,1730242339,06:52:19 PM,06:52:19 PM,0
2102304,,OXFOWAT1,0,1730242372,1730242372,06:52:52 PM,06:52:52 PM,0
2102304,,OXFOCOL1,0,1730242404,1730242404,06:53:24 PM,06:53:24 PM,0
2102304,,OXFOMAI1,0,1730242444,1730242444,06:54:04 PM,06:54:04 PM,0
2102304,,OXFOWIL1,0,1730242471,1730242471,06:54:31 PM,06:54:31 PM,0
2102304,,OXFOADE1,0,1730242500,1730242500,06:55:00 PM,06:55:00 PM,0
2102304,,OXFOELI1,0,1730242542,1730242542,06:55:42 PM,06:55:42 PM,0
2102304,,OXFOELL1,0,1730242580,1730242580,06:56:20 PM,06:56:20 PM,0
2102304,,OXFOGAM1,0,1730242627,1730242627,06:57:07 PM,06:57:07 PM,0
2102304,,OXFOSTE1,0,1730242663,1730242663,06:57:43 PM,06:57:43 PM,0
2102304,,OXFOQUE1,0,1730242684,1730242684,06:58:04 PM,06:58:04 PM,0
2102304,,OXFOSTRA,0,1730242718,1730242718,06:58:38 PM,06:58:38 PM,0
2102304,,OXFOSPIT,0,1730242759,1730242759,06:59:19 PM,06:59:19 PM,0
2102304,,OXFOCLE1,0,1730242797,1730242797,06:59:57 PM,06:59:57 PM,0
2102304,,OXFOEMPI,0,1730242837,1730242837,07:00:37 PM,07:00:37 PM,0
2102304,,OXFOMORN,,,,,,
2102304,,OXFOHIG1,,,,,,
2102304,,OXFOHIG3,,,,,,
2102304,,FANCOLL1,0,1730243040,1730243040,07:04:00 PM,07:04:00 PM,0
2102304,,OXFOSEC1,0,1730243091,1730243091,07:04:51 PM,07:04:51 PM,0
2102304,,OXFOTHI1,0,1730243139,1730243139,07:05:39 PM,07:05:39 PM,0
2102304,,THIROXF2,0,1730243172,1730243172,07:06:12 PM,07:06:12 PM,0
2102304,,THIROFO2,0,1730243196,1730243196,07:06:36 PM,07:06:36 PM,0
2102304,,THIRCUL2,0,1730243220,1730243220,07:07:00 PM,07:07:00 PM,0
2102304,,CULVTHR1,0,1730243238,1730243238,07:07:18 PM,07:07:18 PM,0
2102304,,CULVCUL1,0,1730243277,1730243277,07:07:57 PM,07:07:57 PM,0
2102304,,CULVCUL3,0,1730243302,1730243302,07:08:22 PM,07:08:22 PM,0
2102304,,CULVCUL5,0,1730243343,1730243343,07:09:03 PM,07:09:03 PM,0
2102304,,CULVCLA1,0,1730243386,1730243386,07:09:46 PM,07:09:46 PM,0
2102304,,CLARCULV,0,1730243426,1730243426,07:10:26 PM,07:10:26 PM,0
2102304,,CLARHERB,0,1730243449,1730243449,07:10:49 PM,07:10:49 PM,0
2102304,,CLARPKH2,0,1730243462,1730243462,07:11:02 PM,07:11:02 PM,0
2102304,,CLARAVA2,0,1730243500,1730243500,07:11:40 PM,07:11:40 PM,0
2102304,,CLARDUN2,0,1730243532,1730243532,07:12:12 PM,07:12:12 PM,0
2102304,,CLARWHI2,0,1730243569,1730243569,07:12:49 PM,07:12:49 PM,0
2102304,,ARGYMAL2,0,1730243640,1730243640,07:14:00 PM,07:14:00 PM,0
2102313,,ARGYMAL2,0,1730244180,1730244180,07:23:00 PM,07:23:00 PM,0
2102313,,CLARDUN1,0,1730244246,1730244246,07:24:06 PM,07:24:06 PM,0
2102313,,CLARAVA1,0,1730244275,1730244275,07:24:35 PM,07:24:35 PM,0
2102313,,CLARPKH1,0,1730244310,1730244310,07:25:10 PM,07:25:10 PM,0
2102313,,CLARPACI,0,1730244355,1730244355,07:25:55 PM,07:25:55 PM,0
2102313,,CULVCLA4,0,1730244420,1730244420,07:27:00 PM,07:27:00 PM,0
2102313,,CULVCLA2,0,1730244470,1730244470,07:27:50 PM,07:27:50 PM,0
2102313,,CULVCUL4,0,1730244530,1730244530,07:28:50 PM,07:28:50 PM,0
2102313,,CULVCUL2,0,1730244565,1730244565,07:29:25 PM,07:29:25 PM,0
2102313,,CULVTHR2,0,1730244610,1730244610,07:30:10 PM,07:30:10 PM,0
2102313,,THIRCUL1,0,1730244688,1730244688,07:31:28 PM,07:31:28 PM,0
2102313,,THIROXF1,0,1730244737,1730244737,07:32:17 PM,07:32:17 PM,0
2102313,,OXFOSEC2,0,1730244817,1730244817,07:33:37 PM,07:33:37 PM,0
2102313,,FANCOLL5,0,1730244900,1730244900,07:35:00 PM,07:35:00 PM,0
2102313,,OXFOROE2,0,1730244944,1730244944,07:35:44 PM,07:35:44 PM,0
2102313,,OXFOHIG4,,,,,,
2102313,,OXFOHIG2,,,,,,
2102313,,OXFOWIST,,,,,,
2102313,,OXFOOAKS,0,1730245079,1730245079,07:37:59 PM,07:37:59 PM,0
2102313,,OXFOCLE2,0,1730245123,1730245123,07:38:43 PM,07:38:43 PM,0
2102313,,OXFOLYMA,0,1730245166,1730245166,07:39:26 PM,07:39:26 PM,0
2102313,,OXFOSTUA,0,1730245196,1730245196,07:39:56 PM,07:39:56 PM,0
2102313,,OXFOQUE2,0,1730245236,1730245236,07:40:36 PM,07:40:36 PM,0
2102313,,OXFOSTE2,0,1730245266,1730245266,07:41:06 PM,07:41:06 PM,0
2102313,,OXFOGAM2,0,1730245289,1730245289,07:41:29 PM,07:41:29 PM,0
2102313,,OXFOELL2,0,1730245343,1730245343,07:42:23 PM,07:42:23 PM,0
2102313,,OXFOELI2,0,1730245383,1730245383,07:43:03 PM,07:43:03 PM,0
2102313,,OXFOADE2,0,1730245440,1730245440,07:44:00 PM,07:44:00 PM,0
2102313,,OXFOWIL2,0,1730245477,1730245477,07:44:37 PM,07:44:37 PM,0
2102313,,OXFOMAI2,0,1730245518,1730245518,07:45:18 PM,07:45:18 PM,0
2102313,,OXFOCOL2,0,1730245552,1730245552,07:45:52 PM,07:45:52 PM,0
2102313,,OXFOWAT2,0,1730245590,1730245590,07:46:30 PM,07:46:30 PM,0
2102313,,OXFOWEL2,0,1730245635,1730245635,07:47:15 PM,07:47:15 PM,0
2102313,,OXFORIC2,0,1730245680,1730245680,07:48:00 PM,07:48:00 PM,0
2102313,,OXFOGEO2,0,1730245714,1730245714,07:48:34 PM,07:48:34 PM,0
2102313,,OXFOTAL2,0,1730245744,1730245744,07:49:04 PM,07:49:04 PM,0
2102313,,OXFOGRAC,0,1730245825,1730245825,07:50:25 PM,07:50:25 PM,0
2102313,,OXFOWHA2,0,1730245852,1730245852,07:50:52 PM,07:50:52 PM,0
2102313,,OXFOFERN,0,1730245868,1730245868,07:51:08 PM,07:51:08 PM,0
2102313,,OXFORAT2,0,1730245911,1730245911,07:51:51 PM,07:51:51 PM,0
2102313,,OXFOPLAT,0,1730245980,1730245980,07:53:00 PM,07:53:00 PM,0
2102313,,OXFOCHE2,0,1730246028,1730246028,07:53:48 PM,07:53:48 PM,0
2102313,,OXFOBEA4,0,1730246108,1730246108,07:55:08 PM,07:55:08 PM,0
2102313,,OXFOBEA2,,,,,,
2102313,,OXFOPRO2,0,1730246203,1730246203,07:56:43 PM,07:56:43 PM,0
2102313,,OXFOWON2,0,1730246280,1730246280,07:58:00 PM,07:58:00 PM,0
2102313,,OXFOCAP2,0,1730246316,1730246316,07:58:36 PM,07:58:36 PM,0
2102313,,OXFOLAR2,0,1730246378,1730246378,07:59:38 PM,07:59:38 PM,0
2102313,,OXFOGUI2,0,1730246441,1730246441,08:00:41 PM,08:00:41 PM,0
2102313,,OXFOFRE2,0,1730246499,1730246499,08:01:39 PM,08:01:39 PM,0
2102313,,OXFOGUI3,0,1730246546,1730246546,08:02:26 PM,08:02:26 PM,0
2102313,,OXFOFID2,0,1730246582,1730246582,08:03:02 PM,08:03:02 PM,0
2102313,,OXFOHYD2,0,1730246640,1730246640,08:04:00 PM,08:04:00 PM,0
2102313,,OXFOROY2,0,1730246657,1730246657,08:04:17 PM,08:04:17 PM,0
2102313,,OXFOROY4,0,1730246682,1730246682,08:04:42 PM,08:04:42 PM,0
2102313,,OXFOOLH2,0,1730246714,1730246714,08:05:14 PM,08:05:14 PM,0
2102313,,SANISUT2,0,1730246772,1730246772,08:06:12 PM,08:06:12 PM,0
2102313,,SANIPLY2,0,1730246802,1730246802,08:06:42 PM,08:06:42 PM,0
2102313,,SANIRIV2,0,1730246814,1730246814,08:06:54 PM,08:06:54 PM,0
2102313,,HALLCOMM,0,1730246880,1730246880,08:08:00 PM,08:08:00 PM,0
2102313,,HALLCOMM,0,1730247300,1730247300,08:15:00 PM,08:15:00 PM,0
2102313,,COMMSTEP,0,1730247353,1730247353,08:15:53 PM,08:15:53 PM,0
2102313,,GRIFCOMM,0,1730247391,1730247391,08:16:31 PM,08:16:31 PM,0
2102313,,GRIFHEMO,0,1730247428,1730247428,08:17:08 PM,08:17:08 PM,0
2102313,,GRIFNORM,0,1730247476,1730247476,08:17:56 PM,08:17:56 PM,0
2102313,,BYBAGRIF,0,1730247540,1730247540,08:19:00 PM,08:19:00 PM,0
2102257,,BYBAGRIF,0,1730247540,1730247540,08:19:00 PM,08:19:00 PM,0
2102257,,BYBABELV,0,1730247575,1730247575,08:19:35 PM,08:19:35 PM,0
2102257,,BYBABYRO,0,1730247632,1730247632,08:20:32 PM,08:20:32 PM,0
2102257,,BOLEBASE,0,1730247664,1730247664,08:21:04 PM,08:21:04 PM,0
2102257,,BOLEGLEN,0,1730247719,1730247719,08:21:59 PM,08:21:59 PM,0
2102257,,BOLECOM1,0,1730247747,1730247747,08:22:27 PM,08:22:27 PM,0
2102257,,BOLECOM3,0,1730247780,1730247780,08:23:00 PM,08:23:00 PM,0
2102257,,BOLECOM3,0,1730247780,1730247780,08:23:00 PM,08:23:00 PM,0
2102257,,SANIRIV1,0,1730247840,1730247840,08:24:00 PM,08:24:00 PM,0
2102257,,SANIPLY1,0,1730247848,1730247848,08:24:08 PM,08:24:08 PM,0
2102257,,SANISUT1,0,1730247877,1730247877,08:24:37 PM,08:24:37 PM,0
2102257,,OXFOSAN1,0,1730247915,1730247915,08:25:15 PM,08:25:15 PM,0
2102257,,OXFOOLH1,0,1730247933,1730247933,08:25:33 PM,08:25:33 PM,0
2102257,,OXFOROY3,0,1730247966,1730247966,08:26:06 PM,08:26:06 PM,0
2102257,,OXFOROY1,0,1730247991,1730247991,08:26:31 PM,08:26:31 PM,0
2102257,,OXFOHYD1,0,1730248020,1730248020,08:27:00 PM,08:27:00 PM,0
2102257,,OXFOFID1,0,1730248050,1730248050,08:27:30 PM,08:27:30 PM,0
2102257,,OXFOGUI1,0,1730248099,1730248099,08:28:19 PM,08:28:19 PM,0
2102257,,OXFOFRE1,0,1730248138,1730248138,08:28:58 PM,08:28:58 PM,0
2102257,,OXFOJUNI,0,1730248187,1730248187,08:29:47 PM,08:29:47 PM,0
2102257,,OXFOLAR1,0,1730248259,1730248259,08:30:59 PM,08:30:59 PM,0
2102257,,OXFOCAP1,0,1730248315,1730248315,08:31:55 PM,08:31:55 PM,0
2102257,,OXFOWON1,0,1730248380,1730248380,08:33:00 PM,08:33:00 PM,0
2102257,,OXFOPRO1,0,1730248427,1730248427,08:33:47 PM,08:33:47 PM,0
2102257,,OXFOBEA1,0,1730248502,1730248502,08:35:02 PM,08:35:02 PM,0
2102257,,OXFOCHE1,0,1730248545,1730248545,08:35:45 PM,08:35:45 PM,0
2102257,,OXFOCHE3,0,1730248562,1730248562,08:36:02 PM,08:36:02 PM,0
2102257,,OXFOBRI1,0,1730248620,1730248620,08:37:00 PM,08:37:00 PM,0
2102257,,OXFORAT1,0,1730248687,1730248687,08:38:07 PM,08:38:07 PM,0
2102257,,OXFOWHA1,0,1730248760,1730248760,08:39:20 PM,08:39:20 PM,0
2102257,,OXFOANDR,0,1730248787,1730248787,08:39:47 PM,08:39:47 PM,0
2102257,,OXFOTAL1,0,1730248876,1730248876,08:41:16 PM,08:41:16 PM,0
2102257,,OXFOGEO1,0,1730248924,1730248924,08:42:04 PM,08:42:04 PM,0
2102257,,OXFORIC1,0,1730248980,1730248980,08:43:00 PM,08:43:00 PM,0
2102257,,OXFOWEL1,0,1730248999,1730248999,08:43:19 PM,08:43:19 PM,0
2102257,,OXFOWAT1,0,1730249032,1730249032,08:43:52 PM,08:43:52 PM,0
2102257,,OXFOCOL1,0,1730249064,1730249064,08:44:24 PM,08:44:24 PM,0
2102257,,OXFOMAI1,0,1730249104,1730249104,08:45:04 PM,08:45:04 PM,0
2102257,,OXFOWIL1,0,1730249131,1730249131,08:45:31 PM,08:45:31 PM,0
2102257,,OXFOADE1,0,1730249160,1730249160,08:46:00 PM,08:46:00 PM,0
2102257,,OXFOELI1,0,1730249202,1730249202,08:46:42 PM,08:46:42 PM,0
2102257,,OXFOELL1,0,1730249240,1730249240,08:47:20 PM,08:47:20 PM,0
2102257,,OXFOGAM1,0,1730249287,1730249287,08:48:07 PM,08:48:07 PM,0
2102257,,OXFOSTE1,0,1730249323,1730249323,08:48:43 PM,08:48:43 PM,0
2102257,,OXFOQUE1,0,1730249344,1730249344,08:49:04 PM,08:49:04 PM,0
2102257,,OXFOSTRA,0,1730249378,1730249378,08:49:38 PM,08:49:38 PM,0
2102257,,OXFOSPIT,0,1730249419,1730249419,08:50:19 PM,08:50:19 PM,0
2102257,,OXFOCLE1,0,1730249457,1730249457,08:50:57 PM,08:50:57 PM,0
2102257,,OXFOEMPI,0,1730249497,1730249497,08:51:37 PM,08:51:37 PM,0
2102257,,OXFOMORN,,,,,,
2102257,,OXFOHIG1,,,,,,
2102257,,OXFOHIG3,,,,,,
2102257,,FANCOLL1,0,1730249700,1730249700,08:55:00 PM,08:55:00 PM,0
2102257,,OXFOSEC1,0,1730249751,1730249751,08:55:51 PM,08:55:51 PM,0
2102257,,OXFOTHI1,0,1730249799,1730249799,08:56:39 PM,08:56:39 PM,0
2102257,,THIROXF2,0,1730249832,1730249832,08:57:12 PM,08:57:12 PM,0
2102257,,THIROFO2,0,1730249856,1730249856,08:57:36 PM,08:57:36 PM,0
2102257,,THIRCUL2,0,1730249880,1730249880,08:58:00 PM,08:58:00 PM,0
2102257,,CULVTHR1,0,1730249898,1730249898,08:58:18 PM,08:58:18 PM,0
2102257,,CULVCUL1,0,1730249937,1730249937,08:58:57 PM,08:58:57 PM,0
2102257,,CULVCUL3,0,1730249962,1730249962,08:59:22 PM,08:59:22 PM,0
2102257,,CULVCUL5,0,1730250003,1730250003,09:00:03 PM,09:00:03 PM,0
2102257,,CULVCLA1,0,1730250046,1730250046,09:00:46 PM,09:00:46 PM,0
2102257,,CLARCULV,0,1730250086,1730250086,09:01:26 PM,09:01:26 PM,0
2102257,,CLARHERB,0,1730250109,1730250109,09:01:49 PM,09:01:49 PM,0
2102257,,CLARPKH2,0,1730250122,1730250122,09:02:02 PM,09:02:02 PM,0
2102257,,CLARAVA2,0,1730250160,1730250160,09:02:40 PM,09:02:40 PM,0
2102257,,CLARDUN2,0,1730250192,1730250192,09:03:12 PM,09:03:12 PM,0
2102257,,CLARWHI2,0,1730250229,1730250229,09:03:49 PM,09:03:49 PM,0
2102257,,ARGYMAL2,0,1730250300,1730250300,09:05:00 PM,09:05:00 PM,0
2102288,,KAINOXFN,0,1730230260,1730230260,03:31:00 PM,03:31:00 PM,0
2102288,,KAINKIRK,0,1730230325,1730230325,03:32:05 PM,03:32:05 PM,0
2102288,,KAINSUMM,0,1730230340,1730230340,03:32:20 PM,03:32:20 PM,0
2102288,,KAINRIVE,0,1730230398,1730230398,03:33:18 PM,03:33:18 PM,0
2102288,,RIVESHOR,0,1730230486,1730230486,03:34:46 PM,03:34:46 PM,0
2102288,,RIVEOXF1,0,1730230525,1730230525,03:35:25 PM,03:35:25 PM,0
2102288,,OXFORIV1,0,1730230566,1730230566,03:36:06 PM,03:36:06 PM,0
2102288,,COMMCHE1,0,1730230642,1730230642,03:37:22 PM,03:37:22 PM,0
2102288,,COMMCHE2,0,1730230693,1730230693,03:38:13 PM,03:38:13 PM,0
2102288,,COMMGRA2,0,1730230722,1730230722,03:38:42 PM,03:38:42 PM,0
2102288,,COMMREYN,0,1730230756,1730230756,03:39:16 PM,03:39:16 PM,0
2102288,,COMMSTE1,0,1730230795,1730230795,03:39:55 PM,03:39:55 PM,0
2102288,,COMMHAL2,0,1730230830,1730230830,03:40:30 PM,03:40:30 PM,0
2102288,,BOLECOM3,0,1730230860,1730230860,03:41:00 PM,03:41:00 PM,0
2102288,,BOLECOM3,0,1730230860,1730230860,03:41:00 PM,03:41:00 PM,0
2102288,,RIVESAN1,0,1730230931,1730230931,03:42:11 PM,03:42:11 PM,0
2102288,,RIVEHAR3,0,1730230961,1730230961,03:42:41 PM,03:42:41 PM,0
2102288,,RIVEANT1,0,1730230985,1730230985,03:43:05 PM,03:43:05 PM,0
2102288,,RIVEHAR1,0,1730231030,1730231030,03:43:50 PM,03:43:50 PM,0
2102288,,HYDERIVE,0,1730231078,1730231078,03:44:38 PM,03:44:38 PM,0
2102288,,HYDEVALE,0,1730231129,1730231129,03:45:29 PM,03:45:29 PM,0
2102288,,HYDEFIG1,0,1730231165,1730231165,03:46:05 PM,03:46:05 PM,0
2102288,,HYDEOXF1,0,1730231220,1730231220,03:47:00 PM,03:47:00 PM,0
2102288,,OXFOFID1,0,1730231271,1730231271,03:47:51 PM,03:47:51 PM,0
2102288,,OXFOGUI1,0,1730231335,1730231335,03:48:55 PM,03:48:55 PM,0
2102288,,OXFOFRE1,0,1730231385,1730231385,03:49:45 PM,03:49:45 PM,0
2102288,,OXFOJUNI,0,1730231449,1730231449,03:50:49 PM,03:50:49 PM,0
2102288,,OXFOLAR1,0,1730231543,1730231543,03:52:23 PM,03:52:23 PM,0
2102288,,OXFOCAP1,0,1730231616,1730231616,03:53:36 PM,03:53:36 PM,0
2102288,,OXFOWON1,0,1730231700,1730231700,03:55:00 PM,03:55:00 PM,0
2102288,,OXFOPRO1,0,1730231747,1730231747,03:55:47 PM,03:55:47 PM,0
2102288,,OXFOBEA1,0,1730231822,1730231822,03:57:02 PM,03:57:02 PM,0
2102288,,OXFOCHE1,0,1730231865,1730231865,03:57:45 PM,03:57:45 PM,0
2102288,,OXFOCHE3,0,1730231882,1730231882,03:58:02 PM,03:58:02 PM,0
2102288,,OXFOBRI1,0,1730231940,1730231940,03:59:00 PM,03:59:00 PM,0
2102288,,OXFORAT1,0,1730232019,1730232019,04:00:19 PM,04:00:19 PM,0
2102288,,OXFOWHA1,0,1730232104,1730232104,04:01:44 PM,04:01:44 PM,0
2102288,,OXFOANDR,0,1730232136,1730232136,04:02:16 PM,04:02:16 PM,0
2102288,,OXFOTAL1,0,1730232240,1730232240,04:04:00 PM,04:04:00 PM,0
2102288,,OXFOGEO1,0,1730232296,1730232296,04:04:56 PM,04:04:56 PM,0
2102288,,OXFORIC1,0,1730232360,1730232360,04:06:00 PM,04:06:00 PM,0
2102288,,OXFOWEL1,0,1730232385,1730232385,04:06:25 PM,04:06:25 PM,0
2102288,,OXFOWAT1,0,1730232429,1730232429,04:07:09 PM,04:07:09 PM,0
2102288,,OXFOCOL1,0,1730232472,1730232472,04:07:52 PM,04:07:52 PM,0
2102288,,OXFOMAI1,0,1730232525,1730232525,04:08:45 PM,04:08:45 PM,0
2102288,,OXFOWIL1,0,1730232561,1730232561,04:09:21 PM,04:09:21 PM,0
2102288,,OXFOADE1,0,1730232600,1730232600,04:10:00 PM,04:10:00 PM,0
2102288,,OXFOELI1,0,1730232649,1730232649,04:10:49 PM,04:10:49 PM,0
2102288,,OXFOELL1,0,1730232692,1730232692,04:11:32 PM,04:11:32 PM,0
2102288,,OXFOGAM1,0,1730232746,1730232746,04:12:26 PM,04:12:26 PM,0
2102288,,OXFOSTE1,0,1730232787,1730232787,04:13:07 PM,04:13:07 PM,0
2102288,,OXFOQUE1,0,1730232811,1730232811,04:13:31 PM,04:13:31 PM,0
2102288,,OXFOSTRA,0,1730232850,1730232850,04:14:10 PM,04:14:10 PM,0
2102288,,OXFOSPIT,0,1730232897,1730232897,04:14:57 PM,04:14:57 PM,0
2102288,,OXFOCLE1,0,1730232940,1730232940,04:15:40 PM,04:15:40 PM,0
2102288,,OXFOEMPI,0,1730232986,1730232986,04:16:26 PM,04:16:26 PM,0
2102288,,OXFOMORN,,,,,,
2102288,,OXFOHIG1,,,,,,
2102288,,OXFOHIG3,,,,,,
2102288,,FANCOLL1,0,1730233200,1730233200,04:20:00 PM,04:20:00 PM,0
2102288,,OXFOSEC1,0,1730233272,1730233272,04:21:12 PM,04:21:12 PM,0
2102288,,OXFOTHI1,0,1730233335,1730233335,04:22:15 PM,04:22:15 PM,0
2102288,,THIROXF2,0,1730233378,1730233378,04:22:58 PM,04:22:58 PM,0
2102288,,THIROFO2,0,1730233409,1730233409,04:23:29 PM,04:23:29 PM,0
2102288,,THIRCUL2,0,1730233440,1730233440,04:24:00 PM,04:24:00 PM,0
2102288,,CULVTHR1,0,1730233463,1730233463,04:24:23 PM,04:24:23 PM,0
2102288,,CULVCUL1,0,1730233513,1730233513,04:25:13 PM,04:25:13 PM,0
2102288,,CULVCUL3,0,1730233546,1730233546,04:25:46 PM,04:25:46 PM,0
2102288,,CULVCUL5,0,1730233599,1730233599,04:26:39 PM,04:26:39 PM,0
2102288,,CULVCLA1,0,1730233654,1730233654,04:27:34 PM,04:27:34 PM,0
2102288,,CLARCULV,0,1730233706,1730233706,04:28:26 PM,04:28:26 PM,0
2102288,,CLARHERB,0,1730233735,1730233735,04:28:55 PM,04:28:55 PM,0
2102288,,CLARPKH2,0,1730233752,1730233752,04:29:12 PM,04:29:12 PM,0
2102288,,CLARAVA2,0,1730233800,1730233800,04:30:00 PM,04:30:00 PM,0
2102288,,CLARDUN2,0,1730233841,1730233841,04:30:41 PM,04:30:41 PM,0
2102288,,CLARWHI2,0,1730233889,1730233889,04:31:29 PM,04:31:29 PM,0
2102288,,ARGYMAL2,0,1730233980,1730233980,04:33:00 PM,04:33:00 PM,0
2102353,,ARGYMAL2,0,1730234760,1730234760,04:46:00 PM,04:46:00 PM,0
2102353,,CLARDUN1,0,1730234826,1730234826,04:47:06 PM,04:47:06 PM,0
2102353,,CLARAVA1,0,1730234855,1730234855,04:47:35 PM,04:47:35 PM,0
2102353,,CLARPKH1,0,1730234890,1730234890,04:48:10 PM,04:48:10 PM,0
2102353,,CLARPACI,0,1730234935,1730234935,04:48:55 PM,04:48:55 PM,0
2102353,,CULVCLA4,0,1730235000,1730235000,04:50:00 PM,04:50:00 PM,0
2102353,,CULVCLA2,0,1730235050,1730235050,04:50:50 PM,04:50:50 PM,0
2102353,,CULVCUL4,0,1730235110,1730235110,04:51:50 PM,04:51:50 PM,0
2102353,,CULVCUL2,0,1730235145,1730235145,04:52:25 PM,04:52:25 PM,0
2102353,,CULVTHR2,0,1730235190,1730235190,04:53:10 PM,04:53:10 PM,0
2102353,,THIRCUL1,0,1730235268,1730235268,04:54:28 PM,04:54:28 PM,0
2102353,,THIROXF1,0,1730235317,1730235317,04:55:17 PM,04:55:17 PM,0
2102353,,OXFOSEC2,0,1730235397,1730235397,04:56:37 PM,04:56:37 PM,0
2102353,,FANCOLL5,0,1730235480,1730235480,04:58:00 PM,04:58:00 PM,0
2102353,,OXFOROE2,0,1730235524,1730235524,04:58:44 PM,04:58:44 PM,0
2102353,,OXFOHIG4,,,,,,
2102353,,OXFOHIG2,,,,,,
2102353,,OXFOWIST,,,,,,
2102353,,OXFOOAKS,0,1730235668,1730235668,05:01:08 PM,05:01:08 PM,0
2102353,,OXFOCLE2,0,1730235718,1730235718,05:01:58 PM,05:01:58 PM,0
2102353,,OXFOLYMA,0,1730235767,1730235767,05:02:47 PM,05:02:47 PM,0
2102353,,OXFOSTUA,0,1730235801,1730235801,05:03:21 PM,05:03:21 PM,0
2102353,,OXFOQUE2,0,1730235847,1730235847,05:04:07 PM,05:04:07 PM,0
2102353,,OXFOSTE2,0,1730235881,1730235881,05:04:41 PM,05:04:41 PM,0
2102353,,OXFOGAM2,0,1730235907,1730235907,05:05:07 PM,05:05:07 PM,0
2102353,,OXFOELL2,0,1730235969,1730235969,05:06:09 PM,05:06:09 PM,0
2102353,,OXFOELI2,0,1730236015,1730236015,05:06:55 PM,05:06:55 PM,0
2102353,,OXFOADE2,0,1730236080,1730236080,05:08:00 PM,05:08:00 PM,0
2102353,,OXFOWIL2,0,1730236126,1730236126,05:08:46 PM,05:08:46 PM,0
2102353,,OXFOMAI2,0,1730236178,1730236178,05:09:38 PM,05:09:38 PM,0
2102353,,OXFOCOL2,0,1730236220,1730236220,05:10:20 PM,05:10:20 PM,0
2102353,,OXFOWAT2,0,1730236267,1730236267,05:11:07 PM,05:11:07 PM,0
2102353,,OXFOWEL2,0,1730236323,1730236323,05:12:03 PM,05:12:03 PM,0
2102353,,OXFORIC2,0,1730236380,1730236380,05:13:00 PM,05:13:00 PM,0
2102353,,OXFOGEO2,0,1730236442,1730236442,05:14:02 PM,05:14:02 PM,0
2102353,,OXFOTAL2,0,1730236496,1730236496,05:14:56 PM,05:14:56 PM,0
2102353,,OXFOGRAC,0,1730236643,1730236643,05:17:23 PM,05:17:23 PM,0
2102353,,OXFOWHA2,0,1730236692,1730236692,05:18:12 PM,05:18:12 PM,0
2102353,,OXFOFERN,0,1730236720,1730236720,05:18:40 PM,05:18:40 PM,0
2102353,,OXFORAT2,0,1730236799,1730236799,05:19:59 PM,05:19:59 PM,0
2102353,,OXFOPLAT,0,1730236920,1730236920,05:22:00 PM,05:22:00 PM,0
2102353,,OXFOCHE2,0,1730236968,1730236968,05:22:48 PM,05:22:48 PM,0
2102353,,OXFOBEA4,0,1730237048,1730237048,05:24:08 PM,05:24:08 PM,0
2102353,,OXFOBEA2,,,,,,
2102353,,OXFOPRO2,0,1730237143,1730237143,05:25:43 PM,05:25:43 PM,0
2102353,,OXFOWON2,0,1730237220,1730237220,05:27:00 PM,05:27:00 PM,0
2102353,,OXFOCAP2,0,1730237262,1730237262,05:27:42 PM,05:27:42 PM,0
2102353,,OXFOLAR2,0,1730237335,1730237335,05:28:55 PM,05:28:55 PM,0
2102353,,OXFOGUI2,0,1730237408,1730237408,05:30:08 PM,05:30:08 PM,0
2102353,,OXFOFRE2,0,1730237475,1730237475,05:31:15 PM,05:31:15 PM,0
2102353,,OXFOGUI3,0,1730237530,1730237530,05:32:10 PM,05:32:10 PM,0
2102353,,OXFOFID2,0,1730237572,1730237572,05:32:52 PM,05:32:52 PM,0
2102353,,OXFOHYD2,0,1730237640,1730237640,05:34:00 PM,05:34:00 PM,0
2102353,,OXFOROY2,0,1730237666,1730237666,05:34:26 PM,05:34:26 PM,0
2102353,,OXFOROY4,0,1730237704,1730237704,05:35:04 PM,05:35:04 PM,0
2102353,,OXFOOLH2,0,1730237752,1730237752,05:35:52 PM,05:35:52 PM,0
2102353,,SANISUT2,0,1730237839,1730237839,05:37:19 PM,05:37:19 PM,0
2102353,,SANIPLY2,0,1730237884,1730237884,05:38:04 PM,05:38:04 PM,0
2102353,,SANIRIV2,0,1730237903,1730237903,05:38:23 PM,05:38:23 PM,0
2102353,,HALLCOMM,0,1730238000,1730238000,05:40:00 PM,05:40:00 PM,0
2102353,,HALLCOMM,0,1730238600,1730238600,05:50:00 PM,05:50:00 PM,0
2102353,,COMMSTEP,0,1730238653,1730238653,05:50:53 PM,05:50:53 PM,0
2102353,,GRIFCOMM,0,1730238691,1730238691,05:51:31 PM,05:51:31 PM,0
2102353,,GRIFHEMO,0,1730238728,1730238728,05:52:08 PM,05:52:08 PM,0
2102353,,GRIFNORM,0,1730238776,1730238776,05:52:56 PM,05:52:56 PM,0
2102353,,BYBAGRIF,0,1730238840,1730238840,05:54:00 PM,05:54:00 PM,0
2102295,,BYBAGRIF,0,1730238840,1730238840,05:54:00 PM,05:54:00 PM,0
2102295,,BYBABELV,0,1730238884,1730238884,05:54:44 PM,05:54:44 PM,0
2102295,,BYBABYRO,0,1730238956,1730238956,05:55:56 PM,05:55:56 PM,0
2102295,,BOLEBASE,0,1730238997,1730238997,05:56:37 PM,05:56:37 PM,0
2102295,,BOLEGLEN,0,1730239065,1730239065,05:57:45 PM,05:57:45 PM,0
2102295,,BOLECOM1,0,1730239100,1730239100,05:58:20 PM,05:58:20 PM,0
2102295,,BOLECOM3,0,1730239140,1730239140,05:59:00 PM,05:59:00 PM,0
2102295,,BOLECOM3,0,1730239620,1730239620,06:07:00 PM,06:07:00 PM,0
2102295,,SANIRIV1,0,1730239711,1730239711,06:08:31 PM,06:08:31 PM,0
2102295,,SANIPLY1,0,1730239724,1730239724,06:08:44 PM,06:08:44 PM,0
2102295,,SANISUT1,0,1730239767,1730239767,06:09:27 PM,06:09:27 PM,0
2102295,,OXFOSAN1,0,1730239825,1730239825,06:10:25 PM,06:10:25 PM,0
2102295,,OXFOOLH1,0,1730239852,1730239852,06:10:52 PM,06:10:52 PM,0
2102295,,OXFOROY3,0,1730239902,1730239902,06:11:42 PM,06:11:42 PM,0
2102295,,OXFOROY1,0,1730239940,1730239940,06:12:20 PM,06:12:20 PM,0
2102295,,OXFOHYD1,0,1730239980,1730239980,06:13:00 PM,06:13:00 PM,0
2102295,,OXFOFID1,0,1730240010,1730240010,06:13:30 PM,06:13:30 PM,0
2102295,,OXFOGUI1,0,1730240059,1730240059,06:14:19 PM,06:14:19 PM,0
2102295,,OXFOFRE1,0,1730240098,1730240098,06:14:58 PM,06:14:58 PM,0
2102295,,OXFOJUNI,0,1730240147,1730240147,06:15:47 PM,06:15:47 PM,0
2102295,,OXFOLAR1,0,1730240219,1730240219,06:16:59 PM,06:16:59 PM,0
2102295,,OXFOCAP1,0,1730240275,1730240275,06:17:55 PM,06:17:55 PM,0
2102295,,OXFOWON1,0,1730240340,1730240340,06:19:00 PM,06:19:00 PM,0
2102295,,OXFOPRO1,0,1730240387,1730240387,06:19:47 PM,06:19:47 PM,0
2102295,,OXFOBEA1,0,1730240462,1730240462,06:21:02 PM,06:21:02 PM,0
2102295,,OXFOCHE1,0,1730240505,1730240505,06:21:45 PM,06:21:45 PM,0
2102295,,OXFOCHE3,0,1730240522,1730240522,06:22:02 PM,06:22:02 PM,0
2102295,,OXFOBRI1,0,1730240580,1730240580,06:23:00 PM,06:23:00 PM,0
2102295,,OXFORAT1,0,1730240647,1730240647,06:24:07 PM,06:24:07 PM,0
2102295,,OXFOWHA1,0,1730240720,1730240720,06:25:20 PM,06:25:20 PM,0
2102295,,OXFOANDR,0,1730240747,1730240747,06:25:47 PM,06:25:47 PM,0
2102295,,OXFOTAL1,0,1730240836,1730240836,06:27:16 PM,06:27:16 PM,0
2102295,,OXFOGEO1,0,1730240884,1730240884,06:28:04 PM,06:28:04 PM,0
2102295,,OXFORIC1,0,1730240940,1730240940,06:29:00 PM,06:29:00 PM,0
2102295,,OXFOWEL1,0,1730240959,1730240959,06:29:19 PM,06:29:19 PM,0
2102295,,OXFOWAT1,0,1730240992,1730240992,06:29:52 PM,06:29:52 PM,0
2102295,,OXFOCOL1,0,1730241024,1730241024,06:30:24 PM,06:30:24 PM,0
2102295,,OXFOMAI1,0,1730241064,1730241064,06:31:04 PM,06:31:04 PM,0
2102295,,OXFOWIL1,0,1730241091,1730241091,06:31:31 PM,06:31:31 PM,0
2102295,,OXFOADE1,0,1730241120,1730241120,06:32:00 PM,06:32:00 PM,0
2102295,,OXFOELI1,0,1730241162,1730241162,06:32:42 PM,06:32:42 PM,0
2102295,,OXFOELL1,0,1730241200,1730241200,06:33:20 PM,06:33:20 PM,0
2102295,,OXFOGAM1,0,1730241247,1730241247,06:34:07 PM,06:34:07 PM,0
2102295,,OXFOSTE1,0,1730241283,1730241283,06:34:43 PM,06:34:43 PM,0
2102295,,OXFOQUE1,0,1730241304,1730241304,06:35:04 PM,06:35:04 PM,0
2102295,,OXFOSTRA,0,1730241338,1730241338,06:35:38 PM,06:35:38 PM,0
2102295,,OXFOSPIT,0,1730241379,1730241379,06:36:19 PM,06:36:19 PM,0
2102295,,OXFOCLE1,0,1730241417,1730241417,06:36:57 PM,06:36:57 PM,0
2102295,,OXFOEMPI,0,1730241457,1730241457,06:37:37 PM,06:37:37 PM,0
2102295,,OXFOMORN,,,,,,
2102295,,OXFOHIG1,,,,,,
2102295,,OXFOHIG3,,,,,,
2102295,,FANCOLL1,0,1730241660,1730241660,06:41:00 PM,06:41:00 PM,0
2102295,,OXFOSEC1,0,1730241711,1730241711,06:41:51 PM,06:41:51 PM,0
2102295,,OXFOTHI1,0,1730241759,1730241759,06:42:39 PM,06:42:39 PM,0
2102295,,THIROXF2,0,1730241792,1730241792,06:43:12 PM,06:43:12 PM,0
2102295,,THIROFO2,0,1730241816,1730241816,06:43:36 PM,06:43:36 PM,0
2102295,,THIRCUL2,0,1730241840,1730241840,06:44:00 PM,06:44:00 PM,0
2102295,,CULVTHR1,0,1730241858,1730241858,06:44:18 PM,06:44:18 PM,0
2102295,,CULVCUL1,0,1730241897,1730241897,06:44:57 PM,06:44:57 PM,0
2102295,,CULVCUL3,0,1730241922,1730241922,06:45:22 PM,06:45:22 PM,0
2102295,,CULVCUL5,0,1730241963,1730241963,06:46:03 PM,06:46:03 PM,0
2102295,,CULVCLA1,0,1730242006,1730242006,06:46:46 PM,06:46:46 PM,0
2102295,,CLARCULV,0,1730242046,1730242046,06:47:26 PM,06:47:26 PM,0
2102295,,CLARHERB,0,1730242069,1730242069,06:47:49 PM,06:47:49 PM,0
2102295,,CLARPKH2,0,1730242082,1730242082,06:48:02 PM,06:48:02 PM,0
2102295,,CLARAVA2,0,1730242120,1730242120,06:48:40 PM,06:48:40 PM,0
2102295,,CLARDUN2,0,1730242152,1730242152,06:49:12 PM,06:49:12 PM,0
2102295,,CLARWHI2,0,1730242189,1730242189,06:49:49 PM,06:49:49 PM,0
2102295,,ARGYMAL2,0,1730242260,1730242260,06:51:00 PM,06:51:00 PM,0
2102314,,ARGYMAL2,0,1730243040,1730243040,07:04:00 PM,07:04:00 PM,0
2102314,,CLARDUN1,0,1730243106,1730243106,07:05:06 PM,07:05:06 PM,0
2102314,,CLARAVA1,0,1730243135,1730243135,07:05:35 PM,07:05:35 PM,0
2102314,,CLARPKH1,0,1730243170,1730243170,07:06:10 PM,07:06:10 PM,0
2102314,,CLARPACI,0,1730243215,1730243215,07:06:55 PM,07:06:55 PM,0
2102314,,CULVCLA4,0,1730243280,1730243280,07:08:00 PM,07:08:00 PM,0
2102314,,CULVCLA2,0,1730243330,1730243330,07:08:50 PM,07:08:50 PM,0
2102314,,CULVCUL4,0,1730243390,1730243390,07:09:50 PM,07:09:50 PM,0
2102314,,CULVCUL2,0,1730243425,1730243425,07:10:25 PM,07:10:25 PM,0
2102314,,CULVTHR2,0,1730243470,1730243470,07:11:10 PM,07:11:10 PM,0
2102314,,THIRCUL1,0,1730243548,1730243548,07:12:28 PM,07:12:28 PM,0
2102314,,THIROXF1,0,1730243597,1730243597,07:13:17 PM,07:13:17 PM,0
2102314,,OXFOSEC2,0,1730243677,1730243677,07:14:37 PM,07:14:37 PM,0
2102314,,FANCOLL5,0,1730243760,1730243760,07:16:00 PM,07:16:00 PM,0
2102314,,OXFOROE2,0,1730243804,1730243804,07:16:44 PM,07:16:44 PM,0
2102314,,OXFOHIG4,,,,,,
2102314,,OXFOHIG2,,,,,,
2102314,,OXFOWIST,,,,,,
2102314,,OXFOOAKS,0,1730243939,1730243939,07:18:59 PM,07:18:59 PM,0
2102314,,OXFOCLE2,0,1730243983,1730243983,07:19:43 PM,07:19:43 PM,0
2102314,,OXFOLYMA,0,1730244026,1730244026,07:20:26 PM,07:20:26 PM,0
2102314,,OXFOSTUA,0,1730244056,1730244056,07:20:56 PM,07:20:56 PM,0
2102314,,OXFOQUE2,0,1730244096,1730244096,07:21:36 PM,07:21:36 PM,0
2102314,,OXFOSTE2,0,1730244126,1730244126,07:22:06 PM,07:22:06 PM,0
2102314,,OXFOGAM2,0,1730244149,1730244149,07:22:29 PM,07:22:29 PM,0
2102314,,OXFOELL2,0,1730244203,1730244203,07:23:23 PM,07:23:23 PM,0
2102314,,OXFOELI2,0,1730244243,1730244243,07:24:03 PM,07:24:03 PM,0
2102314,,OXFOADE2,0,1730244300,1730244300,07:25:00 PM,07:25:00 PM,0
2102314,,OXFOWIL2,0,1730244337,1730244337,07:25:37 PM,07:25:37 PM,0
2102314,,OXFOMAI2,0,1730244378,1730244378,07:26:18 PM,07:26:18 PM,0
2102314,,OXFOCOL2,0,1730244412,1730244412,07:26:52 PM,07:26:52 PM,0
2102314,,OXFOWAT2,0,1730244450,1730244450,07:27:30 PM,07:27:30 PM,0
2102314,,OXFOWEL2,0,1730244495,1730244495,07:28:15 PM,07:28:15 PM,0
2102314,,OXFORIC2,0,1730244540,1730244540,07:29:00 PM,07:29:00 PM,0
2102314,,OXFOGEO2,0,1730244574,1730244574,07:29:34 PM,07:29:34 PM,0
2102314,,OXFOTAL2,0,1730244604,1730244604,07:30:04 PM,07:30:04 PM,0
2102314,,OXFOGRAC,0,1730244685,1730244685,07:31:25 PM,07:31:25 PM,0
2102314,,OXFOWHA2,0,1730244712,1730244712,07:31:52 PM,07:31:52 PM,0
2102314,,OXFOFERN,0,1730244728,1730244728,07:32:08 PM,07:32:08 PM,0
2102314,,OXFORAT2,0,1730244771,1730244771,07:32:51 PM,07:32:51 PM,0
2102314,,OXFOPLAT,0,1730244840,1730244840,07:34:00 PM,07:34:00 PM,0
2102314,,OXFOCHE2,0,1730244888,1730244888,07:34:48 PM,07:34:48 PM,0
2102314,,OXFOBEA4,0,1730244968,1730244968,07:36:08 PM,07:36:08 PM,0
2102314,,OXFOBEA2,,,,,,
2102314,,OXFOPRO2,0,1730245063,1730245063,07:37:43 PM,07:37:43 PM,0
2102314,,OXFOWON2,0,1730245140,1730245140,07:39:00 PM,07:39:00 PM,0
2102314,,OXFOCAP2,0,1730245176,1730245176,07:39:36 PM,07:39:36 PM,0
2102314,,OXFOLAR2,0,1730245238,1730245238,07:40:38 PM,07:40:38 PM,0
2102314,,OXFOGUI2,0,1730245301,1730245301,07:41:41 PM,07:41:41 PM,0
2102314,,OXFOFRE2,0,1730245359,1730245359,07:42:39 PM,07:42:39 PM,0
2102314,,OXFOGUI3,0,1730245406,1730245406,07:43:26 PM,07:43:26 PM,0
2102314,,OXFOFID2,0,1730245442,1730245442,07:44:02 PM,07:44:02 PM,0
2102314,,OXFOHYD2,0,1730245500,1730245500,07:45:00 PM,07:45:00 PM,0
2102314,,OXFOROY2,0,1730245517,1730245517,07:45:17 PM,07:45:17 PM,0
2102314,,OXFOROY4,0,1730245542,1730245542,07:45:42 PM,07:45:42 PM,0
2102314,,OXFOOLH2,0,1730245574,1730245574,07:46:14 PM,07:46:14 PM,0
2102314,,SANISUT2,0,1730245632,1730245632,07:47:12 PM,07:47:12 PM,0
2102314,,SANIPLY2,0,1730245662,1730245662,07:47:42 PM,07:47:42 PM,0
2102314,,SANIRIV2,0,1730245674,1730245674,07:47:54 PM,07:47:54 PM,0
2102314,,HALLCOMM,0,1730245740,1730245740,07:49:00 PM,07:49:00 PM,0
2102314,,HALLCOMM,0,1730246160,1730246160,07:56:00 PM,07:56:00 PM,0
2102314,,COMMSTEP,0,1730246213,1730246213,07:56:53 PM,07:56:53 PM,0
2102314,,GRIFCOMM,0,1730246251,1730246251,07:57:31 PM,07:57:31 PM,0
2102314,,GRIFHEMO,0,1730246288,1730246288,07:58:08 PM,07:58:08 PM,0
2102314,,GRIFNORM,0,1730246336,1730246336,07:58:56 PM,07:58:56 PM,0
2102314,,BYBAGRIF,0,1730246400,1730246400,08:00:00 PM,08:00:00 PM,0
2102258,,BYBAGRIF,0,1730246400,1730246400,08:00:00 PM,08:00:00 PM,0
2102258,,BYBABELV,0,1730246435,1730246435,08:00:35 PM,08:00:35 PM,0
2102258,,BYBABYRO,0,1730246492,1730246492,08:01:32 PM,08:01:32 PM,0
2102258,,BOLEBASE,0,1730246524,1730246524,08:02:04 PM,08:02:04 PM,0
2102258,,BOLEGLEN,0,1730246579,1730246579,08:02:59 PM,08:02:59 PM,0
2102258,,BOLECOM1,0,1730246607,1730246607,08:03:27 PM,08:03:27 PM,0
2102258,,BOLECOM3,0,1730246640,1730246640,08:04:00 PM,08:04:00 PM,0
2102258,,BOLECOM3,0,1730246640,1730246640,08:04:00 PM,08:04:00 PM,0
2102258,,SANIRIV1,0,1730246700,1730246700,08:05:00 PM,08:05:00 PM,0
2102258,,SANIPLY1,0,1730246708,1730246708,08:05:08 PM,08:05:08 PM,0
2102258,,SANISUT1,0,1730246737,1730246737,08:05:37 PM,08:05:37 PM,0
2102258,,OXFOSAN1,0,1730246775,1730246775,08:06:15 PM,08:06:15 PM,0
2102258,,OXFOOLH1,0,1730246793,1730246793,08:06:33 PM,08:06:33 PM,0
2102258,,OXFOROY3,0,1730246826,1730246826,08:07:06 PM,08:07:06 PM,0
2102258,,OXFOROY1,0,1730246851,1730246851,08:07:31 PM,08:07:31 PM,0
2102258,,OXFOHYD1,0,1730246880,1730246880,08:08:00 PM,08:08:00 PM,0
2102258,,OXFOFID1,0,1730246910,1730246910,08:08:30 PM,08:08:30 PM,0
2102258,,OXFOGUI1,0,1730246959,1730246959,08:09:19 PM,08:09:19 PM,0
2102258,,OXFOFRE1,0,1730246998,1730246998,08:09:58 PM,08:09:58 PM,0
2102258,,OXFOJUNI,0,1730247047,1730247047,08:10:47 PM,08:10:47 PM,0
2102258,,OXFOLAR1,0,1730247119,1730247119,08:11:59 PM,08:11:59 PM,0
2102258,,OXFOCAP1,0,1730247175,1730247175,08:12:55 PM,08:12:55 PM,0
2102258,,OXFOWON1,0,1730247240,1730247240,08:14:00 PM,08:14:00 PM,0
2102258,,OXFOPRO1,0,1730247287,1730247287,08:14:47 PM,08:14:47 PM,0
2102258,,OXFOBEA1,0,1730247362,1730247362,08:16:02 PM,08:16:02 PM,0
2102258,,OXFOCHE1,0,1730247405,1730247405,08:16:45 PM,08:16:45 PM,0
2102258,,OXFOCHE3,0,1730247422,1730247422,08:17:02 PM,08:17:02 PM,0
2102258,,OXFOBRI1,0,1730247480,1730247480,08:18:00 PM,08:18:00 PM,0
2102258,,OXFORAT1,0,1730247547,1730247547,08:19:07 PM,08:19:07 PM,0
2102258,,OXFOWHA1,0,1730247620,1730247620,08:20:20 PM,08:20:20 PM,0
2102258,,OXFOANDR,0,1730247647,1730247647,08:20:47 PM,08:20:47 PM,0
2102258,,OXFOTAL1,0,1730247736,1730247736,08:22:16 PM,08:22:16 PM,0
2102258,,OXFOGEO1,0,1730247784,1730247784,08:23:04 PM,08:23:04 PM,0
2102258,,OXFORIC1,0,1730247840,1730247840,08:24:00 PM,08:24:00 PM,0
2102258,,OXFOWEL1,0,1730247859,1730247859,08:24:19 PM,08:24:19 PM,0
2102258,,OXFOWAT1,0,1730247892,1730247892,08:24:52 PM,08:24:52 PM,0
2102258,,OXFOCOL1,0,1730247924,1730247924,08:25:24 PM,08:25:24 PM,0
2102258,,OXFOMAI1,0,1730247964,1730247964,08:26:04 PM,08:26:04 PM,0
2102258,,OXFOWIL1,0,1730247991,1730247991,08:26:31 PM,08:26:31 PM,0
2102258,,OXFOADE1,0,1730248020,1730248020,08:27:00 PM,08:27:00 PM,0
2102258,,OXFOELI1,0,1730248062,1730248062,08:27:42 PM,08:27:42 PM,0
2102258,,OXFOELL1,0,1730248100,1730248100,08:28:20 PM,08:28:20 PM,0
2102258,,OXFOGAM1,0,1730248147,1730248147,08:29:07 PM,08:29:07 PM,0
2102258,,OXFOSTE1,0,1730248183,1730248183,08:29:43 PM,08:29:43 PM,0
2102258,,OXFOQUE1,0,1730248204,1730248204,08:30:04 PM,08:30:04 PM,0
2102258,,OXFOSTRA,0,1730248238,1730248238,08:30:38 PM,08:30:38 PM,0
2102258,,OXFOSPIT,0,1730248279,1730248279,08:31:19 PM,08:31:19 PM,0
2102258,,OXFOCLE1,0,1730248317,1730248317,08:31:57 PM,08:31:57 PM,0
2102258,,OXFOEMPI,0,1730248357,1730248357,08:32:37 PM,08:32:37 PM,0
2102258,,OXFOMORN,,,,,,
2102258,,OXFOHIG1,,,,,,
2102258,,OXFOHIG3,,,,,,
2102258,,FANCOLL1,0,1730248560,1730248560,08:36:00 PM,08:36:00 PM,0
2102258,,OXFOSEC1,0,1730248611,1730248611,08:36:51 PM,08:36:51 PM,0
2102258,,OXFOTHI1,0,1730248659,1730248659,08:37:39 PM,08:37:39 PM,0
2102258,,THIROXF2,0,1730248692,1730248692,08:38:12 PM,08:38:12 PM,0
2102258,,THIROFO2,0,1730248716,1730248716,08:38:36 PM,08:38:36 PM,0
2102258,,THIRCUL2,0,1730248740,1730248740,08:39:00 PM,08:39:00 PM,0
2102258,,CULVTHR1,0,1730248758,1730248758,08:39:18 PM,08:39:18 PM,0
2102258,,CULVCUL1,0,1730248797,1730248797,08:39:57 PM,08:39:57 PM,0
2102258,,CULVCUL3,0,1730248822,1730248822,08:40:22 PM,08:40:22 PM,0
2102258,,CULVCUL5,0,1730248863,1730248863,08:41:03 PM,08:41:03 PM,0
2102258,,CULVCLA1,0,1730248906,1730248906,08:41:46 PM,08:41:46 PM,0
2102258,,CLARCULV,0,1730248946,1730248946,08:42:26 PM,08:42:26 PM,0
2102258,,CLARHERB,0,1730248969,1730248969,08:42:49 PM,08:42:49 PM,0
2102258,,CLARPKH2,0,1730248982,1730248982,08:43:02 PM,08:43:02 PM,0
2102258,,CLARAVA2,0,1730249020,1730249020,08:43:40 PM,08:43:40 PM,0
2102258,,CLARDUN2,0,1730249052,1730249052,08:44:12 PM,08:44:12 PM,0
2102258,,CLARWHI2,0,1730249089,1730249089,08:44:49 PM,08:44:49 PM,0
2102258,,ARGYMAL2,0,1730249160,1730249160,08:46:00 PM,08:46:00 PM,0
2102308,,ARGYMAL2,0,1730249700,1730249700,08:55:00 PM,08:55:00 PM,0
2102308,,CLARDUN1,0,1730249766,1730249766,08:56:06 PM,08:56:06 PM,0
2102308,,CLARAVA1,0,1730249795,1730249795,08:56:35 PM,08:56:35 PM,0
2102308,,CLARPKH1,0,1730249830,1730249830,08:57:10 PM,08:57:10 PM,0
2102308,,CLARPACI,0,1730249875,1730249875,08:57:55 PM,08:57:55 PM,0
2102308,,CULVCLA4,0,1730249940,1730249940,08:59:00 PM,08:59:00 PM,0
2102308,,CULVCLA2,0,1730249983,1730249983,08:59:43 PM,08:59:43 PM,0
2102308,,CULVCUL4,0,1730250035,1730250035,09:00:35 PM,09:00:35 PM,0
2102308,,CULVCUL2,0,1730250065,1730250065,09:01:05 PM,09:01:05 PM,0
2102308,,CULVTHR2,0,1730250104,1730250104,09:01:44 PM,09:01:44 PM,0
2102308,,THIRCUL1,0,1730250173,1730250173,09:02:53 PM,09:02:53 PM,0
2102308,,THIROXF1,0,1730250215,1730250215,09:03:35 PM,09:03:35 PM,0
2102308,,OXFOSEC2,0,1730250285,1730250285,09:04:45 PM,09:04:45 PM,0
2102308,,FANCOLL5,0,1730250360,1730250360,09:06:00 PM,09:06:00 PM,0
2102308,,OXFOROE2,0,1730250404,1730250404,09:06:44 PM,09:06:44 PM,0
2102308,,OXFOHIG4,,,,,,
2102308,,OXFOHIG2,,,,,,
2102308,,OXFOWIST,,,,,,
2102308,,OXFOOAKS,0,1730250539,1730250539,09:08:59 PM,09:08:59 PM,0
2102308,,OXFOCLE2,0,1730250583,1730250583,09:09:43 PM,09:09:43 PM,0
2102308,,OXFOLYMA,0,1730250626,1730250626,09:10:26 PM,09:10:26 PM,0
2102308,,OXFOSTUA,0,1730250656,1730250656,09:10:56 PM,09:10:56 PM,0
2102308,,OXFOQUE2,0,1730250696,1730250696,09:11:36 PM,09:11:36 PM,0
2102308,,OXFOSTE2,0,1730250726,1730250726,09:12:06 PM,09:12:06 PM,0
2102308,,OXFOGAM2,0,1730250749,1730250749,09:12:29 PM,09:12:29 PM,0
2102308,,OXFOELL2,0,1730250803,1730250803,09:13:23 PM,09:13:23 PM,0
2102308,,OXFOELI2,0,1730250843,1730250843,09:14:03 PM,09:14:03 PM,0
2102308,,OXFOADE2,0,1730250900,1730250900,09:15:00 PM,09:15:00 PM,0
2102308,,OXFOWIL2,0,1730250927,1730250927,09:15:27 PM,09:15:27 PM,0
2102308,,OXFOMAI2,0,1730250958,1730250958,09:15:58 PM,09:15:58 PM,0
2102308,,OXFOCOL2,0,1730250983,1730250983,09:16:23 PM,09:16:23 PM,0
2102308,,OXFOWAT2,0,1730251011,1730251011,09:16:51 PM,09:16:51 PM,0
2102308,,OXFOWEL2,0,1730251044,1730251044,09:17:24 PM,09:17:24 PM,0
2102308,,OXFORIC2,0,1730251080,1730251080,09:18:00 PM,09:18:00 PM,0
2102308,,OXFOGEO2,0,1730251107,1730251107,09:18:27 PM,09:18:27 PM,0
2102308,,OXFOTAL2,0,1730251131,1730251131,09:18:51 PM,09:18:51 PM,0
2102308,,OXFOGRAC,0,1730251196,1730251196,09:19:56 PM,09:19:56 PM,0
2102308,,OXFOWHA2,0,1730251217,1730251217,09:20:17 PM,09:20:17 PM,0
2102308,,OXFOFERN,0,1730251229,1730251229,09:20:29 PM,09:20:29 PM,0
2102308,,OXFORAT2,0,1730251264,1730251264,09:21:04 PM,09:21:04 PM,0
2102308,,OXFOPLAT,0,1730251320,1730251320,09:22:00 PM,09:22:00 PM,0
2102308,,OXFOCHE2,0,1730251359,1730251359,09:22:39 PM,09:22:39 PM,0
2102308,,OXFOBEA4,0,1730251423,1730251423,09:23:43 PM,09:23:43 PM,0
2102308,,OXFOBEA2,,,,,,
2102308,,OXFOPRO2,0,1730251499,1730251499,09:24:59 PM,09:24:59 PM,0
2102308,,OXFOWON2,0,1730251560,1730251560,09:26:00 PM,09:26:00 PM,0
2102308,,OXFOCAP2,0,1730251590,1730251590,09:26:30 PM,09:26:30 PM,0
2102308,,OXFOLAR2,0,1730251642,1730251642,09:27:22 PM,09:27:22 PM,0
2102308,,OXFOGUI2,0,1730251694,1730251694,09:28:14 PM,09:28:14 PM,0
2102308,,OXFOFRE2,0,1730251742,1730251742,09:29:02 PM,09:29:02 PM,0
2102308,,OXFOGUI3,0,1730251781,1730251781,09:29:41 PM,09:29:41 PM,0
2102308,,OXFOFID2,0,1730251811,1730251811,09:30:11 PM,09:30:11 PM,0
2102308,,OXFOHYD2,0,1730251860,1730251860,09:31:00 PM,09:31:00 PM,0
2102308,,OXFOROY2,0,1730251873,1730251873,09:31:13 PM,09:31:13 PM,0
2102308,,OXFOROY4,0,1730251892,1730251892,09:31:32 PM,09:31:32 PM,0
2102308,,OXFOOLH2,0,1730251916,1730251916,09:31:56 PM,09:31:56 PM,0
2102308,,SANISUT2,0,1730251959,1730251959,09:32:39 PM,09:32:39 PM,0
2102308,,SANIPLY2,0,1730251981,1730251981,09:33:01 PM,09:33:01 PM,0
2102308,,SANIRIV2,0,1730251990,1730251990,09:33:10 PM,09:33:10 PM,0
2102308,,HALLCOMM,0,1730252040,1730252040,09:34:00 PM,09:34:00 PM,0
2102308,,HALLCOMM,0,1730252340,1730252340,09:39:00 PM,09:39:00 PM,0
2102308,,COMMSTEP,0,1730252393,1730252393,09:39:53 PM,09:39:53 PM,0
2102308,,GRIFCOMM,0,1730252431,1730252431,09:40:31 PM,09:40:31 PM,0
2102308,,GRIFHEMO,0,1730252468,1730252468,09:41:08 PM,09:41:08 PM,0
2102308,,GRIFNORM,0,1730252516,1730252516,09:41:56 PM,09:41:56 PM,0
2102308,,BYBAGRIF,0,1730252580,1730252580,09:43:00 PM,09:43:00 PM,0
2102254,,BYBAGRIF,0,1730252580,1730252580,09:43:00 PM,09:43:00 PM,0
2102254,,BYBABELV,0,1730252615,1730252615,09:43:35 PM,09:43:35 PM,0
2102254,,BYBABYRO,0,1730252672,1730252672,09:44:32 PM,09:44:32 PM,0
2102254,,BOLEBASE,0,1730252704,1730252704,09:45:04 PM,09:45:04 PM,0
2102254,,BOLEGLEN,0,1730252759,1730252759,09:45:59 PM,09:45:59 PM,0
2102254,,BOLECOM1,0,1730252787,1730252787,09:46:27 PM,09:46:27 PM,0
2102254,,BOLECOM3,0,1730252820,1730252820,09:47:00 PM,09:47:00 PM,0
2102254,,BOLECOM3,0,1730253120,1730253120,09:52:00 PM,09:52:00 PM,0
2102254,,SANIRIV1,0,1730253180,1730253180,09:53:00 PM,09:53:00 PM,0
2102254,,SANIPLY1,0,1730253188,1730253188,09:53:08 PM,09:53:08 PM,0
2102254,,SANISUT1,0,1730253217,1730253217,09:53:37 PM,09:53:37 PM,0
2102254,,OXFOSAN1,0,1730253255,1730253255,09:54:15 PM,09:54:15 PM,0
2102254,,OXFOOLH1,0,1730253273,1730253273,09:54:33 PM,09:54:33 PM,0
2102254,,OXFOROY3,0,1730253306,1730253306,09:55:06 PM,09:55:06 PM,0
2102254,,OXFOROY1,0,1730253331,1730253331,09:55:31 PM,09:55:31 PM,0
2102254,,OXFOHYD1,0,1730253360,1730253360,09:56:00 PM,09:56:00 PM,0
2102254,,OXFOFID1,0,1730253385,1730253385,09:56:25 PM,09:56:25 PM,0
2102254,,OXFOGUI1,0,1730253426,1730253426,09:57:06 PM,09:57:06 PM,0
2102254,,OXFOFRE1,0,1730253458,1730253458,09:57:38 PM,09:57:38 PM,0
2102254,,OXFOJUNI,0,1730253499,1730253499,09:58:19 PM,09:58:19 PM,0
2102254,,OXFOLAR1,0,1730253559,1730253559,09:59:19 PM,09:59:19 PM,0
2102254,,OXFOCAP1,0,1730253605,1730253605,10:00:05 PM,10:00:05 PM,0
2102254,,OXFOWON1,0,1730253660,1730253660,10:01:00 PM,10:01:00 PM,0
2102254,,OXFOPRO1,0,1730253707,1730253707,10:01:47 PM,10:01:47 PM,0
2102254,,OXFOBEA1,0,1730253782,1730253782,10:03:02 PM,10:03:02 PM,0
2102254,,OXFOCHE1,0,1730253825,1730253825,10:03:45 PM,10:03:45 PM,0
2102254,,OXFOCHE3,0,1730253842,1730253842,10:04:02 PM,10:04:02 PM,0
2102254,,OXFOBRI1,0,1730253900,1730253900,10:05:00 PM,10:05:00 PM,0
2102254,,OXFORAT1,0,1730253956,1730253956,10:05:56 PM,10:05:56 PM,0
2102254,,OXFOWHA1,0,1730254017,1730254017,10:06:57 PM,10:06:57 PM,0
2102254,,OXFOANDR,0,1730254040,1730254040,10:07:20 PM,10:07:20 PM,0
2102254,,OXFOTAL1,0,1730254114,1730254114,10:08:34 PM,10:08:34 PM,0
2102254,,OXFOGEO1,0,1730254154,1730254154,10:09:14 PM,10:09:14 PM,0
2102254,,OXFORIC1,0,1730254200,1730254200,10:10:00 PM,10:10:00 PM,0
2102254,,OXFOWEL1,0,1730254219,1730254219,10:10:19 PM,10:10:19 PM,0
2102254,,OXFOWAT1,0,1730254252,1730254252,10:10:52 PM,10:10:52 PM,0
2102254,,OXFOCOL1,0,1730254284,1730254284,10:11:24 PM,10:11:24 PM,0
2102254,,OXFOMAI1,0,1730254324,1730254324,10:12:04 PM,10:12:04 PM,0
2102254,,OXFOWIL1,0,1730254351,1730254351,10:12:31 PM,10:12:31 PM,0
2102254,,OXFOADE1,0,1730254380,1730254380,10:13:00 PM,10:13:00 PM,0
2102254,,OXFOELI1,0,1730254422,1730254422,10:13:42 PM,10:13:42 PM,0
2102254,,OXFOELL1,0,1730254460,1730254460,10:14:20 PM,10:14:20 PM,0
2102254,,OXFOGAM1,0,1730254507,1730254507,10:15:07 PM,10:15:07 PM,0
2102254,,OXFOSTE1,0,1730254543,1730254543,10:15:43 PM,10:15:43 PM,0
2102254,,OXFOQUE1,0,1730254564,1730254564,10:16:04 PM,10:16:04 PM,0
2102254,,OXFOSTRA,0,1730254598,1730254598,10:16:38 PM,10:16:38 PM,0
2102254,,OXFOSPIT,0,1730254639,1730254639,10:17:19 PM,10:17:19 PM,0
2102254,,OXFOCLE1,0,1730254677,1730254677,10:17:57 PM,10:17:57 PM,0
2102254,,OXFOEMPI,0,1730254717,1730254717,10:18:37 PM,10:18:37 PM,0
2102254,,OXFOMORN,,,,,,
2102254,,OXFOHIG1,,,,,,
2102254,,OXFOHIG3,,,,,,
2102254,,FANCOLL1,0,1730254920,1730254920,10:22:00 PM,10:22:00 PM,0
2102254,,OXFOSEC1,0,1730254971,1730254971,10:22:51 PM,10:22:51 PM,0
2102254,,OXFOTHI1,0,1730255019,1730255019,10:23:39 PM,10:23:39 PM,0
2102254,,THIROXF2,0,1730255052,1730255052,10:24:12 PM,10:24:12 PM,0
2102254,,THIROFO2,0,1730255076,1730255076,10:24:36 PM,10:24:36 PM,0
2102254,,THIRCUL2,0,1730255100,1730255100,10:25:00 PM,10:25:00 PM,0
2102254,,CULVTHR1,0,1730255115,1730255115,10:25:15 PM,10:25:15 PM,0
2102254,,CULVCUL1,0,1730255148,1730255148,10:25:48 PM,10:25:48 PM,0
2102254,,CULVCUL3,0,1730255170,1730255170,10:26:10 PM,10:26:10 PM,0
2102254,,CULVCUL5,0,1730255205,1730255205,10:26:45 PM,10:26:45 PM,0
2102254,,CULVCLA1,0,1730255242,1730255242,10:27:22 PM,10:27:22 PM,0
2102254,,CLARCULV,0,1730255277,1730255277,10:27:57 PM,10:27:57 PM,0
2102254,,CLARHERB,0,1730255296,1730255296,10:28:16 PM,10:28:16 PM,0
2102254,,CLARPKH2,0,1730255307,1730255307,10:28:27 PM,10:28:27 PM,0
2102254,,CLARAVA2,0,1730255339,1730255339,10:28:59 PM,10:28:59 PM,0
2102254,,CLARDUN2,0,1730255366,1730255366,10:29:26 PM,10:29:26 PM,0
2102254,,CLARWHI2,0,1730255398,1730255398,10:29:58 PM,10:29:58 PM,0
2102254,,ARGYMAL2,0,1730255460,1730255460,10:31:00 PM,10:31:00 PM,0
2102359,,ARGYMAL2,0,1730255760,1730255760,10:36:00 PM,10:36:00 PM,0
2102359,,CLARDUN1,0,1730255809,1730255809,10:36:49 PM,10:36:49 PM,0
2102359,,CLARAVA1,0,1730255830,1730255830,10:37:10 PM,10:37:10 PM,0
2102359,,CLARPKH1,0,1730255856,1730255856,10:37:36 PM,10:37:36 PM,0
2102359,,CLARPACI,0,1730255889,1730255889,10:38:09 PM,10:38:09 PM,0
2102359,,CULVCLA4,0,1730255940,1730255940,10:39:00 PM,10:39:00 PM,0
2102359,,CULVCLA2,0,1730255983,1730255983,10:39:43 PM,10:39:43 PM,0
2102359,,CULVCUL4,0,1730256035,1730256035,10:40:35 PM,10:40:35 PM,0
2102359,,CULVCUL2,0,1730256065,1730256065,10:41:05 PM,10:41:05 PM,0
2102359,,CULVTHR2,0,1730256104,1730256104,10:41:44 PM,10:41:44 PM,0
2102359,,THIRCUL1,0,1730256173,1730256173,10:42:53 PM,10:42:53 PM,0
2102359,,THIROXF1,0,1730256215,1730256215,10:43:35 PM,10:43:35 PM,0
2102359,,OXFOSEC2,0,1730256285,1730256285,10:44:45 PM,10:44:45 PM,0
2102359,,FANCOLL5,0,1730256360,1730256360,10:46:00 PM,10:46:00 PM,0
2102359,,OXFOROE2,0,1730256404,1730256404,10:46:44 PM,10:46:44 PM,0
2102359,,OXFOHIG4,,,,,,
2102359,,OXFOHIG2,,,,,,
2102359,,OXFOWIST,,,,,,
2102359,,OXFOOAKS,0,1730256539,1730256539,10:48:59 PM,10:48:59 PM,0
2102359,,OXFOCLE2,0,1730256583,1730256583,10:49:43 PM,10:49:43 PM,0
2102359,,OXFOLYMA,0,1730256626,1730256626,10:50:26 PM,10:50:26 PM,0
2102359,,OXFOSTUA,0,1730256656,1730256656,10:50:56 PM,10:50:56 PM,0
2102359,,OXFOQUE2,0,1730256696,1730256696,10:51:36 PM,10:51:36 PM,0
2102359,,OXFOSTE2,0,1730256726,1730256726,10:52:06 PM,10:52:06 PM,0
2102359,,OXFOGAM2,0,1730256749,1730256749,10:52:29 PM,10:52:29 PM,0
2102359,,OXFOELL2,0,1730256803,1730256803,10:53:23 PM,10:53:23 PM,0
2102359,,OXFOELI2,0,1730256843,1730256843,10:54:03 PM,10:54:03 PM,0
2102359,,OXFOADE2,0,1730256900,1730256900,10:55:00 PM,10:55:00 PM,0
2102359,,OXFOWIL2,0,1730256927,1730256927,10:55:27 PM,10:55:27 PM,0
2102359,,OXFOMAI2,0,1730256958,1730256958,10:55:58 PM,10:55:58 PM,0
2102359,,OXFOCOL2,0,1730256983,1730256983,10:56:23 PM,10:56:23 PM,0
2102359,,OXFOWAT2,0,1730257011,1730257011,10:56:51 PM,10:56:51 PM,0
2102359,,OXFOWEL2,0,1730257044,1730257044,10:57:24 PM,10:57:24 PM,0
2102359,,OXFORIC2,0,1730257080,1730257080,10:58:00 PM,10:58:00 PM,0
2102359,,OXFOGEO2,0,1730257107,1730257107,10:58:27 PM,10:58:27 PM,0
2102359,,OXFOTAL2,0,1730257131,1730257131,10:58:51 PM,10:58:51 PM,0
2102359,,OXFOGRAC,0,1730257196,1730257196,10:59:56 PM,10:59:56 PM,0
2102359,,OXFOWHA2,0,1730257217,1730257217,11:00:17 PM,11:00:17 PM,0
2102359,,OXFOFERN,0,1730257229,1730257229,11:00:29 PM,11:00:29 PM,0
2102359,,OXFORAT2,0,1730257264,1730257264,11:01:04 PM,11:01:04 PM,0
2102359,,OXFOPLAT,0,1730257320,1730257320,11:02:00 PM,11:02:00 PM,0
2102359,,OXFOCHE2,0,1730257359,1730257359,11:02:39 PM,11:02:39 PM,0
2102359,,OXFOBEA4,0,1730257423,1730257423,11:03:43 PM,11:03:43 PM,0
2102359,,OXFOBEA2,,,,,,
2102359,,OXFOPRO2,0,1730257499,1730257499,11:04:59 PM,11:04:59 PM,0
2102359,,OXFOWON2,0,1730257560,1730257560,11:06:00 PM,11:06:00 PM,0
2102359,,OXFOCAP2,0,1730257590,1730257590,11:06:30 PM,11:06:30 PM,0
2102359,,OXFOLAR2,0,1730257642,1730257642,11:07:22 PM,11:07:22 PM,0
2102359,,OXFOGUI2,0,1730257694,1730257694,11:08:14 PM,11:08:14 PM,0
2102359,,OXFOFRE2,0,1730257742,1730257742,11:09:02 PM,11:09:02 PM,0
2102359,,OXFOGUI3,0,1730257781,1730257781,11:09:41 PM,11:09:41 PM,0
2102359,,OXFOFID2,0,1730257811,1730257811,11:10:11 PM,11:10:11 PM,0
2102359,,OXFOHYD2,0,1730257860,1730257860,11:11:00 PM,11:11:00 PM,0
2102359,,OXFOROY2,0,1730257873,1730257873,11:11:13 PM,11:11:13 PM,0
2102359,,OXFOROY4,0,1730257892,1730257892,11:11:32 PM,11:11:32 PM,0
2102359,,OXFOOLH2,0,1730257916,1730257916,11:11:56 PM,11:11:56 PM,0
2102359,,SANISUT2,0,1730257959,1730257959,11:12:39 PM,11:12:39 PM,0
2102359,,SANIPLY2,0,1730257981,1730257981,11:13:01 PM,11:13:01 PM,0
2102359,,SANIRIV2,0,1730257990,1730257990,11:13:10 PM,11:13:10 PM,0
2102359,,HALLCOMM,0,1730258040,1730258040,11:14:00 PM,11:14:00 PM,0
2102359,,HALLCOMM,0,1730258340,1730258340,11:19:00 PM,11:19:00 PM,0
2102359,,COMMSTEP,0,1730258393,1730258393,11:19:53 PM,11:19:53 PM,0
2102359,,GRIFCOMM,0,1730258431,1730258431,11:20:31 PM,11:20:31 PM,0
2102359,,GRIFHEMO,0,1730258468,1730258468,11:21:08 PM,11:21:08 PM,0
2102359,,GRIFNORM,0,1730258516,1730258516,11:21:56 PM,11:21:56 PM,0
2102359,,BYBAGRIF,0,1730258580,1730258580,11:23:00 PM,11:23:00 PM,0
2102300,,BYBAGRIF,0,1730258580,1730258580,11:23:00 PM,11:23:00 PM,0
2102300,,BYBABELV,0,1730258615,1730258615,11:23:35 PM,11:23:35 PM,0
2102300,,BYBABYRO,0,1730258672,1730258672,11:24:32 PM,11:24:32 PM,0
2102300,,BOLEBASE,0,1730258704,1730258704,11:25:04 PM,11:25:04 PM,0
2102300,,BOLEGLEN,0,1730258759,1730258759,11:25:59 PM,11:25:59 PM,0
2102300,,BOLECOM1,0,1730258787,1730258787,11:26:27 PM,11:26:27 PM,0
2102300,,BOLECOM3,0,1730258820,1730258820,11:27:00 PM,11:27:00 PM,0
2102300,,BOLECOM3,0,1730258820,1730258820,11:27:00 PM,11:27:00 PM,0
2102300,,SANIRIV1,0,1730258880,1730258880,11:28:00 PM,11:28:00 PM,0
2102300,,SANIPLY1,0,1730258888,1730258888,11:28:08 PM,11:28:08 PM,0
2102300,,SANISUT1,0,1730258917,1730258917,11:28:37 PM,11:28:37 PM,0
2102300,,OXFOSAN1,0,1730258955,1730258955,11:29:15 PM,11:29:15 PM,0
2102300,,OXFOOLH1,0,1730258973,1730258973,11:29:33 PM,11:29:33 PM,0
2102300,,OXFOROY3,0,1730259006,1730259006,11:30:06 PM,11:30:06 PM,0
2102300,,OXFOROY1,0,1730259031,1730259031,11:30:31 PM,11:30:31 PM,0
2102300,,OXFOHYD1,0,1730259060,1730259060,11:31:00 PM,11:31:00 PM,0
2102300,,OXFOFID1,0,1730259085,1730259085,11:31:25 PM,11:31:25 PM,0
2102300,,OXFOGUI1,0,1730259126,1730259126,11:32:06 PM,11:32:06 PM,0
2102300,,OXFOFRE1,0,1730259158,1730259158,11:32:38 PM,11:32:38 PM,0
2102300,,OXFOJUNI,0,1730259199,1730259199,11:33:19 PM,11:33:19 PM,0
2102300,,OXFOLAR1,0,1730259259,1730259259,11:34:19 PM,11:34:19 PM,0
2102300,,OXFOCAP1,0,1730259305,1730259305,11:35:05 PM,11:35:05 PM,0
2102300,,OXFOWON1,0,1730259360,1730259360,11:36:00 PM,11:36:00 PM,0
2102300,,OXFOPRO1,0,1730259407,1730259407,11:36:47 PM,11:36:47 PM,0
2102300,,OXFOBEA1,0,1730259482,1730259482,11:38:02 PM,11:38:02 PM,0
2102300,,OXFOCHE1,0,1730259525,1730259525,11:38:45 PM,11:38:45 PM,0
2102300,,OXFOCHE3,0,1730259542,1730259542,11:39:02 PM,11:39:02 PM,0
2102300,,OXFOBRI1,0,1730259600,1730259600,11:40:00 PM,11:40:00 PM,0
2102300,,OXFORAT1,0,1730259656,1730259656,11:40:56 PM,11:40:56 PM,0
2102300,,OXFOWHA1,0,1730259717,1730259717,11:41:57 PM,11:41:57 PM,0
2102300,,OXFOANDR,0,1730259740,1730259740,11:42:20 PM,11:42:20 PM,0
2102300,,OXFOTAL1,0,1730259814,1730259814,11:43:34 PM,11:43:34 PM,0
2102300,,OXFOGEO1,0,1730259854,1730259854,11:44:14 PM,11:44:14 PM,0
2102300,,OXFORIC1,0,1730259900,1730259900,11:45:00 PM,11:45:00 PM,0
2102300,,OXFOWEL1,0,1730259919,1730259919,11:45:19 PM,11:45:19 PM,0
2102300,,OXFOWAT1,0,1730259952,1730259952,11:45:52 PM,11:45:52 PM,0
2102300,,OXFOCOL1,0,1730259984,1730259984,11:46:24 PM,11:46:24 PM,0
2102300,,OXFOMAI1,0,1730260024,1730260024,11:47:04 PM,11:47:04 PM,0
2102300,,OXFOWIL1,0,1730260051,1730260051,11:47:31 PM,11:47:31 PM,0
2102300,,OXFOADE1,0,1730260080,1730260080,11:48:00 PM,11:48:00 PM,0
2102300,,OXFOELI1,0,1730260122,1730260122,11:48:42 PM,11:48:42 PM,0
2102300,,OXFOELL1,0,1730260160,1730260160,11:49:20 PM,11:49:20 PM,0
2102300,,OXFOGAM1,0,1730260207,1730260207,11:50:07 PM,11:50:07 PM,0
2102300,,OXFOSTE1,0,1730260243,1730260243,11:50:43 PM,11:50:43 PM,0
2102300,,OXFOQUE1,0,1730260264,1730260264,11:51:04 PM,11:51:04 PM,0
2102300,,OXFOSTRA,0,1730260298,1730260298,11:51:38 PM,11:51:38 PM,0
2102300,,OXFOSPIT,0,1730260339,1730260339,11:52:19 PM,11:52:19 PM,0
2102300,,OXFOCLE1,0,1730260377,1730260377,11:52:57 PM,11:52:57 PM,0
2102300,,OXFOEMPI,0,1730260417,1730260417,11:53:37 PM,11:53:37 PM,0
2102300,,OXFOMORN,,,,,,
2102300,,OXFOHIG1,,,,,,
2102300,,OXFOHIG3,,,,,,
2102300,,FANCOLL1,0,1730260620,1730260620,11:57:00 PM,11:57:00 PM,0
2102300,,OXFOSEC1,0,1730260671,1730260671,11:57:51 PM,11:57:51 PM,0
2102300,,OXFOTHI1,0,1730260719,1730260719,11:58:39 PM,11:58:39 PM,0
2102300,,THIROXF2,0,1730260752,1730260752,11:59:12 PM,11:59:12 PM,0
2102300,,THIROFO2,0,1730260776,1730260776,11:59:36 PM,11:59:36 PM,0
2102300,,THIRCUL2,0,1730260800,1730260800,12:00:00 AM,12:00:00 AM,0
2102300,,CULVTHR1,0,1730260815,1730260815,12:00:15 AM,12:00:15 AM,0
2102300,,CULVCUL1,0,1730260848,1730260848,12:00:48 AM,12:00:48 AM,0
2102300,,CULVCUL3,0,1730260870,1730260870,12:01:10 AM,12:01:10 AM,0
2102300,,CULVCUL5,0,1730260905,1730260905,12:01:45 AM,12:01:45 AM,0
2102300,,CULVCLA1,0,1730260942,1730260942,12:02:22 AM,12:02:22 AM,0
2102300,,CLARCULV,0,1730260977,1730260977,12:02:57 AM,12:02:57 AM,0
2102300,,CLARHERB,0,1730260996,1730260996,12:03:16 AM,12:03:16 AM,0
2102300,,CLARPKH2,0,1730261007,1730261007,12:03:27 AM,12:03:27 AM,0
2102300,,CLARAVA2,0,1730261039,1730261039,12:03:59 AM,12:03:59 AM,0
2102300,,CLARDUN2,0,1730261066,1730261066,12:04:26 AM,12:04:26 AM,0
2102300,,CLARWHI2,0,1730261098,1730261098,12:04:58 AM,12:04:58 AM,0
2102300,,ARGYMAL2,0,1730261160,1730261160,12:06:00 AM,12:06:00 AM,0
2102349,,ARGYMAL2,0,1730230560,1730230560,03:36:00 PM,03:36:00 PM,0
2102349,,CLARDUN1,0,1730230626,1730230626,03:37:06 PM,03:37:06 PM,0
2102349,,CLARAVA1,0,1730230655,1730230655,03:37:35 PM,03:37:35 PM,0
2102349,,CLARPKH1,0,1730230690,1730230690,03:38:10 PM,03:38:10 PM,0
2102349,,CLARPACI,0,1730230735,1730230735,03:38:55 PM,03:38:55 PM,0
2102349,,CULVCLA4,0,1730230800,1730230800,03:40:00 PM,03:40:00 PM,0
2102349,,CULVCLA2,0,1730230850,1730230850,03:40:50 PM,03:40:50 PM,0
2102349,,CULVCUL4,0,1730230910,1730230910,03:41:50 PM,03:41:50 PM,0
2102349,,CULVCUL2,0,1730230945,1730230945,03:42:25 PM,03:42:25 PM,0
2102349,,CULVTHR2,0,1730230990,1730230990,03:43:10 PM,03:43:10 PM,0
2102349,,THIRCUL1,0,1730231068,1730231068,03:44:28 PM,03:44:28 PM,0
2102349,,THIROXF1,0,1730231117,1730231117,03:45:17 PM,03:45:17 PM,0
2102349,,OXFOSEC2,0,1730231197,1730231197,03:46:37 PM,03:46:37 PM,0
2102349,,FANCOLL5,0,1730231280,1730231280,03:48:00 PM,03:48:00 PM,0
2102349,,OXFOROE2,0,1730231324,1730231324,03:48:44 PM,03:48:44 PM,0
2102349,,OXFOHIG4,,,,,,
2102349,,OXFOHIG2,,,,,,
2102349,,OXFOWIST,,,,,,
2102349,,OXFOOAKS,0,1730231468,1730231468,03:51:08 PM,03:51:08 PM,0
2102349,,OXFOCLE2,0,1730231518,1730231518,03:51:58 PM,03:51:58 PM,0
2102349,,OXFOLYMA,0,1730231567,1730231567,03:52:47 PM,03:52:47 PM,0
2102349,,OXFOSTUA,0,1730231601,1730231601,03:53:21 PM,03:53:21 PM,0
2102349,,OXFOQUE2,0,1730231647,1730231647,03:54:07 PM,03:54:07 PM,0
2102349,,OXFOSTE2,0,1730231681,1730231681,03:54:41 PM,03:54:41 PM,0
2102349,,OXFOGAM2,0,1730231707,1730231707,03:55:07 PM,03:55:07 PM,0
2102349,,OXFOELL2,0,1730231769,1730231769,03:56:09 PM,03:56:09 PM,0
2102349,,OXFOELI2,0,1730231815,1730231815,03:56:55 PM,03:56:55 PM,0
2102349,,OXFOADE2,0,1730231880,1730231880,03:58:00 PM,03:58:00 PM,0
2102349,,OXFOWIL2,0,1730231926,1730231926,03:58:46 PM,03:58:46 PM,0
2102349,,OXFOMAI2,0,1730231978,1730231978,03:59:38 PM,03:59:38 PM,0
2102349,,OXFOCOL2,0,1730232020,1730232020,04:00:20 PM,04:00:20 PM,0
2102349,,OXFOWAT2,0,1730232067,1730232067,04:01:07 PM,04:01:07 PM,0
2102349,,OXFOWEL2,0,1730232123,1730232123,04:02:03 PM,04:02:03 PM,0
2102349,,OXFORIC2,0,1730232180,1730232180,04:03:00 PM,04:03:00 PM,0
2102349,,OXFOGEO2,0,1730232242,1730232242,04:04:02 PM,04:04:02 PM,0
2102349,,OXFOTAL2,0,1730232296,1730232296,04:04:56 PM,04:04:56 PM,0
2102349,,OXFOGRAC,0,1730232443,1730232443,04:07:23 PM,04:07:23 PM,0
2102349,,OXFOWHA2,0,1730232492,1730232492,04:08:12 PM,04:08:12 PM,0
2102349,,OXFOFERN,0,1730232520,1730232520,04:08:40 PM,04:08:40 PM,0
2102349,,OXFORAT2,0,1730232599,1730232599,04:09:59 PM,04:09:59 PM,0
2102349,,OXFOPLAT,0,1730232720,1730232720,04:12:00 PM,04:12:00 PM,0
2102349,,OXFOCHE2,0,1730232768,1730232768,04:12:48 PM,04:12:48 PM,0
2102349,,OXFOBEA4,0,1730232848,1730232848,04:14:08 PM,04:14:08 PM,0
2102349,,OXFOBEA2,,,,,,
2102349,,OXFOPRO2,0,1730232943,1730232943,04:15:43 PM,04:15:43 PM,0
2102349,,OXFOWON2,0,1730233020,1730233020,04:17:00 PM,04:17:00 PM,0
2102349,,OXFOCAP2,0,1730233062,1730233062,04:17:42 PM,04:17:42 PM,0
2102349,,OXFOLAR2,0,1730233135,1730233135,04:18:55 PM,04:18:55 PM,0
2102349,,OXFOGUI2,0,1730233208,1730233208,04:20:08 PM,04:20:08 PM,0
2102349,,OXFOFRE2,0,1730233275,1730233275,04:21:15 PM,04:21:15 PM,0
2102349,,OXFOGUI3,0,1730233330,1730233330,04:22:10 PM,04:22:10 PM,0
2102349,,OXFOFID2,0,1730233372,1730233372,04:22:52 PM,04:22:52 PM,0
2102349,,OXFOHYD2,0,1730233440,1730233440,04:24:00 PM,04:24:00 PM,0
2102349,,OXFOROY2,0,1730233466,1730233466,04:24:26 PM,04:24:26 PM,0
2102349,,OXFOROY4,0,1730233504,1730233504,04:25:04 PM,04:25:04 PM,0
2102349,,OXFOOLH2,0,1730233552,1730233552,04:25:52 PM,04:25:52 PM,0
2102349,,SANISUT2,0,1730233639,1730233639,04:27:19 PM,04:27:19 PM,0
2102349,,SANIPLY2,0,1730233684,1730233684,04:28:04 PM,04:28:04 PM,0
2102349,,SANIRIV2,0,1730233703,1730233703,04:28:23 PM,04:28:23 PM,0
2102349,,HALLCOMM,0,1730233800,1730233800,04:30:00 PM,04:30:00 PM,0
2102349,,HALLCOMM,0,1730234220,1730234220,04:37:00 PM,04:37:00 PM,0
2102349,,COMMSTEP,0,1730234273,1730234273,04:37:53 PM,04:37:53 PM,0
2102349,,GRIFCOMM,0,1730234311,1730234311,04:38:31 PM,04:38:31 PM,0
2102349,,GRIFHEMO,0,1730234348,1730234348,04:39:08 PM,04:39:08 PM,0
2102349,,GRIFNORM,0,1730234396,1730234396,04:39:56 PM,04:39:56 PM,0
2102349,,BYBAGRIF,0,1730234460,1730234460,04:41:00 PM,04:41:00 PM,0
2102291,,BYBAGRIF,0,1730234460,1730234460,04:41:00 PM,04:41:00 PM,0
2102291,,BYBABELV,0,1730234504,1730234504,04:41:44 PM,04:41:44 PM,0
2102291,,BYBABYRO,0,1730234576,1730234576,04:42:56 PM,04:42:56 PM,0
2102291,,BOLEBASE,0,1730234617,1730234617,04:43:37 PM,04:43:37 PM,0
2102291,,BOLEGLEN,0,1730234685,1730234685,04:44:45 PM,04:44:45 PM,0
2102291,,BOLECOM1,0,1730234720,1730234720,04:45:20 PM,04:45:20 PM,0
2102291,,BOLECOM3,0,1730234760,1730234760,04:46:00 PM,04:46:00 PM,0
2102291,,BOLECOM3,0,1730234760,1730234760,04:46:00 PM,04:46:00 PM,0
2102291,,SANIRIV1,0,1730234851,1730234851,04:47:31 PM,04:47:31 PM,0
2102291,,SANIPLY1,0,1730234864,1730234864,04:47:44 PM,04:47:44 PM,0
2102291,,SANISUT1,0,1730234907,1730234907,04:48:27 PM,04:48:27 PM,0
2102291,,OXFOSAN1,0,1730234965,1730234965,04:49:25 PM,04:49:25 PM,0
2102291,,OXFOOLH1,0,1730234992,1730234992,04:49:52 PM,04:49:52 PM,0
2102291,,OXFOROY3,0,1730235042,1730235042,04:50:42 PM,04:50:42 PM,0
2102291,,OXFOROY1,0,1730235080,1730235080,04:51:20 PM,04:51:20 PM,0
2102291,,OXFOHYD1,0,1730235120,1730235120,04:52:00 PM,04:52:00 PM,0
2102291,,OXFOFID1,0,1730235155,1730235155,04:52:35 PM,04:52:35 PM,0
2102291,,OXFOGUI1,0,1730235212,1730235212,04:53:32 PM,04:53:32 PM,0
2102291,,OXFOFRE1,0,1730235257,1730235257,04:54:17 PM,04:54:17 PM,0
2102291,,OXFOJUNI,0,1730235315,1730235315,04:55:15 PM,04:55:15 PM,0
2102291,,OXFOLAR1,0,1730235400,1730235400,04:56:40 PM,04:56:40 PM,0
2102291,,OXFOCAP1,0,1730235465,1730235465,04:57:45 PM,04:57:45 PM,0
2102291,,OXFOWON1,0,1730235540,1730235540,04:59:00 PM,04:59:00 PM,0
2102291,,OXFOPRO1,0,1730235587,1730235587,04:59:47 PM,04:59:47 PM,0
2102291,,OXFOBEA1,0,1730235662,1730235662,05:01:02 PM,05:01:02 PM,0
2102291,,OXFOCHE1,0,1730235705,1730235705,05:01:45 PM,05:01:45 PM,0
2102291,,OXFOCHE3,0,1730235722,1730235722,05:02:02 PM,05:02:02 PM,0
2102291,,OXFOBRI1,0,1730235780,1730235780,05:03:00 PM,05:03:00 PM,0
2102291,,OXFORAT1,0,1730235859,1730235859,05:04:19 PM,05:04:19 PM,0
2102291,,OXFOWHA1,0,1730235944,1730235944,05:05:44 PM,05:05:44 PM,0
2102291,,OXFOANDR,0,1730235976,1730235976,05:06:16 PM,05:06:16 PM,0
2102291,,OXFOTAL1,0,1730236080,1730236080,05:08:00 PM,05:08:00 PM,0
2102291,,OXFOGEO1,0,1730236136,1730236136,05:08:56 PM,05:08:56 PM,0
2102291,,OXFORIC1,0,1730236200,1730236200,05:10:00 PM,05:10:00 PM,0
2102291,,OXFOWEL1,0,1730236225,1730236225,05:10:25 PM,05:10:25 PM,0
2102291,,OXFOWAT1,0,1730236269,1730236269,05:11:09 PM,05:11:09 PM,0
2102291,,OXFOCOL1,0,1730236312,1730236312,05:11:52 PM,05:11:52 PM,0
2102291,,OXFOMAI1,0,1730236365,1730236365,05:12:45 PM,05:12:45 PM,0
2102291,,OXFOWIL1,0,1730236401,1730236401,05:13:21 PM,05:13:21 PM,0
2102291,,OXFOADE1,0,1730236440,1730236440,05:14:00 PM,05:14:00 PM,0
2102291,,OXFOELI1,0,1730236489,1730236489,05:14:49 PM,05:14:49 PM,0
2102291,,OXFOELL1,0,1730236532,1730236532,05:15:32 PM,05:15:32 PM,0
2102291,,OXFOGAM1,0,1730236586,1730236586,05:16:26 PM,05:16:26 PM,0
2102291,,OXFOSTE1,0,1730236627,1730236627,05:17:07 PM,05:17:07 PM,0
2102291,,OXFOQUE1,0,1730236651,1730236651,05:17:31 PM,05:17:31 PM,0
2102291,,OXFOSTRA,0,1730236690,1730236690,05:18:10 PM,05:18:10 PM,0
2102291,,OXFOSPIT,0,1730236737,1730236737,05:18:57 PM,05:18:57 PM,0
2102291,,OXFOCLE1,0,1730236780,1730236780,05:19:40 PM,05:19:40 PM,0
2102291,,OXFOEMPI,0,1730236826,1730236826,05:20:26 PM,05:20:26 PM,0
2102291,,OXFOMORN,,,,,,
2102291,,OXFOHIG1,,,,,,
2102291,,OXFOHIG3,,,,,,
2102291,,FANCOLL1,0,1730237040,1730237040,05:24:00 PM,05:24:00 PM,0
2102291,,OXFOSEC1,0,1730237109,1730237109,05:25:09 PM,05:25:09 PM,0
2102291,,OXFOTHI1,0,1730237173,1730237173,05:26:13 PM,05:26:13 PM,0
2102291,,THIROXF2,0,1730237217,1730237217,05:26:57 PM,05:26:57 PM,0
2102291,,THIROFO2,0,1730237249,1730237249,05:27:29 PM,05:27:29 PM,0
2102291,,THIRCUL2,0,1730237280,1730237280,05:28:00 PM,05:28:00 PM,0
2102291,,CULVTHR1,0,1730237303,1730237303,05:28:23 PM,05:28:23 PM,0
2102291,,CULVCUL1,0,1730237353,1730237353,05:29:13 PM,05:29:13 PM,0
2102291,,CULVCUL3,0,1730237386,1730237386,05:29:46 PM,05:29:46 PM,0
2102291,,CULVCUL5,0,1730237439,1730237439,05:30:39 PM,05:30:39 PM,0
2102291,,CULVCLA1,0,1730237494,1730237494,05:31:34 PM,05:31:34 PM,0
2102291,,CLARCULV,0,1730237546,1730237546,05:32:26 PM,05:32:26 PM,0
2102291,,CLARHERB,0,1730237575,1730237575,05:32:55 PM,05:32:55 PM,0
2102291,,CLARPKH2,0,1730237592,1730237592,05:33:12 PM,05:33:12 PM,0
2102291,,CLARAVA2,0,1730237640,1730237640,05:34:00 PM,05:34:00 PM,0
2102291,,CLARDUN2,0,1730237681,1730237681,05:34:41 PM,05:34:41 PM,0
2102291,,CLARWHI2,0,1730237729,1730237729,05:35:29 PM,05:35:29 PM,0
2102291,,ARGYMAL2,0,1730237820,1730237820,05:37:00 PM,05:37:00 PM,0
2102356,,ARGYMAL2,0,1730238480,1730238480,05:48:00 PM,05:48:00 PM,0
2102356,,CLARDUN1,0,1730238554,1730238554,05:49:14 PM,05:49:14 PM,0
2102356,,CLARAVA1,0,1730238581,1730238581,05:49:41 PM,05:49:41 PM,0
2102356,,CLARPKH1,0,1730238615,1730238615,05:50:15 PM,05:50:15 PM,0
2102356,,CLARPACI,0,1730238658,1730238658,05:50:58 PM,05:50:58 PM,0
2102356,,CULVCLA4,0,1730238720,1730238720,05:52:00 PM,05:52:00 PM,0
2102356,,CULVCLA2,0,1730238770,1730238770,05:52:50 PM,05:52:50 PM,0
2102356,,CULVCUL4,0,1730238830,1730238830,05:53:50 PM,05:53:50 PM,0
2102356,,CULVCUL2,0,1730238865,1730238865,05:54:25 PM,05:54:25 PM,0
2102356,,CULVTHR2,0,1730238910,1730238910,05:55:10 PM,05:55:10 PM,0
2102356,,THIRCUL1,0,1730238973,1730238973,05:56:13 PM,05:56:13 PM,0
2102356,,THIROXF1,0,1730239037,1730239037,05:57:17 PM,05:57:17 PM,0
2102356,,OXFOSEC2,0,1730239117,1730239117,05:58:37 PM,05:58:37 PM,0
2102356,,FANCOLL5,0,1730239200,1730239200,06:00:00 PM,06:00:00 PM,0
2102356,,OXFOROE2,0,1730239244,1730239244,06:00:44 PM,06:00:44 PM,0
2102356,,OXFOHIG4,,,,,,
2102356,,OXFOHIG2,,,,,,
2102356,,OXFOWIST,,,,,,
2102356,,OXFOOAKS,0,1730239379,1730239379,06:02:59 PM,06:02:59 PM,0
2102356,,OXFOCLE2,0,1730239423,1730239423,06:03:43 PM,06:03:43 PM,0
2102356,,OXFOLYMA,0,1730239466,1730239466,06:04:26 PM,06:04:26 PM,0
2102356,,OXFOSTUA,0,1730239496,1730239496,06:04:56 PM,06:04:56 PM,0
2102356,,OXFOQUE2,0,1730239536,1730239536,06:05:36 PM,06:05:36 PM,0
2102356,,OXFOSTE2,0,1730239566,1730239566,06:06:06 PM,06:06:06 PM,0
2102356,,OXFOGAM2,0,1730239589,1730239589,06:06:29 PM,06:06:29 PM,0
2102356,,OXFOELL2,0,1730239643,1730239643,06:07:23 PM,06:07:23 PM,0
2102356,,OXFOELI2,0,1730239683,1730239683,06:08:03 PM,06:08:03 PM,0
2102356,,OXFOADE2,0,1730239740,1730239740,06:09:00 PM,06:09:00 PM,0
2102356,,OXFOWIL2,0,1730239777,1730239777,06:09:37 PM,06:09:37 PM,0
2102356,,OXFOMAI2,0,1730239818,1730239818,06:10:18 PM,06:10:18 PM,0
2102356,,OXFOCOL2,0,1730239852,1730239852,06:10:52 PM,06:10:52 PM,0
2102356,,OXFOWAT2,0,1730239890,1730239890,06:11:30 PM,06:11:30 PM,0
2102356,,OXFOWEL2,0,1730239935,1730239935,06:12:15 PM,06:12:15 PM,0
2102356,,OXFORIC2,0,1730239980,1730239980,06:13:00 PM,06:13:00 PM,0
2102356,,OXFOGEO2,0,1730240014,1730240014,06:13:34 PM,06:13:34 PM,0
2102356,,OXFOTAL2,0,1730240044,1730240044,06:14:04 PM,06:14:04 PM,0
2102356,,OXFOGRAC,0,1730240125,1730240125,06:15:25 PM,06:15:25 PM,0
2102356,,OXFOWHA2,0,1730240152,1730240152,06:15:52 PM,06:15:52 PM,0
2102356,,OXFOFERN,0,1730240168,1730240168,06:16:08 PM,06:16:08 PM,0
2102356,,OXFORAT2,0,1730240211,1730240211,06:16:51 PM,06:16:51 PM,0
2102356,,OXFOPLAT,0,1730240280,1730240280,06:18:00 PM,06:18:00 PM,0
2102356,,OXFOCHE2,0,1730240328,1730240328,06:18:48 PM,06:18:48 PM,0
2102356,,OXFOBEA4,0,1730240408,1730240408,06:20:08 PM,06:20:08 PM,0
2102356,,OXFOBEA2,,,,,,
2102356,,OXFOPRO2,0,1730240503,1730240503,06:21:43 PM,06:21:43 PM,0
2102356,,OXFOWON2,0,1730240580,1730240580,06:23:00 PM,06:23:00 PM,0
2102356,,OXFOCAP2,0,1730240605,1730240605,06:23:25 PM,06:23:25 PM,0
2102356,,OXFOLAR2,0,1730240648,1730240648,06:24:08 PM,06:24:08 PM,0
2102356,,OXFOGUI2,0,1730240692,1730240692,06:24:52 PM,06:24:52 PM,0
2102356,,OXFOFRE2,0,1730240732,1730240732,06:25:32 PM,06:25:32 PM,0
2102356,,OXFOGUI3,0,1730240765,1730240765,06:26:05 PM,06:26:05 PM,0
2102356,,OXFOFID2,0,1730240790,1730240790,06:26:30 PM,06:26:30 PM,0
2102356,,HYDEOXF2,0,1730240820,1730240820,06:27:00 PM,06:27:00 PM,0
2102356,,HYDEFIG2,0,1730240874,1730240874,06:27:54 PM,06:27:54 PM,0
2102356,,HYDEHAZE,0,1730240913,1730240913,06:28:33 PM,06:28:33 PM,0
2102356,,HYDERIV1,0,1730240965,1730240965,06:29:25 PM,06:29:25 PM,0
2102356,,RIVEHAR2,0,1730241005,1730241005,06:30:05 PM,06:30:05 PM,0
2102356,,RIVEANT2,0,1730241055,1730241055,06:30:55 PM,06:30:55 PM,0
2102356,,RIVEHAR4,0,1730241076,1730241076,06:31:16 PM,06:31:16 PM,0
2102356,,RIVESAN2,0,1730241112,1730241112,06:31:52 PM,06:31:52 PM,0
2102356,,HALLCOMM,0,1730241180,1730241180,06:33:00 PM,06:33:00 PM,0
2102356,,HALLCOMM,0,1730241360,1730241360,06:36:00 PM,06:36:00 PM,0
2102356,,COMMSTEP,0,1730241398,1730241398,06:36:38 PM,06:36:38 PM,0
2102356,,COMMGRAN,0,1730241429,1730241429,06:37:09 PM,06:37:09 PM,0
2102356,,COMMCAD1,0,1730241452,1730241452,06:37:32 PM,06:37:32 PM,0
2102356,,COMMCAD2,0,1730241483,1730241483,06:38:03 PM,06:38:03 PM,0
2102356,,KAINOXFN,0,1730241540,1730241540,06:39:00 PM,06:39:00 PM,0
2102297,,KAINOXFN,0,1730241540,1730241540,06:39:00 PM,06:39:00 PM,0
2102297,,KAINKIRK,0,1730241611,1730241611,06:40:11 PM,06:40:11 PM,0
2102297,,KAINSUMM,0,1730241628,1730241628,06:40:28 PM,06:40:28 PM,0
2102297,,KAINRIVE,0,1730241692,1730241692,06:41:32 PM,06:41:32 PM,0
2102297,,RIVESHOR,0,1730241788,1730241788,06:43:08 PM,06:43:08 PM,0
2102297,,RIVEOXF1,0,1730241831,1730241831,06:43:51 PM,06:43:51 PM,0
2102297,,OXFORIV1,0,1730241876,1730241876,06:44:36 PM,06:44:36 PM,0
2102297,,COMMCHE1,0,1730241959,1730241959,06:45:59 PM,06:45:59 PM,0
2102297,,COMMCHE2,0,1730242016,1730242016,06:46:56 PM,06:46:56 PM,0
2102297,,COMMGRA2,0,1730242048,1730242048,06:47:28 PM,06:47:28 PM,0
2102297,,COMMREYN,0,1730242085,1730242085,06:48:05 PM,06:48:05 PM,0
2102297,,COMMSTE1,0,1730242128,1730242128,06:48:48 PM,06:48:48 PM,0
2102297,,COMMHAL2,0,1730242166,1730242166,06:49:26 PM,06:49:26 PM,0
2102297,,BOLECOM3,0,1730242200,1730242200,06:50:00 PM,06:50:00 PM,0
2102297,,BOLECOM3,0,1730242200,1730242200,06:50:00 PM,06:50:00 PM,0
2102297,,RIVESAN1,0,1730242271,1730242271,06:51:11 PM,06:51:11 PM,0
2102297,,RIVEHAR3,0,1730242301,1730242301,06:51:41 PM,06:51:41 PM,0
2102297,,RIVEANT1,0,1730242325,1730242325,06:52:05 PM,06:52:05 PM,0
2102297,,RIVEHAR1,0,1730242370,1730242370,06:52:50 PM,06:52:50 PM,0
2102297,,HYDERIVE,0,1730242418,1730242418,06:53:38 PM,06:53:38 PM,0
2102297,,HYDEVALE,0,1730242469,1730242469,06:54:29 PM,06:54:29 PM,0
2102297,,HYDEFIG1,0,1730242505,1730242505,06:55:05 PM,06:55:05 PM,0
2102297,,HYDEOXF1,0,1730242560,1730242560,06:56:00 PM,06:56:00 PM,0
2102297,,OXFOFID1,0,1730242604,1730242604,06:56:44 PM,06:56:44 PM,0
2102297,,OXFOGUI1,0,1730242660,1730242660,06:57:40 PM,06:57:40 PM,0
2102297,,OXFOFRE1,0,1730242704,1730242704,06:58:24 PM,06:58:24 PM,0
2102297,,OXFOJUNI,0,1730242760,1730242760,06:59:20 PM,06:59:20 PM,0
2102297,,OXFOLAR1,0,1730242842,1730242842,07:00:42 PM,07:00:42 PM,0
2102297,,OXFOCAP1,0,1730242906,1730242906,07:01:46 PM,07:01:46 PM,0
2102297,,OXFOWON1,0,1730242980,1730242980,07:03:00 PM,07:03:00 PM,0
2102297,,OXFOPRO1,0,1730243027,1730243027,07:03:47 PM,07:03:47 PM,0
2102297,,OXFOBEA1,0,1730243102,1730243102,07:05:02 PM,07:05:02 PM,0
2102297,,OXFOCHE1,0,1730243145,1730243145,07:05:45 PM,07:05:45 PM,0
2102297,,OXFOCHE3,0,1730243162,1730243162,07:06:02 PM,07:06:02 PM,0
2102297,,OXFOBRI1,0,1730243220,1730243220,07:07:00 PM,07:07:00 PM,0
2102297,,OXFORAT1,0,1730243287,1730243287,07:08:07 PM,07:08:07 PM,0
2102297,,OXFOWHA1,0,1730243360,1730243360,07:09:20 PM,07:09:20 PM,0
2102297,,OXFOANDR,0,1730243387,1730243387,07:09:47 PM,07:09:47 PM,0
2102297,,OXFOTAL1,0,1730243476,1730243476,07:11:16 PM,07:11:16 PM,0
2102297,,OXFOGEO1,0,1730243524,1730243524,07:12:04 PM,07:12:04 PM,0
2102297,,OXFORIC1,0,1730243580,1730243580,07:13:00 PM,07:13:00 PM,0
2102297,,OXFOWEL1,0,1730243599,1730243599,07:13:19 PM,07:13:19 PM,0
2102297,,OXFOWAT1,0,1730243632,1730243632,07:13:52 PM,07:13:52 PM,0
2102297,,OXFOCOL1,0,1730243664,1730243664,07:14:24 PM,07:14:24 PM,0
2102297,,OXFOMAI1,0,1730243704,1730243704,07:15:04 PM,07:15:04 PM,0
2102297,,OXFOWIL1,0,1730243731,1730243731,07:15:31 PM,07:15:31 PM,0
2102297,,OXFOADE1,0,1730243760,1730243760,07:16:00 PM,07:16:00 PM,0
2102297,,OXFOELI1,0,1730243802,1730243802,07:16:42 PM,07:16:42 PM,0
2102297,,OXFOELL1,0,1730243840,1730243840,07:17:20 PM,07:17:20 PM,0
2102297,,OXFOGAM1,0,1730243887,1730243887,07:18:07 PM,07:18:07 PM,0
2102297,,OXFOSTE1,0,1730243923,1730243923,07:18:43 PM,07:18:43 PM,0
2102297,,OXFOQUE1,0,1730243944,1730243944,07:19:04 PM,07:19:04 PM,0
2102297,,OXFOSTRA,0,1730243978,1730243978,07:19:38 PM,07:19:38 PM,0
2102297,,OXFOSPIT,0,1730244019,1730244019,07:20:19 PM,07:20:19 PM,0
2102297,,OXFOCLE1,0,1730244057,1730244057,07:20:57 PM,07:20:57 PM,0
2102297,,OXFOEMPI,0,1730244097,1730244097,07:21:37 PM,07:21:37 PM,0
2102297,,OXFOMORN,,,,,,
2102297,,OXFOHIG1,,,,,,
2102297,,OXFOHIG3,,,,,,
2102297,,FANCOLL1,0,1730244300,1730244300,07:25:00 PM,07:25:00 PM,0
2102297,,OXFOSEC1,0,1730244354,1730244354,07:25:54 PM,07:25:54 PM,0
2102297,,OXFOTHI1,0,1730244401,1730244401,07:26:41 PM,07:26:41 PM,0
2102297,,THIROXF2,0,1730244433,1730244433,07:27:13 PM,07:27:13 PM,0
2102297,,THIROFO2,0,1730244456,1730244456,07:27:36 PM,07:27:36 PM,0
2102297,,THIRCUL2,0,1730244480,1730244480,07:28:00 PM,07:28:00 PM,0
2102297,,CULVTHR1,0,1730244498,1730244498,07:28:18 PM,07:28:18 PM,0
2102297,,CULVCUL1,0,1730244537,1730244537,07:28:57 PM,07:28:57 PM,0
2102297,,CULVCUL3,0,1730244562,1730244562,07:29:22 PM,07:29:22 PM,0
2102297,,CULVCUL5,0,1730244603,1730244603,07:30:03 PM,07:30:03 PM,0
2102297,,CULVCLA1,0,1730244646,1730244646,07:30:46 PM,07:30:46 PM,0
2102297,,CLARCULV,0,1730244686,1730244686,07:31:26 PM,07:31:26 PM,0
2102297,,CLARHERB,0,1730244709,1730244709,07:31:49 PM,07:31:49 PM,0
2102297,,CLARPKH2,0,1730244722,1730244722,07:32:02 PM,07:32:02 PM,0
2102297,,CLARAVA2,0,1730244760,1730244760,07:32:40 PM,07:32:40 PM,0
2102297,,CLARDUN2,0,1730244792,1730244792,07:33:12 PM,07:33:12 PM,0
2102297,,CLARWHI2,0,1730244829,1730244829,07:33:49 PM,07:33:49 PM,0
2102297,,ARGYMAL2,0,1730244900,1730244900,07:35:00 PM,07:35:00 PM,0
2102312,,ARGYMAL2,0,1730245320,1730245320,07:42:00 PM,07:42:00 PM,0
2102312,,CLARDUN1,0,1730245386,1730245386,07:43:06 PM,07:43:06 PM,0
2102312,,CLARAVA1,0,1730245415,1730245415,07:43:35 PM,07:43:35 PM,0
2102312,,CLARPKH1,0,1730245450,1730245450,07:44:10 PM,07:44:10 PM,0
2102312,,CLARPACI,0,1730245495,1730245495,07:44:55 PM,07:44:55 PM,0
2102312,,CULVCLA4,0,1730245560,1730245560,07:46:00 PM,07:46:00 PM,0
2102312,,CULVCLA2,0,1730245610,1730245610,07:46:50 PM,07:46:50 PM,0
2102312,,CULVCUL4,0,1730245670,1730245670,07:47:50 PM,07:47:50 PM,0
2102312,,CULVCUL2,0,1730245705,1730245705,07:48:25 PM,07:48:25 PM,0
2102312,,CULVTHR2,0,1730245750,1730245750,07:49:10 PM,07:49:10 PM,0
2102312,,THIRCUL1,0,1730245828,1730245828,07:50:28 PM,07:50:28 PM,0
2102312,,THIROXF1,0,1730245877,1730245877,07:51:17 PM,07:51:17 PM,0
2102312,,OXFOSEC2,0,1730245957,1730245957,07:52:37 PM,07:52:37 PM,0
2102312,,FANCOLL5,0,1730246040,1730246040,07:54:00 PM,07:54:00 PM,0
2102312,,OXFOROE2,0,1730246084,1730246084,07:54:44 PM,07:54:44 PM,0
2102312,,OXFOHIG4,,,,,,
2102312,,OXFOHIG2,,,,,,
2102312,,OXFOWIST,,,,,,
2102312,,OXFOOAKS,0,1730246219,1730246219,07:56:59 PM,07:56:59 PM,0
2102312,,OXFOCLE2,0,1730246263,1730246263,07:57:43 PM,07:57:43 PM,0
2102312,,OXFOLYMA,0,1730246306,1730246306,07:58:26 PM,07:58:26 PM,0
2102312,,OXFOSTUA,0,1730246336,1730246336,07:58:56 PM,07:58:56 PM,0
2102312,,OXFOQUE2,0,1730246376,1730246376,07:59:36 PM,07:59:36 PM,0
2102312,,OXFOSTE2,0,1730246406,1730246406,08:00:06 PM,08:00:06 PM,0
2102312,,OXFOGAM2,0,1730246429,1730246429,08:00:29 PM,08:00:29 PM,0
2102312,,OXFOELL2,0,1730246483,1730246483,08:01:23 PM,08:01:23 PM,0
2102312,,OXFOELI2,0,1730246523,1730246523,08:02:03 PM,08:02:03 PM,0
2102312,,OXFOADE2,0,1730246580,1730246580,08:03:00 PM,08:03:00 PM,0
2102312,,OXFOWIL2,0,1730246617,1730246617,08:03:37 PM,08:03:37 PM,0
2102312,,OXFOMAI2,0,1730246658,1730246658,08:04:18 PM,08:04:18 PM,0
2102312,,OXFOCOL2,0,1730246692,1730246692,08:04:52 PM,08:04:52 PM,0
2102312,,OXFOWAT2,0,1730246730,1730246730,08:05:30 PM,08:05:30 PM,0
2102312,,OXFOWEL2,0,1730246775,1730246775,08:06:15 PM,08:06:15 PM,0
2102312,,OXFORIC2,0,1730246820,1730246820,08:07:00 PM,08:07:00 PM,0
2102312,,OXFOGEO2,0,1730246854,1730246854,08:07:34 PM,08:07:34 PM,0
2102312,,OXFOTAL2,0,1730246884,1730246884,08:08:04 PM,08:08:04 PM,0
2102312,,OXFOGRAC,0,1730246965,1730246965,08:09:25 PM,08:09:25 PM,0
2102312,,OXFOWHA2,0,1730246992,1730246992,08:09:52 PM,08:09:52 PM,0
2102312,,OXFOFERN,0,1730247008,1730247008,08:10:08 PM,08:10:08 PM,0
2102312,,OXFORAT2,0,1730247051,1730247051,08:10:51 PM,08:10:51 PM,0
2102312,,OXFOPLAT,0,1730247120,1730247120,08:12:00 PM,08:12:00 PM,0
2102312,,OXFOCHE2,0,1730247168,1730247168,08:12:48 PM,08:12:48 PM,0
2102312,,OXFOBEA4,0,1730247248,1730247248,08:14:08 PM,08:14:08 PM,0
2102312,,OXFOBEA2,,,,,,
2102312,,OXFOPRO2,0,1730247343,1730247343,08:15:43 PM,08:15:43 PM,0
2102312,,OXFOWON2,0,1730247420,1730247420,08:17:00 PM,08:17:00 PM,0
2102312,,OXFOCAP2,0,1730247456,1730247456,08:17:36 PM,08:17:36 PM,0
2102312,,OXFOLAR2,0,1730247518,1730247518,08:18:38 PM,08:18:38 PM,0
2102312,,OXFOGUI2,0,1730247581,1730247581,08:19:41 PM,08:19:41 PM,0
2102312,,OXFOFRE2,0,1730247639,1730247639,08:20:39 PM,08:20:39 PM,0
2102312,,OXFOGUI3,0,1730247686,1730247686,08:21:26 PM,08:21:26 PM,0
2102312,,OXFOFID2,0,1730247722,1730247722,08:22:02 PM,08:22:02 PM,0
2102312,,OXFOHYD2,0,1730247780,1730247780,08:23:00 PM,08:23:00 PM,0
2102312,,OXFOROY2,0,1730247797,1730247797,08:23:17 PM,08:23:17 PM,0
2102312,,OXFOROY4,0,1730247822,1730247822,08:23:42 PM,08:23:42 PM,0
2102312,,OXFOOLH2,0,1730247854,1730247854,08:24:14 PM,08:24:14 PM,0
2102312,,SANISUT2,0,1730247912,1730247912,08:25:12 PM,08:25:12 PM,0
2102312,,SANIPLY2,0,1730247942,1730247942,08:25:42 PM,08:25:42 PM,0
2102312,,SANIRIV2,0,1730247954,1730247954,08:25:54 PM,08:25:54 PM,0
2102312,,HALLCOMM,0,1730248020,1730248020,08:27:00 PM,08:27:00 PM,0
2102312,,HALLCOMM,0,1730248440,1730248440,08:34:00 PM,08:34:00 PM,0
2102312,,COMMSTEP,0,1730248493,1730248493,08:34:53 PM,08:34:53 PM,0
2102312,,GRIFCOMM,0,1730248531,1730248531,08:35:31 PM,08:35:31 PM,0
2102312,,GRIFHEMO,0,1730248568,1730248568,08:36:08 PM,08:36:08 PM,0
2102312,,GRIFNORM,0,1730248616,1730248616,08:36:56 PM,08:36:56 PM,0
2102312,,BYBAGRIF,0,1730248680,1730248680,08:38:00 PM,08:38:00 PM,0
2102256,,BYBAGRIF,0,1730248680,1730248680,08:38:00 PM,08:38:00 PM,0
2102256,,BYBABELV,0,1730248715,1730248715,08:38:35 PM,08:38:35 PM,0
2102256,,BYBABYRO,0,1730248772,1730248772,08:39:32 PM,08:39:32 PM,0
2102256,,BOLEBASE,0,1730248804,1730248804,08:40:04 PM,08:40:04 PM,0
2102256,,BOLEGLEN,0,1730248859,1730248859,08:40:59 PM,08:40:59 PM,0
2102256,,BOLECOM1,0,1730248887,1730248887,08:41:27 PM,08:41:27 PM,0
2102256,,BOLECOM3,0,1730248920,1730248920,08:42:00 PM,08:42:00 PM,0
2102256,,BOLECOM3,0,1730248920,1730248920,08:42:00 PM,08:42:00 PM,0
2102256,,SANIRIV1,0,1730248980,1730248980,08:43:00 PM,08:43:00 PM,0
2102256,,SANIPLY1,0,1730248988,1730248988,08:43:08 PM,08:43:08 PM,0
2102256,,SANISUT1,0,1730249017,1730249017,08:43:37 PM,08:43:37 PM,0
2102256,,OXFOSAN1,0,1730249055,1730249055,08:44:15 PM,08:44:15 PM,0
2102256,,OXFOOLH1,0,1730249073,1730249073,08:44:33 PM,08:44:33 PM,0
2102256,,OXFOROY3,0,1730249106,1730249106,08:45:06 PM,08:45:06 PM,0
2102256,,OXFOROY1,0,1730249131,1730249131,08:45:31 PM,08:45:31 PM,0
2102256,,OXFOHYD1,0,1730249160,1730249160,08:46:00 PM,08:46:00 PM,0
2102256,,OXFOFID1,0,1730249190,1730249190,08:46:30 PM,08:46:30 PM,0
2102256,,OXFOGUI1,0,1730249239,1730249239,08:47:19 PM,08:47:19 PM,0
2102256,,OXFOFRE1,0,1730249278,1730249278,08:47:58 PM,08:47:58 PM,0
2102256,,OXFOJUNI,0,1730249327,1730249327,08:48:47 PM,08:48:47 PM,0
2102256,,OXFOLAR1,0,1730249399,1730249399,08:49:59 PM,08:49:59 PM,0
2102256,,OXFOCAP1,0,1730249455,1730249455,08:50:55 PM,08:50:55 PM,0
2102256,,OXFOWON1,0,1730249520,1730249520,08:52:00 PM,08:52:00 PM,0
2102256,,OXFOPRO1,0,1730249567,1730249567,08:52:47 PM,08:52:47 PM,0
2102256,,OXFOBEA1,0,1730249642,1730249642,08:54:02 PM,08:54:02 PM,0
2102256,,OXFOCHE1,0,1730249685,1730249685,08:54:45 PM,08:54:45 PM,0
2102256,,OXFOCHE3,0,1730249702,1730249702,08:55:02 PM,08:55:02 PM,0
2102256,,OXFOBRI1,0,1730249760,1730249760,08:56:00 PM,08:56:00 PM,0
2102256,,OXFORAT1,0,1730249827,1730249827,08:57:07 PM,08:57:07 PM,0
2102256,,OXFOWHA1,0,1730249900,1730249900,08:58:20 PM,08:58:20 PM,0
2102256,,OXFOANDR,0,1730249927,1730249927,08:58:47 PM,08:58:47 PM,0
2102256,,OXFOTAL1,0,1730250016,1730250016,09:00:16 PM,09:00:16 PM,0
2102256,,OXFOGEO1,0,1730250064,1730250064,09:01:04 PM,09:01:04 PM,0
2102256,,OXFORIC1,0,1730250120,1730250120,09:02:00 PM,09:02:00 PM,0
2102256,,OXFOWEL1,0,1730250139,1730250139,09:02:19 PM,09:02:19 PM,0
2102256,,OXFOWAT1,0,1730250172,1730250172,09:02:52 PM,09:02:52 PM,0
2102256,,OXFOCOL1,0,1730250204,1730250204,09:03:24 PM,09:03:24 PM,0
2102256,,OXFOMAI1,0,1730250244,1730250244,09:04:04 PM,09:04:04 PM,0
2102256,,OXFOWIL1,0,1730250271,1730250271,09:04:31 PM,09:04:31 PM,0
2102256,,OXFOADE1,0,1730250300,1730250300,09:05:00 PM,09:05:00 PM,0
2102256,,OXFOELI1,0,1730250342,1730250342,09:05:42 PM,09:05:42 PM,0
2102256,,OXFOELL1,0,1730250380,1730250380,09:06:20 PM,09:06:20 PM,0
2102256,,OXFOGAM1,0,1730250427,1730250427,09:07:07 PM,09:07:07 PM,0
2102256,,OXFOSTE1,0,1730250463,1730250463,09:07:43 PM,09:07:43 PM,0
2102256,,OXFOQUE1,0,1730250484,1730250484,09:08:04 PM,09:08:04 PM,0
2102256,,OXFOSTRA,0,1730250518,1730250518,09:08:38 PM,09:08:38 PM,0
2102256,,OXFOSPIT,0,1730250559,1730250559,09:09:19 PM,09:09:19 PM,0
2102256,,OXFOCLE1,0,1730250597,1730250597,09:09:57 PM,09:09:57 PM,0
2102256,,OXFOEMPI,0,1730250637,1730250637,09:10:37 PM,09:10:37 PM,0
2102256,,OXFOMORN,,,,,,
2102256,,OXFOHIG1,,,,,,
2102256,,OXFOHIG3,,,,,,
2102256,,FANCOLL1,0,1730250840,1730250840,09:14:00 PM,09:14:00 PM,0
2102256,,OXFOSEC1,0,1730250891,1730250891,09:14:51 PM,09:14:51 PM,0
2102256,,OXFOTHI1,0,1730250939,1730250939,09:15:39 PM,09:15:39 PM,0
2102256,,THIROXF2,0,1730250972,1730250972,09:16:12 PM,09:16:12 PM,0
2102256,,THIROFO2,0,1730250996,1730250996,09:16:36 PM,09:16:36 PM,0
2102256,,THIRCUL2,0,1730251020,1730251020,09:17:00 PM,09:17:00 PM,0
2102256,,CULVTHR1,0,1730251035,1730251035,09:17:15 PM,09:17:15 PM,0
2102256,,CULVCUL1,0,1730251068,1730251068,09:17:48 PM,09:17:48 PM,0
2102256,,CULVCUL3,0,1730251090,1730251090,09:18:10 PM,09:18:10 PM,0
2102256,,CULVCUL5,0,1730251125,1730251125,09:18:45 PM,09:18:45 PM,0
2102256,,CULVCLA1,0,1730251162,1730251162,09:19:22 PM,09:19:22 PM,0
2102256,,CLARCULV,0,1730251197,1730251197,09:19:57 PM,09:19:57 PM,0
2102256,,CLARHERB,0,1730251216,1730251216,09:20:16 PM,09:20:16 PM,0
2102256,,CLARPKH2,0,1730251227,1730251227,09:20:27 PM,09:20:27 PM,0
2102256,,CLARAVA2,0,1730251259,1730251259,09:20:59 PM,09:20:59 PM,0
2102256,,CLARDUN2,0,1730251286,1730251286,09:21:26 PM,09:21:26 PM,0
2102256,,CLARWHI2,0,1730251318,1730251318,09:21:58 PM,09:21:58 PM,0
2102256,,ARGYMAL2,0,1730251380,1730251380,09:23:00 PM,09:23:00 PM,0
2102309,,ARGYMAL2,0,1730251560,1730251560,09:26:00 PM,09:26:00 PM,0
2102309,,CLARDUN1,0,1730251609,1730251609,09:26:49 PM,09:26:49 PM,0
2102309,,CLARAVA1,0,1730251630,1730251630,09:27:10 PM,09:27:10 PM,0
2102309,,CLARPKH1,0,1730251656,1730251656,09:27:36 PM,09:27:36 PM,0
2102309,,CLARPACI,0,1730251689,1730251689,09:28:09 PM,09:28:09 PM,0
2102309,,CULVCLA4,0,1730251740,1730251740,09:29:00 PM,09:29:00 PM,0
2102309,,CULVCLA2,0,1730251783,1730251783,09:29:43 PM,09:29:43 PM,0
2102309,,CULVCUL4,0,1730251835,1730251835,09:30:35 PM,09:30:35 PM,0
2102309,,CULVCUL2,0,1730251865,1730251865,09:31:05 PM,09:31:05 PM,0
2102309,,CULVTHR2,0,1730251904,1730251904,09:31:44 PM,09:31:44 PM,0
2102309,,THIRCUL1,0,1730251973,1730251973,09:32:53 PM,09:32:53 PM,0
2102309,,THIROXF1,0,1730252015,1730252015,09:33:35 PM,09:33:35 PM,0
2102309,,OXFOSEC2,0,1730252085,1730252085,09:34:45 PM,09:34:45 PM,0
2102309,,FANCOLL5,0,1730252160,1730252160,09:36:00 PM,09:36:00 PM,0
2102309,,OXFOROE2,0,1730252204,1730252204,09:36:44 PM,09:36:44 PM,0
2102309,,OXFOHIG4,,,,,,
2102309,,OXFOHIG2,,,,,,
2102309,,OXFOWIST,,,,,,
2102309,,OXFOOAKS,0,1730252339,1730252339,09:38:59 PM,09:38:59 PM,0
2102309,,OXFOCLE2,0,1730252383,1730252383,09:39:43 PM,09:39:43 PM,0
2102309,,OXFOLYMA,0,1730252426,1730252426,09:40:26 PM,09:40:26 PM,0
2102309,,OXFOSTUA,0,1730252456,1730252456,09:40:56 PM,09:40:56 PM,0
2102309,,OXFOQUE2,0,1730252496,1730252496,09:41:36 PM,09:41:36 PM,0
2102309,,OXFOSTE2,0,1730252526,1730252526,09:42:06 PM,09:42:06 PM,0
2102309,,OXFOGAM2,0,1730252549,1730252549,09:42:29 PM,09:42:29 PM,0
2102309,,OXFOELL2,0,1730252603,1730252603,09:43:23 PM,09:43:23 PM,0
2102309,,OXFOELI2,0,1730252643,1730252643,09:44:03 PM,09:44:03 PM,0
2102309,,OXFOADE2,0,1730252700,1730252700,09:45:00 PM,09:45:00 PM,0
2102309,,OXFOWIL2,0,1730252727,1730252727,09:45:27 PM,09:45:27 PM,0
2102309,,OXFOMAI2,0,1730252758,1730252758,09:45:58 PM,09:45:58 PM,0
2102309,,OXFOCOL2,0,1730252783,1730252783,09:46:23 PM,09:46:23 PM,0
2102309,,OXFOWAT2,0,1730252811,1730252811,09:46:51 PM,09:46:51 PM,0
2102309,,OXFOWEL2,0,1730252844,1730252844,09:47:24 PM,09:47:24 PM,0
2102309,,OXFORIC2,0,1730252880,1730252880,09:48:00 PM,09:48:00 PM,0
2102309,,OXFOGEO2,0,1730252907,1730252907,09:48:27 PM,09:48:27 PM,0
2102309,,OXFOTAL2,0,1730252931,1730252931,09:48:51 PM,09:48:51 PM,0
2102309,,OXFOGRAC,0,1730252996,1730252996,09:49:56 PM,09:49:56 PM,0
2102309,,OXFOWHA2,0,1730253017,1730253017,09:50:17 PM,09:50:17 PM,0
2102309,,OXFOFERN,0,1730253029,1730253029,09:50:29 PM,09:50:29 PM,0
2102309,,OXFORAT2,0,1730253064,1730253064,09:51:04 PM,09:51:04 PM,0
2102309,,OXFOPLAT,0,1730253120,1730253120,09:52:00 PM,09:52:00 PM,0
2102309,,OXFOCHE2,0,1730253159,1730253159,09:52:39 PM,09:52:39 PM,0
2102309,,OXFOBEA4,0,1730253223,1730253223,09:53:43 PM,09:53:43 PM,0
2102309,,OXFOBEA2,,,,,,
2102309,,OXFOPRO2,0,1730253299,1730253299,09:54:59 PM,09:54:59 PM,0
2102309,,OXFOWON2,0,1730253360,1730253360,09:56:00 PM,09:56:00 PM,0
2102309,,OXFOCAP2,0,1730253390,1730253390,09:56:30 PM,09:56:30 PM,0
2102309,,OXFOLAR2,0,1730253442,1730253442,09:57:22 PM,09:57:22 PM,0
2102309,,OXFOGUI2,0,1730253494,1730253494,09:58:14 PM,09:58:14 PM,0
2102309,,OXFOFRE2,0,1730253542,1730253542,09:59:02 PM,09:59:02 PM,0
2102309,,OXFOGUI3,0,1730253581,1730253581,09:59:41 PM,09:59:41 PM,0
2102309,,OXFOFID2,0,1730253611,1730253611,10:00:11 PM,10:00:11 PM,0
2102309,,OXFOHYD2,0,1730253660,1730253660,10:01:00 PM,10:01:00 PM,0
2102309,,OXFOROY2,0,1730253673,1730253673,10:01:13 PM,10:01:13 PM,0
2102309,,OXFOROY4,0,1730253692,1730253692,10:01:32 PM,10:01:32 PM,0
2102309,,OXFOOLH2,0,1730253716,1730253716,10:01:56 PM,10:01:56 PM,0
2102309,,SANISUT2,0,1730253759,1730253759,10:02:39 PM,10:02:39 PM,0
2102309,,SANIPLY2,0,1730253781,1730253781,10:03:01 PM,10:03:01 PM,0
2102309,,SANIRIV2,0,1730253790,1730253790,10:03:10 PM,10:03:10 PM,0
2102309,,HALLCOMM,0,1730253840,1730253840,10:04:00 PM,10:04:00 PM,0
2102309,,HALLCOMM,0,1730254140,1730254140,10:09:00 PM,10:09:00 PM,0
2102309,,COMMSTEP,0,1730254193,1730254193,10:09:53 PM,10:09:53 PM,0
2102309,,GRIFCOMM,0,1730254231,1730254231,10:10:31 PM,10:10:31 PM,0
2102309,,GRIFHEMO,0,1730254268,1730254268,10:11:08 PM,10:11:08 PM,0
2102309,,GRIFNORM,0,1730254316,1730254316,10:11:56 PM,10:11:56 PM,0
2102309,,BYBAGRIF,0,1730254380,1730254380,10:13:00 PM,10:13:00 PM,0
2102252,,BYBAGRIF,0,1730254380,1730254380,10:13:00 PM,10:13:00 PM,0
2102252,,BYBABELV,0,1730254415,1730254415,10:13:35 PM,10:13:35 PM,0
2102252,,BYBABYRO,0,1730254472,1730254472,10:14:32 PM,10:14:32 PM,0
2102252,,BOLEBASE,0,1730254504,1730254504,10:15:04 PM,10:15:04 PM,0
2102252,,BOLEGLEN,0,1730254559,1730254559,10:15:59 PM,10:15:59 PM,0
2102252,,BOLECOM1,0,1730254587,1730254587,10:16:27 PM,10:16:27 PM,0
2102252,,BOLECOM3,0,1730254620,1730254620,10:17:00 PM,10:17:00 PM,0
2102252,,BOLECOM3,0,1730254620,1730254620,10:17:00 PM,10:17:00 PM,0
2102252,,SANIRIV1,0,1730254680,1730254680,10:18:00 PM,10:18:00 PM,0
2102252,,SANIPLY1,0,1730254688,1730254688,10:18:08 PM,10:18:08 PM,0
2102252,,SANISUT1,0,1730254717,1730254717,10:18:37 PM,10:18:37 PM,0
2102252,,OXFOSAN1,0,1730254755,1730254755,10:19:15 PM,10:19:15 PM,0
2102252,,OXFOOLH1,0,1730254773,1730254773,10:19:33 PM,10:19:33 PM,0
2102252,,OXFOROY3,0,1730254806,1730254806,10:20:06 PM,10:20:06 PM,0
2102252,,OXFOROY1,0,1730254831,1730254831,10:20:31 PM,10:20:31 PM,0
2102252,,OXFOHYD1,0,1730254860,1730254860,10:21:00 PM,10:21:00 PM,0
2102252,,OXFOFID1,0,1730254885,1730254885,10:21:25 PM,10:21:25 PM,0
2102252,,OXFOGUI1,0,1730254926,1730254926,10:22:06 PM,10:22:06 PM,0
2102252,,OXFOFRE1,0,1730254958,1730254958,10:22:38 PM,10:22:38 PM,0
2102252,,OXFOJUNI,0,1730254999,1730254999,10:23:19 PM,10:23:19 PM,0
2102252,,OXFOLAR1,0,1730255059,1730255059,10:24:19 PM,10:24:19 PM,0
2102252,,OXFOCAP1,0,1730255105,1730255105,10:25:05 PM,10:25:05 PM,0
2102252,,OXFOWON1,0,1730255160,1730255160,10:26:00 PM,10:26:00 PM,0
2102252,,OXFOPRO1,0,1730255207,1730255207,10:26:47 PM,10:26:47 PM,0
2102252,,OXFOBEA1,0,1730255282,1730255282,10:28:02 PM,10:28:02 PM,0
2102252,,OXFOCHE1,0,1730255325,1730255325,10:28:45 PM,10:28:45 PM,0
2102252,,OXFOCHE3,0,1730255342,1730255342,10:29:02 PM,10:29:02 PM,0
2102252,,OXFOBRI1,0,1730255400,1730255400,10:30:00 PM,10:30:00 PM,0
2102252,,OXFORAT1,0,1730255456,1730255456,10:30:56 PM,10:30:56 PM,0
2102252,,OXFOWHA1,0,1730255517,1730255517,10:31:57 PM,10:31:57 PM,0
2102252,,OXFOANDR,0,1730255540,1730255540,10:32:20 PM,10:32:20 PM,0
2102252,,OXFOTAL1,0,1730255614,1730255614,10:33:34 PM,10:33:34 PM,0
2102252,,OXFOGEO1,0,1730255654,1730255654,10:34:14 PM,10:34:14 PM,0
2102252,,OXFORIC1,0,1730255700,1730255700,10:35:00 PM,10:35:00 PM,0
2102252,,OXFOWEL1,0,1730255719,1730255719,10:35:19 PM,10:35:19 PM,0
2102252,,OXFOWAT1,0,1730255752,1730255752,10:35:52 PM,10:35:52 PM,0
2102252,,OXFOCOL1,0,1730255784,1730255784,10:36:24 PM,10:36:24 PM,0
2102252,,OXFOMAI1,0,1730255824,1730255824,10:37:04 PM,10:37:04 PM,0
2102252,,OXFOWIL1,0,1730255851,1730255851,10:37:31 PM,10:37:31 PM,0
2102252,,OXFOADE1,0,1730255880,1730255880,10:38:00 PM,10:38:00 PM,0
2102252,,OXFOELI1,0,1730255922,1730255922,10:38:42 PM,10:38:42 PM,0
2102252,,OXFOELL1,0,1730255960,1730255960,10:39:20 PM,10:39:20 PM,0
2102252,,OXFOGAM1,0,1730256007,1730256007,10:40:07 PM,10:40:07 PM,0
2102252,,OXFOSTE1,0,1730256043,1730256043,10:40:43 PM,10:40:43 PM,0
2102252,,OXFOQUE1,0,1730256064,1730256064,10:41:04 PM,10:41:04 PM,0
2102252,,OXFOSTRA,0,1730256098,1730256098,10:41:38 PM,10:41:38 PM,0
2102252,,OXFOSPIT,0,1730256139,1730256139,10:42:19 PM,10:42:19 PM,0
2102252,,OXFOCLE1,0,1730256177,1730256177,10:42:57 PM,10:42:57 PM,0
2102252,,OXFOEMPI,0,1730256217,1730256217,10:43:37 PM,10:43:37 PM,0
2102252,,OXFOMORN,,,,,,
2102252,,OXFOHIG1,,,,,,
2102252,,OXFOHIG3,,,,,,
2102252,,FANCOLL1,0,1730256420,1730256420,10:47:00 PM,10:47:00 PM,0
2102252,,OXFOSEC1,0,1730256471,1730256471,10:47:51 PM,10:47:51 PM,0
2102252,,OXFOTHI1,0,1730256519,1730256519,10:48:39 PM,10:48:39 PM,0
2102252,,THIROXF2,0,1730256552,1730256552,10:49:12 PM,10:49:12 PM,0
2102252,,THIROFO2,0,1730256576,1730256576,10:49:36 PM,10:49:36 PM,0
2102252,,THIRCUL2,0,1730256600,1730256600,10:50:00 PM,10:50:00 PM,0
2102252,,CULVTHR1,0,1730256615,1730256615,10:50:15 PM,10:50:15 PM,0
2102252,,CULVCUL1,0,1730256648,1730256648,10:50:48 PM,10:50:48 PM,0
2102252,,CULVCUL3,0,1730256670,1730256670,10:51:10 PM,10:51:10 PM,0
2102252,,CULVCUL5,0,1730256705,1730256705,10:51:45 PM,10:51:45 PM,0
2102252,,CULVCLA1,0,1730256742,1730256742,10:52:22 PM,10:52:22 PM,0
2102252,,CLARCULV,0,1730256777,1730256777,10:52:57 PM,10:52:57 PM,0
2102252,,CLARHERB,0,1730256796,1730256796,10:53:16 PM,10:53:16 PM,0
2102252,,CLARPKH2,0,1730256807,1730256807,10:53:27 PM,10:53:27 PM,0
2102252,,CLARAVA2,0,1730256839,1730256839,10:53:59 PM,10:53:59 PM,0
2102252,,CLARDUN2,0,1730256866,1730256866,10:54:26 PM,10:54:26 PM,0
2102252,,CLARWHI2,0,1730256898,1730256898,10:54:58 PM,10:54:58 PM,0
2102252,,ARGYMAL2,0,1730256960,1730256960,10:56:00 PM,10:56:00 PM,0
2102360,,ARGYMAL2,0,1730257260,1730257260,11:01:00 PM,11:01:00 PM,0
2102360,,CLARDUN1,0,1730257309,1730257309,11:01:49 PM,11:01:49 PM,0
2102360,,CLARAVA1,0,1730257330,1730257330,11:02:10 PM,11:02:10 PM,0
2102360,,CLARPKH1,0,1730257356,1730257356,11:02:36 PM,11:02:36 PM,0
2102360,,CLARPACI,0,1730257389,1730257389,11:03:09 PM,11:03:09 PM,0
2102360,,CULVCLA4,0,1730257440,1730257440,11:04:00 PM,11:04:00 PM,0
2102360,,CULVCLA2,0,1730257483,1730257483,11:04:43 PM,11:04:43 PM,0
2102360,,CULVCUL4,0,1730257535,1730257535,11:05:35 PM,11:05:35 PM,0
2102360,,CULVCUL2,0,1730257565,1730257565,11:06:05 PM,11:06:05 PM,0
2102360,,CULVTHR2,0,1730257604,1730257604,11:06:44 PM,11:06:44 PM,0
2102360,,THIRCUL1,0,1730257673,1730257673,11:07:53 PM,11:07:53 PM,0
2102360,,THIROXF1,0,1730257715,1730257715,11:08:35 PM,11:08:35 PM,0
2102360,,OXFOSEC2,0,1730257785,1730257785,11:09:45 PM,11:09:45 PM,0
2102360,,FANCOLL5,0,1730257860,1730257860,11:11:00 PM,11:11:00 PM,0
2102360,,OXFOROE2,0,1730257904,1730257904,11:11:44 PM,11:11:44 PM,0
2102360,,OXFOHIG4,,,,,,
2102360,,OXFOHIG2,,,,,,
2102360,,OXFOWIST,,,,,,
2102360,,OXFOOAKS,0,1730258039,1730258039,11:13:59 PM,11:13:59 PM,0
2102360,,OXFOCLE2,0,1730258083,1730258083,11:14:43 PM,11:14:43 PM,0
2102360,,OXFOLYMA,0,1730258126,1730258126,11:15:26 PM,11:15:26 PM,0
2102360,,OXFOSTUA,0,1730258156,1730258156,11:15:56 PM,11:15:56 PM,0
2102360,,OXFOQUE2,0,1730258196,1730258196,11:16:36 PM,11:16:36 PM,0
2102360,,OXFOSTE2,0,1730258226,1730258226,11:17:06 PM,11:17:06 PM,0
2102360,,OXFOGAM2,0,1730258249,1730258249,11:17:29 PM,11:17:29 PM,0
2102360,,OXFOELL2,0,1730258303,1730258303,11:18:23 PM,11:18:23 PM,0
2102360,,OXFOELI2,0,1730258343,1730258343,11:19:03 PM,11:19:03 PM,0
2102360,,OXFOADE2,0,1730258400,1730258400,11:20:00 PM,11:20:00 PM,0
2102360,,OXFOWIL2,0,1730258427,1730258427,11:20:27 PM,11:20:27 PM,0
2102360,,OXFOMAI2,0,1730258458,1730258458,11:20:58 PM,11:20:58 PM,0
2102360,,OXFOCOL2,0,1730258483,1730258483,11:21:23 PM,11:21:23 PM,0
2102360,,OXFOWAT2,0,1730258511,1730258511,11:21:51 PM,11:21:51 PM,0
2102360,,OXFOWEL2,0,1730258544,1730258544,11:22:24 PM,11:22:24 PM,0
2102360,,OXFORIC2,0,1730258580,1730258580,11:23:00 PM,11:23:00 PM,0
2102360,,OXFOGEO2,0,1730258607,1730258607,11:23:27 PM,11:23:27 PM,0
2102360,,OXFOTAL2,0,1730258631,1730258631,11:23:51 PM,11:23:51 PM,0
2102360,,OXFOGRAC,0,1730258696,1730258696,11:24:56 PM,11:24:56 PM,0
2102360,,OXFOWHA2,0,1730258717,1730258717,11:25:17 PM,11:25:17 PM,0
2102360,,OXFOFERN,0,1730258729,1730258729,11:25:29 PM,11:25:29 PM,0
2102360,,OXFORAT2,0,1730258764,1730258764,11:26:04 PM,11:26:04 PM,0
2102360,,OXFOPLAT,0,1730258820,1730258820,11:27:00 PM,11:27:00 PM,0
2102360,,OXFOCHE2,0,1730258859,1730258859,11:27:39 PM,11:27:39 PM,0
2102360,,OXFOBEA4,0,1730258923,1730258923,11:28:43 PM,11:28:43 PM,0
2102360,,OXFOBEA2,,,,,,
2102360,,OXFOPRO2,0,1730258999,1730258999,11:29:59 PM,11:29:59 PM,0
2102360,,OXFOWON2,0,1730259060,1730259060,11:31:00 PM,11:31:00 PM,0
2102360,,OXFOCAP2,0,1730259090,1730259090,11:31:30 PM,11:31:30 PM,0
2102360,,OXFOLAR2,0,1730259142,1730259142,11:32:22 PM,11:32:22 PM,0
2102360,,OXFOGUI2,0,1730259194,1730259194,11:33:14 PM,11:33:14 PM,0
2102360,,OXFOFRE2,0,1730259242,1730259242,11:34:02 PM,11:34:02 PM,0
2102360,,OXFOGUI3,0,1730259281,1730259281,11:34:41 PM,11:34:41 PM,0
2102360,,OXFOFID2,0,1730259311,1730259311,11:35:11 PM,11:35:11 PM,0
2102360,,OXFOHYD2,0,1730259360,1730259360,11:36:00 PM,11:36:00 PM,0
2102360,,OXFOROY2,0,1730259373,1730259373,11:36:13 PM,11:36:13 PM,0
2102360,,OXFOROY4,0,1730259392,1730259392,11:36:32 PM,11:36:32 PM,0
2102360,,OXFOOLH2,0,1730259416,1730259416,11:36:56 PM,11:36:56 PM,0
2102360,,SANISUT2,0,1730259459,1730259459,11:37:39 PM,11:37:39 PM,0
2102360,,SANIPLY2,0,1730259481,1730259481,11:38:01 PM,11:38:01 PM,0
2102360,,SANIRIV2,0,1730259490,1730259490,11:38:10 PM,11:38:10 PM,0
2102360,,HALLCOMM,0,1730259540,1730259540,11:39:00 PM,11:39:00 PM,0
2102360,,HALLCOMM,0,1730259840,1730259840,11:44:00 PM,11:44:00 PM,0
2102360,,COMMSTEP,0,1730259893,1730259893,11:44:53 PM,11:44:53 PM,0
2102360,,GRIFCOMM,0,1730259931,1730259931,11:45:31 PM,11:45:31 PM,0
2102360,,GRIFHEMO,0,1730259968,1730259968,11:46:08 PM,11:46:08 PM,0
2102360,,GRIFNORM,0,1730260016,1730260016,11:46:56 PM,11:46:56 PM,0
2102360,,BYBAGRIF,0,1730260080,1730260080,11:48:00 PM,11:48:00 PM,0
2102301,,BYBAGRIF,0,1730260080,1730260080,11:48:00 PM,11:48:00 PM,0
2102301,,BYBABELV,0,1730260115,1730260115,11:48:35 PM,11:48:35 PM,0
2102301,,BYBABYRO,0,1730260172,1730260172,11:49:32 PM,11:49:32 PM,0
2102301,,BOLEBASE,0,1730260204,1730260204,11:50:04 PM,11:50:04 PM,0
2102301,,BOLEGLEN,0,1730260259,1730260259,11:50:59 PM,11:50:59 PM,0
2102301,,BOLECOM1,0,1730260287,1730260287,11:51:27 PM,11:51:27 PM,0
2102301,,BOLECOM3,0,1730260320,1730260320,11:52:00 PM,11:52:00 PM,0
2102301,,BOLECOM3,0,1730260320,1730260320,11:52:00 PM,11:52:00 PM,0
2102301,,SANIRIV1,0,1730260380,1730260380,11:53:00 PM,11:53:00 PM,0
2102301,,SANIPLY1,0,1730260388,1730260388,11:53:08 PM,11:53:08 PM,0
2102301,,SANISUT1,0,1730260417,1730260417,11:53:37 PM,11:53:37 PM,0
2102301,,OXFOSAN1,0,1730260455,1730260455,11:54:15 PM,11:54:15 PM,0
2102301,,OXFOOLH1,0,1730260473,1730260473,11:54:33 PM,11:54:33 PM,0
2102301,,OXFOROY3,0,1730260506,1730260506,11:55:06 PM,11:55:06 PM,0
2102301,,OXFOROY1,0,1730260531,1730260531,11:55:31 PM,11:55:31 PM,0
2102301,,OXFOHYD1,0,1730260560,1730260560,11:56:00 PM,11:56:00 PM,0
2102301,,OXFOFID1,0,1730260585,1730260585,11:56:25 PM,11:56:25 PM,0
2102301,,OXFOGUI1,0,1730260626,1730260626,11:57:06 PM,11:57:06 PM,0
2102301,,OXFOFRE1,0,1730260658,1730260658,11:57:38 PM,11:57:38 PM,0
2102301,,OXFOJUNI,0,1730260699,1730260699,11:58:19 PM,11:58:19 PM,0
2102301,,OXFOLAR1,0,1730260759,1730260759,11:59:19 PM,11:59:19 PM,0
2102301,,OXFOCAP1,0,1730260805,1730260805,12:00:05 AM,12:00:05 AM,0
2102301,,OXFOWON1,0,1730260860,1730260860,12:01:00 AM,12:01:00 AM,0
2102301,,OXFOPRO1,0,1730260907,1730260907,12:01:47 AM,12:01:47 AM,0
2102301,,OXFOBEA1,0,1730260982,1730260982,12:03:02 AM,12:03:02 AM,0
2102301,,OXFOCHE1,0,1730261025,1730261025,12:03:45 AM,12:03:45 AM,0
2102301,,OXFOCHE3,0,1730261042,1730261042,12:04:02 AM,12:04:02 AM,0
2102301,,OXFOBRI1,0,1730261100,1730261100,12:05:00 AM,12:05:00 AM,0
2102301,,OXFORAT1,0,1730261156,1730261156,12:05:56 AM,12:05:56 AM,0
2102301,,OXFOWHA1,0,1730261217,1730261217,12:06:57 AM,12:06:57 AM,0
2102301,,OXFOANDR,0,1730261240,1730261240,12:07:20 AM,12:07:20 AM,0
2102301,,OXFOTAL1,0,1730261314,1730261314,12:08:34 AM,12:08:34 AM,0
2102301,,OXFOGEO1,0,1730261354,1730261354,12:09:14 AM,12:09:14 AM,0
2102301,,OXFORIC1,0,1730261400,1730261400,12:10:00 AM,12:10:00 AM,0
2102301,,OXFOWEL1,0,1730261419,1730261419,12:10:19 AM,12:10:19 AM,0
2102301,,OXFOWAT1,0,1730261452,1730261452,12:10:52 AM,12:10:52 AM,0
2102301,,OXFOCOL1,0,1730261484,1730261484,12:11:24 AM,12:11:24 AM,0
2102301,,OXFOMAI1,0,1730261524,1730261524,12:12:04 AM,12:12:04 AM,0
2102301,,OXFOWIL1,0,1730261551,1730261551,12:12:31 AM,12:12:31 AM,0
2102301,,OXFOADE1,0,1730261580,1730261580,12:13:00 AM,12:13:00 AM,0
2102301,,OXFOELI1,0,1730261622,1730261622,12:13:42 AM,12:13:42 AM,0
2102301,,OXFOELL1,0,1730261660,1730261660,12:14:20 AM,12:14:20 AM,0
2102301,,OXFOGAM1,0,1730261707,1730261707,12:15:07 AM,12:15:07 AM,0
2102301,,OXFOSTE1,0,1730261743,1730261743,12:15:43 AM,12:15:43 AM,0
2102301,,OXFOQUE1,0,1730261764,1730261764,12:16:04 AM,12:16:04 AM,0
2102301,,OXFOSTRA,0,1730261798,1730261798,12:16:38 AM,12:16:38 AM,0
2102301,,OXFOSPIT,0,1730261839,1730261839,12:17:19 AM,12:17:19 AM,0
2102301,,OXFOCLE1,0,1730261877,1730261877,12:17:57 AM,12:17:57 AM,0
2102301,,OXFOEMPI,0,1730261917,1730261917,12:18:37 AM,12:18:37 AM,0
2102301,,OXFOMORN,,,,,,
2102301,,OXFOHIG1,,,,,,
2102301,,OXFOHIG3,,,,,,
2102301,,FANCOLL1,0,1730262120,1730262120,12:22:00 AM,12:22:00 AM,0
2102301,,OXFOSEC1,0,1730262171,1730262171,12:22:51 AM,12:22:51 AM,0
2102301,,OXFOTHI1,0,1730262219,1730262219,12:23:39 AM,12:23:39 AM,0
2102301,,THIROXF2,0,1730262252,1730262252,12:24:12 AM,12:24:12 AM,0
2102301,,THIROFO2,0,1730262276,1730262276,12:24:36 AM,12:24:36 AM,0
2102301,,THIRCUL2,0,1730262300,1730262300,12:25:00 AM,12:25:00 AM,0
2102301,,CULVTHR1,0,1730262315,1730262315,12:25:15 AM,12:25:15 AM,0
2102301,,CULVCUL1,0,1730262348,1730262348,12:25:48 AM,12:25:48 AM,0
2102301,,CULVCUL3,0,1730262370,1730262370,12:26:10 AM,12:26:10 AM,0
2102301,,CULVCUL5,0,1730262405,1730262405,12:26:45 AM,12:26:45 AM,0
2102301,,CULVCLA1,0,1730262442,1730262442,12:27:22 AM,12:27:22 AM,0
2102301,,CLARCULV,0,1730262477,1730262477,12:27:57 AM,12:27:57 AM,0
2102301,,CLARHERB,0,1730262496,1730262496,12:28:16 AM,12:28:16 AM,0
2102301,,CLARPKH2,0,1730262507,1730262507,12:28:27 AM,12:28:27 AM,0
2102301,,CLARAVA2,0,1730262539,1730262539,12:28:59 AM,12:28:59 AM,0
2102301,,CLARDUN2,0,1730262566,1730262566,12:29:26 AM,12:29:26 AM,0
2102301,,CLARWHI2,0,1730262598,1730262598,12:29:58 AM,12:29:58 AM,0
2102301,,ARGYMAL2,0,1730262660,1730262660,12:31:00 AM,12:31:00 AM,0
2102364,,ARGYMAL2,0,1730263080,1730263080,12:38:00 AM,12:38:00 AM,0
2102364,,CLARDUN1,0,1730263129,1730263129,12:38:49 AM,12:38:49 AM,0
2102364,,CLARAVA1,0,1730263150,1730263150,12:39:10 AM,12:39:10 AM,0
2102364,,CLARPKH1,0,1730263176,1730263176,12:39:36 AM,12:39:36 AM,0
2102364,,CLARPACI,0,1730263209,1730263209,12:40:09 AM,12:40:09 AM,0
2102364,,CULVCLA4,0,1730263260,1730263260,12:41:00 AM,12:41:00 AM,0
2102364,,CULVCLA2,0,1730263303,1730263303,12:41:43 AM,12:41:43 AM,0
2102364,,CULVCUL4,0,1730263355,1730263355,12:42:35 AM,12:42:35 AM,0
2102364,,CULVCUL2,0,1730263385,1730263385,12:43:05 AM,12:43:05 AM,0
2102364,,CULVTHR2,0,1730263424,1730263424,12:43:44 AM,12:43:44 AM,0
2102364,,THIRCUL1,0,1730263493,1730263493,12:44:53 AM,12:44:53 AM,0
2102364,,THIROXF1,0,1730263535,1730263535,12:45:35 AM,12:45:35 AM,0
2102364,,OXFOSEC2,0,1730263605,1730263605,12:46:45 AM,12:46:45 AM,0
2102364,,FANCOLL5,0,1730263680,1730263680,12:48:00 AM,12:48:00 AM,0
2102364,,OXFOROE2,0,1730263724,1730263724,12:48:44 AM,12:48:44 AM,0
2102364,,OXFOHIG4,,,,,,
2102364,,OXFOHIG2,,,,,,
2102364,,OXFOWIST,,,,,,
2102364,,OXFOOAKS,0,1730263859,1730263859,12:50:59 AM,12:50:59 AM,0
2102364,,OXFOCLE2,0,1730263903,1730263903,12:51:43 AM,12:51:43 AM,0
2102364,,OXFOLYMA,0,1730263946,1730263946,12:52:26 AM,12:52:26 AM,0
2102364,,OXFOSTUA,0,1730263976,1730263976,12:52:56 AM,12:52:56 AM,0
2102364,,OXFOQUE2,0,1730264016,1730264016,12:53:36 AM,12:53:36 AM,0
2102364,,OXFOSTE2,0,1730264046,1730264046,12:54:06 AM,12:54:06 AM,0
2102364,,OXFOGAM2,0,1730264069,1730264069,12:54:29 AM,12:54:29 AM,0
2102364,,OXFOELL2,0,1730264123,1730264123,12:55:23 AM,12:55:23 AM,0
2102364,,OXFOELI2,0,1730264163,1730264163,12:56:03 AM,12:56:03 AM,0
2102364,,OXFOADE2,0,1730264220,1730264220,12:57:00 AM,12:57:00 AM,0
2102364,,OXFOWIL2,0,1730264247,1730264247,12:57:27 AM,12:57:27 AM,0
2102364,,OXFOMAI2,0,1730264278,1730264278,12:57:58 AM,12:57:58 AM,0
2102364,,OXFOCOL2,0,1730264303,1730264303,12:58:23 AM,12:58:23 AM,0
2102364,,OXFOWAT2,0,1730264331,1730264331,12:58:51 AM,12:58:51 AM,0
2102364,,OXFOWEL2,0,1730264364,1730264364,12:59:24 AM,12:59:24 AM,0
2102364,,OXFORIC2,0,1730264400,1730264400,01:00:00 AM,01:00:00 AM,0
2102364,,OXFOGEO2,0,1730264427,1730264427,01:00:27 AM,01:00:27 AM,0
2102364,,OXFOTAL2,0,1730264451,1730264451,01:00:51 AM,01:00:51 AM,0
2102364,,OXFOGRAC,0,1730264516,1730264516,01:01:56 AM,01:01:56 AM,0
2102364,,OXFOWHA2,0,1730264537,1730264537,01:02:17 AM,01:02:17 AM,0
2102364,,OXFOFERN,0,1730264549,1730264549,01:02:29 AM,01:02:29 AM,0
2102364,,OXFORAT2,0,1730264584,1730264584,01:03:04 AM,01:03:04 AM,0
2102364,,OXFOPLAT,0,1730264640,1730264640,01:04:00 AM,01:04:00 AM,0
2102364,,OXFOCHE2,0,1730264679,1730264679,01:04:39 AM,01:04:39 AM,0
2102364,,OXFOBEA4,0,1730264743,1730264743,01:05:43 AM,01:05:43 AM,0
2102364,,OXFOBEA2,,,,,,
2102364,,OXFOPRO2,0,1730264819,1730264819,01:06:59 AM,01:06:59 AM,0
2102364,,OXFOWON2,0,1730264880,1730264880,01:08:00 AM,01:08:00 AM,0
2102364,,OXFOCAP2,0,1730264910,1730264910,01:08:30 AM,01:08:30 AM,0
2102364,,OXFOLAR2,0,1730264962,1730264962,01:09:22 AM,01:09:22 AM,0
2102364,,OXFOGUI2,0,1730265014,1730265014,01:10:14 AM,01:10:14 AM,0
2102364,,OXFOFRE2,0,1730265062,1730265062,01:11:02 AM,01:11:02 AM,0
2102364,,OXFOGUI3,0,1730265101,1730265101,01:11:41 AM,01:11:41 AM,0
2102364,,OXFOFID2,0,1730265131,1730265131,01:12:11 AM,01:12:11 AM,0
2102364,,OXFOHYD2,0,1730265180,1730265180,01:13:00 AM,01:13:00 AM,0
2102364,,OXFOROY2,0,1730265193,1730265193,01:13:13 AM,01:13:13 AM,0
2102364,,OXFOROY4,0,1730265212,1730265212,01:13:32 AM,01:13:32 AM,0
2102364,,OXFOOLH2,0,1730265236,1730265236,01:13:56 AM,01:13:56 AM,0
2102364,,SANISUT2,0,1730265279,1730265279,01:14:39 AM,01:14:39 AM,0
2102364,,SANIPLY2,0,1730265301,1730265301,01:15:01 AM,01:15:01 AM,0
2102364,,SANIRIV2,0,1730265310,1730265310,01:15:10 AM,01:15:10 AM,0
2102364,,HALLCOMM,0,1730265360,1730265360,01:16:00 AM,01:16:00 AM,0
2102364,,HALLCOMM,0,1730265660,1730265660,01:21:00 AM,01:21:00 AM,0
2102364,,COMMSTEP,0,1730265713,1730265713,01:21:53 AM,01:21:53 AM,0
2102364,,GRIFCOMM,0,1730265751,1730265751,01:22:31 AM,01:22:31 AM,0
2102364,,GRIFHEMO,0,1730265788,1730265788,01:23:08 AM,01:23:08 AM,0
2102364,,GRIFNORM,0,1730265836,1730265836,01:23:56 AM,01:23:56 AM,0
2102364,,BYBAGRIF,0,1730265900,1730265900,01:25:00 AM,01:25:00 AM,0
2102287,,BYBAGRIF,0,1730229480,1730229480,03:18:00 PM,03:18:00 PM,0
2102287,,BYBABELV,0,1730229524,1730229524,03:18:44 PM,03:18:44 PM,0
2102287,,BYBABYRO,0,1730229596,1730229596,03:19:56 PM,03:19:56 PM,0
2102287,,BOLEBASE,0,1730229637,1730229637,03:20:37 PM,03:20:37 PM,0
2102287,,BOLEGLEN,0,1730229705,1730229705,03:21:45 PM,03:21:45 PM,0
2102287,,BOLECOM1,0,1730229740,1730229740,03:22:20 PM,03:22:20 PM,0
2102287,,BOLECOM3,0,1730229780,1730229780,03:23:00 PM,03:23:00 PM,0
2102287,,BOLECOM3,0,1730229780,1730229780,03:23:00 PM,03:23:00 PM,0
2102287,,SANIRIV1,0,1730229856,1730229856,03:24:16 PM,03:24:16 PM,0
2102287,,SANIPLY1,0,1730229867,1730229867,03:24:27 PM,03:24:27 PM,0
2102287,,SANISUT1,0,1730229903,1730229903,03:25:03 PM,03:25:03 PM,0
2102287,,OXFOSAN1,0,1730229951,1730229951,03:25:51 PM,03:25:51 PM,0
2102287,,OXFOOLH1,0,1730229973,1730229973,03:26:13 PM,03:26:13 PM,0
2102287,,OXFOROY3,0,1730230015,1730230015,03:26:55 PM,03:26:55 PM,0
2102287,,OXFOROY1,0,1730230047,1730230047,03:27:27 PM,03:27:27 PM,0
2102287,,OXFOHYD1,0,1730230080,1730230080,03:28:00 PM,03:28:00 PM,0
2102287,,OXFOFID1,0,1730230115,1730230115,03:28:35 PM,03:28:35 PM,0
2102287,,OXFOGUI1,0,1730230172,1730230172,03:29:32 PM,03:29:32 PM,0
2102287,,OXFOFRE1,0,1730230217,1730230217,03:30:17 PM,03:30:17 PM,0
2102287,,OXFOJUNI,0,1730230275,1730230275,03:31:15 PM,03:31:15 PM,0
2102287,,OXFOLAR1,0,1730230360,1730230360,03:32:40 PM,03:32:40 PM,0
2102287,,OXFOCAP1,0,1730230425,1730230425,03:33:45 PM,03:33:45 PM,0
2102287,,OXFOWON1,0,1730230500,1730230500,03:35:00 PM,03:35:00 PM,0
2102287,,OXFOPRO1,0,1730230547,1730230547,03:35:47 PM,03:35:47 PM,0
2102287,,OXFOBEA1,0,1730230622,1730230622,03:37:02 PM,03:37:02 PM,0
2102287,,OXFOCHE1,0,1730230665,1730230665,03:37:45 PM,03:37:45 PM,0
2102287,,OXFOCHE3,0,1730230682,1730230682,03:38:02 PM,03:38:02 PM,0
2102287,,OXFOBRI1,0,1730230740,1730230740,03:39:00 PM,03:39:00 PM,0
2102287,,OXFORAT1,0,1730230819,1730230819,03:40:19 PM,03:40:19 PM,0
2102287,,OXFOWHA1,0,1730230904,1730230904,03:41:44 PM,03:41:44 PM,0
2102287,,OXFOANDR,0,1730230936,1730230936,03:42:16 PM,03:42:16 PM,0
2102287,,OXFOTAL1,0,1730231040,1730231040,03:44:00 PM,03:44:00 PM,0
2102287,,OXFOGEO1,0,1730231096,1730231096,03:44:56 PM,03:44:56 PM,0
2102287,,OXFORIC1,0,1730231160,1730231160,03:46:00 PM,03:46:00 PM,0
2102287,,OXFOWEL1,0,1730231185,1730231185,03:46:25 PM,03:46:25 PM,0
2102287,,OXFOWAT1,0,1730231229,1730231229,03:47:09 PM,03:47:09 PM,0
2102287,,OXFOCOL1,0,1730231272,1730231272,03:47:52 PM,03:47:52 PM,0
2102287,,OXFOMAI1,0,1730231325,1730231325,03:48:45 PM,03:48:45 PM,0
2102287,,OXFOWIL1,0,1730231361,1730231361,03:49:21 PM,03:49:21 PM,0
2102287,,OXFOADE1,0,1730231400,1730231400,03:50:00 PM,03:50:00 PM,0
2102287,,OXFOELI1,0,1730231449,1730231449,03:50:49 PM,03:50:49 PM,0
2102287,,OXFOELL1,0,1730231492,1730231492,03:51:32 PM,03:51:32 PM,0
2102287,,OXFOGAM1,0,1730231546,1730231546,03:52:26 PM,03:52:26 PM,0
2102287,,OXFOSTE1,0,1730231587,1730231587,03:53:07 PM,03:53:07 PM,0
2102287,,OXFOQUE1,0,1730231611,1730231611,03:53:31 PM,03:53:31 PM,0
2102287,,OXFOSTRA,0,1730231650,1730231650,03:54:10 PM,03:54:10 PM,0
2102287,,OXFOSPIT,0,1730231697,1730231697,03:54:57 PM,03:54:57 PM,0
2102287,,OXFOCLE1,0,1730231740,1730231740,03:55:40 PM,03:55:40 PM,0
2102287,,OXFOEMPI,0,1730231786,1730231786,03:56:26 PM,03:56:26 PM,0
2102287,,OXFOMORN,,,,,,
2102287,,OXFOHIG1,,,,,,
2102287,,OXFOHIG3,,,,,,
2102287,,FANCOLL1,0,1730232000,1730232000,04:00:00 PM,04:00:00 PM,0
2102287,,OXFOSEC1,0,1730232069,1730232069,04:01:09 PM,04:01:09 PM,0
2102287,,OXFOTHI1,0,1730232133,1730232133,04:02:13 PM,04:02:13 PM,0
2102287,,THIROXF2,0,1730232177,1730232177,04:02:57 PM,04:02:57 PM,0
2102287,,THIROFO2,0,1730232209,1730232209,04:03:29 PM,04:03:29 PM,0
2102287,,THIRCUL2,0,1730232240,1730232240,04:04:00 PM,04:04:00 PM,0
2102287,,CULVTHR1,0,1730232263,1730232263,04:04:23 PM,04:04:23 PM,0
2102287,,CULVCUL1,0,1730232313,1730232313,04:05:13 PM,04:05:13 PM,0
2102287,,CULVCUL3,0,1730232346,1730232346,04:05:46 PM,04:05:46 PM,0
2102287,,CULVCUL5,0,1730232399,1730232399,04:06:39 PM,04:06:39 PM,0
2102287,,CULVCLA1,0,1730232454,1730232454,04:07:34 PM,04:07:34 PM,0
2102287,,CLARCULV,0,1730232506,1730232506,04:08:26 PM,04:08:26 PM,0
2102287,,CLARHERB,0,1730232535,1730232535,04:08:55 PM,04:08:55 PM,0
2102287,,CLARPKH2,0,1730232552,1730232552,04:09:12 PM,04:09:12 PM,0
2102287,,CLARAVA2,0,1730232600,1730232600,04:10:00 PM,04:10:00 PM,0
2102287,,CLARDUN2,0,1730232641,1730232641,04:10:41 PM,04:10:41 PM,0
2102287,,CLARWHI2,0,1730232689,1730232689,04:11:29 PM,04:11:29 PM,0
2102287,,ARGYMAL2,0,1730232780,1730232780,04:13:00 PM,04:13:00 PM,0
2102351,,ARGYMAL2,0,1730232960,1730232960,04:16:00 PM,04:16:00 PM,0
2102351,,CLARDUN1,0,1730233026,1730233026,04:17:06 PM,04:17:06 PM,0
2102351,,CLARAVA1,0,1730233055,1730233055,04:17:35 PM,04:17:35 PM,0
2102351,,CLARPKH1,0,1730233090,1730233090,04:18:10 PM,04:18:10 PM,0
2102351,,CLARPACI,0,1730233135,1730233135,04:18:55 PM,04:18:55 PM,0
2102351,,CULVCLA4,0,1730233200,1730233200,04:20:00 PM,04:20:00 PM,0
2102351,,CULVCLA2,0,1730233250,1730233250,04:20:50 PM,04:20:50 PM,0
2102351,,CULVCUL4,0,1730233310,1730233310,04:21:50 PM,04:21:50 PM,0
2102351,,CULVCUL2,0,1730233345,1730233345,04:22:25 PM,04:22:25 PM,0
2102351,,CULVTHR2,0,1730233390,1730233390,04:23:10 PM,04:23:10 PM,0
2102351,,THIRCUL1,0,1730233468,1730233468,04:24:28 PM,04:24:28 PM,0
2102351,,THIROXF1,0,1730233517,1730233517,04:25:17 PM,04:25:17 PM,0
2102351,,OXFOSEC2,0,1730233597,1730233597,04:26:37 PM,04:26:37 PM,0
2102351,,FANCOLL5,0,1730233680,1730233680,04:28:00 PM,04:28:00 PM,0
2102351,,OXFOROE2,0,1730233724,1730233724,04:28:44 PM,04:28:44 PM,0
2102351,,OXFOHIG4,,,,,,
2102351,,OXFOHIG2,,,,,,
2102351,,OXFOWIST,,,,,,
2102351,,OXFOOAKS,0,1730233868,1730233868,04:31:08 PM,04:31:08 PM,0
2102351,,OXFOCLE2,0,1730233918,1730233918,04:31:58 PM,04:31:58 PM,0
2102351,,OXFOLYMA,0,1730233967,1730233967,04:32:47 PM,04:32:47 PM,0
2102351,,OXFOSTUA,0,1730234001,1730234001,04:33:21 PM,04:33:21 PM,0
2102351,,OXFOQUE2,0,1730234047,1730234047,04:34:07 PM,04:34:07 PM,0
2102351,,OXFOSTE2,0,1730234081,1730234081,04:34:41 PM,04:34:41 PM,0
2102351,,OXFOGAM2,0,1730234107,1730234107,04:35:07 PM,04:35:07 PM,0
2102351,,OXFOELL2,0,1730234169,1730234169,04:36:09 PM,04:36:09 PM,0
2102351,,OXFOELI2,0,1730234215,1730234215,04:36:55 PM,04:36:55 PM,0
2102351,,OXFOADE2,0,1730234280,1730234280,04:38:00 PM,04:38:00 PM,0
2102351,,OXFOWIL2,0,1730234326,1730234326,04:38:46 PM,04:38:46 PM,0
2102351,,OXFOMAI2,0,1730234378,1730234378,04:39:38 PM,04:39:38 PM,0
2102351,,OXFOCOL2,0,1730234420,1730234420,04:40:20 PM,04:40:20 PM,0
2102351,,OXFOWAT2,0,1730234467,1730234467,04:41:07 PM,04:41:07 PM,0
2102351,,OXFOWEL2,0,1730234523,1730234523,04:42:03 PM,04:42:03 PM,0
2102351,,OXFORIC2,0,1730234580,1730234580,04:43:00 PM,04:43:00 PM,0
2102351,,OXFOGEO2,0,1730234642,1730234642,04:44:02 PM,04:44:02 PM,0
2102351,,OXFOTAL2,0,1730234696,1730234696,04:44:56 PM,04:44:56 PM,0
2102351,,OXFOGRAC,0,1730234843,1730234843,04:47:23 PM,04:47:23 PM,0
2102351,,OXFOWHA2,0,1730234892,1730234892,04:48:12 PM,04:48:12 PM,0
2102351,,OXFOFERN,0,1730234920,1730234920,04:48:40 PM,04:48:40 PM,0
2102351,,OXFORAT2,0,1730234999,1730234999,04:49:59 PM,04:49:59 PM,0
2102351,,OXFOPLAT,0,1730235120,1730235120,04:52:00 PM,04:52:00 PM,0
2102351,,OXFOCHE2,0,1730235168,1730235168,04:52:48 PM,04:52:48 PM,0
2102351,,OXFOBEA4,0,1730235248,1730235248,04:54:08 PM,04:54:08 PM,0
2102351,,OXFOBEA2,,,,,,
2102351,,OXFOPRO2,0,1730235343,1730235343,04:55:43 PM,04:55:43 PM,0
2102351,,OXFOWON2,0,1730235420,1730235420,04:57:00 PM,04:57:00 PM,0
2102351,,OXFOCAP2,0,1730235462,1730235462,04:57:42 PM,04:57:42 PM,0
2102351,,OXFOLAR2,0,1730235535,1730235535,04:58:55 PM,04:58:55 PM,0
2102351,,OXFOGUI2,0,1730235608,1730235608,05:00:08 PM,05:00:08 PM,0
2102351,,OXFOFRE2,0,1730235675,1730235675,05:01:15 PM,05:01:15 PM,0
2102351,,OXFOGUI3,0,1730235730,1730235730,05:02:10 PM,05:02:10 PM,0
2102351,,OXFOFID2,0,1730235772,1730235772,05:02:52 PM,05:02:52 PM,0
2102351,,OXFOHYD2,0,1730235840,1730235840,05:04:00 PM,05:04:00 PM,0
2102351,,OXFOROY2,0,1730235866,1730235866,05:04:26 PM,05:04:26 PM,0
2102351,,OXFOROY4,0,1730235904,1730235904,05:05:04 PM,05:05:04 PM,0
2102351,,OXFOOLH2,0,1730235952,1730235952,05:05:52 PM,05:05:52 PM,0
2102351,,SANISUT2,0,1730236039,1730236039,05:07:19 PM,05:07:19 PM,0
2102351,,SANIPLY2,0,1730236084,1730236084,05:08:04 PM,05:08:04 PM,0
2102351,,SANIRIV2,0,1730236103,1730236103,05:08:23 PM,05:08:23 PM,0
2102351,,HALLCOMM,0,1730236200,1730236200,05:10:00 PM,05:10:00 PM,0
2102351,,HALLCOMM,0,1730236740,1730236740,05:19:00 PM,05:19:00 PM,0
2102351,,COMMSTEP,0,1730236793,1730236793,05:19:53 PM,05:19:53 PM,0
2102351,,GRIFCOMM,0,1730236831,1730236831,05:20:31 PM,05:20:31 PM,0
2102351,,GRIFHEMO,0,1730236868,1730236868,05:21:08 PM,05:21:08 PM,0
2102351,,GRIFNORM,0,1730236916,1730236916,05:21:56 PM,05:21:56 PM,0
2102351,,BYBAGRIF,0,1730236980,1730236980,05:23:00 PM,05:23:00 PM,0
2102293,,BYBAGRIF,0,1730236980,1730236980,05:23:00 PM,05:23:00 PM,0
2102293,,BYBABELV,0,1730237024,1730237024,05:23:44 PM,05:23:44 PM,0
2102293,,BYBABYRO,0,1730237096,1730237096,05:24:56 PM,05:24:56 PM,0
2102293,,BOLEBASE,0,1730237137,1730237137,05:25:37 PM,05:25:37 PM,0
2102293,,BOLEGLEN,0,1730237205,1730237205,05:26:45 PM,05:26:45 PM,0
2102293,,BOLECOM1,0,1730237240,1730237240,05:27:20 PM,05:27:20 PM,0
2102293,,BOLECOM3,0,1730237280,1730237280,05:28:00 PM,05:28:00 PM,0
2102293,,BOLECOM3,0,1730237280,1730237280,05:28:00 PM,05:28:00 PM,0
2102293,,SANIRIV1,0,1730237371,1730237371,05:29:31 PM,05:29:31 PM,0
2102293,,SANIPLY1,0,1730237384,1730237384,05:29:44 PM,05:29:44 PM,0
2102293,,SANISUT1,0,1730237427,1730237427,05:30:27 PM,05:30:27 PM,0
2102293,,OXFOSAN1,0,1730237485,1730237485,05:31:25 PM,05:31:25 PM,0
2102293,,OXFOOLH1,0,1730237512,1730237512,05:31:52 PM,05:31:52 PM,0
2102293,,OXFOROY3,0,1730237562,1730237562,05:32:42 PM,05:32:42 PM,0
2102293,,OXFOROY1,0,1730237600,1730237600,05:33:20 PM,05:33:20 PM,0
2102293,,OXFOHYD1,0,1730237640,1730237640,05:34:00 PM,05:34:00 PM,0
2102293,,OXFOFID1,0,1730237675,1730237675,05:34:35 PM,05:34:35 PM,0
2102293,,OXFOGUI1,0,1730237732,1730237732,05:35:32 PM,05:35:32 PM,0
2102293,,OXFOFRE1,0,1730237777,1730237777,05:36:17 PM,05:36:17 PM,0
2102293,,OXFOJUNI,0,1730237835,1730237835,05:37:15 PM,05:37:15 PM,0
2102293,,OXFOLAR1,0,1730237920,1730237920,05:38:40 PM,05:38:40 PM,0
2102293,,OXFOCAP1,0,1730237985,1730237985,05:39:45 PM,05:39:45 PM,0
2102293,,OXFOWON1,0,1730238060,1730238060,05:41:00 PM,05:41:00 PM,0
2102293,,OXFOPRO1,0,1730238107,1730238107,05:41:47 PM,05:41:47 PM,0
2102293,,OXFOBEA1,0,1730238182,1730238182,05:43:02 PM,05:43:02 PM,0
2102293,,OXFOCHE1,0,1730238225,1730238225,05:43:45 PM,05:43:45 PM,0
2102293,,OXFOCHE3,0,1730238242,1730238242,05:44:02 PM,05:44:02 PM,0
2102293,,OXFOBRI1,0,1730238300,1730238300,05:45:00 PM,05:45:00 PM,0
2102293,,OXFORAT1,0,1730238379,1730238379,05:46:19 PM,05:46:19 PM,0
2102293,,OXFOWHA1,0,1730238464,1730238464,05:47:44 PM,05:47:44 PM,0
2102293,,OXFOANDR,0,1730238496,1730238496,05:48:16 PM,05:48:16 PM,0
2102293,,OXFOTAL1,0,1730238600,1730238600,05:50:00 PM,05:50:00 PM,0
2102293,,OXFOGEO1,0,1730238656,1730238656,05:50:56 PM,05:50:56 PM,0
2102293,,OXFORIC1,0,1730238720,1730238720,05:52:00 PM,05:52:00 PM,0
2102293,,OXFOWEL1,0,1730238745,1730238745,05:52:25 PM,05:52:25 PM,0
2102293,,OXFOWAT1,0,1730238789,1730238789,05:53:09 PM,05:53:09 PM,0
2102293,,OXFOCOL1,0,1730238832,1730238832,05:53:52 PM,05:53:52 PM,0
2102293,,OXFOMAI1,0,1730238885,1730238885,05:54:45 PM,05:54:45 PM,0
2102293,,OXFOWIL1,0,1730238921,1730238921,05:55:21 PM,05:55:21 PM,0
2102293,,OXFOADE1,0,1730238960,1730238960,05:56:00 PM,05:56:00 PM,0
2102293,,OXFOELI1,0,1730239009,1730239009,05:56:49 PM,05:56:49 PM,0
2102293,,OXFOELL1,0,1730239052,1730239052,05:57:32 PM,05:57:32 PM,0
2102293,,OXFOGAM1,0,1730239106,1730239106,05:58:26 PM,05:58:26 PM,0
2102293,,OXFOSTE1,0,1730239147,1730239147,05:59:07 PM,05:59:07 PM,0
2102293,,OXFOQUE1,0,1730239171,1730239171,05:59:31 PM,05:59:31 PM,0
2102293,,OXFOSTRA,0,1730239210,1730239210,06:00:10 PM,06:00:10 PM,0
2102293,,OXFOSPIT,0,1730239257,1730239257,06:00:57 PM,06:00:57 PM,0
2102293,,OXFOCLE1,0,1730239300,1730239300,06:01:40 PM,06:01:40 PM,0
2102293,,OXFOEMPI,0,1730239346,1730239346,06:02:26 PM,06:02:26 PM,0
2102293,,OXFOMORN,,,,,,
2102293,,OXFOHIG1,,,,,,
2102293,,OXFOHIG3,,,,,,
2102293,,FANCOLL1,0,1730239560,1730239560,06:06:00 PM,06:06:00 PM,0
2102293,,OXFOSEC1,0,1730239611,1730239611,06:06:51 PM,06:06:51 PM,0
2102293,,OXFOTHI1,0,1730239659,1730239659,06:07:39 PM,06:07:39 PM,0
2102293,,THIROXF2,0,1730239692,1730239692,06:08:12 PM,06:08:12 PM,0
2102293,,THIROFO2,0,1730239716,1730239716,06:08:36 PM,06:08:36 PM,0
2102293,,THIRCUL2,0,1730239740,1730239740,06:09:00 PM,06:09:00 PM,0
2102293,,CULVTHR1,0,1730239758,1730239758,06:09:18 PM,06:09:18 PM,0
2102293,,CULVCUL1,0,1730239797,1730239797,06:09:57 PM,06:09:57 PM,0
2102293,,CULVCUL3,0,1730239822,1730239822,06:10:22 PM,06:10:22 PM,0
2102293,,CULVCUL5,0,1730239863,1730239863,06:11:03 PM,06:11:03 PM,0
2102293,,CULVCLA1,0,1730239906,1730239906,06:11:46 PM,06:11:46 PM,0
2102293,,CLARCULV,0,1730239946,1730239946,06:12:26 PM,06:12:26 PM,0
2102293,,CLARHERB,0,1730239969,1730239969,06:12:49 PM,06:12:49 PM,0
2102293,,CLARPKH2,0,1730239982,1730239982,06:13:02 PM,06:13:02 PM,0
2102293,,CLARAVA2,0,1730240020,1730240020,06:13:40 PM,06:13:40 PM,0
2102293,,CLARDUN2,0,1730240052,1730240052,06:14:12 PM,06:14:12 PM,0
2102293,,CLARWHI2,0,1730240089,1730240089,06:14:49 PM,06:14:49 PM,0
2102293,,ARGYMAL2,0,1730240160,1730240160,06:16:00 PM,06:16:00 PM,0
2102316,,ARGYMAL2,0,1730240760,1730240760,06:26:00 PM,06:26:00 PM,0
2102316,,CLARDUN1,0,1730240826,1730240826,06:27:06 PM,06:27:06 PM,0
2102316,,CLARAVA1,0,1730240855,1730240855,06:27:35 PM,06:27:35 PM,0
2102316,,CLARPKH1,0,1730240890,1730240890,06:28:10 PM,06:28:10 PM,0
2102316,,CLARPACI,0,1730240935,1730240935,06:28:55 PM,06:28:55 PM,0
2102316,,CULVCLA4,0,1730241000,1730241000,06:30:00 PM,06:30:00 PM,0
2102316,,CULVCLA2,0,1730241050,1730241050,06:30:50 PM,06:30:50 PM,0
2102316,,CULVCUL4,0,1730241110,1730241110,06:31:50 PM,06:31:50 PM,0
2102316,,CULVCUL2,0,1730241145,1730241145,06:32:25 PM,06:32:25 PM,0
2102316,,CULVTHR2,0,1730241190,1730241190,06:33:10 PM,06:33:10 PM,0
2102316,,THIRCUL1,0,1730241268,1730241268,06:34:28 PM,06:34:28 PM,0
2102316,,THIROXF1,0,1730241317,1730241317,06:35:17 PM,06:35:17 PM,0
2102316,,OXFOSEC2,0,1730241397,1730241397,06:36:37 PM,06:36:37 PM,0
2102316,,FANCOLL5,0,1730241480,1730241480,06:38:00 PM,06:38:00 PM,0
2102316,,OXFOROE2,0,1730241524,1730241524,06:38:44 PM,06:38:44 PM,0
2102316,,OXFOHIG4,,,,,,
2102316,,OXFOHIG2,,,,,,
2102316,,OXFOWIST,,,,,,
2102316,,OXFOOAKS,0,1730241659,1730241659,06:40:59 PM,06:40:59 PM,0
2102316,,OXFOCLE2,0,1730241703,1730241703,06:41:43 PM,06:41:43 PM,0
2102316,,OXFOLYMA,0,1730241746,1730241746,06:42:26 PM,06:42:26 PM,0
2102316,,OXFOSTUA,0,1730241776,1730241776,06:42:56 PM,06:42:56 PM,0
2102316,,OXFOQUE2,0,1730241816,1730241816,06:43:36 PM,06:43:36 PM,0
2102316,,OXFOSTE2,0,1730241846,1730241846,06:44:06 PM,06:44:06 PM,0
2102316,,OXFOGAM2,0,1730241869,1730241869,06:44:29 PM,06:44:29 PM,0
2102316,,OXFOELL2,0,1730241923,1730241923,06:45:23 PM,06:45:23 PM,0
2102316,,OXFOELI2,0,1730241963,1730241963,06:46:03 PM,06:46:03 PM,0
2102316,,OXFOADE2,0,1730242020,1730242020,06:47:00 PM,06:47:00 PM,0
2102316,,OXFOWIL2,0,1730242057,1730242057,06:47:37 PM,06:47:37 PM,0
2102316,,OXFOMAI2,0,1730242098,1730242098,06:48:18 PM,06:48:18 PM,0
2102316,,OXFOCOL2,0,1730242132,1730242132,06:48:52 PM,06:48:52 PM,0
2102316,,OXFOWAT2,0,1730242170,1730242170,06:49:30 PM,06:49:30 PM,0
2102316,,OXFOWEL2,0,1730242215,1730242215,06:50:15 PM,06:50:15 PM,0
2102316,,OXFORIC2,0,1730242260,1730242260,06:51:00 PM,06:51:00 PM,0
2102316,,OXFOGEO2,0,1730242294,1730242294,06:51:34 PM,06:51:34 PM,0
2102316,,OXFOTAL2,0,1730242324,1730242324,06:52:04 PM,06:52:04 PM,0
2102316,,OXFOGRAC,0,1730242405,1730242405,06:53:25 PM,06:53:25 PM,0
2102316,,OXFOWHA2,0,1730242432,1730242432,06:53:52 PM,06:53:52 PM,0
2102316,,OXFOFERN,0,1730242448,1730242448,06:54:08 PM,06:54:08 PM,0
2102316,,OXFORAT2,0,1730242491,1730242491,06:54:51 PM,06:54:51 PM,0
2102316,,OXFOPLAT,0,1730242560,1730242560,06:56:00 PM,06:56:00 PM,0
2102316,,OXFOCHE2,0,1730242608,1730242608,06:56:48 PM,06:56:48 PM,0
2102316,,OXFOBEA4,0,1730242688,1730242688,06:58:08 PM,06:58:08 PM,0
2102316,,OXFOBEA2,,,,,,
2102316,,OXFOPRO2,0,1730242783,1730242783,06:59:43 PM,06:59:43 PM,0
2102316,,OXFOWON2,0,1730242860,1730242860,07:01:00 PM,07:01:00 PM,0
2102316,,OXFOCAP2,0,1730242896,1730242896,07:01:36 PM,07:01:36 PM,0
2102316,,OXFOLAR2,0,1730242958,1730242958,07:02:38 PM,07:02:38 PM,0
2102316,,OXFOGUI2,0,1730243021,1730243021,07:03:41 PM,07:03:41 PM,0
2102316,,OXFOFRE2,0,1730243079,1730243079,07:04:39 PM,07:04:39 PM,0
2102316,,OXFOGUI3,0,1730243126,1730243126,07:05:26 PM,07:05:26 PM,0
2102316,,OXFOFID2,0,1730243162,1730243162,07:06:02 PM,07:06:02 PM,0
2102316,,OXFOHYD2,0,1730243220,1730243220,07:07:00 PM,07:07:00 PM,0
2102316,,OXFOROY2,0,1730243237,1730243237,07:07:17 PM,07:07:17 PM,0
2102316,,OXFOROY4,0,1730243262,1730243262,07:07:42 PM,07:07:42 PM,0
2102316,,OXFOOLH2,0,1730243294,1730243294,07:08:14 PM,07:08:14 PM,0
2102316,,SANISUT2,0,1730243352,1730243352,07:09:12 PM,07:09:12 PM,0
2102316,,SANIPLY2,0,1730243382,1730243382,07:09:42 PM,07:09:42 PM,0
2102316,,SANIRIV2,0,1730243394,1730243394,07:09:54 PM,07:09:54 PM,0
2102316,,HALLCOMM,0,1730243460,1730243460,07:11:00 PM,07:11:00 PM,0
2102316,,HALLCOMM,0,1730243880,1730243880,07:18:00 PM,07:18:00 PM,0
2102316,,COMMSTEP,0,1730243933,1730243933,07:18:53 PM,07:18:53 PM,0
2102316,,GRIFCOMM,0,1730243971,1730243971,07:19:31 PM,07:19:31 PM,0
2102316,,GRIFHEMO,0,1730244008,1730244008,07:20:08 PM,07:20:08 PM,0
2102316,,GRIFNORM,0,1730244056,1730244056,07:20:56 PM,07:20:56 PM,0
2102316,,BYBAGRIF,0,1730244120,1730244120,07:22:00 PM,07:22:00 PM,0
2102260,,BYBAGRIF,0,1730244120,1730244120,07:22:00 PM,07:22:00 PM,0
2102260,,BYBABELV,0,1730244155,1730244155,07:22:35 PM,07:22:35 PM,0
2102260,,BYBABYRO,0,1730244212,1730244212,07:23:32 PM,07:23:32 PM,0
2102260,,BOLEBASE,0,1730244244,1730244244,07:24:04 PM,07:24:04 PM,0
2102260,,BOLEGLEN,0,1730244299,1730244299,07:24:59 PM,07:24:59 PM,0
2102260,,BOLECOM1,0,1730244327,1730244327,07:25:27 PM,07:25:27 PM,0
2102260,,BOLECOM3,0,1730244360,1730244360,07:26:00 PM,07:26:00 PM,0
2102260,,BOLECOM3,0,1730244360,1730244360,07:26:00 PM,07:26:00 PM,0
2102260,,SANIRIV1,0,1730244420,1730244420,07:27:00 PM,07:27:00 PM,0
2102260,,SANIPLY1,0,1730244428,1730244428,07:27:08 PM,07:27:08 PM,0
2102260,,SANISUT1,0,1730244457,1730244457,07:27:37 PM,07:27:37 PM,0
2102260,,OXFOSAN1,0,1730244495,1730244495,07:28:15 PM,07:28:15 PM,0
2102260,,OXFOOLH1,0,1730244513,1730244513,07:28:33 PM,07:28:33 PM,0
2102260,,OXFOROY3,0,1730244546,1730244546,07:29:06 PM,07:29:06 PM,0
2102260,,OXFOROY1,0,1730244571,1730244571,07:29:31 PM,07:29:31 PM,0
2102260,,OXFOHYD1,0,1730244600,1730244600,07:30:00 PM,07:30:00 PM,0
2102260,,OXFOFID1,0,1730244630,1730244630,07:30:30 PM,07:30:30 PM,0
2102260,,OXFOGUI1,0,1730244679,1730244679,07:31:19 PM,07:31:19 PM,0
2102260,,OXFOFRE1,0,1730244718,1730244718,07:31:58 PM,07:31:58 PM,0
2102260,,OXFOJUNI,0,1730244767,1730244767,07:32:47 PM,07:32:47 PM,0
2102260,,OXFOLAR1,0,1730244839,1730244839,07:33:59 PM,07:33:59 PM,0
2102260,,OXFOCAP1,0,1730244895,1730244895,07:34:55 PM,07:34:55 PM,0
2102260,,OXFOWON1,0,1730244960,1730244960,07:36:00 PM,07:36:00 PM,0
2102260,,OXFOPRO1,0,1730245007,1730245007,07:36:47 PM,07:36:47 PM,0
2102260,,OXFOBEA1,0,1730245082,1730245082,07:38:02 PM,07:38:02 PM,0
2102260,,OXFOCHE1,0,1730245125,1730245125,07:38:45 PM,07:38:45 PM,0
2102260,,OXFOCHE3,0,1730245142,1730245142,07:39:02 PM,07:39:02 PM,0
2102260,,OXFOBRI1,0,1730245200,1730245200,07:40:00 PM,07:40:00 PM,0
2102260,,OXFORAT1,0,1730245267,1730245267,07:41:07 PM,07:41:07 PM,0
2102260,,OXFOWHA1,0,1730245340,1730245340,07:42:20 PM,07:42:20 PM,0
2102260,,OXFOANDR,0,1730245367,1730245367,07:42:47 PM,07:42:47 PM,0
2102260,,OXFOTAL1,0,1730245456,1730245456,07:44:16 PM,07:44:16 PM,0
2102260,,OXFOGEO1,0,1730245504,1730245504,07:45:04 PM,07:45:04 PM,0
2102260,,OXFORIC1,0,1730245560,1730245560,07:46:00 PM,07:46:00 PM,0
2102260,,OXFOWEL1,0,1730245579,1730245579,07:46:19 PM,07:46:19 PM,0
2102260,,OXFOWAT1,0,1730245612,1730245612,07:46:52 PM,07:46:52 PM,0
2102260,,OXFOCOL1,0,1730245644,1730245644,07:47:24 PM,07:47:24 PM,0
2102260,,OXFOMAI1,0,1730245684,1730245684,07:48:04 PM,07:48:04 PM,0
2102260,,OXFOWIL1,0,1730245711,1730245711,07:48:31 PM,07:48:31 PM,0
2102260,,OXFOADE1,0,1730245740,1730245740,07:49:00 PM,07:49:00 PM,0
2102260,,OXFOELI1,0,1730245782,1730245782,07:49:42 PM,07:49:42 PM,0
2102260,,OXFOELL1,0,1730245820,1730245820,07:50:20 PM,07:50:20 PM,0
2102260,,OXFOGAM1,0,1730245867,1730245867,07:51:07 PM,07:51:07 PM,0
2102260,,OXFOSTE1,0,1730245903,1730245903,07:51:43 PM,07:51:43 PM,0
2102260,,OXFOQUE1,0,1730245924,1730245924,07:52:04 PM,07:52:04 PM,0
2102260,,OXFOSTRA,0,1730245958,1730245958,07:52:38 PM,07:52:38 PM,0
2102260,,OXFOSPIT,0,1730245999,1730245999,07:53:19 PM,07:53:19 PM,0
2102260,,OXFOCLE1,0,1730246037,1730246037,07:53:57 PM,07:53:57 PM,0
2102260,,OXFOEMPI,0,1730246077,1730246077,07:54:37 PM,07:54:37 PM,0
2102260,,OXFOMORN,,,,,,
2102260,,OXFOHIG1,,,,,,
2102260,,OXFOHIG3,,,,,,
2102260,,FANCOLL1,0,1730246280,1730246280,07:58:00 PM,07:58:00 PM,0
2102260,,OXFOSEC1,0,1730246331,1730246331,07:58:51 PM,07:58:51 PM,0
2102260,,OXFOTHI1,0,1730246379,1730246379,07:59:39 PM,07:59:39 PM,0
2102260,,THIROXF2,0,1730246412,1730246412,08:00:12 PM,08:00:12 PM,0
2102260,,THIROFO2,0,1730246436,1730246436,08:00:36 PM,08:00:36 PM,0
2102260,,THIRCUL2,0,1730246460,1730246460,08:01:00 PM,08:01:00 PM,0
2102260,,CULVTHR1,0,1730246478,1730246478,08:01:18 PM,08:01:18 PM,0
2102260,,CULVCUL1,0,1730246517,1730246517,08:01:57 PM,08:01:57 PM,0
2102260,,CULVCUL3,0,1730246542,1730246542,08:02:22 PM,08:02:22 PM,0
2102260,,CULVCUL5,0,1730246583,1730246583,08:03:03 PM,08:03:03 PM,0
2102260,,CULVCLA1,0,1730246626,1730246626,08:03:46 PM,08:03:46 PM,0
2102260,,CLARCULV,0,1730246666,1730246666,08:04:26 PM,08:04:26 PM,0
2102260,,CLARHERB,0,1730246689,1730246689,08:04:49 PM,08:04:49 PM,0
2102260,,CLARPKH2,0,1730246702,1730246702,08:05:02 PM,08:05:02 PM,0
2102260,,CLARAVA2,0,1730246740,1730246740,08:05:40 PM,08:05:40 PM,0
2102260,,CLARDUN2,0,1730246772,1730246772,08:06:12 PM,08:06:12 PM,0
2102260,,CLARWHI2,0,1730246809,1730246809,08:06:49 PM,08:06:49 PM,0
2102260,,ARGYMAL2,0,1730246880,1730246880,08:08:00 PM,08:08:00 PM,0
2102310,,ARGYMAL2,0,1730247960,1730247960,08:26:00 PM,08:26:00 PM,0
2102310,,CLARDUN1,0,1730248026,1730248026,08:27:06 PM,08:27:06 PM,0
2102310,,CLARAVA1,0,1730248055,1730248055,08:27:35 PM,08:27:35 PM,0
2102310,,CLARPKH1,0,1730248090,1730248090,08:28:10 PM,08:28:10 PM,0
2102310,,CLARPACI,0,1730248135,1730248135,08:28:55 PM,08:28:55 PM,0
2102310,,CULVCLA4,0,1730248200,1730248200,08:30:00 PM,08:30:00 PM,0
2102310,,CULVCLA2,0,1730248250,1730248250,08:30:50 PM,08:30:50 PM,0
2102310,,CULVCUL4,0,1730248310,1730248310,08:31:50 PM,08:31:50 PM,0
2102310,,CULVCUL2,0,1730248345,1730248345,08:32:25 PM,08:32:25 PM,0
2102310,,CULVTHR2,0,1730248390,1730248390,08:33:10 PM,08:33:10 PM,0
2102310,,THIRCUL1,0,1730248468,1730248468,08:34:28 PM,08:34:28 PM,0
2102310,,THIROXF1,0,1730248517,1730248517,08:35:17 PM,08:35:17 PM,0
2102310,,OXFOSEC2,0,1730248597,1730248597,08:36:37 PM,08:36:37 PM,0
2102310,,FANCOLL5,0,1730248680,1730248680,08:38:00 PM,08:38:00 PM,0
2102310,,OXFOROE2,0,1730248724,1730248724,08:38:44 PM,08:38:44 PM,0
2102310,,OXFOHIG4,,,,,,
2102310,,OXFOHIG2,,,,,,
2102310,,OXFOWIST,,,,,,
2102310,,OXFOOAKS,0,1730248859,1730248859,08:40:59 PM,08:40:59 PM,0
2102310,,OXFOCLE2,0,1730248903,1730248903,08:41:43 PM,08:41:43 PM,0
2102310,,OXFOLYMA,0,1730248946,1730248946,08:42:26 PM,08:42:26 PM,0
2102310,,OXFOSTUA,0,1730248976,1730248976,08:42:56 PM,08:42:56 PM,0
2102310,,OXFOQUE2,0,1730249016,1730249016,08:43:36 PM,08:43:36 PM,0
2102310,,OXFOSTE2,0,1730249046,1730249046,08:44:06 PM,08:44:06 PM,0
2102310,,OXFOGAM2,0,1730249069,1730249069,08:44:29 PM,08:44:29 PM,0
2102310,,OXFOELL2,0,1730249123,1730249123,08:45:23 PM,08:45:23 PM,0
2102310,,OXFOELI2,0,1730249163,1730249163,08:46:03 PM,08:46:03 PM,0
2102310,,OXFOADE2,0,1730249220,1730249220,08:47:00 PM,08:47:00 PM,0
2102310,,OXFOWIL2,0,1730249257,1730249257,08:47:37 PM,08:47:37 PM,0
2102310,,OXFOMAI2,0,1730249298,1730249298,08:48:18 PM,08:48:18 PM,0
2102310,,OXFOCOL2,0,1730249332,1730249332,08:48:52 PM,08:48:52 PM,0
2102310,,OXFOWAT2,0,1730249370,1730249370,08:49:30 PM,08:49:30 PM,0
2102310,,OXFOWEL2,0,1730249415,1730249415,08:50:15 PM,08:50:15 PM,0
2102310,,OXFORIC2,0,1730249460,1730249460,08:51:00 PM,08:51:00 PM,0
2102310,,OXFOGEO2,0,1730249494,1730249494,08:51:34 PM,08:51:34 PM,0
2102310,,OXFOTAL2,0,1730249524,1730249524,08:52:04 PM,08:52:04 PM,0
2102310,,OXFOGRAC,0,1730249605,1730249605,08:53:25 PM,08:53:25 PM,0
2102310,,OXFOWHA2,0,1730249632,1730249632,08:53:52 PM,08:53:52 PM,0
2102310,,OXFOFERN,0,1730249648,1730249648,08:54:08 PM,08:54:08 PM,0
2102310,,OXFORAT2,0,1730249691,1730249691,08:54:51 PM,08:54:51 PM,0
2102310,,OXFOPLAT,0,1730249760,1730249760,08:56:00 PM,08:56:00 PM,0
2102310,,OXFOCHE2,0,1730249808,1730249808,08:56:48 PM,08:56:48 PM,0
2102310,,OXFOBEA4,0,1730249888,1730249888,08:58:08 PM,08:58:08 PM,0
2102310,,OXFOBEA2,,,,,,
2102310,,OXFOPRO2,0,1730249983,1730249983,08:59:43 PM,08:59:43 PM,0
2102310,,OXFOWON2,0,1730250060,1730250060,09:01:00 PM,09:01:00 PM,0
2102310,,OXFOCAP2,0,1730250090,1730250090,09:01:30 PM,09:01:30 PM,0
2102310,,OXFOLAR2,0,1730250142,1730250142,09:02:22 PM,09:02:22 PM,0
2102310,,OXFOGUI2,0,1730250194,1730250194,09:03:14 PM,09:03:14 PM,0
2102310,,OXFOFRE2,0,1730250242,1730250242,09:04:02 PM,09:04:02 PM,0
2102310,,OXFOGUI3,0,1730250281,1730250281,09:04:41 PM,09:04:41 PM,0
2102310,,OXFOFID2,0,1730250311,1730250311,09:05:11 PM,09:05:11 PM,0
2102310,,OXFOHYD2,0,1730250360,1730250360,09:06:00 PM,09:06:00 PM,0
2102310,,OXFOROY2,0,1730250373,1730250373,09:06:13 PM,09:06:13 PM,0
2102310,,OXFOROY4,0,1730250392,1730250392,09:06:32 PM,09:06:32 PM,0
2102310,,OXFOOLH2,0,1730250416,1730250416,09:06:56 PM,09:06:56 PM,0
2102310,,SANISUT2,0,1730250459,1730250459,09:07:39 PM,09:07:39 PM,0
2102310,,SANIPLY2,0,1730250481,1730250481,09:08:01 PM,09:08:01 PM,0
2102310,,SANIRIV2,0,1730250490,1730250490,09:08:10 PM,09:08:10 PM,0
2102310,,HALLCOMM,0,1730250540,1730250540,09:09:00 PM,09:09:00 PM,0
2102310,,HALLCOMM,0,1730250840,1730250840,09:14:00 PM,09:14:00 PM,0
2102310,,COMMSTEP,0,1730250893,1730250893,09:14:53 PM,09:14:53 PM,0
2102310,,GRIFCOMM,0,1730250931,1730250931,09:15:31 PM,09:15:31 PM,0
2102310,,GRIFHEMO,0,1730250968,1730250968,09:16:08 PM,09:16:08 PM,0
2102310,,GRIFNORM,0,1730251016,1730251016,09:16:56 PM,09:16:56 PM,0
2102310,,BYBAGRIF,0,1730251080,1730251080,09:18:00 PM,09:18:00 PM,0
2102253,,BYBAGRIF,0,1730251080,1730251080,09:18:00 PM,09:18:00 PM,0
2102253,,BYBABELV,0,1730251115,1730251115,09:18:35 PM,09:18:35 PM,0
2102253,,BYBABYRO,0,1730251172,1730251172,09:19:32 PM,09:19:32 PM,0
2102253,,BOLEBASE,0,1730251204,1730251204,09:20:04 PM,09:20:04 PM,0
2102253,,BOLEGLEN,0,1730251259,1730251259,09:20:59 PM,09:20:59 PM,0
2102253,,BOLECOM1,0,1730251287,1730251287,09:21:27 PM,09:21:27 PM,0
2102253,,BOLECOM3,0,1730251320,1730251320,09:22:00 PM,09:22:00 PM,0
2102253,,BOLECOM3,0,1730251320,1730251320,09:22:00 PM,09:22:00 PM,0
2102253,,SANIRIV1,0,1730251380,1730251380,09:23:00 PM,09:23:00 PM,0
2102253,,SANIPLY1,0,1730251388,1730251388,09:23:08 PM,09:23:08 PM,0
2102253,,SANISUT1,0,1730251417,1730251417,09:23:37 PM,09:23:37 PM,0
2102253,,OXFOSAN1,0,1730251455,1730251455,09:24:15 PM,09:24:15 PM,0
2102253,,OXFOOLH1,0,1730251473,1730251473,09:24:33 PM,09:24:33 PM,0
2102253,,OXFOROY3,0,1730251506,1730251506,09:25:06 PM,09:25:06 PM,0
2102253,,OXFOROY1,0,1730251531,1730251531,09:25:31 PM,09:25:31 PM,0
2102253,,OXFOHYD1,0,1730251560,1730251560,09:26:00 PM,09:26:00 PM,0
2102253,,OXFOFID1,0,1730251585,1730251585,09:26:25 PM,09:26:25 PM,0
2102253,,OXFOGUI1,0,1730251626,1730251626,09:27:06 PM,09:27:06 PM,0
2102253,,OXFOFRE1,0,1730251658,1730251658,09:27:38 PM,09:27:38 PM,0
2102253,,OXFOJUNI,0,1730251699,1730251699,09:28:19 PM,09:28:19 PM,0
2102253,,OXFOLAR1,0,1730251759,1730251759,09:29:19 PM,09:29:19 PM,0
2102253,,OXFOCAP1,0,1730251805,1730251805,09:30:05 PM,09:30:05 PM,0
2102253,,OXFOWON1,0,1730251860,1730251860,09:31:00 PM,09:31:00 PM,0
2102253,,OXFOPRO1,0,1730251907,1730251907,09:31:47 PM,09:31:47 PM,0
2102253,,OXFOBEA1,0,1730251982,1730251982,09:33:02 PM,09:33:02 PM,0
2102253,,OXFOCHE1,0,1730252025,1730252025,09:33:45 PM,09:33:45 PM,0
2102253,,OXFOCHE3,0,1730252042,1730252042,09:34:02 PM,09:34:02 PM,0
2102253,,OXFOBRI1,0,1730252100,1730252100,09:35:00 PM,09:35:00 PM,0
2102253,,OXFORAT1,0,1730252156,1730252156,09:35:56 PM,09:35:56 PM,0
2102253,,OXFOWHA1,0,1730252217,1730252217,09:36:57 PM,09:36:57 PM,0
2102253,,OXFOANDR,0,1730252240,1730252240,09:37:20 PM,09:37:20 PM,0
2102253,,OXFOTAL1,0,1730252314,1730252314,09:38:34 PM,09:38:34 PM,0
2102253,,OXFOGEO1,0,1730252354,1730252354,09:39:14 PM,09:39:14 PM,0
2102253,,OXFORIC1,0,1730252400,1730252400,09:40:00 PM,09:40:00 PM,0
2102253,,OXFOWEL1,0,1730252419,1730252419,09:40:19 PM,09:40:19 PM,0
2102253,,OXFOWAT1,0,1730252452,1730252452,09:40:52 PM,09:40:52 PM,0
2102253,,OXFOCOL1,0,1730252484,1730252484,09:41:24 PM,09:41:24 PM,0
2102253,,OXFOMAI1,0,1730252524,1730252524,09:42:04 PM,09:42:04 PM,0
2102253,,OXFOWIL1,0,1730252551,1730252551,09:42:31 PM,09:42:31 PM,0
2102253,,OXFOADE1,0,1730252580,1730252580,09:43:00 PM,09:43:00 PM,0
2102253,,OXFOELI1,0,1730252622,1730252622,09:43:42 PM,09:43:42 PM,0
2102253,,OXFOELL1,0,1730252660,1730252660,09:44:20 PM,09:44:20 PM,0
2102253,,OXFOGAM1,0,1730252707,1730252707,09:45:07 PM,09:45:07 PM,0
2102253,,OXFOSTE1,0,1730252743,1730252743,09:45:43 PM,09:45:43 PM,0
2102253,,OXFOQUE1,0,1730252764,1730252764,09:46:04 PM,09:46:04 PM,0
2102253,,OXFOSTRA,0,1730252798,1730252798,09:46:38 PM,09:46:38 PM,0
2102253,,OXFOSPIT,0,1730252839,1730252839,09:47:19 PM,09:47:19 PM,0
2102253,,OXFOCLE1,0,1730252877,1730252877,09:47:57 PM,09:47:57 PM,0
2102253,,OXFOEMPI,0,1730252917,1730252917,09:48:37 PM,09:48:37 PM,0
2102253,,OXFOMORN,,,,,,
2102253,,OXFOHIG1,,,,,,
2102253,,OXFOHIG3,,,,,,
2102253,,FANCOLL1,0,1730253120,1730253120,09:52:00 PM,09:52:00 PM,0
2102253,,OXFOSEC1,0,1730253171,1730253171,09:52:51 PM,09:52:51 PM,0
2102253,,OXFOTHI1,0,1730253219,1730253219,09:53:39 PM,09:53:39 PM,0
2102253,,THIROXF2,0,1730253252,1730253252,09:54:12 PM,09:54:12 PM,0
2102253,,THIROFO2,0,1730253276,1730253276,09:54:36 PM,09:54:36 PM,0
2102253,,THIRCUL2,0,1730253300,1730253300,09:55:00 PM,09:55:00 PM,0
2102253,,CULVTHR1,0,1730253315,1730253315,09:55:15 PM,09:55:15 PM,0
2102253,,CULVCUL1,0,1730253348,1730253348,09:55:48 PM,09:55:48 PM,0
2102253,,CULVCUL3,0,1730253370,1730253370,09:56:10 PM,09:56:10 PM,0
2102253,,CULVCUL5,0,1730253405,1730253405,09:56:45 PM,09:56:45 PM,0
2102253,,CULVCLA1,0,1730253442,1730253442,09:57:22 PM,09:57:22 PM,0
2102253,,CLARCULV,0,1730253477,1730253477,09:57:57 PM,09:57:57 PM,0
2102253,,CLARHERB,0,1730253496,1730253496,09:58:16 PM,09:58:16 PM,0
2102253,,CLARPKH2,0,1730253507,1730253507,09:58:27 PM,09:58:27 PM,0
2102253,,CLARAVA2,0,1730253539,1730253539,09:58:59 PM,09:58:59 PM,0
2102253,,CLARDUN2,0,1730253566,1730253566,09:59:26 PM,09:59:26 PM,0
2102253,,CLARWHI2,0,1730253598,1730253598,09:59:58 PM,09:59:58 PM,0
2102253,,ARGYMAL2,0,1730253660,1730253660,10:01:00 PM,10:01:00 PM,0
2102358,,ARGYMAL2,0,1730254260,1730254260,10:11:00 PM,10:11:00 PM,0
2102358,,CLARDUN1,0,1730254309,1730254309,10:11:49 PM,10:11:49 PM,0
2102358,,CLARAVA1,0,1730254330,1730254330,10:12:10 PM,10:12:10 PM,0
2102358,,CLARPKH1,0,1730254356,1730254356,10:12:36 PM,10:12:36 PM,0
2102358,,CLARPACI,0,1730254389,1730254389,10:13:09 PM,10:13:09 PM,0
2102358,,CULVCLA4,0,1730254440,1730254440,10:14:00 PM,10:14:00 PM,0
2102358,,CULVCLA2,0,1730254483,1730254483,10:14:43 PM,10:14:43 PM,0
2102358,,CULVCUL4,0,1730254535,1730254535,10:15:35 PM,10:15:35 PM,0
2102358,,CULVCUL2,0,1730254565,1730254565,10:16:05 PM,10:16:05 PM,0
2102358,,CULVTHR2,0,1730254604,1730254604,10:16:44 PM,10:16:44 PM,0
2102358,,THIRCUL1,0,1730254673,1730254673,10:17:53 PM,10:17:53 PM,0
2102358,,THIROXF1,0,1730254715,1730254715,10:18:35 PM,10:18:35 PM,0
2102358,,OXFOSEC2,0,1730254785,1730254785,10:19:45 PM,10:19:45 PM,0
2102358,,FANCOLL5,0,1730254860,1730254860,10:21:00 PM,10:21:00 PM,0
2102358,,OXFOROE2,0,1730254904,1730254904,10:21:44 PM,10:21:44 PM,0
2102358,,OXFOHIG4,,,,,,
2102358,,OXFOHIG2,,,,,,
2102358,,OXFOWIST,,,,,,
2102358,,OXFOOAKS,0,1730255039,1730255039,10:23:59 PM,10:23:59 PM,0
2102358,,OXFOCLE2,0,1730255083,1730255083,10:24:43 PM,10:24:43 PM,0
2102358,,OXFOLYMA,0,1730255126,1730255126,10:25:26 PM,10:25:26 PM,0
2102358,,OXFOSTUA,0,1730255156,1730255156,10:25:56 PM,10:25:56 PM,0
2102358,,OXFOQUE2,0,1730255196,1730255196,10:26:36 PM,10:26:36 PM,0
2102358,,OXFOSTE2,0,1730255226,1730255226,10:27:06 PM,10:27:06 PM,0
2102358,,OXFOGAM2,0,1730255249,1730255249,10:27:29 PM,10:27:29 PM,0
2102358,,OXFOELL2,0,1730255303,1730255303,10:28:23 PM,10:28:23 PM,0
2102358,,OXFOELI2,0,1730255343,1730255343,10:29:03 PM,10:29:03 PM,0
2102358,,OXFOADE2,0,1730255400,1730255400,10:30:00 PM,10:30:00 PM,0
2102358,,OXFOWIL2,0,1730255427,1730255427,10:30:27 PM,10:30:27 PM,0
2102358,,OXFOMAI2,0,1730255458,1730255458,10:30:58 PM,10:30:58 PM,0
2102358,,OXFOCOL2,0,1730255483,1730255483,10:31:23 PM,10:31:23 PM,0
2102358,,OXFOWAT2,0,1730255511,1730255511,10:31:51 PM,10:31:51 PM,0
2102358,,OXFOWEL2,0,1730255544,1730255544,10:32:24 PM,10:32:24 PM,0
2102358,,OXFORIC2,0,1730255580,1730255580,10:33:00 PM,10:33:00 PM,0
2102358,,OXFOGEO2,0,1730255607,1730255607,10:33:27 PM,10:33:27 PM,0
2102358,,OXFOTAL2,0,1730255631,1730255631,10:33:51 PM,10:33:51 PM,0
2102358,,OXFOGRAC,0,1730255696,1730255696,10:34:56 PM,10:34:56 PM,0
2102358,,OXFOWHA2,0,1730255717,1730255717,10:35:17 PM,10:35:17 PM,0
2102358,,OXFOFERN,0,1730255729,1730255729,10:35:29 PM,10:35:29 PM,0
2102358,,OXFORAT2,0,1730255764,1730255764,10:36:04 PM,10:36:04 PM,0
2102358,,OXFOPLAT,0,1730255820,1730255820,10:37:00 PM,10:37:00 PM,0
2102358,,OXFOCHE2,0,1730255859,1730255859,10:37:39 PM,10:37:39 PM,0
2102358,,OXFOBEA4,0,1730255923,1730255923,10:38:43 PM,10:38:43 PM,0
2102358,,OXFOBEA2,,,,,,
2102358,,OXFOPRO2,0,1730255999,1730255999,10:39:59 PM,10:39:59 PM,0
2102358,,OXFOWON2,0,1730256060,1730256060,10:41:00 PM,10:41:00 PM,0
2102358,,OXFOCAP2,0,1730256090,1730256090,10:41:30 PM,10:41:30 PM,0
2102358,,OXFOLAR2,0,1730256142,1730256142,10:42:22 PM,10:42:22 PM,0
2102358,,OXFOGUI2,0,1730256194,1730256194,10:43:14 PM,10:43:14 PM,0
2102358,,OXFOFRE2,0,1730256242,1730256242,10:44:02 PM,10:44:02 PM,0
2102358,,OXFOGUI3,0,1730256281,1730256281,10:44:41 PM,10:44:41 PM,0
2102358,,OXFOFID2,0,1730256311,1730256311,10:45:11 PM,10:45:11 PM,0
2102358,,OXFOHYD2,0,1730256360,1730256360,10:46:00 PM,10:46:00 PM,0
2102358,,OXFOROY2,0,1730256373,1730256373,10:46:13 PM,10:46:13 PM,0
2102358,,OXFOROY4,0,1730256392,1730256392,10:46:32 PM,10:46:32 PM,0
2102358,,OXFOOLH2,0,1730256416,1730256416,10:46:56 PM,10:46:56 PM,0
2102358,,SANISUT2,0,1730256459,1730256459,10:47:39 PM,10:47:39 PM,0
2102358,,SANIPLY2,0,1730256481,1730256481,10:48:01 PM,10:48:01 PM,0
2102358,,SANIRIV2,0,1730256490,1730256490,10:48:10 PM,10:48:10 PM,0
2102358,,HALLCOMM,0,1730256540,1730256540,10:49:00 PM,10:49:00 PM,0
2102358,,HALLCOMM,0,1730256840,1730256840,10:54:00 PM,10:54:00 PM,0
2102358,,COMMSTEP,0,1730256893,1730256893,10:54:53 PM,10:54:53 PM,0
2102358,,GRIFCOMM,0,1730256931,1730256931,10:55:31 PM,10:55:31 PM,0
2102358,,GRIFHEMO,0,1730256968,1730256968,10:56:08 PM,10:56:08 PM,0
2102358,,GRIFNORM,0,1730257016,1730257016,10:56:56 PM,10:56:56 PM,0
2102358,,BYBAGRIF,0,1730257080,1730257080,10:58:00 PM,10:58:00 PM,0
2102299,,BYBAGRIF,0,1730257080,1730257080,10:58:00 PM,10:58:00 PM,0
2102299,,BYBABELV,0,1730257115,1730257115,10:58:35 PM,10:58:35 PM,0
2102299,,BYBABYRO,0,1730257172,1730257172,10:59:32 PM,10:59:32 PM,0
2102299,,BOLEBASE,0,1730257204,1730257204,11:00:04 PM,11:00:04 PM,0
2102299,,BOLEGLEN,0,1730257259,1730257259,11:00:59 PM,11:00:59 PM,0
2102299,,BOLECOM1,0,1730257287,1730257287,11:01:27 PM,11:01:27 PM,0
2102299,,BOLECOM3,0,1730257320,1730257320,11:02:00 PM,11:02:00 PM,0
2102299,,BOLECOM3,0,1730257320,1730257320,11:02:00 PM,11:02:00 PM,0
2102299,,SANIRIV1,0,1730257380,1730257380,11:03:00 PM,11:03:00 PM,0
2102299,,SANIPLY1,0,1730257388,1730257388,11:03:08 PM,11:03:08 PM,0
2102299,,SANISUT1,0,1730257417,1730257417,11:03:37 PM,11:03:37 PM,0
2102299,,OXFOSAN1,0,1730257455,1730257455,11:04:15 PM,11:04:15 PM,0
2102299,,OXFOOLH1,0,1730257473,1730257473,11:04:33 PM,11:04:33 PM,0
2102299,,OXFOROY3,0,1730257506,1730257506,11:05:06 PM,11:05:06 PM,0
2102299,,OXFOROY1,0,1730257531,1730257531,11:05:31 PM,11:05:31 PM,0
2102299,,OXFOHYD1,0,1730257560,1730257560,11:06:00 PM,11:06:00 PM,0
2102299,,OXFOFID1,0,1730257585,1730257585,11:06:25 PM,11:06:25 PM,0
2102299,,OXFOGUI1,0,1730257626,1730257626,11:07:06 PM,11:07:06 PM,0
2102299,,OXFOFRE1,0,1730257658,1730257658,11:07:38 PM,11:07:38 PM,0
2102299,,OXFOJUNI,0,1730257699,1730257699,11:08:19 PM,11:08:19 PM,0
2102299,,OXFOLAR1,0,1730257759,1730257759,11:09:19 PM,11:09:19 PM,0
2102299,,OXFOCAP1,0,1730257805,1730257805,11:10:05 PM,11:10:05 PM,0
2102299,,OXFOWON1,0,1730257860,1730257860,11:11:00 PM,11:11:00 PM,0
2102299,,OXFOPRO1,0,1730257907,1730257907,11:11:47 PM,11:11:47 PM,0
2102299,,OXFOBEA1,0,1730257982,1730257982,11:13:02 PM,11:13:02 PM,0
2102299,,OXFOCHE1,0,1730258025,1730258025,11:13:45 PM,11:13:45 PM,0
2102299,,OXFOCHE3,0,1730258042,1730258042,11:14:02 PM,11:14:02 PM,0
2102299,,OXFOBRI1,0,1730258100,1730258100,11:15:00 PM,11:15:00 PM,0
2102299,,OXFORAT1,0,1730258156,1730258156,11:15:56 PM,11:15:56 PM,0
2102299,,OXFOWHA1,0,1730258217,1730258217,11:16:57 PM,11:16:57 PM,0
2102299,,OXFOANDR,0,1730258240,1730258240,11:17:20 PM,11:17:20 PM,0
2102299,,OXFOTAL1,0,1730258314,1730258314,11:18:34 PM,11:18:34 PM,0
2102299,,OXFOGEO1,0,1730258354,1730258354,11:19:14 PM,11:19:14 PM,0
2102299,,OXFORIC1,0,1730258400,1730258400,11:20:00 PM,11:20:00 PM,0
2102299,,OXFOWEL1,0,1730258419,1730258419,11:20:19 PM,11:20:19 PM,0
2102299,,OXFOWAT1,0,1730258452,1730258452,11:20:52 PM,11:20:52 PM,0
2102299,,OXFOCOL1,0,1730258484,1730258484,11:21:24 PM,11:21:24 PM,0
2102299,,OXFOMAI1,0,1730258524,1730258524,11:22:04 PM,11:22:04 PM,0
2102299,,OXFOWIL1,0,1730258551,1730258551,11:22:31 PM,11:22:31 PM,0
2102299,,OXFOADE1,0,1730258580,1730258580,11:23:00 PM,11:23:00 PM,0
2102299,,OXFOELI1,0,1730258622,1730258622,11:23:42 PM,11:23:42 PM,0
2102299,,OXFOELL1,0,1730258660,1730258660,11:24:20 PM,11:24:20 PM,0
2102299,,OXFOGAM1,0,1730258707,1730258707,11:25:07 PM,11:25:07 PM,0
2102299,,OXFOSTE1,0,1730258743,1730258743,11:25:43 PM,11:25:43 PM,0
2102299,,OXFOQUE1,0,1730258764,1730258764,11:26:04 PM,11:26:04 PM,0
2102299,,OXFOSTRA,0,1730258798,1730258798,11:26:38 PM,11:26:38 PM,0
2102299,,OXFOSPIT,0,1730258839,1730258839,11:27:19 PM,11:27:19 PM,0
2102299,,OXFOCLE1,0,1730258877,1730258877,11:27:57 PM,11:27:57 PM,0
2102299,,OXFOEMPI,0,1730258917,1730258917,11:28:37 PM,11:28:37 PM,0
2102299,,OXFOMORN,,,,,,
2102299,,OXFOHIG1,,,,,,
2102299,,OXFOHIG3,,,,,,
2102299,,FANCOLL1,0,1730259120,1730259120,11:32:00 PM,11:32:00 PM,0
2102299,,OXFOSEC1,0,1730259171,1730259171,11:32:51 PM,11:32:51 PM,0
2102299,,OXFOTHI1,0,1730259219,1730259219,11:33:39 PM,11:33:39 PM,0
2102299,,THIROXF2,0,1730259252,1730259252,11:34:12 PM,11:34:12 PM,0
2102299,,THIROFO2,0,1730259276,1730259276,11:34:36 PM,11:34:36 PM,0
2102299,,THIRCUL2,0,1730259300,1730259300,11:35:00 PM,11:35:00 PM,0
2102299,,CULVTHR1,0,1730259315,1730259315,11:35:15 PM,11:35:15 PM,0
2102299,,CULVCUL1,0,1730259348,1730259348,11:35:48 PM,11:35:48 PM,0
2102299,,CULVCUL3,0,1730259370,1730259370,11:36:10 PM,11:36:10 PM,0
2102299,,CULVCUL5,0,1730259405,1730259405,11:36:45 PM,11:36:45 PM,0
2102299,,CULVCLA1,0,1730259442,1730259442,11:37:22 PM,11:37:22 PM,0
2102299,,CLARCULV,0,1730259477,1730259477,11:37:57 PM,11:37:57 PM,0
2102299,,CLARHERB,0,1730259496,1730259496,11:38:16 PM,11:38:16 PM,0
2102299,,CLARPKH2,0,1730259507,1730259507,11:38:27 PM,11:38:27 PM,0
2102299,,CLARAVA2,0,1730259539,1730259539,11:38:59 PM,11:38:59 PM,0
2102299,,CLARDUN2,0,1730259566,1730259566,11:39:26 PM,11:39:26 PM,0
2102299,,CLARWHI2,0,1730259598,1730259598,11:39:58 PM,11:39:58 PM,0
2102299,,ARGYMAL2,0,1730259660,1730259660,11:41:00 PM,11:41:00 PM,0
2102318,,ARGYMAL2,0,1730260080,1730260080,11:48:00 PM,11:48:00 PM,0
2102318,,CLARDUN1,0,1730260129,1730260129,11:48:49 PM,11:48:49 PM,0
2102318,,CLARAVA1,0,1730260150,1730260150,11:49:10 PM,11:49:10 PM,0
2102318,,CLARPKH1,0,1730260176,1730260176,11:49:36 PM,11:49:36 PM,0
2102318,,CLARPACI,0,1730260209,1730260209,11:50:09 PM,11:50:09 PM,0
2102318,,CULVCLA4,0,1730260260,1730260260,11:51:00 PM,11:51:00 PM,0
2102318,,CULVCLA2,0,1730260303,1730260303,11:51:43 PM,11:51:43 PM,0
2102318,,CULVCUL4,0,1730260355,1730260355,11:52:35 PM,11:52:35 PM,0
2102318,,CULVCUL2,0,1730260385,1730260385,11:53:05 PM,11:53:05 PM,0
2102318,,CULVTHR2,0,1730260424,1730260424,11:53:44 PM,11:53:44 PM,0
2102318,,THIRCUL1,0,1730260493,1730260493,11:54:53 PM,11:54:53 PM,0
2102318,,THIROXF1,0,1730260535,1730260535,11:55:35 PM,11:55:35 PM,0
2102318,,OXFOSEC2,0,1730260605,1730260605,11:56:45 PM,11:56:45 PM,0
2102318,,FANCOLL5,0,1730260680,1730260680,11:58:00 PM,11:58:00 PM,0
2102318,,OXFOROE2,0,1730260724,1730260724,11:58:44 PM,11:58:44 PM,0
2102318,,OXFOHIG4,,,,,,
2102318,,OXFOHIG2,,,,,,
2102318,,OXFOWIST,,,,,,
2102318,,OXFOOAKS,0,1730260859,1730260859,12:00:59 AM,12:00:59 AM,0
2102318,,OXFOCLE2,0,1730260903,1730260903,12:01:43 AM,12:01:43 AM,0
2102318,,OXFOLYMA,0,1730260946,1730260946,12:02:26 AM,12:02:26 AM,0
2102318,,OXFOSTUA,0,1730260976,1730260976,12:02:56 AM,12:02:56 AM,0
2102318,,OXFOQUE2,0,1730261016,1730261016,12:03:36 AM,12:03:36 AM,0
2102318,,OXFOSTE2,0,1730261046,1730261046,12:04:06 AM,12:04:06 AM,0
2102318,,OXFOGAM2,0,1730261069,1730261069,12:04:29 AM,12:04:29 AM,0
2102318,,OXFOELL2,0,1730261123,1730261123,12:05:23 AM,12:05:23 AM,0
2102318,,OXFOELI2,0,1730261163,1730261163,12:06:03 AM,12:06:03 AM,0
2102318,,OXFOADE2,0,1730261220,1730261220,12:07:00 AM,12:07:00 AM,0
2102318,,OXFOWIL2,0,1730261247,1730261247,12:07:27 AM,12:07:27 AM,0
2102318,,OXFOMAI2,0,1730261278,1730261278,12:07:58 AM,12:07:58 AM,0
2102318,,OXFOCOL2,0,1730261303,1730261303,12:08:23 AM,12:08:23 AM,0
2102318,,OXFOWAT2,0,1730261331,1730261331,12:08:51 AM,12:08:51 AM,0
2102318,,OXFOWEL2,0,1730261364,1730261364,12:09:24 AM,12:09:24 AM,0
2102318,,OXFORIC2,0,1730261400,1730261400,12:10:00 AM,12:10:00 AM,0
2102318,,OXFOGEO2,0,1730261427,1730261427,12:10:27 AM,12:10:27 AM,0
2102318,,OXFOTAL2,0,1730261451,1730261451,12:10:51 AM,12:10:51 AM,0
2102318,,OXFOGRAC,0,1730261516,1730261516,12:11:56 AM,12:11:56 AM,0
2102318,,OXFOWHA2,0,1730261537,1730261537,12:12:17 AM,12:12:17 AM,0
2102318,,OXFOFERN,0,1730261549,1730261549,12:12:29 AM,12:12:29 AM,0
2102318,,OXFORAT2,0,1730261584,1730261584,12:13:04 AM,12:13:04 AM,0
2102318,,OXFOPLAT,0,1730261640,1730261640,12:14:00 AM,12:14:00 AM,0
2102318,,OXFOCHE2,0,1730261679,1730261679,12:14:39 AM,12:14:39 AM,0
2102318,,OXFOBEA4,0,1730261743,1730261743,12:15:43 AM,12:15:43 AM,0
2102318,,OXFOBEA2,,,,,,
2102318,,OXFOPRO2,0,1730261819,1730261819,12:16:59 AM,12:16:59 AM,0
2102318,,OXFOWON2,0,1730261880,1730261880,12:18:00 AM,12:18:00 AM,0
2102318,,OXFOCAP2,0,1730261910,1730261910,12:18:30 AM,12:18:30 AM,0
2102318,,OXFOLAR2,0,1730261962,1730261962,12:19:22 AM,12:19:22 AM,0
2102318,,OXFOGUI2,0,1730262014,1730262014,12:20:14 AM,12:20:14 AM,0
2102318,,OXFOFRE2,0,1730262062,1730262062,12:21:02 AM,12:21:02 AM,0
2102318,,OXFOGUI3,0,1730262101,1730262101,12:21:41 AM,12:21:41 AM,0
2102318,,OXFOFID2,0,1730262131,1730262131,12:22:11 AM,12:22:11 AM,0
2102318,,OXFOHYD2,0,1730262180,1730262180,12:23:00 AM,12:23:00 AM,0
2102318,,OXFOROY2,0,1730262193,1730262193,12:23:13 AM,12:23:13 AM,0
2102318,,OXFOROY4,0,1730262212,1730262212,12:23:32 AM,12:23:32 AM,0
2102318,,OXFOOLH2,0,1730262236,1730262236,12:23:56 AM,12:23:56 AM,0
2102318,,SANISUT2,0,1730262279,1730262279,12:24:39 AM,12:24:39 AM,0
2102318,,SANIPLY2,0,1730262301,1730262301,12:25:01 AM,12:25:01 AM,0
2102318,,SANIRIV2,0,1730262310,1730262310,12:25:10 AM,12:25:10 AM,0
2102318,,HALLCOMM,0,1730262360,1730262360,12:26:00 AM,12:26:00 AM,0
2102318,,HALLCOMM,0,1730262660,1730262660,12:31:00 AM,12:31:00 AM,0
2102318,,COMMSTEP,0,1730262713,1730262713,12:31:53 AM,12:31:53 AM,0
2102318,,GRIFCOMM,0,1730262751,1730262751,12:32:31 AM,12:32:31 AM,0
2102318,,GRIFHEMO,0,1730262788,1730262788,12:33:08 AM,12:33:08 AM,0
2102318,,GRIFNORM,0,1730262836,1730262836,12:33:56 AM,12:33:56 AM,0
2102318,,BYBAGRIF,0,1730262900,1730262900,12:35:00 AM,12:35:00 AM,0
2102306,,BYBAGRIF,0,1730262900,1730262900,12:35:00 AM,12:35:00 AM,0
2102306,,BYBABELV,0,1730262935,1730262935,12:35:35 AM,12:35:35 AM,0
2102306,,BYBABYRO,0,1730262992,1730262992,12:36:32 AM,12:36:32 AM,0
2102306,,BOLEBASE,0,1730263024,1730263024,12:37:04 AM,12:37:04 AM,0
2102306,,BOLEGLEN,0,1730263079,1730263079,12:37:59 AM,12:37:59 AM,0
2102306,,BOLECOM1,0,1730263107,1730263107,12:38:27 AM,12:38:27 AM,0
2102306,,BOLECOM3,0,1730263140,1730263140,12:39:00 AM,12:39:00 AM,0
2102306,,BOLECOM3,0,1730263140,1730263140,12:39:00 AM,12:39:00 AM,0
2102306,,SANIRIV1,0,1730263200,1730263200,12:40:00 AM,12:40:00 AM,0
2102306,,SANIPLY1,0,1730263208,1730263208,12:40:08 AM,12:40:08 AM,0
2102306,,SANISUT1,0,1730263237,1730263237,12:40:37 AM,12:40:37 AM,0
2102306,,OXFOSAN1,0,1730263275,1730263275,12:41:15 AM,12:41:15 AM,0
2102306,,OXFOOLH1,0,1730263293,1730263293,12:41:33 AM,12:41:33 AM,0
2102306,,OXFOROY3,0,1730263326,1730263326,12:42:06 AM,12:42:06 AM,0
2102306,,OXFOROY1,0,1730263351,1730263351,12:42:31 AM,12:42:31 AM,0
2102306,,OXFOHYD1,0,1730263380,1730263380,12:43:00 AM,12:43:00 AM,0
2102306,,OXFOFID1,0,1730263405,1730263405,12:43:25 AM,12:43:25 AM,0
2102306,,OXFOGUI1,0,1730263446,1730263446,12:44:06 AM,12:44:06 AM,0
2102306,,OXFOFRE1,0,1730263478,1730263478,12:44:38 AM,12:44:38 AM,0
2102306,,OXFOJUNI,0,1730263519,1730263519,12:45:19 AM,12:45:19 AM,0
2102306,,OXFOLAR1,0,1730263579,1730263579,12:46:19 AM,12:46:19 AM,0
2102306,,OXFOCAP1,0,1730263625,1730263625,12:47:05 AM,12:47:05 AM,0
2102306,,OXFOWON1,0,1730263680,1730263680,12:48:00 AM,12:48:00 AM,0
2102306,,OXFOPRO1,0,1730263727,1730263727,12:48:47 AM,12:48:47 AM,0
2102306,,OXFOBEA1,0,1730263802,1730263802,12:50:02 AM,12:50:02 AM,0
2102306,,OXFOCHE1,0,1730263845,1730263845,12:50:45 AM,12:50:45 AM,0
2102306,,OXFOCHE3,0,1730263862,1730263862,12:51:02 AM,12:51:02 AM,0
2102306,,OXFOBRI1,0,1730263920,1730263920,12:52:00 AM,12:52:00 AM,0
2102306,,OXFORAT1,0,1730263976,1730263976,12:52:56 AM,12:52:56 AM,0
2102306,,OXFOWHA1,0,1730264037,1730264037,12:53:57 AM,12:53:57 AM,0
2102306,,OXFOANDR,0,1730264060,1730264060,12:54:20 AM,12:54:20 AM,0
2102306,,OXFOTAL1,0,1730264134,1730264134,12:55:34 AM,12:55:34 AM,0
2102306,,OXFOGEO1,0,1730264174,1730264174,12:56:14 AM,12:56:14 AM,0
2102306,,OXFORIC1,0,1730264220,1730264220,12:57:00 AM,12:57:00 AM,0
2102306,,OXFOWEL1,0,1730264239,1730264239,12:57:19 AM,12:57:19 AM,0
2102306,,OXFOWAT1,0,1730264272,1730264272,12:57:52 AM,12:57:52 AM,0
2102306,,OXFOCOL1,0,1730264304,1730264304,12:58:24 AM,12:58:24 AM,0
2102306,,OXFOMAI1,0,1730264344,1730264344,12:59:04 AM,12:59:04 AM,0
2102306,,OXFOWIL1,0,1730264371,1730264371,12:59:31 AM,12:59:31 AM,0
2102306,,OXFOADE1,0,1730264400,1730264400,01:00:00 AM,01:00:00 AM,0
2102306,,OXFOELI1,0,1730264442,1730264442,01:00:42 AM,01:00:42 AM,0
2102306,,OXFOELL1,0,1730264480,1730264480,01:01:20 AM,01:01:20 AM,0
2102306,,OXFOGAM1,0,1730264527,1730264527,01:02:07 AM,01:02:07 AM,0
2102306,,OXFOSTE1,0,1730264563,1730264563,01:02:43 AM,01:02:43 AM,0
2102306,,OXFOQUE1,0,1730264584,1730264584,01:03:04 AM,01:03:04 AM,0
2102306,,OXFOSTRA,0,1730264618,1730264618,01:03:38 AM,01:03:38 AM,0
2102306,,OXFOSPIT,0,1730264659,1730264659,01:04:19 AM,01:04:19 AM,0
2102306,,OXFOCLE1,0,1730264697,1730264697,01:04:57 AM,01:04:57 AM,0
2102306,,OXFOEMPI,0,1730264737,1730264737,01:05:37 AM,01:05:37 AM,0
2102306,,OXFOMORN,,,,,,
2102306,,OXFOHIG1,,,,,,
2102306,,OXFOHIG3,,,,,,
2102306,,FANCOLL1,0,1730264940,1730264940,01:09:00 AM,01:09:00 AM,0
2102306,,OXFOSEC1,0,1730264991,1730264991,01:09:51 AM,01:09:51 AM,0
2102306,,OXFOTHI1,0,1730265039,1730265039,01:10:39 AM,01:10:39 AM,0
2102306,,THIROXF2,0,1730265072,1730265072,01:11:12 AM,01:11:12 AM,0
2102306,,THIROFO2,0,1730265096,1730265096,01:11:36 AM,01:11:36 AM,0
2102306,,THIRCUL2,0,1730265120,1730265120,01:12:00 AM,01:12:00 AM,0
2102306,,CULVTHR1,0,1730265135,1730265135,01:12:15 AM,01:12:15 AM,0
2102306,,CULVCUL1,0,1730265168,1730265168,01:12:48 AM,01:12:48 AM,0
2102306,,CULVCUL3,0,1730265190,1730265190,01:13:10 AM,01:13:10 AM,0
2102306,,CULVCUL5,0,1730265225,1730265225,01:13:45 AM,01:13:45 AM,0
2102306,,CULVCLA1,0,1730265262,1730265262,01:14:22 AM,01:14:22 AM,0
2102306,,CLARCULV,0,1730265297,1730265297,01:14:57 AM,01:14:57 AM,0
2102306,,CLARHERB,0,1730265316,1730265316,01:15:16 AM,01:15:16 AM,0
2102306,,CLARPKH2,0,1730265327,1730265327,01:15:27 AM,01:15:27 AM,0
2102306,,CLARAVA2,0,1730265359,1730265359,01:15:59 AM,01:15:59 AM,0
2102306,,CLARDUN2,0,1730265386,1730265386,01:16:26 AM,01:16:26 AM,0
2102306,,CLARWHI2,0,1730265418,1730265418,01:16:58 AM,01:16:58 AM,0
2102306,,ARGYMAL2,0,1730265480,1730265480,01:18:00 AM,01:18:00 AM,0
2102352,,ARGYMAL2,0,1730233860,1730233860,04:31:00 PM,04:31:00 PM,0
2102352,,CLARDUN1,0,1730233934,1730233934,04:32:14 PM,04:32:14 PM,0
2102352,,CLARAVA1,0,1730233961,1730233961,04:32:41 PM,04:32:41 PM,0
2102352,,CLARPKH1,0,1730233995,1730233995,04:33:15 PM,04:33:15 PM,0
2102352,,CLARPACI,0,1730234038,1730234038,04:33:58 PM,04:33:58 PM,0
2102352,,CULVCLA4,0,1730234100,1730234100,04:35:00 PM,04:35:00 PM,0
2102352,,CULVCLA2,0,1730234150,1730234150,04:35:50 PM,04:35:50 PM,0
2102352,,CULVCUL4,0,1730234210,1730234210,04:36:50 PM,04:36:50 PM,0
2102352,,CULVCUL2,0,1730234245,1730234245,04:37:25 PM,04:37:25 PM,0
2102352,,CULVTHR2,0,1730234290,1730234290,04:38:10 PM,04:38:10 PM,0
2102352,,THIRCUL1,0,1730234353,1730234353,04:39:13 PM,04:39:13 PM,0
2102352,,THIROXF1,0,1730234417,1730234417,04:40:17 PM,04:40:17 PM,0
2102352,,OXFOSEC2,0,1730234497,1730234497,04:41:37 PM,04:41:37 PM,0
2102352,,FANCOLL5,0,1730234580,1730234580,04:43:00 PM,04:43:00 PM,0
2102352,,OXFOROE2,0,1730234624,1730234624,04:43:44 PM,04:43:44 PM,0
2102352,,OXFOHIG4,,,,,,
2102352,,OXFOHIG2,,,,,,
2102352,,OXFOWIST,,,,,,
2102352,,OXFOOAKS,0,1730234768,1730234768,04:46:08 PM,04:46:08 PM,0
2102352,,OXFOCLE2,0,1730234818,1730234818,04:46:58 PM,04:46:58 PM,0
2102352,,OXFOLYMA,0,1730234867,1730234867,04:47:47 PM,04:47:47 PM,0
2102352,,OXFOSTUA,0,1730234901,1730234901,04:48:21 PM,04:48:21 PM,0
2102352,,OXFOQUE2,0,1730234947,1730234947,04:49:07 PM,04:49:07 PM,0
2102352,,OXFOSTE2,0,1730234981,1730234981,04:49:41 PM,04:49:41 PM,0
2102352,,OXFOGAM2,0,1730235007,1730235007,04:50:07 PM,04:50:07 PM,0
2102352,,OXFOELL2,0,1730235069,1730235069,04:51:09 PM,04:51:09 PM,0
2102352,,OXFOELI2,0,1730235115,1730235115,04:51:55 PM,04:51:55 PM,0
2102352,,OXFOADE2,0,1730235180,1730235180,04:53:00 PM,04:53:00 PM,0
2102352,,OXFOWIL2,0,1730235226,1730235226,04:53:46 PM,04:53:46 PM,0
2102352,,OXFOMAI2,0,1730235278,1730235278,04:54:38 PM,04:54:38 PM,0
2102352,,OXFOCOL2,0,1730235320,1730235320,04:55:20 PM,04:55:20 PM,0
2102352,,OXFOWAT2,0,1730235367,1730235367,04:56:07 PM,04:56:07 PM,0
2102352,,OXFOWEL2,0,1730235423,1730235423,04:57:03 PM,04:57:03 PM,0
2102352,,OXFORIC2,0,1730235480,1730235480,04:58:00 PM,04:58:00 PM,0
2102352,,OXFOGEO2,0,1730235542,1730235542,04:59:02 PM,04:59:02 PM,0
2102352,,OXFOTAL2,0,1730235596,1730235596,04:59:56 PM,04:59:56 PM,0
2102352,,OXFOGRAC,0,1730235743,1730235743,05:02:23 PM,05:02:23 PM,0
2102352,,OXFOWHA2,0,1730235792,1730235792,05:03:12 PM,05:03:12 PM,0
2102352,,OXFOFERN,0,1730235820,1730235820,05:03:40 PM,05:03:40 PM,0
2102352,,OXFORAT2,0,1730235899,1730235899,05:04:59 PM,05:04:59 PM,0
2102352,,OXFOPLAT,0,1730236020,1730236020,05:07:00 PM,05:07:00 PM,0
2102352,,OXFOCHE2,0,1730236068,1730236068,05:07:48 PM,05:07:48 PM,0
2102352,,OXFOBEA4,0,1730236148,1730236148,05:09:08 PM,05:09:08 PM,0
2102352,,OXFOBEA2,,,,,,
2102352,,OXFOPRO2,0,1730236243,1730236243,05:10:43 PM,05:10:43 PM,0
2102352,,OXFOWON2,0,1730236320,1730236320,05:12:00 PM,05:12:00 PM,0
2102352,,OXFOCAP2,0,1730236358,1730236358,05:12:38 PM,05:12:38 PM,0
2102352,,OXFOLAR2,0,1730236423,1730236423,05:13:43 PM,05:13:43 PM,0
2102352,,OXFOGUI2,0,1730236489,1730236489,05:14:49 PM,05:14:49 PM,0
2102352,,OXFOFRE2,0,1730236549,1730236549,05:15:49 PM,05:15:49 PM,0
2102352,,OXFOGUI3,0,1730236599,1730236599,05:16:39 PM,05:16:39 PM,0
2102352,,OXFOFID2,0,1730236636,1730236636,05:17:16 PM,05:17:16 PM,0
2102352,,HYDEOXF2,0,1730236680,1730236680,05:18:00 PM,05:18:00 PM,0
2102352,,HYDEFIG2,0,1730236734,1730236734,05:18:54 PM,05:18:54 PM,0
2102352,,HYDEHAZE,0,1730236773,1730236773,05:19:33 PM,05:19:33 PM,0
2102352,,HYDERIV1,0,1730236825,1730236825,05:20:25 PM,05:20:25 PM,0
2102352,,RIVEHAR2,0,1730236865,1730236865,05:21:05 PM,05:21:05 PM,0
2102352,,RIVEANT2,0,1730236915,1730236915,05:21:55 PM,05:21:55 PM,0
2102352,,RIVEHAR4,0,1730236936,1730236936,05:22:16 PM,05:22:16 PM,0
2102352,,RIVESAN2,0,1730236972,1730236972,05:22:52 PM,05:22:52 PM,0
2102352,,HALLCOMM,0,1730237040,1730237040,05:24:00 PM,05:24:00 PM,0
2102352,,HALLCOMM,0,1730237340,1730237340,05:29:00 PM,05:29:00 PM,0
2102352,,COMMSTEP,0,1730237378,1730237378,05:29:38 PM,05:29:38 PM,0
2102352,,COMMGRAN,0,1730237409,1730237409,05:30:09 PM,05:30:09 PM,0
2102352,,COMMCAD1,0,1730237432,1730237432,05:30:32 PM,05:30:32 PM,0
2102352,,COMMCAD2,0,1730237463,1730237463,05:31:03 PM,05:31:03 PM,0
2102352,,KAINOXFN,0,1730237520,1730237520,05:32:00 PM,05:32:00 PM,0
2102294,,KAINOXFN,0,1730237520,1730237520,05:32:00 PM,05:32:00 PM,0
2102294,,KAINKIRK,0,1730237591,1730237591,05:33:11 PM,05:33:11 PM,0
2102294,,KAINSUMM,0,1730237608,1730237608,05:33:28 PM,05:33:28 PM,0
2102294,,KAINRIVE,0,1730237672,1730237672,05:34:32 PM,05:34:32 PM,0
2102294,,RIVESHOR,0,1730237768,1730237768,05:36:08 PM,05:36:08 PM,0
2102294,,RIVEOXF1,0,1730237811,1730237811,05:36:51 PM,05:36:51 PM,0
2102294,,OXFORIV1,0,1730237856,1730237856,05:37:36 PM,05:37:36 PM,0
2102294,,COMMCHE1,0,1730237939,1730237939,05:38:59 PM,05:38:59 PM,0
2102294,,COMMCHE2,0,1730237996,1730237996,05:39:56 PM,05:39:56 PM,0
2102294,,COMMGRA2,0,1730238028,1730238028,05:40:28 PM,05:40:28 PM,0
2102294,,COMMREYN,0,1730238065,1730238065,05:41:05 PM,05:41:05 PM,0
2102294,,COMMSTE1,0,1730238108,1730238108,05:41:48 PM,05:41:48 PM,0
2102294,,COMMHAL2,0,1730238146,1730238146,05:42:26 PM,05:42:26 PM,0
2102294,,BOLECOM3,0,1730238180,1730238180,05:43:00 PM,05:43:00 PM,0
2102294,,BOLECOM3,0,1730238180,1730238180,05:43:00 PM,05:43:00 PM,0
2102294,,RIVESAN1,0,1730238251,1730238251,05:44:11 PM,05:44:11 PM,0
2102294,,RIVEHAR3,0,1730238281,1730238281,05:44:41 PM,05:44:41 PM,0
2102294,,RIVEANT1,0,1730238305,1730238305,05:45:05 PM,05:45:05 PM,0
2102294,,RIVEHAR1,0,1730238350,1730238350,05:45:50 PM,05:45:50 PM,0
2102294,,HYDERIVE,0,1730238398,1730238398,05:46:38 PM,05:46:38 PM,0
2102294,,HYDEVALE,0,1730238449,1730238449,05:47:29 PM,05:47:29 PM,0
2102294,,HYDEFIG1,0,1730238485,1730238485,05:48:05 PM,05:48:05 PM,0
2102294,,HYDEOXF1,0,1730238540,1730238540,05:49:00 PM,05:49:00 PM,0
2102294,,OXFOFID1,0,1730238584,1730238584,05:49:44 PM,05:49:44 PM,0
2102294,,OXFOGUI1,0,1730238640,1730238640,05:50:40 PM,05:50:40 PM,0
2102294,,OXFOFRE1,0,1730238684,1730238684,05:51:24 PM,05:51:24 PM,0
2102294,,OXFOJUNI,0,1730238740,1730238740,05:52:20 PM,05:52:20 PM,0
2102294,,OXFOLAR1,0,1730238822,1730238822,05:53:42 PM,05:53:42 PM,0
2102294,,OXFOCAP1,0,1730238886,1730238886,05:54:46 PM,05:54:46 PM,0
2102294,,OXFOWON1,0,1730238960,1730238960,05:56:00 PM,05:56:00 PM,0
2102294,,OXFOPRO1,0,1730239007,1730239007,05:56:47 PM,05:56:47 PM,0
2102294,,OXFOBEA1,0,1730239082,1730239082,05:58:02 PM,05:58:02 PM,0
2102294,,OXFOCHE1,0,1730239125,1730239125,05:58:45 PM,05:58:45 PM,0
2102294,,OXFOCHE3,0,1730239142,1730239142,05:59:02 PM,05:59:02 PM,0
2102294,,OXFOBRI1,0,1730239200,1730239200,06:00:00 PM,06:00:00 PM,0
2102294,,OXFORAT1,0,1730239267,1730239267,06:01:07 PM,06:01:07 PM,0
2102294,,OXFOWHA1,0,1730239340,1730239340,06:02:20 PM,06:02:20 PM,0
2102294,,OXFOANDR,0,1730239367,1730239367,06:02:47 PM,06:02:47 PM,0
2102294,,OXFOTAL1,0,1730239456,1730239456,06:04:16 PM,06:04:16 PM,0
2102294,,OXFOGEO1,0,1730239504,1730239504,06:05:04 PM,06:05:04 PM,0
2102294,,OXFORIC1,0,1730239560,1730239560,06:06:00 PM,06:06:00 PM,0
2102294,,OXFOWEL1,0,1730239579,1730239579,06:06:19 PM,06:06:19 PM,0
2102294,,OXFOWAT1,0,1730239612,1730239612,06:06:52 PM,06:06:52 PM,0
2102294,,OXFOCOL1,0,1730239644,1730239644,06:07:24 PM,06:07:24 PM,0
2102294,,OXFOMAI1,0,1730239684,1730239684,06:08:04 PM,06:08:04 PM,0
2102294,,OXFOWIL1,0,1730239711,1730239711,06:08:31 PM,06:08:31 PM,0
2102294,,OXFOADE1,0,1730239740,1730239740,06:09:00 PM,06:09:00 PM,0
2102294,,OXFOELI1,0,1730239782,1730239782,06:09:42 PM,06:09:42 PM,0
2102294,,OXFOELL1,0,1730239820,1730239820,06:10:20 PM,06:10:20 PM,0
2102294,,OXFOGAM1,0,1730239867,1730239867,06:11:07 PM,06:11:07 PM,0
2102294,,OXFOSTE1,0,1730239903,1730239903,06:11:43 PM,06:11:43 PM,0
2102294,,OXFOQUE1,0,1730239924,1730239924,06:12:04 PM,06:12:04 PM,0
2102294,,OXFOSTRA,0,1730239958,1730239958,06:12:38 PM,06:12:38 PM,0
2102294,,OXFOSPIT,0,1730239999,1730239999,06:13:19 PM,06:13:19 PM,0
2102294,,OXFOCLE1,0,1730240037,1730240037,06:13:57 PM,06:13:57 PM,0
2102294,,OXFOEMPI,0,1730240077,1730240077,06:14:37 PM,06:14:37 PM,0
2102294,,OXFOMORN,,,,,,
2102294,,OXFOHIG1,,,,,,
2102294,,OXFOHIG3,,,,,,
2102294,,FANCOLL1,0,1730240280,1730240280,06:18:00 PM,06:18:00 PM,0
2102294,,OXFOSEC1,0,1730240334,1730240334,06:18:54 PM,06:18:54 PM,0
2102294,,OXFOTHI1,0,1730240381,1730240381,06:19:41 PM,06:19:41 PM,0
2102294,,THIROXF2,0,1730240413,1730240413,06:20:13 PM,06:20:13 PM,0
2102294,,THIROFO2,0,1730240436,1730240436,06:20:36 PM,06:20:36 PM,0
2102294,,THIRCUL2,0,1730240460,1730240460,06:21:00 PM,06:21:00 PM,0
2102294,,CULVTHR1,0,1730240478,1730240478,06:21:18 PM,06:21:18 PM,0
2102294,,CULVCUL1,0,1730240517,1730240517,06:21:57 PM,06:21:57 PM,0
2102294,,CULVCUL3,0,1730240542,1730240542,06:22:22 PM,06:22:22 PM,0
2102294,,CULVCUL5,0,1730240583,1730240583,06:23:03 PM,06:23:03 PM,0
2102294,,CULVCLA1,0,1730240626,1730240626,06:23:46 PM,06:23:46 PM,0
2102294,,CLARCULV,0,1730240666,1730240666,06:24:26 PM,06:24:26 PM,0
2102294,,CLARHERB,0,1730240689,1730240689,06:24:49 PM,06:24:49 PM,0
2102294,,CLARPKH2,0,1730240702,1730240702,06:25:02 PM,06:25:02 PM,0
2102294,,CLARAVA2,0,1730240740,1730240740,06:25:40 PM,06:25:40 PM,0
2102294,,CLARDUN2,0,1730240772,1730240772,06:26:12 PM,06:26:12 PM,0
2102294,,CLARWHI2,0,1730240809,1730240809,06:26:49 PM,06:26:49 PM,0
2102294,,ARGYMAL2,0,1730240880,1730240880,06:28:00 PM,06:28:00 PM,0
2102315,,ARGYMAL2,0,1730241900,1730241900,06:45:00 PM,06:45:00 PM,0
2102315,,CLARDUN1,0,1730241966,1730241966,06:46:06 PM,06:46:06 PM,0
2102315,,CLARAVA1,0,1730241995,1730241995,06:46:35 PM,06:46:35 PM,0
2102315,,CLARPKH1,0,1730242030,1730242030,06:47:10 PM,06:47:10 PM,0
2102315,,CLARPACI,0,1730242075,1730242075,06:47:55 PM,06:47:55 PM,0
2102315,,CULVCLA4,0,1730242140,1730242140,06:49:00 PM,06:49:00 PM,0
2102315,,CULVCLA2,0,1730242190,1730242190,06:49:50 PM,06:49:50 PM,0
2102315,,CULVCUL4,0,1730242250,1730242250,06:50:50 PM,06:50:50 PM,0
2102315,,CULVCUL2,0,1730242285,1730242285,06:51:25 PM,06:51:25 PM,0
2102315,,CULVTHR2,0,1730242330,1730242330,06:52:10 PM,06:52:10 PM,0
2102315,,THIRCUL1,0,1730242408,1730242408,06:53:28 PM,06:53:28 PM,0
2102315,,THIROXF1,0,1730242457,1730242457,06:54:17 PM,06:54:17 PM,0
2102315,,OXFOSEC2,0,1730242537,1730242537,06:55:37 PM,06:55:37 PM,0
2102315,,FANCOLL5,0,1730242620,1730242620,06:57:00 PM,06:57:00 PM,0
2102315,,OXFOROE2,0,1730242664,1730242664,06:57:44 PM,06:57:44 PM,0
2102315,,OXFOHIG4,,,,,,
2102315,,OXFOHIG2,,,,,,
2102315,,OXFOWIST,,,,,,
2102315,,OXFOOAKS,0,1730242799,1730242799,06:59:59 PM,06:59:59 PM,0
2102315,,OXFOCLE2,0,1730242843,1730242843,07:00:43 PM,07:00:43 PM,0
2102315,,OXFOLYMA,0,1730242886,1730242886,07:01:26 PM,07:01:26 PM,0
2102315,,OXFOSTUA,0,1730242916,1730242916,07:01:56 PM,07:01:56 PM,0
2102315,,OXFOQUE2,0,1730242956,1730242956,07:02:36 PM,07:02:36 PM,0
2102315,,OXFOSTE2,0,1730242986,1730242986,07:03:06 PM,07:03:06 PM,0
2102315,,OXFOGAM2,0,1730243009,1730243009,07:03:29 PM,07:03:29 PM,0
2102315,,OXFOELL2,0,1730243063,1730243063,07:04:23 PM,07:04:23 PM,0
2102315,,OXFOELI2,0,1730243103,1730243103,07:05:03 PM,07:05:03 PM,0
2102315,,OXFOADE2,0,1730243160,1730243160,07:06:00 PM,07:06:00 PM,0
2102315,,OXFOWIL2,0,1730243197,1730243197,07:06:37 PM,07:06:37 PM,0
2102315,,OXFOMAI2,0,1730243238,1730243238,07:07:18 PM,07:07:18 PM,0
2102315,,OXFOCOL2,0,1730243272,1730243272,07:07:52 PM,07:07:52 PM,0
2102315,,OXFOWAT2,0,1730243310,1730243310,07:08:30 PM,07:08:30 PM,0
2102315,,OXFOWEL2,0,1730243355,1730243355,07:09:15 PM,07:09:15 PM,0
2102315,,OXFORIC2,0,1730243400,1730243400,07:10:00 PM,07:10:00 PM,0
2102315,,OXFOGEO2,0,1730243434,1730243434,07:10:34 PM,07:10:34 PM,0
2102315,,OXFOTAL2,0,1730243464,1730243464,07:11:04 PM,07:11:04 PM,0
2102315,,OXFOGRAC,0,1730243545,1730243545,07:12:25 PM,07:12:25 PM,0
2102315,,OXFOWHA2,0,1730243572,1730243572,07:12:52 PM,07:12:52 PM,0
2102315,,OXFOFERN,0,1730243588,1730243588,07:13:08 PM,07:13:08 PM,0
2102315,,OXFORAT2,0,1730243631,1730243631,07:13:51 PM,07:13:51 PM,0
2102315,,OXFOPLAT,0,1730243700,1730243700,07:15:00 PM,07:15:00 PM,0
2102315,,OXFOCHE2,0,1730243748,1730243748,07:15:48 PM,07:15:48 PM,0
2102315,,OXFOBEA4,0,1730243828,1730243828,07:17:08 PM,07:17:08 PM,0
2102315,,OXFOBEA2,,,,,,
2102315,,OXFOPRO2,0,1730243923,1730243923,07:18:43 PM,07:18:43 PM,0
2102315,,OXFOWON2,0,1730244000,1730244000,07:20:00 PM,07:20:00 PM,0
2102315,,OXFOCAP2,0,1730244036,1730244036,07:20:36 PM,07:20:36 PM,0
2102315,,OXFOLAR2,0,1730244098,1730244098,07:21:38 PM,07:21:38 PM,0
2102315,,OXFOGUI2,0,1730244161,1730244161,07:22:41 PM,07:22:41 PM,0
2102315,,OXFOFRE2,0,1730244219,1730244219,07:23:39 PM,07:23:39 PM,0
2102315,,OXFOGUI3,0,1730244266,1730244266,07:24:26 PM,07:24:26 PM,0
2102315,,OXFOFID2,0,1730244302,1730244302,07:25:02 PM,07:25:02 PM,0
2102315,,OXFOHYD2,0,1730244360,1730244360,07:26:00 PM,07:26:00 PM,0
2102315,,OXFOROY2,0,1730244377,1730244377,07:26:17 PM,07:26:17 PM,0
2102315,,OXFOROY4,0,1730244402,1730244402,07:26:42 PM,07:26:42 PM,0
2102315,,OXFOOLH2,0,1730244434,1730244434,07:27:14 PM,07:27:14 PM,0
2102315,,SANISUT2,0,1730244492,1730244492,07:28:12 PM,07:28:12 PM,0
2102315,,SANIPLY2,0,1730244522,1730244522,07:28:42 PM,07:28:42 PM,0
2102315,,SANIRIV2,0,1730244534,1730244534,07:28:54 PM,07:28:54 PM,0
2102315,,HALLCOMM,0,1730244600,1730244600,07:30:00 PM,07:30:00 PM,0
2102315,,HALLCOMM,0,1730245020,1730245020,07:37:00 PM,07:37:00 PM,0
2102315,,COMMSTEP,0,1730245073,1730245073,07:37:53 PM,07:37:53 PM,0
2102315,,GRIFCOMM,0,1730245111,1730245111,07:38:31 PM,07:38:31 PM,0
2102315,,GRIFHEMO,0,1730245148,1730245148,07:39:08 PM,07:39:08 PM,0
2102315,,GRIFNORM,0,1730245196,1730245196,07:39:56 PM,07:39:56 PM,0
2102315,,BYBAGRIF,0,1730245260,1730245260,07:41:00 PM,07:41:00 PM,0
2102259,,BYBAGRIF,0,1730245260,1730245260,07:41:00 PM,07:41:00 PM,0
2102259,,BYBABELV,0,1730245295,1730245295,07:41:35 PM,07:41:35 PM,0
2102259,,BYBABYRO,0,1730245352,1730245352,07:42:32 PM,07:42:32 PM,0
2102259,,BOLEBASE,0,1730245384,1730245384,07:43:04 PM,07:43:04 PM,0
2102259,,BOLEGLEN,0,1730245439,1730245439,07:43:59 PM,07:43:59 PM,0
2102259,,BOLECOM1,0,1730245467,1730245467,07:44:27 PM,07:44:27 PM,0
2102259,,BOLECOM3,0,1730245500,1730245500,07:45:00 PM,07:45:00 PM,0
2102259,,BOLECOM3,0,1730245500,1730245500,07:45:00 PM,07:45:00 PM,0
2102259,,SANIRIV1,0,1730245560,1730245560,07:46:00 PM,07:46:00 PM,0
2102259,,SANIPLY1,0,1730245568,1730245568,07:46:08 PM,07:46:08 PM,0
2102259,,SANISUT1,0,1730245597,1730245597,07:46:37 PM,07:46:37 PM,0
2102259,,OXFOSAN1,0,1730245635,1730245635,07:47:15 PM,07:47:15 PM,0
2102259,,OXFOOLH1,0,1730245653,1730245653,07:47:33 PM,07:47:33 PM,0
2102259,,OXFOROY3,0,1730245686,1730245686,07:48:06 PM,07:48:06 PM,0
2102259,,OXFOROY1,0,1730245711,1730245711,07:48:31 PM,07:48:31 PM,0
2102259,,OXFOHYD1,0,1730245740,1730245740,07:49:00 PM,07:49:00 PM,0
2102259,,OXFOFID1,0,1730245770,1730245770,07:49:30 PM,07:49:30 PM,0
2102259,,OXFOGUI1,0,1730245819,1730245819,07:50:19 PM,07:50:19 PM,0
2102259,,OXFOFRE1,0,1730245858,1730245858,07:50:58 PM,07:50:58 PM,0
2102259,,OXFOJUNI,0,1730245907,1730245907,07:51:47 PM,07:51:47 PM,0
2102259,,OXFOLAR1,0,1730245979,1730245979,07:52:59 PM,07:52:59 PM,0
2102259,,OXFOCAP1,0,1730246035,1730246035,07:53:55 PM,07:53:55 PM,0
2102259,,OXFOWON1,0,1730246100,1730246100,07:55:00 PM,07:55:00 PM,0
2102259,,OXFOPRO1,0,1730246147,1730246147,07:55:47 PM,07:55:47 PM,0
2102259,,OXFOBEA1,0,1730246222,1730246222,07:57:02 PM,07:57:02 PM,0
2102259,,OXFOCHE1,0,1730246265,1730246265,07:57:45 PM,07:57:45 PM,0
2102259,,OXFOCHE3,0,1730246282,1730246282,07:58:02 PM,07:58:02 PM,0
2102259,,OXFOBRI1,0,1730246340,1730246340,07:59:00 PM,07:59:00 PM,0
2102259,,OXFORAT1,0,1730246407,1730246407,08:00:07 PM,08:00:07 PM,0
2102259,,OXFOWHA1,0,1730246480,1730246480,08:01:20 PM,08:01:20 PM,0
2102259,,OXFOANDR,0,1730246507,1730246507,08:01:47 PM,08:01:47 PM,0
2102259,,OXFOTAL1,0,1730246596,1730246596,08:03:16 PM,08:03:16 PM,0
2102259,,OXFOGEO1,0,1730246644,1730246644,08:04:04 PM,08:04:04 PM,0
2102259,,OXFORIC1,0,1730246700,1730246700,08:05:00 PM,08:05:00 PM,0
2102259,,OXFOWEL1,0,1730246719,1730246719,08:05:19 PM,08:05:19 PM,0
2102259,,OXFOWAT1,0,1730246752,1730246752,08:05:52 PM,08:05:52 PM,0
2102259,,OXFOCOL1,0,1730246784,1730246784,08:06:24 PM,08:06:24 PM,0
2102259,,OXFOMAI1,0,1730246824,1730246824,08:07:04 PM,08:07:04 PM,0
2102259,,OXFOWIL1,0,1730246851,1730246851,08:07:31 PM,08:07:31 PM,0
2102259,,OXFOADE1,0,1730246880,1730246880,08:08:00 PM,08:08:00 PM,0
2102259,,OXFOELI1,0,1730246922,1730246922,08:08:42 PM,08:08:42 PM,0
2102259,,OXFOELL1,0,1730246960,1730246960,08:09:20 PM,08:09:20 PM,0
2102259,,OXFOGAM1,0,1730247007,1730247007,08:10:07 PM,08:10:07 PM,0
2102259,,OXFOSTE1,0,1730247043,1730247043,08:10:43 PM,08:10:43 PM,0
2102259,,OXFOQUE1,0,1730247064,1730247064,08:11:04 PM,08:11:04 PM,0
2102259,,OXFOSTRA,0,1730247098,1730247098,08:11:38 PM,08:11:38 PM,0
2102259,,OXFOSPIT,0,1730247139,1730247139,08:12:19 PM,08:12:19 PM,0
2102259,,OXFOCLE1,0,1730247177,1730247177,08:12:57 PM,08:12:57 PM,0
2102259,,OXFOEMPI,0,1730247217,1730247217,08:13:37 PM,08:13:37 PM,0
2102259,,OXFOMORN,,,,,,
2102259,,OXFOHIG1,,,,,,
2102259,,OXFOHIG3,,,,,,
2102259,,FANCOLL1,0,1730247420,1730247420,08:17:00 PM,08:17:00 PM,0
2102259,,OXFOSEC1,0,1730247471,1730247471,08:17:51 PM,08:17:51 PM,0
2102259,,OXFOTHI1,0,1730247519,1730247519,08:18:39 PM,08:18:39 PM,0
2102259,,THIROXF2,0,1730247552,1730247552,08:19:12 PM,08:19:12 PM,0
2102259,,THIROFO2,0,1730247576,1730247576,08:19:36 PM,08:19:36 PM,0
2102259,,THIRCUL2,0,1730247600,1730247600,08:20:00 PM,08:20:00 PM,0
2102259,,CULVTHR1,0,1730247618,1730247618,08:20:18 PM,08:20:18 PM,0
2102259,,CULVCUL1,0,1730247657,1730247657,08:20:57 PM,08:20:57 PM,0
2102259,,CULVCUL3,0,1730247682,1730247682,08:21:22 PM,08:21:22 PM,0
2102259,,CULVCUL5,0,1730247723,1730247723,08:22:03 PM,08:22:03 PM,0
2102259,,CULVCLA1,0,1730247766,1730247766,08:22:46 PM,08:22:46 PM,0
2102259,,CLARCULV,0,1730247806,1730247806,08:23:26 PM,08:23:26 PM,0
2102259,,CLARHERB,0,1730247829,1730247829,08:23:49 PM,08:23:49 PM,0
2102259,,CLARPKH2,0,1730247842,1730247842,08:24:02 PM,08:24:02 PM,0
2102259,,CLARAVA2,0,1730247880,1730247880,08:24:40 PM,08:24:40 PM,0
2102259,,CLARDUN2,0,1730247912,1730247912,08:25:12 PM,08:25:12 PM,0
2102259,,CLARWHI2,0,1730247949,1730247949,08:25:49 PM,08:25:49 PM,0
2102259,,ARGYMAL2,0,1730248020,1730248020,08:27:00 PM,08:27:00 PM,0
2103213,,FANCOLL3,0,1730238540,1730238540,05:49:00 PM,05:49:00 PM,0
2103213,,OXFOROE2,0,1730238590,1730238590,05:49:50 PM,05:49:50 PM,0
2103213,,OXFOHIG4,,,,,,
2103213,,OXFOHIG2,,,,,,
2103213,,MORNOXF2,0,1730238725,1730238725,05:52:05 PM,05:52:05 PM,0
2103213,,MORNOXF4,0,1730238748,1730238748,05:52:28 PM,05:52:28 PM,0
2103213,,MORNCON2,0,1730238789,1730238789,05:53:09 PM,05:53:09 PM,0
2103213,,MORNMOR4,0,1730238815,1730238815,05:53:35 PM,05:53:35 PM,0
2103213,,MORNSAL2,0,1730238840,1730238840,05:54:00 PM,05:54:00 PM,0
2103213,,MORNCURR,0,1730238866,1730238866,05:54:26 PM,05:54:26 PM,0
2103213,,MORNGLAS,0,1730238915,1730238915,05:55:15 PM,05:55:15 PM,0
2103213,,QUEBMORN,0,1730238943,1730238943,05:55:43 PM,05:55:43 PM,0
2103213,,QUEBELI2,0,1730239000,1730239000,05:56:40 PM,05:56:40 PM,0
2103213,,QUEBLOR2,0,1730239026,1730239026,05:57:06 PM,05:57:06 PM,0
2103213,,QUEBDUFF,0,1730239039,1730239039,05:57:19 PM,05:57:19 PM,0
2103213,,DUNDQUE2,0,1730239080,1730239080,05:58:00 PM,05:58:00 PM,0
2103213,,DUNDONT2,0,1730239128,1730239128,05:58:48 PM,05:58:48 PM,0
2103213,,DUNDREC2,0,1730239173,1730239173,05:59:33 PM,05:59:33 PM,0
2103213,,DUNDENGL,0,1730239220,1730239220,06:00:20 PM,06:00:20 PM,0
2103213,,DUNDELIZ,0,1730239269,1730239269,06:01:09 PM,06:01:09 PM,0
2103213,,DUNDADE2,0,1730239320,1730239320,06:02:00 PM,06:02:00 PM,0
2103213,,DUNDWIL2,0,1730239373,1730239373,06:02:53 PM,06:02:53 PM,0
2103213,,DUNDMAI2,0,1730239448,1730239448,06:04:08 PM,06:04:08 PM,0
2103213,,DUNDCOL2,0,1730239524,1730239524,06:05:24 PM,06:05:24 PM,0
2103213,,DUNDWAT2,0,1730239601,1730239601,06:06:41 PM,06:06:41 PM,0
2103213,,DUNDWEL2,0,1730239680,1730239680,06:08:00 PM,06:08:00 PM,0
2103213,,QUEECLAR,0,1730239809,1730239809,06:10:09 PM,06:10:09 PM,0
2103213,,QUEERIC2,0,1730239860,1730239860,06:11:00 PM,06:11:00 PM,0
2103213,,QUEERIC2,0,1730239860,1730239860,06:11:00 PM,06:11:00 PM,0
2103213,,QUENRIDO,0,1730239941,1730239941,06:12:21 PM,06:12:21 PM,0
2103213,,RIVEWIL2,0,1730240022,1730240022,06:13:42 PM,06:13:42 PM,0
2103213,,RIVEWHA4,0,1730240076,1730240076,06:14:36 PM,06:14:36 PM,0
2103213,,RIVEMTPL,0,1730240123,1730240123,06:15:23 PM,06:15:23 PM,0
2103213,,WOODRIVE,0,1730240166,1730240166,06:16:06 PM,06:16:06 PM,0
2103213,,WOODEDI1,0,1730240228,1730240228,06:17:08 PM,06:17:08 PM,0
2103213,,WOODCAM1,0,1730240256,1730240256,06:17:36 PM,06:17:36 PM,0
2103213,,PLATOXF1,0,1730240303,1730240303,06:18:23 PM,06:18:23 PM,0
2103213,,CHERPLA2,0,1730240338,1730240338,06:18:58 PM,06:18:58 PM,0
2103213,,CHERCHC4,0,1730240367,1730240367,06:19:27 PM,06:19:27 PM,0
2103213,,CHERCHBL,0,1730240404,1730240404,06:20:04 PM,06:20:04 PM,0
2103213,,CHEROXF2,0,1730240460,1730240460,06:21:00 PM,06:21:00 PM,0
2103213,,BEAVOXF2,0,1730240557,1730240557,06:22:37 PM,06:22:37 PM,0
2103213,,PROUBEA2,0,1730240631,1730240631,06:23:51 PM,06:23:51 PM,0
2103213,,FOREHIL2,0,1730240677,1730240677,06:24:37 PM,06:24:37 PM,0
2103213,,PROUOXF3,0,1730240736,1730240736,06:25:36 PM,06:25:36 PM,0
2103213,,PROUOXF1,0,1730240767,1730240767,06:26:07 PM,06:26:07 PM,0
2103213,,PROUFAR3,0,1730240789,1730240789,06:26:29 PM,06:26:29 PM,0
2103213,,PROUFAR1,0,1730240825,1730240825,06:27:05 PM,06:27:05 PM,0
2103213,,BEAVHORI,0,1730240896,1730240896,06:28:16 PM,06:28:16 PM,0
2103213,,BEAVWOND,0,1730240935,1730240935,06:28:55 PM,06:28:55 PM,0
2103213,,BEAVBLYT,0,1730241000,1730241000,06:30:00 PM,06:30:00 PM,0
2103218,,FANCOLL3,0,1730244420,1730244420,07:27:00 PM,07:27:00 PM,0
2103218,,OXFOROE2,0,1730244470,1730244470,07:27:50 PM,07:27:50 PM,0
2103218,,OXFOHIG4,,,,,,
2103218,,OXFOHIG2,,,,,,
2103218,,MORNOXF2,0,1730244605,1730244605,07:30:05 PM,07:30:05 PM,0
2103218,,MORNOXF4,0,1730244628,1730244628,07:30:28 PM,07:30:28 PM,0
2103218,,MORNCON2,0,1730244669,1730244669,07:31:09 PM,07:31:09 PM,0
2103218,,MORNMOR4,0,1730244695,1730244695,07:31:35 PM,07:31:35 PM,0
2103218,,MORNSAL2,0,1730244720,1730244720,07:32:00 PM,07:32:00 PM,0
2103218,,MORNCURR,0,1730244746,1730244746,07:32:26 PM,07:32:26 PM,0
2103218,,MORNGLAS,0,1730244795,1730244795,07:33:15 PM,07:33:15 PM,0
2103218,,QUEBMORN,0,1730244823,1730244823,07:33:43 PM,07:33:43 PM,0
2103218,,QUEBELI2,0,1730244880,1730244880,07:34:40 PM,07:34:40 PM,0
2103218,,QUEBLOR2,0,1730244906,1730244906,07:35:06 PM,07:35:06 PM,0
2103218,,QUEBDUFF,0,1730244919,1730244919,07:35:19 PM,07:35:19 PM,0
2103218,,DUNDQUE2,0,1730244960,1730244960,07:36:00 PM,07:36:00 PM,0
2103218,,DUNDONT2,0,1730245008,1730245008,07:36:48 PM,07:36:48 PM,0
2103218,,DUNDREC2,0,1730245053,1730245053,07:37:33 PM,07:37:33 PM,0
2103218,,DUNDENGL,0,1730245100,1730245100,07:38:20 PM,07:38:20 PM,0
2103218,,DUNDELIZ,0,1730245149,1730245149,07:39:09 PM,07:39:09 PM,0
2103218,,DUNDADE2,0,1730245200,1730245200,07:40:00 PM,07:40:00 PM,0
2103218,,DUNDWIL2,0,1730245235,1730245235,07:40:35 PM,07:40:35 PM,0
2103218,,DUNDMAI2,0,1730245285,1730245285,07:41:25 PM,07:41:25 PM,0
2103218,,DUNDCOL2,0,1730245335,1730245335,07:42:15 PM,07:42:15 PM,0
2103218,,DUNDWAT2,0,1730245386,1730245386,07:43:06 PM,07:43:06 PM,0
2103218,,DUNDWEL2,0,1730245440,1730245440,07:44:00 PM,07:44:00 PM,0
2103218,,QUEECLAR,0,1730245569,1730245569,07:46:09 PM,07:46:09 PM,0
2103218,,QUEERIC2,0,1730245620,1730245620,07:47:00 PM,07:47:00 PM,0
2103218,,QUEERIC2,0,1730245620,1730245620,07:47:00 PM,07:47:00 PM,0
2103218,,QUENRIDO,0,1730245701,1730245701,07:48:21 PM,07:48:21 PM,0
2103218,,RIVEWIL2,0,1730245782,1730245782,07:49:42 PM,07:49:42 PM,0
2103218,,RIVEWHA4,0,1730245836,1730245836,07:50:36 PM,07:50:36 PM,0
2103218,,RIVEMTPL,0,1730245883,1730245883,07:51:23 PM,07:51:23 PM,0
2103218,,WOODRIVE,0,1730245926,1730245926,07:52:06 PM,07:52:06 PM,0
2103218,,WOODEDI1,0,1730245988,1730245988,07:53:08 PM,07:53:08 PM,0
2103218,,WOODCAM1,0,1730246016,1730246016,07:53:36 PM,07:53:36 PM,0
2103218,,PLATOXF1,0,1730246063,1730246063,07:54:23 PM,07:54:23 PM,0
2103218,,CHERPLA2,0,1730246098,1730246098,07:54:58 PM,07:54:58 PM,0
2103218,,CHERCHC4,0,1730246127,1730246127,07:55:27 PM,07:55:27 PM,0
2103218,,CHERCHBL,0,1730246164,1730246164,07:56:04 PM,07:56:04 PM,0
2103218,,CHEROXF2,0,1730246220,1730246220,07:57:00 PM,07:57:00 PM,0
2103218,,BEAVOXF2,0,1730246317,1730246317,07:58:37 PM,07:58:37 PM,0
2103218,,PROUBEA2,0,1730246391,1730246391,07:59:51 PM,07:59:51 PM,0
2103218,,FOREHIL2,0,1730246437,1730246437,08:00:37 PM,08:00:37 PM,0
2103218,,PROUOXF3,0,1730246496,1730246496,08:01:36 PM,08:01:36 PM,0
2103218,,PROUOXF1,0,1730246527,1730246527,08:02:07 PM,08:02:07 PM,0
2103218,,PROUFAR3,0,1730246549,1730246549,08:02:29 PM,08:02:29 PM,0
2103218,,PROUFAR1,0,1730246585,1730246585,08:03:05 PM,08:03:05 PM,0
2103218,,BEAVHORI,0,1730246656,1730246656,08:04:16 PM,08:04:16 PM,0
2103218,,BEAVWOND,0,1730246695,1730246695,08:04:55 PM,08:04:55 PM,0
2103218,,BEAVBLYT,0,1730246760,1730246760,08:06:00 PM,08:06:00 PM,0
2103222,,FANCOLL3,0,1730250960,1730250960,09:16:00 PM,09:16:00 PM,0
2103222,,OXFOROE2,0,1730251010,1730251010,09:16:50 PM,09:16:50 PM,0
2103222,,OXFOHIG4,,,,,,
2103222,,OXFOHIG2,,,,,,
2103222,,MORNOXF2,0,1730251145,1730251145,09:19:05 PM,09:19:05 PM,0
2103222,,MORNOXF4,0,1730251168,1730251168,09:19:28 PM,09:19:28 PM,0
2103222,,MORNCON2,0,1730251209,1730251209,09:20:09 PM,09:20:09 PM,0
2103222,,MORNMOR4,0,1730251235,1730251235,09:20:35 PM,09:20:35 PM,0
2103222,,MORNSAL2,0,1730251260,1730251260,09:21:00 PM,09:21:00 PM,0
2103222,,MORNCURR,0,1730251286,1730251286,09:21:26 PM,09:21:26 PM,0
2103222,,MORNGLAS,0,1730251335,1730251335,09:22:15 PM,09:22:15 PM,0
2103222,,QUEBMORN,0,1730251363,1730251363,09:22:43 PM,09:22:43 PM,0
2103222,,QUEBELI2,0,1730251420,1730251420,09:23:40 PM,09:23:40 PM,0
2103222,,QUEBLOR2,0,1730251446,1730251446,09:24:06 PM,09:24:06 PM,0
2103222,,QUEBDUFF,0,1730251459,1730251459,09:24:19 PM,09:24:19 PM,0
2103222,,DUNDQUE2,0,1730251500,1730251500,09:25:00 PM,09:25:00 PM,0
2103222,,DUNDONT2,0,1730251548,1730251548,09:25:48 PM,09:25:48 PM,0
2103222,,DUNDREC2,0,1730251593,1730251593,09:26:33 PM,09:26:33 PM,0
2103222,,DUNDENGL,0,1730251640,1730251640,09:27:20 PM,09:27:20 PM,0
2103222,,DUNDELIZ,0,1730251689,1730251689,09:28:09 PM,09:28:09 PM,0
2103222,,DUNDADE2,0,1730251740,1730251740,09:29:00 PM,09:29:00 PM,0
2103222,,DUNDWIL2,0,1730251766,1730251766,09:29:26 PM,09:29:26 PM,0
2103222,,DUNDMAI2,0,1730251803,1730251803,09:30:03 PM,09:30:03 PM,0
2103222,,DUNDCOL2,0,1730251841,1730251841,09:30:41 PM,09:30:41 PM,0
2103222,,DUNDWAT2,0,1730251879,1730251879,09:31:19 PM,09:31:19 PM,0
2103222,,DUNDWEL2,0,1730251920,1730251920,09:32:00 PM,09:32:00 PM,0
2103222,,QUEECLAR,0,1730252006,1730252006,09:33:26 PM,09:33:26 PM,0
2103222,,QUEERIC2,0,1730252040,1730252040,09:34:00 PM,09:34:00 PM,0
2103222,,QUEERIC2,0,1730252040,1730252040,09:34:00 PM,09:34:00 PM,0
2103222,,QUENRIDO,0,1730252113,1730252113,09:35:13 PM,09:35:13 PM,0
2103222,,RIVEWIL2,0,1730252186,1730252186,09:36:26 PM,09:36:26 PM,0
2103222,,RIVEWHA4,0,1730252235,1730252235,09:37:15 PM,09:37:15 PM,0
2103222,,RIVEMTPL,0,1730252277,1730252277,09:37:57 PM,09:37:57 PM,0
2103222,,WOODRIVE,0,1730252316,1730252316,09:38:36 PM,09:38:36 PM,0
2103222,,WOODEDI1,0,1730252372,1730252372,09:39:32 PM,09:39:32 PM,0
2103222,,WOODCAM1,0,1730252397,1730252397,09:39:57 PM,09:39:57 PM,0
2103222,,PLATOXF1,0,1730252440,1730252440,09:40:40 PM,09:40:40 PM,0
2103222,,CHERPLA2,0,1730252471,1730252471,09:41:11 PM,09:41:11 PM,0
2103222,,CHERCHC4,0,1730252497,1730252497,09:41:37 PM,09:41:37 PM,0
2103222,,CHERCHBL,0,1730252530,1730252530,09:42:10 PM,09:42:10 PM,0
2103222,,CHEROXF2,0,1730252580,1730252580,09:43:00 PM,09:43:00 PM,0
2103222,,BEAVOXF2,0,1730252677,1730252677,09:44:37 PM,09:44:37 PM,0
2103222,,PROUBEA2,0,1730252751,1730252751,09:45:51 PM,09:45:51 PM,0
2103222,,FOREHIL2,0,1730252797,1730252797,09:46:37 PM,09:46:37 PM,0
2103222,,PROUOXF3,0,1730252856,1730252856,09:47:36 PM,09:47:36 PM,0
2103222,,PROUOXF1,0,1730252887,1730252887,09:48:07 PM,09:48:07 PM,0
2103222,,PROUFAR3,0,1730252909,1730252909,09:48:29 PM,09:48:29 PM,0
2103222,,PROUFAR1,0,1730252945,1730252945,09:49:05 PM,09:49:05 PM,0
2103222,,BEAVHORI,0,1730253016,1730253016,09:50:16 PM,09:50:16 PM,0
2103222,,BEAVWOND,0,1730253055,1730253055,09:50:55 PM,09:50:55 PM,0
2103222,,BEAVBLYT,0,1730253120,1730253120,09:52:00 PM,09:52:00 PM,0
2103226,,FANCOLL3,0,1730257200,1730257200,11:00:00 PM,11:00:00 PM,0
2103226,,OXFOROE2,0,1730257250,1730257250,11:00:50 PM,11:00:50 PM,0
2103226,,OXFOHIG4,,,,,,
2103226,,OXFOHIG2,,,,,,
2103226,,MORNOXF2,0,1730257385,1730257385,11:03:05 PM,11:03:05 PM,0
2103226,,MORNOXF4,0,1730257408,1730257408,11:03:28 PM,11:03:28 PM,0
2103226,,MORNCON2,0,1730257449,1730257449,11:04:09 PM,11:04:09 PM,0
2103226,,MORNMOR4,0,1730257475,1730257475,11:04:35 PM,11:04:35 PM,0
2103226,,MORNSAL2,0,1730257500,1730257500,11:05:00 PM,11:05:00 PM,0
2103226,,MORNCURR,0,1730257526,1730257526,11:05:26 PM,11:05:26 PM,0
2103226,,MORNGLAS,0,1730257575,1730257575,11:06:15 PM,11:06:15 PM,0
2103226,,QUEBMORN,0,1730257603,1730257603,11:06:43 PM,11:06:43 PM,0
2103226,,QUEBELI2,0,1730257660,1730257660,11:07:40 PM,11:07:40 PM,0
2103226,,QUEBLOR2,0,1730257686,1730257686,11:08:06 PM,11:08:06 PM,0
2103226,,QUEBDUFF,0,1730257699,1730257699,11:08:19 PM,11:08:19 PM,0
2103226,,DUNDQUE2,0,1730257740,1730257740,11:09:00 PM,11:09:00 PM,0
2103226,,DUNDONT2,0,1730257788,1730257788,11:09:48 PM,11:09:48 PM,0
2103226,,DUNDREC2,0,1730257833,1730257833,11:10:33 PM,11:10:33 PM,0
2103226,,DUNDENGL,0,1730257880,1730257880,11:11:20 PM,11:11:20 PM,0
2103226,,DUNDELIZ,0,1730257929,1730257929,11:12:09 PM,11:12:09 PM,0
2103226,,DUNDADE2,0,1730257980,1730257980,11:13:00 PM,11:13:00 PM,0
2103226,,DUNDWIL2,0,1730258006,1730258006,11:13:26 PM,11:13:26 PM,0
2103226,,DUNDMAI2,0,1730258043,1730258043,11:14:03 PM,11:14:03 PM,0
2103226,,DUNDCOL2,0,1730258081,1730258081,11:14:41 PM,11:14:41 PM,0
2103226,,DUNDWAT2,0,1730258119,1730258119,11:15:19 PM,11:15:19 PM,0
2103226,,DUNDWEL2,0,1730258160,1730258160,11:16:00 PM,11:16:00 PM,0
2103226,,QUEECLAR,0,1730258246,1730258246,11:17:26 PM,11:17:26 PM,0
2103226,,QUEERIC2,0,1730258280,1730258280,11:18:00 PM,11:18:00 PM,0
2103226,,QUEERIC2,0,1730258280,1730258280,11:18:00 PM,11:18:00 PM,0
2103226,,QUENRIDO,0,1730258353,1730258353,11:19:13 PM,11:19:13 PM,0
2103226,,RIVEWIL2,0,1730258426,1730258426,11:20:26 PM,11:20:26 PM,0
2103226,,RIVEWHA4,0,1730258475,1730258475,11:21:15 PM,11:21:15 PM,0
2103226,,RIVEMTPL,0,1730258517,1730258517,11:21:57 PM,11:21:57 PM,0
2103226,,WOODRIVE,0,1730258556,1730258556,11:22:36 PM,11:22:36 PM,0
2103226,,WOODEDI1,0,1730258612,1730258612,11:23:32 PM,11:23:32 PM,0
2103226,,WOODCAM1,0,1730258637,1730258637,11:23:57 PM,11:23:57 PM,0
2103226,,PLATOXF1,0,1730258680,1730258680,11:24:40 PM,11:24:40 PM,0
2103226,,CHERPLA2,0,1730258711,1730258711,11:25:11 PM,11:25:11 PM,0
2103226,,CHERCHC4,0,1730258737,1730258737,11:25:37 PM,11:25:37 PM,0
2103226,,CHERCHBL,0,1730258770,1730258770,11:26:10 PM,11:26:10 PM,0
2103226,,CHEROXF2,0,1730258820,1730258820,11:27:00 PM,11:27:00 PM,0
2103226,,BEAVOXF2,0,1730258917,1730258917,11:28:37 PM,11:28:37 PM,0
2103226,,PROUBEA2,0,1730258991,1730258991,11:29:51 PM,11:29:51 PM,0
2103226,,FOREHIL2,0,1730259037,1730259037,11:30:37 PM,11:30:37 PM,0
2103226,,PROUOXF3,0,1730259096,1730259096,11:31:36 PM,11:31:36 PM,0
2103226,,PROUOXF1,0,1730259127,1730259127,11:32:07 PM,11:32:07 PM,0
2103226,,PROUFAR3,0,1730259149,1730259149,11:32:29 PM,11:32:29 PM,0
2103226,,PROUFAR1,0,1730259185,1730259185,11:33:05 PM,11:33:05 PM,0
2103226,,BEAVHORI,0,1730259256,1730259256,11:34:16 PM,11:34:16 PM,0
2103226,,BEAVWOND,0,1730259295,1730259295,11:34:55 PM,11:34:55 PM,0
2103226,,BEAVBLYT,0,1730259360,1730259360,11:36:00 PM,11:36:00 PM,0
2103228,,FANCOLL3,0,1730263020,1730263020,12:37:00 AM,12:37:00 AM,0
2103228,,OXFOROE2,0,1730263070,1730263070,12:37:50 AM,12:37:50 AM,0
2103228,,OXFOHIG4,,,,,,
2103228,,OXFOHIG2,,,,,,
2103228,,MORNOXF2,0,1730263183,1730263183,12:39:43 AM,12:39:43 AM,0
2103228,,MORNOXF4,0,1730263198,1730263198,12:39:58 AM,12:39:58 AM,0
2103228,,MORNCON2,0,1730263225,1730263225,12:40:25 AM,12:40:25 AM,0
2103228,,MORNMOR4,0,1730263242,1730263242,12:40:42 AM,12:40:42 AM,0
2103228,,MORNSAL2,0,1730263260,1730263260,12:41:00 AM,12:41:00 AM,0
2103228,,MORNCURR,0,1730263286,1730263286,12:41:26 AM,12:41:26 AM,0
2103228,,MORNGLAS,0,1730263335,1730263335,12:42:15 AM,12:42:15 AM,0
2103228,,QUEBMORN,0,1730263363,1730263363,12:42:43 AM,12:42:43 AM,0
2103228,,QUEBELI2,0,1730263420,1730263420,12:43:40 AM,12:43:40 AM,0
2103228,,QUEBLOR2,0,1730263446,1730263446,12:44:06 AM,12:44:06 AM,0
2103228,,QUEBDUFF,0,1730263459,1730263459,12:44:19 AM,12:44:19 AM,0
2103228,,DUNDQUE2,0,1730263500,1730263500,12:45:00 AM,12:45:00 AM,0
2103228,,DUNDONT2,0,1730263536,1730263536,12:45:36 AM,12:45:36 AM,0
2103228,,DUNDREC2,0,1730263570,1730263570,12:46:10 AM,12:46:10 AM,0
2103228,,DUNDENGL,0,1730263605,1730263605,12:46:45 AM,12:46:45 AM,0
2103228,,DUNDELIZ,0,1730263642,1730263642,12:47:22 AM,12:47:22 AM,0
2103228,,DUNDADE2,0,1730263680,1730263680,12:48:00 AM,12:48:00 AM,0
2103228,,DUNDWIL2,0,1730263706,1730263706,12:48:26 AM,12:48:26 AM,0
2103228,,DUNDMAI2,0,1730263743,1730263743,12:49:03 AM,12:49:03 AM,0
2103228,,DUNDCOL2,0,1730263781,1730263781,12:49:41 AM,12:49:41 AM,0
2103228,,DUNDWAT2,0,1730263819,1730263819,12:50:19 AM,12:50:19 AM,0
2103228,,DUNDWEL2,0,1730263860,1730263860,12:51:00 AM,12:51:00 AM,0
2103228,,QUEECLAR,0,1730263946,1730263946,12:52:26 AM,12:52:26 AM,0
2103228,,QUEERIC2,0,1730263980,1730263980,12:53:00 AM,12:53:00 AM,0
2103228,,QUEERIC2,0,1730264400,1730264400,01:00:00 AM,01:00:00 AM,0
2103228,,QUENRIDO,0,1730264457,1730264457,01:00:57 AM,01:00:57 AM,0
2103228,,RIVEWIL2,0,1730264513,1730264513,01:01:53 AM,01:01:53 AM,0
2103228,,RIVEWHA4,0,1730264551,1730264551,01:02:31 AM,01:02:31 AM,0
2103228,,RIVEMTPL,0,1730264584,1730264584,01:03:04 AM,01:03:04 AM,0
2103228,,WOODRIVE,0,1730264614,1730264614,01:03:34 AM,01:03:34 AM,0
2103228,,WOODEDI1,0,1730264657,1730264657,01:04:17 AM,01:04:17 AM,0
2103228,,WOODCAM1,0,1730264677,1730264677,01:04:37 AM,01:04:37 AM,0
2103228,,PLATOXF1,0,1730264710,1730264710,01:05:10 AM,01:05:10 AM,0
2103228,,CHERPLA2,0,1730264734,1730264734,01:05:34 AM,01:05:34 AM,0
2103228,,CHERCHC4,0,1730264754,1730264754,01:05:54 AM,01:05:54 AM,0
2103228,,CHERCHBL,0,1730264780,1730264780,01:06:20 AM,01:06:20 AM,0
2103228,,CHEROXF2,0,1730264820,1730264820,01:07:00 AM,01:07:00 AM,0
2103228,,BEAVOXF2,0,1730264906,1730264906,01:08:26 AM,01:08:26 AM,0
2103228,,PROUBEA2,0,1730264972,1730264972,01:09:32 AM,01:09:32 AM,0
2103228,,FOREHIL2,0,1730265013,1730265013,01:10:13 AM,01:10:13 AM,0
2103228,,PROUOXF3,0,1730265066,1730265066,01:11:06 AM,01:11:06 AM,0
2103228,,PROUOXF1,0,1730265093,1730265093,01:11:33 AM,01:11:33 AM,0
2103228,,PROUFAR3,0,1730265112,1730265112,01:11:52 AM,01:11:52 AM,0
2103228,,PROUFAR1,0,1730265144,1730265144,01:12:24 AM,01:12:24 AM,0
2103228,,BEAVHORI,0,1730265207,1730265207,01:13:27 AM,01:13:27 AM,0
2103228,,BEAVWOND,0,1730265242,1730265242,01:14:02 AM,01:14:02 AM,0
2103228,,BEAVBLYT,0,1730265300,1730265300,01:15:00 AM,01:15:00 AM,0
2103207,,FANCOLL3,0,1730234760,1730234760,04:46:00 PM,04:46:00 PM,0
2103207,,OXFOROE2,0,1730234835,1730234835,04:47:15 PM,04:47:15 PM,0
2103207,,OXFOHIG4,,,,,,
2103207,,OXFOHIG2,,,,,,
2103207,,MORNOXF2,0,1730235026,1730235026,04:50:26 PM,04:50:26 PM,0
2103207,,MORNOXF4,0,1730235057,1730235057,04:50:57 PM,04:50:57 PM,0
2103207,,MORNCON2,0,1730235112,1730235112,04:51:52 PM,04:51:52 PM,0
2103207,,MORNMOR4,0,1730235147,1730235147,04:52:27 PM,04:52:27 PM,0
2103207,,MORNSAL2,0,1730235180,1730235180,04:53:00 PM,04:53:00 PM,0
2103207,,MORNCURR,0,1730235212,1730235212,04:53:32 PM,04:53:32 PM,0
2103207,,MORNGLAS,0,1730235273,1730235273,04:54:33 PM,04:54:33 PM,0
2103207,,QUEBMORN,0,1730235308,1730235308,04:55:08 PM,04:55:08 PM,0
2103207,,QUEBELI2,0,1730235379,1730235379,04:56:19 PM,04:56:19 PM,0
2103207,,QUEBLOR2,0,1730235411,1730235411,04:56:51 PM,04:56:51 PM,0
2103207,,QUEBDUFF,0,1730235428,1730235428,04:57:08 PM,04:57:08 PM,0
2103207,,DUNDQUE2,0,1730235480,1730235480,04:58:00 PM,04:58:00 PM,0
2103207,,DUNDONT2,0,1730235540,1730235540,04:59:00 PM,04:59:00 PM,0
2103207,,DUNDREC2,0,1730235596,1730235596,04:59:56 PM,04:59:56 PM,0
2103207,,DUNDENGL,0,1730235655,1730235655,05:00:55 PM,05:00:55 PM,0
2103207,,DUNDELIZ,0,1730235717,1730235717,05:01:57 PM,05:01:57 PM,0
2103207,,DUNDADE2,0,1730235780,1730235780,05:03:00 PM,05:03:00 PM,0
2103207,,DUNDWIL2,0,1730235833,1730235833,05:03:53 PM,05:03:53 PM,0
2103207,,DUNDMAI2,0,1730235908,1730235908,05:05:08 PM,05:05:08 PM,0
2103207,,DUNDCOL2,0,1730235984,1730235984,05:06:24 PM,05:06:24 PM,0
2103207,,DUNDWAT2,0,1730236061,1730236061,05:07:41 PM,05:07:41 PM,0
2103207,,DUNDWEL2,0,1730236140,1730236140,05:09:00 PM,05:09:00 PM,0
2103207,,QUEECLAR,0,1730236269,1730236269,05:11:09 PM,05:11:09 PM,0
2103207,,QUEERIC2,0,1730236320,1730236320,05:12:00 PM,05:12:00 PM,0
2103207,,QUEERIC2,0,1730236320,1730236320,05:12:00 PM,05:12:00 PM,0
2103207,,QUENRIDO,0,1730236417,1730236417,05:13:37 PM,05:13:37 PM,0
2103207,,RIVEWIL2,0,1730236514,1730236514,05:15:14 PM,05:15:14 PM,0
2103207,,RIVEWHA4,0,1730236579,1730236579,05:16:19 PM,05:16:19 PM,0
2103207,,RIVEMTPL,0,1730236635,1730236635,05:17:15 PM,05:17:15 PM,0
2103207,,WOODRIVE,0,1730236687,1730236687,05:18:07 PM,05:18:07 PM,0
2103207,,WOODEDI1,0,1730236762,1730236762,05:19:22 PM,05:19:22 PM,0
2103207,,WOODCAM1,0,1730236796,1730236796,05:19:56 PM,05:19:56 PM,0
2103207,,PLATOXF1,0,1730236853,1730236853,05:20:53 PM,05:20:53 PM,0
2103207,,CHERPLA2,0,1730236895,1730236895,05:21:35 PM,05:21:35 PM,0
2103207,,CHERCHC4,0,1730236930,1730236930,05:22:10 PM,05:22:10 PM,0
2103207,,CHERCHBL,0,1730236975,1730236975,05:22:55 PM,05:22:55 PM,0
2103207,,CHEROXF2,0,1730237040,1730237040,05:24:00 PM,05:24:00 PM,0
2103207,,BEAVOXF2,0,1730237137,1730237137,05:25:37 PM,05:25:37 PM,0
2103207,,PROUBEA2,0,1730237211,1730237211,05:26:51 PM,05:26:51 PM,0
2103207,,FOREHIL2,0,1730237257,1730237257,05:27:37 PM,05:27:37 PM,0
2103207,,PROUOXF3,0,1730237316,1730237316,05:28:36 PM,05:28:36 PM,0
2103207,,PROUOXF1,0,1730237347,1730237347,05:29:07 PM,05:29:07 PM,0
2103207,,PROUFAR3,0,1730237369,1730237369,05:29:29 PM,05:29:29 PM,0
2103207,,PROUFAR1,0,1730237405,1730237405,05:30:05 PM,05:30:05 PM,0
2103207,,BEAVHORI,0,1730237476,1730237476,05:31:16 PM,05:31:16 PM,0
2103207,,BEAVWOND,0,1730237515,1730237515,05:31:55 PM,05:31:55 PM,0
2103207,,BEAVBLYT,0,1730237580,1730237580,05:33:00 PM,05:33:00 PM,0
2103205,,FANCOLL3,0,1730233020,1730233020,04:17:00 PM,04:17:00 PM,0
2103205,,OXFOROE2,0,1730233095,1730233095,04:18:15 PM,04:18:15 PM,0
2103205,,OXFOHIG4,,,,,,
2103205,,OXFOHIG2,,,,,,
2103205,,MORNOXF2,0,1730233286,1730233286,04:21:26 PM,04:21:26 PM,0
2103205,,MORNOXF4,0,1730233317,1730233317,04:21:57 PM,04:21:57 PM,0
2103205,,MORNCON2,0,1730233372,1730233372,04:22:52 PM,04:22:52 PM,0
2103205,,MORNMOR4,0,1730233407,1730233407,04:23:27 PM,04:23:27 PM,0
2103205,,MORNSAL2,0,1730233440,1730233440,04:24:00 PM,04:24:00 PM,0
2103205,,MORNCURR,0,1730233472,1730233472,04:24:32 PM,04:24:32 PM,0
2103205,,MORNGLAS,0,1730233533,1730233533,04:25:33 PM,04:25:33 PM,0
2103205,,QUEBMORN,0,1730233568,1730233568,04:26:08 PM,04:26:08 PM,0
2103205,,QUEBELI2,0,1730233639,1730233639,04:27:19 PM,04:27:19 PM,0
2103205,,QUEBLOR2,0,1730233671,1730233671,04:27:51 PM,04:27:51 PM,0
2103205,,QUEBDUFF,0,1730233688,1730233688,04:28:08 PM,04:28:08 PM,0
2103205,,DUNDQUE2,0,1730233740,1730233740,04:29:00 PM,04:29:00 PM,0
2103205,,DUNDONT2,0,1730233800,1730233800,04:30:00 PM,04:30:00 PM,0
2103205,,DUNDREC2,0,1730233856,1730233856,04:30:56 PM,04:30:56 PM,0
2103205,,DUNDENGL,0,1730233915,1730233915,04:31:55 PM,04:31:55 PM,0
2103205,,DUNDELIZ,0,1730233977,1730233977,04:32:57 PM,04:32:57 PM,0
2103205,,DUNDADE2,0,1730234040,1730234040,04:34:00 PM,04:34:00 PM,0
2103205,,DUNDWIL2,0,1730234093,1730234093,04:34:53 PM,04:34:53 PM,0
2103205,,DUNDMAI2,0,1730234168,1730234168,04:36:08 PM,04:36:08 PM,0
2103205,,DUNDCOL2,0,1730234244,1730234244,04:37:24 PM,04:37:24 PM,0
2103205,,DUNDWAT2,0,1730234321,1730234321,04:38:41 PM,04:38:41 PM,0
2103205,,DUNDWEL2,0,1730234400,1730234400,04:40:00 PM,04:40:00 PM,0
2103205,,QUEECLAR,0,1730234529,1730234529,04:42:09 PM,04:42:09 PM,0
2103205,,QUEERIC2,0,1730234580,1730234580,04:43:00 PM,04:43:00 PM,0
2103205,,QUEERIC2,0,1730234580,1730234580,04:43:00 PM,04:43:00 PM,0
2103205,,QUENRIDO,0,1730234677,1730234677,04:44:37 PM,04:44:37 PM,0
2103205,,RIVEWIL2,0,1730234774,1730234774,04:46:14 PM,04:46:14 PM,0
2103205,,RIVEWHA4,0,1730234839,1730234839,04:47:19 PM,04:47:19 PM,0
2103205,,RIVEMTPL,0,1730234895,1730234895,04:48:15 PM,04:48:15 PM,0
2103205,,WOODRIVE,0,1730234947,1730234947,04:49:07 PM,04:49:07 PM,0
2103205,,WOODEDI1,0,1730235022,1730235022,04:50:22 PM,04:50:22 PM,0
2103205,,WOODCAM1,0,1730235056,1730235056,04:50:56 PM,04:50:56 PM,0
2103205,,PLATOXF1,0,1730235113,1730235113,04:51:53 PM,04:51:53 PM,0
2103205,,CHERPLA2,0,1730235155,1730235155,04:52:35 PM,04:52:35 PM,0
2103205,,CHERCHC4,0,1730235190,1730235190,04:53:10 PM,04:53:10 PM,0
2103205,,CHERCHBL,0,1730235235,1730235235,04:53:55 PM,04:53:55 PM,0
2103205,,CHEROXF2,0,1730235300,1730235300,04:55:00 PM,04:55:00 PM,0
2103205,,BEAVOXF2,0,1730235397,1730235397,04:56:37 PM,04:56:37 PM,0
2103205,,PROUBEA2,0,1730235471,1730235471,04:57:51 PM,04:57:51 PM,0
2103205,,FOREHIL2,0,1730235517,1730235517,04:58:37 PM,04:58:37 PM,0
2103205,,PROUOXF3,0,1730235576,1730235576,04:59:36 PM,04:59:36 PM,0
2103205,,PROUOXF1,0,1730235607,1730235607,05:00:07 PM,05:00:07 PM,0
2103205,,PROUFAR3,0,1730235629,1730235629,05:00:29 PM,05:00:29 PM,0
2103205,,PROUFAR1,0,1730235665,1730235665,05:01:05 PM,05:01:05 PM,0
2103205,,BEAVHORI,0,1730235736,1730235736,05:02:16 PM,05:02:16 PM,0
2103205,,BEAVWOND,0,1730235775,1730235775,05:02:55 PM,05:02:55 PM,0
2103205,,BEAVBLYT,0,1730235840,1730235840,05:04:00 PM,05:04:00 PM,0
2103215,,FANCOLL3,0,1730240820,1730240820,06:27:00 PM,06:27:00 PM,0
2103215,,OXFOROE2,0,1730240870,1730240870,06:27:50 PM,06:27:50 PM,0
2103215,,OXFOHIG4,,,,,,
2103215,,OXFOHIG2,,,,,,
2103215,,MORNOXF2,0,1730241005,1730241005,06:30:05 PM,06:30:05 PM,0
2103215,,MORNOXF4,0,1730241028,1730241028,06:30:28 PM,06:30:28 PM,0
2103215,,MORNCON2,0,1730241069,1730241069,06:31:09 PM,06:31:09 PM,0
2103215,,MORNMOR4,0,1730241095,1730241095,06:31:35 PM,06:31:35 PM,0
2103215,,MORNSAL2,0,1730241120,1730241120,06:32:00 PM,06:32:00 PM,0
2103215,,MORNCURR,0,1730241146,1730241146,06:32:26 PM,06:32:26 PM,0
2103215,,MORNGLAS,0,1730241195,1730241195,06:33:15 PM,06:33:15 PM,0
2103215,,QUEBMORN,0,1730241223,1730241223,06:33:43 PM,06:33:43 PM,0
2103215,,QUEBELI2,0,1730241280,1730241280,06:34:40 PM,06:34:40 PM,0
2103215,,QUEBLOR2,0,1730241306,1730241306,06:35:06 PM,06:35:06 PM,0
2103215,,QUEBDUFF,0,1730241319,1730241319,06:35:19 PM,06:35:19 PM,0
2103215,,DUNDQUE2,0,1730241360,1730241360,06:36:00 PM,06:36:00 PM,0
2103215,,DUNDONT2,0,1730241408,1730241408,06:36:48 PM,06:36:48 PM,0
2103215,,DUNDREC2,0,1730241453,1730241453,06:37:33 PM,06:37:33 PM,0
2103215,,DUNDENGL,0,1730241500,1730241500,06:38:20 PM,06:38:20 PM,0
2103215,,DUNDELIZ,0,1730241549,1730241549,06:39:09 PM,06:39:09 PM,0
2103215,,DUNDADE2,0,1730241600,1730241600,06:40:00 PM,06:40:00 PM,0
2103215,,DUNDWIL2,0,1730241635,1730241635,06:40:35 PM,06:40:35 PM,0
2103215,,DUNDMAI2,0,1730241685,1730241685,06:41:25 PM,06:41:25 PM,0
2103215,,DUNDCOL2,0,1730241735,1730241735,06:42:15 PM,06:42:15 PM,0
2103215,,DUNDWAT2,0,1730241786,1730241786,06:43:06 PM,06:43:06 PM,0
2103215,,DUNDWEL2,0,1730241840,1730241840,06:44:00 PM,06:44:00 PM,0
2103215,,QUEECLAR,0,1730241969,1730241969,06:46:09 PM,06:46:09 PM,0
2103215,,QUEERIC2,0,1730242020,1730242020,06:47:00 PM,06:47:00 PM,0
2103215,,QUEERIC2,0,1730242020,1730242020,06:47:00 PM,06:47:00 PM,0
2103215,,QUENRIDO,0,1730242101,1730242101,06:48:21 PM,06:48:21 PM,0
2103215,,RIVEWIL2,0,1730242182,1730242182,06:49:42 PM,06:49:42 PM,0
2103215,,RIVEWHA4,0,1730242236,1730242236,06:50:36 PM,06:50:36 PM,0
2103215,,RIVEMTPL,0,1730242283,1730242283,06:51:23 PM,06:51:23 PM,0
2103215,,WOODRIVE,0,1730242326,1730242326,06:52:06 PM,06:52:06 PM,0
2103215,,WOODEDI1,0,1730242388,1730242388,06:53:08 PM,06:53:08 PM,0
2103215,,WOODCAM1,0,1730242416,1730242416,06:53:36 PM,06:53:36 PM,0
2103215,,PLATOXF1,0,1730242463,1730242463,06:54:23 PM,06:54:23 PM,0
2103215,,CHERPLA2,0,1730242498,1730242498,06:54:58 PM,06:54:58 PM,0
2103215,,CHERCHC4,0,1730242527,1730242527,06:55:27 PM,06:55:27 PM,0
2103215,,CHERCHBL,0,1730242564,1730242564,06:56:04 PM,06:56:04 PM,0
2103215,,CHEROXF2,0,1730242620,1730242620,06:57:00 PM,06:57:00 PM,0
2103215,,BEAVOXF2,0,1730242717,1730242717,06:58:37 PM,06:58:37 PM,0
2103215,,PROUBEA2,0,1730242791,1730242791,06:59:51 PM,06:59:51 PM,0
2103215,,FOREHIL2,0,1730242837,1730242837,07:00:37 PM,07:00:37 PM,0
2103215,,PROUOXF3,0,1730242896,1730242896,07:01:36 PM,07:01:36 PM,0
2103215,,PROUOXF1,0,1730242927,1730242927,07:02:07 PM,07:02:07 PM,0
2103215,,PROUFAR3,0,1730242949,1730242949,07:02:29 PM,07:02:29 PM,0
2103215,,PROUFAR1,0,1730242985,1730242985,07:03:05 PM,07:03:05 PM,0
2103215,,BEAVHORI,0,1730243056,1730243056,07:04:16 PM,07:04:16 PM,0
2103215,,BEAVWOND,0,1730243095,1730243095,07:04:55 PM,07:04:55 PM,0
2103215,,BEAVBLYT,0,1730243160,1730243160,07:06:00 PM,07:06:00 PM,0
2103220,,FANCOLL3,0,1730247120,1730247120,08:12:00 PM,08:12:00 PM,0
2103220,,OXFOROE2,0,1730247170,1730247170,08:12:50 PM,08:12:50 PM,0
2103220,,OXFOHIG4,,,,,,
2103220,,OXFOHIG2,,,,,,
2103220,,MORNOXF2,0,1730247305,1730247305,08:15:05 PM,08:15:05 PM,0
2103220,,MORNOXF4,0,1730247328,1730247328,08:15:28 PM,08:15:28 PM,0
2103220,,MORNCON2,0,1730247369,1730247369,08:16:09 PM,08:16:09 PM,0
2103220,,MORNMOR4,0,1730247395,1730247395,08:16:35 PM,08:16:35 PM,0
2103220,,MORNSAL2,0,1730247420,1730247420,08:17:00 PM,08:17:00 PM,0
2103220,,MORNCURR,0,1730247446,1730247446,08:17:26 PM,08:17:26 PM,0
2103220,,MORNGLAS,0,1730247495,1730247495,08:18:15 PM,08:18:15 PM,0
2103220,,QUEBMORN,0,1730247523,1730247523,08:18:43 PM,08:18:43 PM,0
2103220,,QUEBELI2,0,1730247580,1730247580,08:19:40 PM,08:19:40 PM,0
2103220,,QUEBLOR2,0,1730247606,1730247606,08:20:06 PM,08:20:06 PM,0
2103220,,QUEBDUFF,0,1730247619,1730247619,08:20:19 PM,08:20:19 PM,0
2103220,,DUNDQUE2,0,1730247660,1730247660,08:21:00 PM,08:21:00 PM,0
2103220,,DUNDONT2,0,1730247708,1730247708,08:21:48 PM,08:21:48 PM,0
2103220,,DUNDREC2,0,1730247753,1730247753,08:22:33 PM,08:22:33 PM,0
2103220,,DUNDENGL,0,1730247800,1730247800,08:23:20 PM,08:23:20 PM,0
2103220,,DUNDELIZ,0,1730247849,1730247849,08:24:09 PM,08:24:09 PM,0
2103220,,DUNDADE2,0,1730247900,1730247900,08:25:00 PM,08:25:00 PM,0
2103220,,DUNDWIL2,0,1730247935,1730247935,08:25:35 PM,08:25:35 PM,0
2103220,,DUNDMAI2,0,1730247985,1730247985,08:26:25 PM,08:26:25 PM,0
2103220,,DUNDCOL2,0,1730248035,1730248035,08:27:15 PM,08:27:15 PM,0
2103220,,DUNDWAT2,0,1730248086,1730248086,08:28:06 PM,08:28:06 PM,0
2103220,,DUNDWEL2,0,1730248140,1730248140,08:29:00 PM,08:29:00 PM,0
2103220,,QUEECLAR,0,1730248269,1730248269,08:31:09 PM,08:31:09 PM,0
2103220,,QUEERIC2,0,1730248320,1730248320,08:32:00 PM,08:32:00 PM,0
2103220,,QUEERIC2,0,1730248320,1730248320,08:32:00 PM,08:32:00 PM,0
2103220,,QUENRIDO,0,1730248401,1730248401,08:33:21 PM,08:33:21 PM,0
2103220,,RIVEWIL2,0,1730248482,1730248482,08:34:42 PM,08:34:42 PM,0
2103220,,RIVEWHA4,0,1730248536,1730248536,08:35:36 PM,08:35:36 PM,0
2103220,,RIVEMTPL,0,1730248583,1730248583,08:36:23 PM,08:36:23 PM,0
2103220,,WOODRIVE,0,1730248626,1730248626,08:37:06 PM,08:37:06 PM,0
2103220,,WOODEDI1,0,1730248688,1730248688,08:38:08 PM,08:38:08 PM,0
2103220,,WOODCAM1,0,1730248716,1730248716,08:38:36 PM,08:38:36 PM,0
2103220,,PLATOXF1,0,1730248763,1730248763,08:39:23 PM,08:39:23 PM,0
2103220,,CHERPLA2,0,1730248798,1730248798,08:39:58 PM,08:39:58 PM,0
2103220,,CHERCHC4,0,1730248827,1730248827,08:40:27 PM,08:40:27 PM,0
2103220,,CHERCHBL,0,1730248864,1730248864,08:41:04 PM,08:41:04 PM,0
2103220,,CHEROXF2,0,1730248920,1730248920,08:42:00 PM,08:42:00 PM,0
2103220,,BEAVOXF2,0,1730249017,1730249017,08:43:37 PM,08:43:37 PM,0
2103220,,PROUBEA2,0,1730249091,1730249091,08:44:51 PM,08:44:51 PM,0
2103220,,FOREHIL2,0,1730249137,1730249137,08:45:37 PM,08:45:37 PM,0
2103220,,PROUOXF3,0,1730249196,1730249196,08:46:36 PM,08:46:36 PM,0
2103220,,PROUOXF1,0,1730249227,1730249227,08:47:07 PM,08:47:07 PM,0
2103220,,PROUFAR3,0,1730249249,1730249249,08:47:29 PM,08:47:29 PM,0
2103220,,PROUFAR1,0,1730249285,1730249285,08:48:05 PM,08:48:05 PM,0
2103220,,BEAVHORI,0,1730249356,1730249356,08:49:16 PM,08:49:16 PM,0
2103220,,BEAVWOND,0,1730249395,1730249395,08:49:55 PM,08:49:55 PM,0
2103220,,BEAVBLYT,0,1730249460,1730249460,08:51:00 PM,08:51:00 PM,0
2103224,,FANCOLL3,0,1730254080,1730254080,10:08:00 PM,10:08:00 PM,0
2103224,,OXFOROE2,0,1730254130,1730254130,10:08:50 PM,10:08:50 PM,0
2103224,,OXFOHIG4,,,,,,
2103224,,OXFOHIG2,,,,,,
2103224,,MORNOXF2,0,1730254265,1730254265,10:11:05 PM,10:11:05 PM,0
2103224,,MORNOXF4,0,1730254288,1730254288,10:11:28 PM,10:11:28 PM,0
2103224,,MORNCON2,0,1730254329,1730254329,10:12:09 PM,10:12:09 PM,0
2103224,,MORNMOR4,0,1730254355,1730254355,10:12:35 PM,10:12:35 PM,0
2103224,,MORNSAL2,0,1730254380,1730254380,10:13:00 PM,10:13:00 PM,0
2103224,,MORNCURR,0,1730254406,1730254406,10:13:26 PM,10:13:26 PM,0
2103224,,MORNGLAS,0,1730254455,1730254455,10:14:15 PM,10:14:15 PM,0
2103224,,QUEBMORN,0,1730254483,1730254483,10:14:43 PM,10:14:43 PM,0
2103224,,QUEBELI2,0,1730254540,1730254540,10:15:40 PM,10:15:40 PM,0
2103224,,QUEBLOR2,0,1730254566,1730254566,10:16:06 PM,10:16:06 PM,0
2103224,,QUEBDUFF,0,1730254579,1730254579,10:16:19 PM,10:16:19 PM,0
2103224,,DUNDQUE2,0,1730254620,1730254620,10:17:00 PM,10:17:00 PM,0
2103224,,DUNDONT2,0,1730254668,1730254668,10:17:48 PM,10:17:48 PM,0
2103224,,DUNDREC2,0,1730254713,1730254713,10:18:33 PM,10:18:33 PM,0
2103224,,DUNDENGL,0,1730254760,1730254760,10:19:20 PM,10:19:20 PM,0
2103224,,DUNDELIZ,0,1730254809,1730254809,10:20:09 PM,10:20:09 PM,0
2103224,,DUNDADE2,0,1730254860,1730254860,10:21:00 PM,10:21:00 PM,0
2103224,,DUNDWIL2,0,1730254886,1730254886,10:21:26 PM,10:21:26 PM,0
2103224,,DUNDMAI2,0,1730254923,1730254923,10:22:03 PM,10:22:03 PM,0
2103224,,DUNDCOL2,0,1730254961,1730254961,10:22:41 PM,10:22:41 PM,0
2103224,,DUNDWAT2,0,1730254999,1730254999,10:23:19 PM,10:23:19 PM,0
2103224,,DUNDWEL2,0,1730255040,1730255040,10:24:00 PM,10:24:00 PM,0
2103224,,QUEECLAR,0,1730255126,1730255126,10:25:26 PM,10:25:26 PM,0
2103224,,QUEERIC2,0,1730255160,1730255160,10:26:00 PM,10:26:00 PM,0
2103224,,QUEERIC2,0,1730255160,1730255160,10:26:00 PM,10:26:00 PM,0
2103224,,QUENRIDO,0,1730255233,1730255233,10:27:13 PM,10:27:13 PM,0
2103224,,RIVEWIL2,0,1730255306,1730255306,10:28:26 PM,10:28:26 PM,0
2103224,,RIVEWHA4,0,1730255355,1730255355,10:29:15 PM,10:29:15 PM,0
2103224,,RIVEMTPL,0,1730255397,1730255397,10:29:57 PM,10:29:57 PM,0
2103224,,WOODRIVE,0,1730255436,1730255436,10:30:36 PM,10:30:36 PM,0
2103224,,WOODEDI1,0,1730255492,1730255492,10:31:32 PM,10:31:32 PM,0
2103224,,WOODCAM1,0,1730255517,1730255517,10:31:57 PM,10:31:57 PM,0
2103224,,PLATOXF1,0,1730255560,1730255560,10:32:40 PM,10:32:40 PM,0
2103224,,CHERPLA2,0,1730255591,1730255591,10:33:11 PM,10:33:11 PM,0
2103224,,CHERCHC4,0,1730255617,1730255617,10:33:37 PM,10:33:37 PM,0
2103224,,CHERCHBL,0,1730255650,1730255650,10:34:10 PM,10:34:10 PM,0
2103224,,CHEROXF2,0,1730255700,1730255700,10:35:00 PM,10:35:00 PM,0
2103224,,BEAVOXF2,0,1730255797,1730255797,10:36:37 PM,10:36:37 PM,0
2103224,,PROUBEA2,0,1730255871,1730255871,10:37:51 PM,10:37:51 PM,0
2103224,,FOREHIL2,0,1730255917,1730255917,10:38:37 PM,10:38:37 PM,0
2103224,,PROUOXF3,0,1730255976,1730255976,10:39:36 PM,10:39:36 PM,0
2103224,,PROUOXF1,0,1730256007,1730256007,10:40:07 PM,10:40:07 PM,0
2103224,,PROUFAR3,0,1730256029,1730256029,10:40:29 PM,10:40:29 PM,0
2103224,,PROUFAR1,0,1730256065,1730256065,10:41:05 PM,10:41:05 PM,0
2103224,,BEAVHORI,0,1730256136,1730256136,10:42:16 PM,10:42:16 PM,0
2103224,,BEAVWOND,0,1730256175,1730256175,10:42:55 PM,10:42:55 PM,0
2103224,,BEAVBLYT,0,1730256240,1730256240,10:44:00 PM,10:44:00 PM,0
2103229,,FANCOLL3,0,1730259960,1730259960,11:46:00 PM,11:46:00 PM,0
2103229,,OXFOROE2,0,1730260010,1730260010,11:46:50 PM,11:46:50 PM,0
2103229,,OXFOHIG4,,,,,,
2103229,,OXFOHIG2,,,,,,
2103229,,MORNOXF2,0,1730260123,1730260123,11:48:43 PM,11:48:43 PM,0
2103229,,MORNOXF4,0,1730260138,1730260138,11:48:58 PM,11:48:58 PM,0
2103229,,MORNCON2,0,1730260165,1730260165,11:49:25 PM,11:49:25 PM,0
2103229,,MORNMOR4,0,1730260182,1730260182,11:49:42 PM,11:49:42 PM,0
2103229,,MORNSAL2,0,1730260200,1730260200,11:50:00 PM,11:50:00 PM,0
2103229,,MORNCURR,0,1730260226,1730260226,11:50:26 PM,11:50:26 PM,0
2103229,,MORNGLAS,0,1730260275,1730260275,11:51:15 PM,11:51:15 PM,0
2103229,,QUEBMORN,0,1730260303,1730260303,11:51:43 PM,11:51:43 PM,0
2103229,,QUEBELI2,0,1730260360,1730260360,11:52:40 PM,11:52:40 PM,0
2103229,,QUEBLOR2,0,1730260386,1730260386,11:53:06 PM,11:53:06 PM,0
2103229,,QUEBDUFF,0,1730260399,1730260399,11:53:19 PM,11:53:19 PM,0
2103229,,DUNDQUE2,0,1730260440,1730260440,11:54:00 PM,11:54:00 PM,0
2103229,,DUNDONT2,0,1730260476,1730260476,11:54:36 PM,11:54:36 PM,0
2103229,,DUNDREC2,0,1730260510,1730260510,11:55:10 PM,11:55:10 PM,0
2103229,,DUNDENGL,0,1730260545,1730260545,11:55:45 PM,11:55:45 PM,0
2103229,,DUNDELIZ,0,1730260582,1730260582,11:56:22 PM,11:56:22 PM,0
2103229,,DUNDADE2,0,1730260620,1730260620,11:57:00 PM,11:57:00 PM,0
2103229,,DUNDWIL2,0,1730260646,1730260646,11:57:26 PM,11:57:26 PM,0
2103229,,DUNDMAI2,0,1730260683,1730260683,11:58:03 PM,11:58:03 PM,0
2103229,,DUNDCOL2,0,1730260721,1730260721,11:58:41 PM,11:58:41 PM,0
2103229,,DUNDWAT2,0,1730260759,1730260759,11:59:19 PM,11:59:19 PM,0
2103229,,DUNDWEL2,0,1730260800,1730260800,12:00:00 AM,12:00:00 AM,0
2103229,,QUEECLAR,0,1730260886,1730260886,12:01:26 AM,12:01:26 AM,0
2103229,,QUEERIC2,0,1730260920,1730260920,12:02:00 AM,12:02:00 AM,0
2103229,,QUEERIC2,0,1730260920,1730260920,12:02:00 AM,12:02:00 AM,0
2103229,,QUENRIDO,0,1730260977,1730260977,12:02:57 AM,12:02:57 AM,0
2103229,,RIVEWIL2,0,1730261033,1730261033,12:03:53 AM,12:03:53 AM,0
2103229,,RIVEWHA4,0,1730261071,1730261071,12:04:31 AM,12:04:31 AM,0
2103229,,RIVEMTPL,0,1730261104,1730261104,12:05:04 AM,12:05:04 AM,0
2103229,,WOODRIVE,0,1730261134,1730261134,12:05:34 AM,12:05:34 AM,0
2103229,,WOODEDI1,0,1730261177,1730261177,12:06:17 AM,12:06:17 AM,0
2103229,,WOODCAM1,0,1730261197,1730261197,12:06:37 AM,12:06:37 AM,0
2103229,,PLATOXF1,0,1730261230,1730261230,12:07:10 AM,12:07:10 AM,0
2103229,,CHERPLA2,0,1730261254,1730261254,12:07:34 AM,12:07:34 AM,0
2103229,,CHERCHC4,0,1730261274,1730261274,12:07:54 AM,12:07:54 AM,0
2103229,,CHERCHBL,0,1730261300,1730261300,12:08:20 AM,12:08:20 AM,0
2103229,,CHEROXF2,0,1730261340,1730261340,12:09:00 AM,12:09:00 AM,0
2103229,,BEAVOXF2,0,1730261426,1730261426,12:10:26 AM,12:10:26 AM,0
2103229,,PROUBEA2,0,1730261492,1730261492,12:11:32 AM,12:11:32 AM,0
2103229,,FOREHIL2,0,1730261533,1730261533,12:12:13 AM,12:12:13 AM,0
2103229,,PROUOXF3,0,1730261586,1730261586,12:13:06 AM,12:13:06 AM,0
2103229,,PROUOXF1,0,1730261613,1730261613,12:13:33 AM,12:13:33 AM,0
2103229,,PROUFAR3,0,1730261632,1730261632,12:13:52 AM,12:13:52 AM,0
2103229,,PROUFAR1,0,1730261664,1730261664,12:14:24 AM,12:14:24 AM,0
2103229,,BEAVHORI,0,1730261727,1730261727,12:15:27 AM,12:15:27 AM,0
2103229,,BEAVWOND,0,1730261762,1730261762,12:16:02 AM,12:16:02 AM,0
2103229,,BEAVBLYT,0,1730261820,1730261820,12:17:00 AM,12:17:00 AM,0
2103201,,FANCOLL3,0,1730229480,1730229480,03:18:00 PM,03:18:00 PM,0
2103201,,OXFOROE2,0,1730229530,1730229530,03:18:50 PM,03:18:50 PM,0
2103201,,OXFOHIG4,,,,,,
2103201,,OXFOHIG2,,,,,,
2103201,,MORNOXF2,0,1730229665,1730229665,03:21:05 PM,03:21:05 PM,0
2103201,,MORNOXF4,0,1730229688,1730229688,03:21:28 PM,03:21:28 PM,0
2103201,,MORNCON2,0,1730229729,1730229729,03:22:09 PM,03:22:09 PM,0
2103201,,MORNMOR4,0,1730229755,1730229755,03:22:35 PM,03:22:35 PM,0
2103201,,MORNSAL2,0,1730229780,1730229780,03:23:00 PM,03:23:00 PM,0
2103201,,MORNCURR,0,1730229812,1730229812,03:23:32 PM,03:23:32 PM,0
2103201,,MORNGLAS,0,1730229873,1730229873,03:24:33 PM,03:24:33 PM,0
2103201,,QUEBMORN,0,1730229908,1730229908,03:25:08 PM,03:25:08 PM,0
2103201,,QUEBELI2,0,1730229979,1730229979,03:26:19 PM,03:26:19 PM,0
2103201,,QUEBLOR2,0,1730230011,1730230011,03:26:51 PM,03:26:51 PM,0
2103201,,QUEBDUFF,0,1730230028,1730230028,03:27:08 PM,03:27:08 PM,0
2103201,,DUNDQUE2,0,1730230080,1730230080,03:28:00 PM,03:28:00 PM,0
2103201,,DUNDONT2,0,1730230140,1730230140,03:29:00 PM,03:29:00 PM,0
2103201,,DUNDREC2,0,1730230196,1730230196,03:29:56 PM,03:29:56 PM,0
2103201,,DUNDENGL,0,1730230255,1730230255,03:30:55 PM,03:30:55 PM,0
2103201,,DUNDELIZ,0,1730230317,1730230317,03:31:57 PM,03:31:57 PM,0
2103201,,DUNDADE2,0,1730230380,1730230380,03:33:00 PM,03:33:00 PM,0
2103201,,DUNDWIL2,0,1730230424,1730230424,03:33:44 PM,03:33:44 PM,0
2103201,,DUNDMAI2,0,1730230486,1730230486,03:34:46 PM,03:34:46 PM,0
2103201,,DUNDCOL2,0,1730230549,1730230549,03:35:49 PM,03:35:49 PM,0
2103201,,DUNDWAT2,0,1730230613,1730230613,03:36:53 PM,03:36:53 PM,0
2103201,,DUNDWEL2,0,1730230680,1730230680,03:38:00 PM,03:38:00 PM,0
2103201,,QUEECLAR,0,1730230809,1730230809,03:40:09 PM,03:40:09 PM,0
2103201,,QUEERIC2,0,1730230860,1730230860,03:41:00 PM,03:41:00 PM,0
2103201,,QUEERIC2,0,1730230860,1730230860,03:41:00 PM,03:41:00 PM,0
2103201,,QUENRIDO,0,1730230949,1730230949,03:42:29 PM,03:42:29 PM,0
2103201,,RIVEWIL2,0,1730231038,1730231038,03:43:58 PM,03:43:58 PM,0
2103201,,RIVEWHA4,0,1730231098,1730231098,03:44:58 PM,03:44:58 PM,0
2103201,,RIVEMTPL,0,1730231150,1730231150,03:45:50 PM,03:45:50 PM,0
2103201,,WOODRIVE,0,1730231198,1730231198,03:46:38 PM,03:46:38 PM,0
2103201,,WOODEDI1,0,1730231267,1730231267,03:47:47 PM,03:47:47 PM,0
2103201,,WOODCAM1,0,1730231298,1730231298,03:48:18 PM,03:48:18 PM,0
2103201,,PLATOXF1,0,1730231350,1730231350,03:49:10 PM,03:49:10 PM,0
2103201,,CHERPLA2,0,1730231388,1730231388,03:49:48 PM,03:49:48 PM,0
2103201,,CHERCHC4,0,1730231420,1730231420,03:50:20 PM,03:50:20 PM,0
2103201,,CHERCHBL,0,1730231461,1730231461,03:51:01 PM,03:51:01 PM,0
2103201,,CHEROXF2,0,1730231520,1730231520,03:52:00 PM,03:52:00 PM,0
2103201,,BEAVOXF2,0,1730231617,1730231617,03:53:37 PM,03:53:37 PM,0
2103201,,PROUBEA2,0,1730231691,1730231691,03:54:51 PM,03:54:51 PM,0
2103201,,FOREHIL2,0,1730231737,1730231737,03:55:37 PM,03:55:37 PM,0
2103201,,PROUOXF3,0,1730231796,1730231796,03:56:36 PM,03:56:36 PM,0
2103201,,PROUOXF1,0,1730231827,1730231827,03:57:07 PM,03:57:07 PM,0
2103201,,PROUFAR3,0,1730231849,1730231849,03:57:29 PM,03:57:29 PM,0
2103201,,PROUFAR1,0,1730231885,1730231885,03:58:05 PM,03:58:05 PM,0
2103201,,BEAVHORI,0,1730231956,1730231956,03:59:16 PM,03:59:16 PM,0
2103201,,BEAVWOND,0,1730231995,1730231995,03:59:55 PM,03:59:55 PM,0
2103201,,BEAVBLYT,0,1730232060,1730232060,04:01:00 PM,04:01:00 PM,0
2103208,,FANCOLL3,0,1730235660,1730235660,05:01:00 PM,05:01:00 PM,0
2103208,,OXFOROE2,0,1730235735,1730235735,05:02:15 PM,05:02:15 PM,0
2103208,,OXFOHIG4,,,,,,
2103208,,OXFOHIG2,,,,,,
2103208,,MORNOXF2,0,1730235926,1730235926,05:05:26 PM,05:05:26 PM,0
2103208,,MORNOXF4,0,1730235957,1730235957,05:05:57 PM,05:05:57 PM,0
2103208,,MORNCON2,0,1730236012,1730236012,05:06:52 PM,05:06:52 PM,0
2103208,,MORNMOR4,0,1730236047,1730236047,05:07:27 PM,05:07:27 PM,0
2103208,,MORNSAL2,0,1730236080,1730236080,05:08:00 PM,05:08:00 PM,0
2103208,,MORNCURR,0,1730236112,1730236112,05:08:32 PM,05:08:32 PM,0
2103208,,MORNGLAS,0,1730236173,1730236173,05:09:33 PM,05:09:33 PM,0
2103208,,QUEBMORN,0,1730236208,1730236208,05:10:08 PM,05:10:08 PM,0
2103208,,QUEBELI2,0,1730236279,1730236279,05:11:19 PM,05:11:19 PM,0
2103208,,QUEBLOR2,0,1730236311,1730236311,05:11:51 PM,05:11:51 PM,0
2103208,,QUEBDUFF,0,1730236328,1730236328,05:12:08 PM,05:12:08 PM,0
2103208,,DUNDQUE2,0,1730236380,1730236380,05:13:00 PM,05:13:00 PM,0
2103208,,DUNDONT2,0,1730236440,1730236440,05:14:00 PM,05:14:00 PM,0
2103208,,DUNDREC2,0,1730236496,1730236496,05:14:56 PM,05:14:56 PM,0
2103208,,DUNDENGL,0,1730236555,1730236555,05:15:55 PM,05:15:55 PM,0
2103208,,DUNDELIZ,0,1730236617,1730236617,05:16:57 PM,05:16:57 PM,0
2103208,,DUNDADE2,0,1730236680,1730236680,05:18:00 PM,05:18:00 PM,0
2103208,,DUNDWIL2,0,1730236733,1730236733,05:18:53 PM,05:18:53 PM,0
2103208,,DUNDMAI2,0,1730236808,1730236808,05:20:08 PM,05:20:08 PM,0
2103208,,DUNDCOL2,0,1730236884,1730236884,05:21:24 PM,05:21:24 PM,0
2103208,,DUNDWAT2,0,1730236961,1730236961,05:22:41 PM,05:22:41 PM,0
2103208,,DUNDWEL2,0,1730237040,1730237040,05:24:00 PM,05:24:00 PM,0
2103208,,QUEECLAR,0,1730237169,1730237169,05:26:09 PM,05:26:09 PM,0
2103208,,QUEERIC2,0,1730237220,1730237220,05:27:00 PM,05:27:00 PM,0
2103208,,QUEERIC2,0,1730237220,1730237220,05:27:00 PM,05:27:00 PM,0
2103208,,QUENRIDO,0,1730237317,1730237317,05:28:37 PM,05:28:37 PM,0
2103208,,RIVEWIL2,0,1730237414,1730237414,05:30:14 PM,05:30:14 PM,0
2103208,,RIVEWHA4,0,1730237479,1730237479,05:31:19 PM,05:31:19 PM,0
2103208,,RIVEMTPL,0,1730237535,1730237535,05:32:15 PM,05:32:15 PM,0
2103208,,WOODRIVE,0,1730237587,1730237587,05:33:07 PM,05:33:07 PM,0
2103208,,WOODEDI1,0,1730237662,1730237662,05:34:22 PM,05:34:22 PM,0
2103208,,WOODCAM1,0,1730237696,1730237696,05:34:56 PM,05:34:56 PM,0
2103208,,PLATOXF1,0,1730237753,1730237753,05:35:53 PM,05:35:53 PM,0
2103208,,CHERPLA2,0,1730237795,1730237795,05:36:35 PM,05:36:35 PM,0
2103208,,CHERCHC4,0,1730237830,1730237830,05:37:10 PM,05:37:10 PM,0
2103208,,CHERCHBL,0,1730237875,1730237875,05:37:55 PM,05:37:55 PM,0
2103208,,CHEROXF2,0,1730237940,1730237940,05:39:00 PM,05:39:00 PM,0
2103208,,BEAVOXF2,0,1730238037,1730238037,05:40:37 PM,05:40:37 PM,0
2103208,,PROUBEA2,0,1730238111,1730238111,05:41:51 PM,05:41:51 PM,0
2103208,,FOREHIL2,0,1730238157,1730238157,05:42:37 PM,05:42:37 PM,0
2103208,,PROUOXF3,0,1730238216,1730238216,05:43:36 PM,05:43:36 PM,0
2103208,,PROUOXF1,0,1730238247,1730238247,05:44:07 PM,05:44:07 PM,0
2103208,,PROUFAR3,0,1730238269,1730238269,05:44:29 PM,05:44:29 PM,0
2103208,,PROUFAR1,0,1730238305,1730238305,05:45:05 PM,05:45:05 PM,0
2103208,,BEAVHORI,0,1730238376,1730238376,05:46:16 PM,05:46:16 PM,0
2103208,,BEAVWOND,0,1730238415,1730238415,05:46:55 PM,05:46:55 PM,0
2103208,,BEAVBLYT,0,1730238480,1730238480,05:48:00 PM,05:48:00 PM,0
2103216,,FANCOLL3,0,1730242020,1730242020,06:47:00 PM,06:47:00 PM,0
2103216,,OXFOROE2,0,1730242070,1730242070,06:47:50 PM,06:47:50 PM,0
2103216,,OXFOHIG4,,,,,,
2103216,,OXFOHIG2,,,,,,
2103216,,MORNOXF2,0,1730242205,1730242205,06:50:05 PM,06:50:05 PM,0
2103216,,MORNOXF4,0,1730242228,1730242228,06:50:28 PM,06:50:28 PM,0
2103216,,MORNCON2,0,1730242269,1730242269,06:51:09 PM,06:51:09 PM,0
2103216,,MORNMOR4,0,1730242295,1730242295,06:51:35 PM,06:51:35 PM,0
2103216,,MORNSAL2,0,1730242320,1730242320,06:52:00 PM,06:52:00 PM,0
2103216,,MORNCURR,0,1730242346,1730242346,06:52:26 PM,06:52:26 PM,0
2103216,,MORNGLAS,0,1730242395,1730242395,06:53:15 PM,06:53:15 PM,0
2103216,,QUEBMORN,0,1730242423,1730242423,06:53:43 PM,06:53:43 PM,0
2103216,,QUEBELI2,0,1730242480,1730242480,06:54:40 PM,06:54:40 PM,0
2103216,,QUEBLOR2,0,1730242506,1730242506,06:55:06 PM,06:55:06 PM,0
2103216,,QUEBDUFF,0,1730242519,1730242519,06:55:19 PM,06:55:19 PM,0
2103216,,DUNDQUE2,0,1730242560,1730242560,06:56:00 PM,06:56:00 PM,0
2103216,,DUNDONT2,0,1730242608,1730242608,06:56:48 PM,06:56:48 PM,0
2103216,,DUNDREC2,0,1730242653,1730242653,06:57:33 PM,06:57:33 PM,0
2103216,,DUNDENGL,0,1730242700,1730242700,06:58:20 PM,06:58:20 PM,0
2103216,,DUNDELIZ,0,1730242749,1730242749,06:59:09 PM,06:59:09 PM,0
2103216,,DUNDADE2,0,1730242800,1730242800,07:00:00 PM,07:00:00 PM,0
2103216,,DUNDWIL2,0,1730242835,1730242835,07:00:35 PM,07:00:35 PM,0
2103216,,DUNDMAI2,0,1730242885,1730242885,07:01:25 PM,07:01:25 PM,0
2103216,,DUNDCOL2,0,1730242935,1730242935,07:02:15 PM,07:02:15 PM,0
2103216,,DUNDWAT2,0,1730242986,1730242986,07:03:06 PM,07:03:06 PM,0
2103216,,DUNDWEL2,0,1730243040,1730243040,07:04:00 PM,07:04:00 PM,0
2103216,,QUEECLAR,0,1730243169,1730243169,07:06:09 PM,07:06:09 PM,0
2103216,,QUEERIC2,0,1730243220,1730243220,07:07:00 PM,07:07:00 PM,0
2103216,,QUEERIC2,0,1730243220,1730243220,07:07:00 PM,07:07:00 PM,0
2103216,,QUENRIDO,0,1730243301,1730243301,07:08:21 PM,07:08:21 PM,0
2103216,,RIVEWIL2,0,1730243382,1730243382,07:09:42 PM,07:09:42 PM,0
2103216,,RIVEWHA4,0,1730243436,1730243436,07:10:36 PM,07:10:36 PM,0
2103216,,RIVEMTPL,0,1730243483,1730243483,07:11:23 PM,07:11:23 PM,0
2103216,,WOODRIVE,0,1730243526,1730243526,07:12:06 PM,07:12:06 PM,0
2103216,,WOODEDI1,0,1730243588,1730243588,07:13:08 PM,07:13:08 PM,0
2103216,,WOODCAM1,0,1730243616,1730243616,07:13:36 PM,07:13:36 PM,0
2103216,,PLATOXF1,0,1730243663,1730243663,07:14:23 PM,07:14:23 PM,0
2103216,,CHERPLA2,0,1730243698,1730243698,07:14:58 PM,07:14:58 PM,0
2103216,,CHERCHC4,0,1730243727,1730243727,07:15:27 PM,07:15:27 PM,0
2103216,,CHERCHBL,0,1730243764,1730243764,07:16:04 PM,07:16:04 PM,0
2103216,,CHEROXF2,0,1730243820,1730243820,07:17:00 PM,07:17:00 PM,0
2103216,,BEAVOXF2,0,1730243917,1730243917,07:18:37 PM,07:18:37 PM,0
2103216,,PROUBEA2,0,1730243991,1730243991,07:19:51 PM,07:19:51 PM,0
2103216,,FOREHIL2,0,1730244037,1730244037,07:20:37 PM,07:20:37 PM,0
2103216,,PROUOXF3,0,1730244096,1730244096,07:21:36 PM,07:21:36 PM,0
2103216,,PROUOXF1,0,1730244127,1730244127,07:22:07 PM,07:22:07 PM,0
2103216,,PROUFAR3,0,1730244149,1730244149,07:22:29 PM,07:22:29 PM,0
2103216,,PROUFAR1,0,1730244185,1730244185,07:23:05 PM,07:23:05 PM,0
2103216,,BEAVHORI,0,1730244256,1730244256,07:24:16 PM,07:24:16 PM,0
2103216,,BEAVWOND,0,1730244295,1730244295,07:24:55 PM,07:24:55 PM,0
2103216,,BEAVBLYT,0,1730244360,1730244360,07:26:00 PM,07:26:00 PM,0
2103221,,FANCOLL3,0,1730249040,1730249040,08:44:00 PM,08:44:00 PM,0
2103221,,OXFOROE2,0,1730249090,1730249090,08:44:50 PM,08:44:50 PM,0
2103221,,OXFOHIG4,,,,,,
2103221,,OXFOHIG2,,,,,,
2103221,,MORNOXF2,0,1730249225,1730249225,08:47:05 PM,08:47:05 PM,0
2103221,,MORNOXF4,0,1730249248,1730249248,08:47:28 PM,08:47:28 PM,0
2103221,,MORNCON2,0,1730249289,1730249289,08:48:09 PM,08:48:09 PM,0
2103221,,MORNMOR4,0,1730249315,1730249315,08:48:35 PM,08:48:35 PM,0
2103221,,MORNSAL2,0,1730249340,1730249340,08:49:00 PM,08:49:00 PM,0
2103221,,MORNCURR,0,1730249366,1730249366,08:49:26 PM,08:49:26 PM,0
2103221,,MORNGLAS,0,1730249415,1730249415,08:50:15 PM,08:50:15 PM,0
2103221,,QUEBMORN,0,1730249443,1730249443,08:50:43 PM,08:50:43 PM,0
2103221,,QUEBELI2,0,1730249500,1730249500,08:51:40 PM,08:51:40 PM,0
2103221,,QUEBLOR2,0,1730249526,1730249526,08:52:06 PM,08:52:06 PM,0
2103221,,QUEBDUFF,0,1730249539,1730249539,08:52:19 PM,08:52:19 PM,0
2103221,,DUNDQUE2,0,1730249580,1730249580,08:53:00 PM,08:53:00 PM,0
2103221,,DUNDONT2,0,1730249628,1730249628,08:53:48 PM,08:53:48 PM,0
2103221,,DUNDREC2,0,1730249673,1730249673,08:54:33 PM,08:54:33 PM,0
2103221,,DUNDENGL,0,1730249720,1730249720,08:55:20 PM,08:55:20 PM,0
2103221,,DUNDELIZ,0,1730249769,1730249769,08:56:09 PM,08:56:09 PM,0
2103221,,DUNDADE2,0,1730249820,1730249820,08:57:00 PM,08:57:00 PM,0
2103221,,DUNDWIL2,0,1730249846,1730249846,08:57:26 PM,08:57:26 PM,0
2103221,,DUNDMAI2,0,1730249883,1730249883,08:58:03 PM,08:58:03 PM,0
2103221,,DUNDCOL2,0,1730249921,1730249921,08:58:41 PM,08:58:41 PM,0
2103221,,DUNDWAT2,0,1730249959,1730249959,08:59:19 PM,08:59:19 PM,0
2103221,,DUNDWEL2,0,1730250000,1730250000,09:00:00 PM,09:00:00 PM,0
2103221,,QUEECLAR,0,1730250086,1730250086,09:01:26 PM,09:01:26 PM,0
2103221,,QUEERIC2,0,1730250120,1730250120,09:02:00 PM,09:02:00 PM,0
2103221,,QUEERIC2,0,1730250120,1730250120,09:02:00 PM,09:02:00 PM,0
2103221,,QUENRIDO,0,1730250193,1730250193,09:03:13 PM,09:03:13 PM,0
2103221,,RIVEWIL2,0,1730250266,1730250266,09:04:26 PM,09:04:26 PM,0
2103221,,RIVEWHA4,0,1730250315,1730250315,09:05:15 PM,09:05:15 PM,0
2103221,,RIVEMTPL,0,1730250357,1730250357,09:05:57 PM,09:05:57 PM,0
2103221,,WOODRIVE,0,1730250396,1730250396,09:06:36 PM,09:06:36 PM,0
2103221,,WOODEDI1,0,1730250452,1730250452,09:07:32 PM,09:07:32 PM,0
2103221,,WOODCAM1,0,1730250477,1730250477,09:07:57 PM,09:07:57 PM,0
2103221,,PLATOXF1,0,1730250520,1730250520,09:08:40 PM,09:08:40 PM,0
2103221,,CHERPLA2,0,1730250551,1730250551,09:09:11 PM,09:09:11 PM,0
2103221,,CHERCHC4,0,1730250577,1730250577,09:09:37 PM,09:09:37 PM,0
2103221,,CHERCHBL,0,1730250610,1730250610,09:10:10 PM,09:10:10 PM,0
2103221,,CHEROXF2,0,1730250660,1730250660,09:11:00 PM,09:11:00 PM,0
2103221,,BEAVOXF2,0,1730250757,1730250757,09:12:37 PM,09:12:37 PM,0
2103221,,PROUBEA2,0,1730250831,1730250831,09:13:51 PM,09:13:51 PM,0
2103221,,FOREHIL2,0,1730250877,1730250877,09:14:37 PM,09:14:37 PM,0
2103221,,PROUOXF3,0,1730250936,1730250936,09:15:36 PM,09:15:36 PM,0
2103221,,PROUOXF1,0,1730250967,1730250967,09:16:07 PM,09:16:07 PM,0
2103221,,PROUFAR3,0,1730250989,1730250989,09:16:29 PM,09:16:29 PM,0
2103221,,PROUFAR1,0,1730251025,1730251025,09:17:05 PM,09:17:05 PM,0
2103221,,BEAVHORI,0,1730251096,1730251096,09:18:16 PM,09:18:16 PM,0
2103221,,BEAVWOND,0,1730251135,1730251135,09:18:55 PM,09:18:55 PM,0
2103221,,BEAVBLYT,0,1730251200,1730251200,09:20:00 PM,09:20:00 PM,0
2103225,,FANCOLL3,0,1730255640,1730255640,10:34:00 PM,10:34:00 PM,0
2103225,,OXFOROE2,0,1730255690,1730255690,10:34:50 PM,10:34:50 PM,0
2103225,,OXFOHIG4,,,,,,
2103225,,OXFOHIG2,,,,,,
2103225,,MORNOXF2,0,1730255825,1730255825,10:37:05 PM,10:37:05 PM,0
2103225,,MORNOXF4,0,1730255848,1730255848,10:37:28 PM,10:37:28 PM,0
2103225,,MORNCON2,0,1730255889,1730255889,10:38:09 PM,10:38:09 PM,0
2103225,,MORNMOR4,0,1730255915,1730255915,10:38:35 PM,10:38:35 PM,0
2103225,,MORNSAL2,0,1730255940,1730255940,10:39:00 PM,10:39:00 PM,0
2103225,,MORNCURR,0,1730255966,1730255966,10:39:26 PM,10:39:26 PM,0
2103225,,MORNGLAS,0,1730256015,1730256015,10:40:15 PM,10:40:15 PM,0
2103225,,QUEBMORN,0,1730256043,1730256043,10:40:43 PM,10:40:43 PM,0
2103225,,QUEBELI2,0,1730256100,1730256100,10:41:40 PM,10:41:40 PM,0
2103225,,QUEBLOR2,0,1730256126,1730256126,10:42:06 PM,10:42:06 PM,0
2103225,,QUEBDUFF,0,1730256139,1730256139,10:42:19 PM,10:42:19 PM,0
2103225,,DUNDQUE2,0,1730256180,1730256180,10:43:00 PM,10:43:00 PM,0
2103225,,DUNDONT2,0,1730256228,1730256228,10:43:48 PM,10:43:48 PM,0
2103225,,DUNDREC2,0,1730256273,1730256273,10:44:33 PM,10:44:33 PM,0
2103225,,DUNDENGL,0,1730256320,1730256320,10:45:20 PM,10:45:20 PM,0
2103225,,DUNDELIZ,0,1730256369,1730256369,10:46:09 PM,10:46:09 PM,0
2103225,,DUNDADE2,0,1730256420,1730256420,10:47:00 PM,10:47:00 PM,0
2103225,,DUNDWIL2,0,1730256446,1730256446,10:47:26 PM,10:47:26 PM,0
2103225,,DUNDMAI2,0,1730256483,1730256483,10:48:03 PM,10:48:03 PM,0
2103225,,DUNDCOL2,0,1730256521,1730256521,10:48:41 PM,10:48:41 PM,0
2103225,,DUNDWAT2,0,1730256559,1730256559,10:49:19 PM,10:49:19 PM,0
2103225,,DUNDWEL2,0,1730256600,1730256600,10:50:00 PM,10:50:00 PM,0
2103225,,QUEECLAR,0,1730256686,1730256686,10:51:26 PM,10:51:26 PM,0
2103225,,QUEERIC2,0,1730256720,1730256720,10:52:00 PM,10:52:00 PM,0
2103225,,QUEERIC2,0,1730256720,1730256720,10:52:00 PM,10:52:00 PM,0
2103225,,QUENRIDO,0,1730256793,1730256793,10:53:13 PM,10:53:13 PM,0
2103225,,RIVEWIL2,0,1730256866,1730256866,10:54:26 PM,10:54:26 PM,0
2103225,,RIVEWHA4,0,1730256915,1730256915,10:55:15 PM,10:55:15 PM,0
2103225,,RIVEMTPL,0,1730256957,1730256957,10:55:57 PM,10:55:57 PM,0
2103225,,WOODRIVE,0,1730256996,1730256996,10:56:36 PM,10:56:36 PM,0
2103225,,WOODEDI1,0,1730257052,1730257052,10:57:32 PM,10:57:32 PM,0
2103225,,WOODCAM1,0,1730257077,1730257077,10:57:57 PM,10:57:57 PM,0
2103225,,PLATOXF1,0,1730257120,1730257120,10:58:40 PM,10:58:40 PM,0
2103225,,CHERPLA2,0,1730257151,1730257151,10:59:11 PM,10:59:11 PM,0
2103225,,CHERCHC4,0,1730257177,1730257177,10:59:37 PM,10:59:37 PM,0
2103225,,CHERCHBL,0,1730257210,1730257210,11:00:10 PM,11:00:10 PM,0
2103225,,CHEROXF2,0,1730257260,1730257260,11:01:00 PM,11:01:00 PM,0
2103225,,BEAVOXF2,0,1730257357,1730257357,11:02:37 PM,11:02:37 PM,0
2103225,,PROUBEA2,0,1730257431,1730257431,11:03:51 PM,11:03:51 PM,0
2103225,,FOREHIL2,0,1730257477,1730257477,11:04:37 PM,11:04:37 PM,0
2103225,,PROUOXF3,0,1730257536,1730257536,11:05:36 PM,11:05:36 PM,0
2103225,,PROUOXF1,0,1730257567,1730257567,11:06:07 PM,11:06:07 PM,0
2103225,,PROUFAR3,0,1730257589,1730257589,11:06:29 PM,11:06:29 PM,0
2103225,,PROUFAR1,0,1730257625,1730257625,11:07:05 PM,11:07:05 PM,0
2103225,,BEAVHORI,0,1730257696,1730257696,11:08:16 PM,11:08:16 PM,0
2103225,,BEAVWOND,0,1730257735,1730257735,11:08:55 PM,11:08:55 PM,0
2103225,,BEAVBLYT,0,1730257800,1730257800,11:10:00 PM,11:10:00 PM,0
2109210,,FANCOLL3,0,1730261520,1730261520,12:12:00 AM,12:12:00 AM,0
2109210,,OXFOROE2,0,1730261570,1730261570,12:12:50 AM,12:12:50 AM,0
2109210,,OXFOHIG4,,,,,,
2109210,,OXFOHIG2,,,,,,
2109210,,MORNOXF2,0,1730261683,1730261683,12:14:43 AM,12:14:43 AM,0
2109210,,MORNOXF4,0,1730261698,1730261698,12:14:58 AM,12:14:58 AM,0
2109210,,MORNCON2,0,1730261725,1730261725,12:15:25 AM,12:15:25 AM,0
2109210,,MORNMOR4,0,1730261742,1730261742,12:15:42 AM,12:15:42 AM,0
2109210,,MORNSAL2,0,1730261760,1730261760,12:16:00 AM,12:16:00 AM,0
2109210,,MORNCURR,0,1730261786,1730261786,12:16:26 AM,12:16:26 AM,0
2109210,,MORNGLAS,0,1730261835,1730261835,12:17:15 AM,12:17:15 AM,0
2109210,,QUEBMORN,0,1730261863,1730261863,12:17:43 AM,12:17:43 AM,0
2109210,,QUEBELI2,0,1730261920,1730261920,12:18:40 AM,12:18:40 AM,0
2109210,,QUEBLOR2,0,1730261946,1730261946,12:19:06 AM,12:19:06 AM,0
2109210,,QUEBDUFF,0,1730261959,1730261959,12:19:19 AM,12:19:19 AM,0
2109210,,DUNDQUE2,0,1730262000,1730262000,12:20:00 AM,12:20:00 AM,0
2109210,,DUNDONT2,0,1730262036,1730262036,12:20:36 AM,12:20:36 AM,0
2109210,,DUNDREC2,0,1730262070,1730262070,12:21:10 AM,12:21:10 AM,0
2109210,,DUNDENGL,0,1730262105,1730262105,12:21:45 AM,12:21:45 AM,0
2109210,,DUNDELIZ,0,1730262142,1730262142,12:22:22 AM,12:22:22 AM,0
2109210,,DUNDADE2,0,1730262180,1730262180,12:23:00 AM,12:23:00 AM,0
2109210,,DUNDWIL2,0,1730262206,1730262206,12:23:26 AM,12:23:26 AM,0
2109210,,DUNDMAI2,0,1730262243,1730262243,12:24:03 AM,12:24:03 AM,0
2109210,,DUNDCOL2,0,1730262281,1730262281,12:24:41 AM,12:24:41 AM,0
2109210,,DUNDWAT2,0,1730262319,1730262319,12:25:19 AM,12:25:19 AM,0
2109210,,DUNDWEL2,0,1730262360,1730262360,12:26:00 AM,12:26:00 AM,0
2109210,,QUEECLAR,0,1730262446,1730262446,12:27:26 AM,12:27:26 AM,0
2109210,,QUEERIC2,0,1730262480,1730262480,12:28:00 AM,12:28:00 AM,0
2109210,,QUEERIC2,0,1730262600,1730262600,12:30:00 AM,12:30:00 AM,0
2109210,,QUENRIDO,0,1730262657,1730262657,12:30:57 AM,12:30:57 AM,0
2109210,,RIVEWIL2,0,1730262713,1730262713,12:31:53 AM,12:31:53 AM,0
2109210,,RIVEWHA4,0,1730262751,1730262751,12:32:31 AM,12:32:31 AM,0
2109210,,RIVEMTPL,0,1730262784,1730262784,12:33:04 AM,12:33:04 AM,0
2109210,,WOODRIVE,0,1730262814,1730262814,12:33:34 AM,12:33:34 AM,0
2109210,,WOODEDI1,0,1730262857,1730262857,12:34:17 AM,12:34:17 AM,0
2109210,,WOODCAM1,0,1730262877,1730262877,12:34:37 AM,12:34:37 AM,0
2109210,,PLATOXF1,0,1730262910,1730262910,12:35:10 AM,12:35:10 AM,0
2109210,,CHERPLA2,0,1730262934,1730262934,12:35:34 AM,12:35:34 AM,0
2109210,,CHERCHC4,0,1730262954,1730262954,12:35:54 AM,12:35:54 AM,0
2109210,,CHERCHBL,0,1730262980,1730262980,12:36:20 AM,12:36:20 AM,0
2109210,,CHEROXF2,0,1730263020,1730263020,12:37:00 AM,12:37:00 AM,0
2109210,,BEAVOXF2,0,1730263106,1730263106,12:38:26 AM,12:38:26 AM,0
2109210,,PROUBEA2,0,1730263172,1730263172,12:39:32 AM,12:39:32 AM,0
2109210,,FOREHIL2,0,1730263213,1730263213,12:40:13 AM,12:40:13 AM,0
2109210,,PROUOXF3,0,1730263266,1730263266,12:41:06 AM,12:41:06 AM,0
2109210,,PROUOXF1,0,1730263293,1730263293,12:41:33 AM,12:41:33 AM,0
2109210,,PROUFAR3,0,1730263312,1730263312,12:41:52 AM,12:41:52 AM,0
2109210,,PROUFAR1,0,1730263344,1730263344,12:42:24 AM,12:42:24 AM,0
2109210,,BEAVHORI,0,1730263407,1730263407,12:43:27 AM,12:43:27 AM,0
2109210,,BEAVWOND,0,1730263442,1730263442,12:44:02 AM,12:44:02 AM,0
2109210,,BEAVBLYT,0,1730263500,1730263500,12:45:00 AM,12:45:00 AM,0
2103204,,FANCOLL3,0,1730232120,1730232120,04:02:00 PM,04:02:00 PM,0
2103204,,OXFOROE2,0,1730232195,1730232195,04:03:15 PM,04:03:15 PM,0
2103204,,OXFOHIG4,,,,,,
2103204,,OXFOHIG2,,,,,,
2103204,,MORNOXF2,0,1730232386,1730232386,04:06:26 PM,04:06:26 PM,0
2103204,,MORNOXF4,0,1730232417,1730232417,04:06:57 PM,04:06:57 PM,0
2103204,,MORNCON2,0,1730232472,1730232472,04:07:52 PM,04:07:52 PM,0
2103204,,MORNMOR4,0,1730232507,1730232507,04:08:27 PM,04:08:27 PM,0
2103204,,MORNSAL2,0,1730232540,1730232540,04:09:00 PM,04:09:00 PM,0
2103204,,MORNCURR,0,1730232572,1730232572,04:09:32 PM,04:09:32 PM,0
2103204,,MORNGLAS,0,1730232633,1730232633,04:10:33 PM,04:10:33 PM,0
2103204,,QUEBMORN,0,1730232668,1730232668,04:11:08 PM,04:11:08 PM,0
2103204,,QUEBELI2,0,1730232739,1730232739,04:12:19 PM,04:12:19 PM,0
2103204,,QUEBLOR2,0,1730232771,1730232771,04:12:51 PM,04:12:51 PM,0
2103204,,QUEBDUFF,0,1730232788,1730232788,04:13:08 PM,04:13:08 PM,0
2103204,,DUNDQUE2,0,1730232840,1730232840,04:14:00 PM,04:14:00 PM,0
2103204,,DUNDONT2,0,1730232900,1730232900,04:15:00 PM,04:15:00 PM,0
2103204,,DUNDREC2,0,1730232956,1730232956,04:15:56 PM,04:15:56 PM,0
2103204,,DUNDENGL,0,1730233015,1730233015,04:16:55 PM,04:16:55 PM,0
2103204,,DUNDELIZ,0,1730233077,1730233077,04:17:57 PM,04:17:57 PM,0
2103204,,DUNDADE2,0,1730233140,1730233140,04:19:00 PM,04:19:00 PM,0
2103204,,DUNDWIL2,0,1730233193,1730233193,04:19:53 PM,04:19:53 PM,0
2103204,,DUNDMAI2,0,1730233268,1730233268,04:21:08 PM,04:21:08 PM,0
2103204,,DUNDCOL2,0,1730233344,1730233344,04:22:24 PM,04:22:24 PM,0
2103204,,DUNDWAT2,0,1730233421,1730233421,04:23:41 PM,04:23:41 PM,0
2103204,,DUNDWEL2,0,1730233500,1730233500,04:25:00 PM,04:25:00 PM,0
2103204,,QUEECLAR,0,1730233629,1730233629,04:27:09 PM,04:27:09 PM,0
2103204,,QUEERIC2,0,1730233680,1730233680,04:28:00 PM,04:28:00 PM,0
2103204,,QUEERIC2,0,1730233680,1730233680,04:28:00 PM,04:28:00 PM,0
2103204,,QUENRIDO,0,1730233777,1730233777,04:29:37 PM,04:29:37 PM,0
2103204,,RIVEWIL2,0,1730233874,1730233874,04:31:14 PM,04:31:14 PM,0
2103204,,RIVEWHA4,0,1730233939,1730233939,04:32:19 PM,04:32:19 PM,0
2103204,,RIVEMTPL,0,1730233995,1730233995,04:33:15 PM,04:33:15 PM,0
2103204,,WOODRIVE,0,1730234047,1730234047,04:34:07 PM,04:34:07 PM,0
2103204,,WOODEDI1,0,1730234122,1730234122,04:35:22 PM,04:35:22 PM,0
2103204,,WOODCAM1,0,1730234156,1730234156,04:35:56 PM,04:35:56 PM,0
2103204,,PLATOXF1,0,1730234213,1730234213,04:36:53 PM,04:36:53 PM,0
2103204,,CHERPLA2,0,1730234255,1730234255,04:37:35 PM,04:37:35 PM,0
2103204,,CHERCHC4,0,1730234290,1730234290,04:38:10 PM,04:38:10 PM,0
2103204,,CHERCHBL,0,1730234335,1730234335,04:38:55 PM,04:38:55 PM,0
2103204,,CHEROXF2,0,1730234400,1730234400,04:40:00 PM,04:40:00 PM,0
2103204,,BEAVOXF2,0,1730234497,1730234497,04:41:37 PM,04:41:37 PM,0
2103204,,PROUBEA2,0,1730234571,1730234571,04:42:51 PM,04:42:51 PM,0
2103204,,FOREHIL2,0,1730234617,1730234617,04:43:37 PM,04:43:37 PM,0
2103204,,PROUOXF3,0,1730234676,1730234676,04:44:36 PM,04:44:36 PM,0
2103204,,PROUOXF1,0,1730234707,1730234707,04:45:07 PM,04:45:07 PM,0
2103204,,PROUFAR3,0,1730234729,1730234729,04:45:29 PM,04:45:29 PM,0
2103204,,PROUFAR1,0,1730234765,1730234765,04:46:05 PM,04:46:05 PM,0
2103204,,BEAVHORI,0,1730234836,1730234836,04:47:16 PM,04:47:16 PM,0
2103204,,BEAVWOND,0,1730234875,1730234875,04:47:55 PM,04:47:55 PM,0
2103204,,BEAVBLYT,0,1730234940,1730234940,04:49:00 PM,04:49:00 PM,0
2103214,,FANCOLL3,0,1730239620,1730239620,06:07:00 PM,06:07:00 PM,0
2103214,,OXFOROE2,0,1730239670,1730239670,06:07:50 PM,06:07:50 PM,0
2103214,,OXFOHIG4,,,,,,
2103214,,OXFOHIG2,,,,,,
2103214,,MORNOXF2,0,1730239805,1730239805,06:10:05 PM,06:10:05 PM,0
2103214,,MORNOXF4,0,1730239828,1730239828,06:10:28 PM,06:10:28 PM,0
2103214,,MORNCON2,0,1730239869,1730239869,06:11:09 PM,06:11:09 PM,0
2103214,,MORNMOR4,0,1730239895,1730239895,06:11:35 PM,06:11:35 PM,0
2103214,,MORNSAL2,0,1730239920,1730239920,06:12:00 PM,06:12:00 PM,0
2103214,,MORNCURR,0,1730239946,1730239946,06:12:26 PM,06:12:26 PM,0
2103214,,MORNGLAS,0,1730239995,1730239995,06:13:15 PM,06:13:15 PM,0
2103214,,QUEBMORN,0,1730240023,1730240023,06:13:43 PM,06:13:43 PM,0
2103214,,QUEBELI2,0,1730240080,1730240080,06:14:40 PM,06:14:40 PM,0
2103214,,QUEBLOR2,0,1730240106,1730240106,06:15:06 PM,06:15:06 PM,0
2103214,,QUEBDUFF,0,1730240119,1730240119,06:15:19 PM,06:15:19 PM,0
2103214,,DUNDQUE2,0,1730240160,1730240160,06:16:00 PM,06:16:00 PM,0
2103214,,DUNDONT2,0,1730240208,1730240208,06:16:48 PM,06:16:48 PM,0
2103214,,DUNDREC2,0,1730240253,1730240253,06:17:33 PM,06:17:33 PM,0
2103214,,DUNDENGL,0,1730240300,1730240300,06:18:20 PM,06:18:20 PM,0
2103214,,DUNDELIZ,0,1730240349,1730240349,06:19:09 PM,06:19:09 PM,0
2103214,,DUNDADE2,0,1730240400,1730240400,06:20:00 PM,06:20:00 PM,0
2103214,,DUNDWIL2,0,1730240435,1730240435,06:20:35 PM,06:20:35 PM,0
2103214,,DUNDMAI2,0,1730240485,1730240485,06:21:25 PM,06:21:25 PM,0
2103214,,DUNDCOL2,0,1730240535,1730240535,06:22:15 PM,06:22:15 PM,0
2103214,,DUNDWAT2,0,1730240586,1730240586,06:23:06 PM,06:23:06 PM,0
2103214,,DUNDWEL2,0,1730240640,1730240640,06:24:00 PM,06:24:00 PM,0
2103214,,QUEECLAR,0,1730240769,1730240769,06:26:09 PM,06:26:09 PM,0
2103214,,QUEERIC2,0,1730240820,1730240820,06:27:00 PM,06:27:00 PM,0
2103214,,QUEERIC2,0,1730240820,1730240820,06:27:00 PM,06:27:00 PM,0
2103214,,QUENRIDO,0,1730240901,1730240901,06:28:21 PM,06:28:21 PM,0
2103214,,RIVEWIL2,0,1730240982,1730240982,06:29:42 PM,06:29:42 PM,0
2103214,,RIVEWHA4,0,1730241036,1730241036,06:30:36 PM,06:30:36 PM,0
2103214,,RIVEMTPL,0,1730241083,1730241083,06:31:23 PM,06:31:23 PM,0
2103214,,WOODRIVE,0,1730241126,1730241126,06:32:06 PM,06:32:06 PM,0
2103214,,WOODEDI1,0,1730241188,1730241188,06:33:08 PM,06:33:08 PM,0
2103214,,WOODCAM1,0,1730241216,1730241216,06:33:36 PM,06:33:36 PM,0
2103214,,PLATOXF1,0,1730241263,1730241263,06:34:23 PM,06:34:23 PM,0
2103214,,CHERPLA2,0,1730241298,1730241298,06:34:58 PM,06:34:58 PM,0
2103214,,CHERCHC4,0,1730241327,1730241327,06:35:27 PM,06:35:27 PM,0
2103214,,CHERCHBL,0,1730241364,1730241364,06:36:04 PM,06:36:04 PM,0
2103214,,CHEROXF2,0,1730241420,1730241420,06:37:00 PM,06:37:00 PM,0
2103214,,BEAVOXF2,0,1730241517,1730241517,06:38:37 PM,06:38:37 PM,0
2103214,,PROUBEA2,0,1730241591,1730241591,06:39:51 PM,06:39:51 PM,0
2103214,,FOREHIL2,0,1730241637,1730241637,06:40:37 PM,06:40:37 PM,0
2103214,,PROUOXF3,0,1730241696,1730241696,06:41:36 PM,06:41:36 PM,0
2103214,,PROUOXF1,0,1730241727,1730241727,06:42:07 PM,06:42:07 PM,0
2103214,,PROUFAR3,0,1730241749,1730241749,06:42:29 PM,06:42:29 PM,0
2103214,,PROUFAR1,0,1730241785,1730241785,06:43:05 PM,06:43:05 PM,0
2103214,,BEAVHORI,0,1730241856,1730241856,06:44:16 PM,06:44:16 PM,0
2103214,,BEAVWOND,0,1730241895,1730241895,06:44:55 PM,06:44:55 PM,0
2103214,,BEAVBLYT,0,1730241960,1730241960,06:46:00 PM,06:46:00 PM,0
2103219,,FANCOLL3,0,1730245920,1730245920,07:52:00 PM,07:52:00 PM,0
2103219,,OXFOROE2,0,1730245970,1730245970,07:52:50 PM,07:52:50 PM,0
2103219,,OXFOHIG4,,,,,,
2103219,,OXFOHIG2,,,,,,
2103219,,MORNOXF2,0,1730246105,1730246105,07:55:05 PM,07:55:05 PM,0
2103219,,MORNOXF4,0,1730246128,1730246128,07:55:28 PM,07:55:28 PM,0
2103219,,MORNCON2,0,1730246169,1730246169,07:56:09 PM,07:56:09 PM,0
2103219,,MORNMOR4,0,1730246195,1730246195,07:56:35 PM,07:56:35 PM,0
2103219,,MORNSAL2,0,1730246220,1730246220,07:57:00 PM,07:57:00 PM,0
2103219,,MORNCURR,0,1730246246,1730246246,07:57:26 PM,07:57:26 PM,0
2103219,,MORNGLAS,0,1730246295,1730246295,07:58:15 PM,07:58:15 PM,0
2103219,,QUEBMORN,0,1730246323,1730246323,07:58:43 PM,07:58:43 PM,0
2103219,,QUEBELI2,0,1730246380,1730246380,07:59:40 PM,07:59:40 PM,0
2103219,,QUEBLOR2,0,1730246406,1730246406,08:00:06 PM,08:00:06 PM,0
2103219,,QUEBDUFF,0,1730246419,1730246419,08:00:19 PM,08:00:19 PM,0
2103219,,DUNDQUE2,0,1730246460,1730246460,08:01:00 PM,08:01:00 PM,0
2103219,,DUNDONT2,0,1730246508,1730246508,08:01:48 PM,08:01:48 PM,0
2103219,,DUNDREC2,0,1730246553,1730246553,08:02:33 PM,08:02:33 PM,0
2103219,,DUNDENGL,0,1730246600,1730246600,08:03:20 PM,08:03:20 PM,0
2103219,,DUNDELIZ,0,1730246649,1730246649,08:04:09 PM,08:04:09 PM,0
2103219,,DUNDADE2,0,1730246700,1730246700,08:05:00 PM,08:05:00 PM,0
2103219,,DUNDWIL2,0,1730246735,1730246735,08:05:35 PM,08:05:35 PM,0
2103219,,DUNDMAI2,0,1730246785,1730246785,08:06:25 PM,08:06:25 PM,0
2103219,,DUNDCOL2,0,1730246835,1730246835,08:07:15 PM,08:07:15 PM,0
2103219,,DUNDWAT2,0,1730246886,1730246886,08:08:06 PM,08:08:06 PM,0
2103219,,DUNDWEL2,0,1730246940,1730246940,08:09:00 PM,08:09:00 PM,0
2103219,,QUEECLAR,0,1730247069,1730247069,08:11:09 PM,08:11:09 PM,0
2103219,,QUEERIC2,0,1730247120,1730247120,08:12:00 PM,08:12:00 PM,0
2103219,,QUEERIC2,0,1730247120,1730247120,08:12:00 PM,08:12:00 PM,0
2103219,,QUENRIDO,0,1730247201,1730247201,08:13:21 PM,08:13:21 PM,0
2103219,,RIVEWIL2,0,1730247282,1730247282,08:14:42 PM,08:14:42 PM,0
2103219,,RIVEWHA4,0,1730247336,1730247336,08:15:36 PM,08:15:36 PM,0
2103219,,RIVEMTPL,0,1730247383,1730247383,08:16:23 PM,08:16:23 PM,0
2103219,,WOODRIVE,0,1730247426,1730247426,08:17:06 PM,08:17:06 PM,0
2103219,,WOODEDI1,0,1730247488,1730247488,08:18:08 PM,08:18:08 PM,0
2103219,,WOODCAM1,0,1730247516,1730247516,08:18:36 PM,08:18:36 PM,0
2103219,,PLATOXF1,0,1730247563,1730247563,08:19:23 PM,08:19:23 PM,0
2103219,,CHERPLA2,0,1730247598,1730247598,08:19:58 PM,08:19:58 PM,0
2103219,,CHERCHC4,0,1730247627,1730247627,08:20:27 PM,08:20:27 PM,0
2103219,,CHERCHBL,0,1730247664,1730247664,08:21:04 PM,08:21:04 PM,0
2103219,,CHEROXF2,0,1730247720,1730247720,08:22:00 PM,08:22:00 PM,0
2103219,,BEAVOXF2,0,1730247817,1730247817,08:23:37 PM,08:23:37 PM,0
2103219,,PROUBEA2,0,1730247891,1730247891,08:24:51 PM,08:24:51 PM,0
2103219,,FOREHIL2,0,1730247937,1730247937,08:25:37 PM,08:25:37 PM,0
2103219,,PROUOXF3,0,1730247996,1730247996,08:26:36 PM,08:26:36 PM,0
2103219,,PROUOXF1,0,1730248027,1730248027,08:27:07 PM,08:27:07 PM,0
2103219,,PROUFAR3,0,1730248049,1730248049,08:27:29 PM,08:27:29 PM,0
2103219,,PROUFAR1,0,1730248085,1730248085,08:28:05 PM,08:28:05 PM,0
2103219,,BEAVHORI,0,1730248156,1730248156,08:29:16 PM,08:29:16 PM,0
2103219,,BEAVWOND,0,1730248195,1730248195,08:29:55 PM,08:29:55 PM,0
2103219,,BEAVBLYT,0,1730248260,1730248260,08:31:00 PM,08:31:00 PM,0
2103223,,FANCOLL3,0,1730252520,1730252520,09:42:00 PM,09:42:00 PM,0
2103223,,OXFOROE2,0,1730252570,1730252570,09:42:50 PM,09:42:50 PM,0
2103223,,OXFOHIG4,,,,,,
2103223,,OXFOHIG2,,,,,,
2103223,,MORNOXF2,0,1730252705,1730252705,09:45:05 PM,09:45:05 PM,0
2103223,,MORNOXF4,0,1730252728,1730252728,09:45:28 PM,09:45:28 PM,0
2103223,,MORNCON2,0,1730252769,1730252769,09:46:09 PM,09:46:09 PM,0
2103223,,MORNMOR4,0,1730252795,1730252795,09:46:35 PM,09:46:35 PM,0
2103223,,MORNSAL2,0,1730252820,1730252820,09:47:00 PM,09:47:00 PM,0
2103223,,MORNCURR,0,1730252846,1730252846,09:47:26 PM,09:47:26 PM,0
2103223,,MORNGLAS,0,1730252895,1730252895,09:48:15 PM,09:48:15 PM,0
2103223,,QUEBMORN,0,1730252923,1730252923,09:48:43 PM,09:48:43 PM,0
2103223,,QUEBELI2,0,1730252980,1730252980,09:49:40 PM,09:49:40 PM,0
2103223,,QUEBLOR2,0,1730253006,1730253006,09:50:06 PM,09:50:06 PM,0
2103223,,QUEBDUFF,0,1730253019,1730253019,09:50:19 PM,09:50:19 PM,0
2103223,,DUNDQUE2,0,1730253060,1730253060,09:51:00 PM,09:51:00 PM,0
2103223,,DUNDONT2,0,1730253108,1730253108,09:51:48 PM,09:51:48 PM,0
2103223,,DUNDREC2,0,1730253153,1730253153,09:52:33 PM,09:52:33 PM,0
2103223,,DUNDENGL,0,1730253200,1730253200,09:53:20 PM,09:53:20 PM,0
2103223,,DUNDELIZ,0,1730253249,1730253249,09:54:09 PM,09:54:09 PM,0
2103223,,DUNDADE2,0,1730253300,1730253300,09:55:00 PM,09:55:00 PM,0
2103223,,DUNDWIL2,0,1730253326,1730253326,09:55:26 PM,09:55:26 PM,0
2103223,,DUNDMAI2,0,1730253363,1730253363,09:56:03 PM,09:56:03 PM,0
2103223,,DUNDCOL2,0,1730253401,1730253401,09:56:41 PM,09:56:41 PM,0
2103223,,DUNDWAT2,0,1730253439,1730253439,09:57:19 PM,09:57:19 PM,0
2103223,,DUNDWEL2,0,1730253480,1730253480,09:58:00 PM,09:58:00 PM,0
2103223,,QUEECLAR,0,1730253566,1730253566,09:59:26 PM,09:59:26 PM,0
2103223,,QUEERIC2,0,1730253600,1730253600,10:00:00 PM,10:00:00 PM,0
2103223,,QUEERIC2,0,1730253600,1730253600,10:00:00 PM,10:00:00 PM,0
2103223,,QUENRIDO,0,1730253673,1730253673,10:01:13 PM,10:01:13 PM,0
2103223,,RIVEWIL2,0,1730253746,1730253746,10:02:26 PM,10:02:26 PM,0
2103223,,RIVEWHA4,0,1730253795,1730253795,10:03:15 PM,10:03:15 PM,0
2103223,,RIVEMTPL,0,1730253837,1730253837,10:03:57 PM,10:03:57 PM,0
2103223,,WOODRIVE,0,1730253876,1730253876,10:04:36 PM,10:04:36 PM,0
2103223,,WOODEDI1,0,1730253932,1730253932,10:05:32 PM,10:05:32 PM,0
2103223,,WOODCAM1,0,1730253957,1730253957,10:05:57 PM,10:05:57 PM,0
2103223,,PLATOXF1,0,1730254000,1730254000,10:06:40 PM,10:06:40 PM,0
2103223,,CHERPLA2,0,1730254031,1730254031,10:07:11 PM,10:07:11 PM,0
2103223,,CHERCHC4,0,1730254057,1730254057,10:07:37 PM,10:07:37 PM,0
2103223,,CHERCHBL,0,1730254090,1730254090,10:08:10 PM,10:08:10 PM,0
2103223,,CHEROXF2,0,1730254140,1730254140,10:09:00 PM,10:09:00 PM,0
2103223,,BEAVOXF2,0,1730254237,1730254237,10:10:37 PM,10:10:37 PM,0
2103223,,PROUBEA2,0,1730254311,1730254311,10:11:51 PM,10:11:51 PM,0
2103223,,FOREHIL2,0,1730254357,1730254357,10:12:37 PM,10:12:37 PM,0
2103223,,PROUOXF3,0,1730254416,1730254416,10:13:36 PM,10:13:36 PM,0
2103223,,PROUOXF1,0,1730254447,1730254447,10:14:07 PM,10:14:07 PM,0
2103223,,PROUFAR3,0,1730254469,1730254469,10:14:29 PM,10:14:29 PM,0
2103223,,PROUFAR1,0,1730254505,1730254505,10:15:05 PM,10:15:05 PM,0
2103223,,BEAVHORI,0,1730254576,1730254576,10:16:16 PM,10:16:16 PM,0
2103223,,BEAVWOND,0,1730254615,1730254615,10:16:55 PM,10:16:55 PM,0
2103223,,BEAVBLYT,0,1730254680,1730254680,10:18:00 PM,10:18:00 PM,0
2103227,,FANCOLL3,0,1730258760,1730258760,11:26:00 PM,11:26:00 PM,0
2103227,,OXFOROE2,0,1730258810,1730258810,11:26:50 PM,11:26:50 PM,0
2103227,,OXFOHIG4,,,,,,
2103227,,OXFOHIG2,,,,,,
2103227,,MORNOXF2,0,1730258945,1730258945,11:29:05 PM,11:29:05 PM,0
2103227,,MORNOXF4,0,1730258968,1730258968,11:29:28 PM,11:29:28 PM,0
2103227,,MORNCON2,0,1730259009,1730259009,11:30:09 PM,11:30:09 PM,0
2103227,,MORNMOR4,0,1730259035,1730259035,11:30:35 PM,11:30:35 PM,0
2103227,,MORNSAL2,0,1730259060,1730259060,11:31:00 PM,11:31:00 PM,0
2103227,,MORNCURR,0,1730259086,1730259086,11:31:26 PM,11:31:26 PM,0
2103227,,MORNGLAS,0,1730259135,1730259135,11:32:15 PM,11:32:15 PM,0
2103227,,QUEBMORN,0,1730259163,1730259163,11:32:43 PM,11:32:43 PM,0
2103227,,QUEBELI2,0,1730259220,1730259220,11:33:40 PM,11:33:40 PM,0
2103227,,QUEBLOR2,0,1730259246,1730259246,11:34:06 PM,11:34:06 PM,0
2103227,,QUEBDUFF,0,1730259259,1730259259,11:34:19 PM,11:34:19 PM,0
2103227,,DUNDQUE2,0,1730259300,1730259300,11:35:00 PM,11:35:00 PM,0
2103227,,DUNDONT2,0,1730259348,1730259348,11:35:48 PM,11:35:48 PM,0
2103227,,DUNDREC2,0,1730259393,1730259393,11:36:33 PM,11:36:33 PM,0
2103227,,DUNDENGL,0,1730259440,1730259440,11:37:20 PM,11:37:20 PM,0
2103227,,DUNDELIZ,0,1730259489,1730259489,11:38:09 PM,11:38:09 PM,0
2103227,,DUNDADE2,0,1730259540,1730259540,11:39:00 PM,11:39:00 PM,0
2103227,,DUNDWIL2,0,1730259566,1730259566,11:39:26 PM,11:39:26 PM,0
2103227,,DUNDMAI2,0,1730259603,1730259603,11:40:03 PM,11:40:03 PM,0
2103227,,DUNDCOL2,0,1730259641,1730259641,11:40:41 PM,11:40:41 PM,0
2103227,,DUNDWAT2,0,1730259679,1730259679,11:41:19 PM,11:41:19 PM,0
2103227,,DUNDWEL2,0,1730259720,1730259720,11:42:00 PM,11:42:00 PM,0
2103227,,QUEECLAR,0,1730259806,1730259806,11:43:26 PM,11:43:26 PM,0
2103227,,QUEERIC2,0,1730259840,1730259840,11:44:00 PM,11:44:00 PM,0
2103227,,QUEERIC2,0,1730259840,1730259840,11:44:00 PM,11:44:00 PM,0
2103227,,QUENRIDO,0,1730259913,1730259913,11:45:13 PM,11:45:13 PM,0
2103227,,RIVEWIL2,0,1730259986,1730259986,11:46:26 PM,11:46:26 PM,0
2103227,,RIVEWHA4,0,1730260035,1730260035,11:47:15 PM,11:47:15 PM,0
2103227,,RIVEMTPL,0,1730260077,1730260077,11:47:57 PM,11:47:57 PM,0
2103227,,WOODRIVE,0,1730260116,1730260116,11:48:36 PM,11:48:36 PM,0
2103227,,WOODEDI1,0,1730260172,1730260172,11:49:32 PM,11:49:32 PM,0
2103227,,WOODCAM1,0,1730260197,1730260197,11:49:57 PM,11:49:57 PM,0
2103227,,PLATOXF1,0,1730260240,1730260240,11:50:40 PM,11:50:40 PM,0
2103227,,CHERPLA2,0,1730260271,1730260271,11:51:11 PM,11:51:11 PM,0
2103227,,CHERCHC4,0,1730260297,1730260297,11:51:37 PM,11:51:37 PM,0
2103227,,CHERCHBL,0,1730260330,1730260330,11:52:10 PM,11:52:10 PM,0
2103227,,CHEROXF2,0,1730260380,1730260380,11:53:00 PM,11:53:00 PM,0
2103227,,BEAVOXF2,0,1730260477,1730260477,11:54:37 PM,11:54:37 PM,0
2103227,,PROUBEA2,0,1730260551,1730260551,11:55:51 PM,11:55:51 PM,0
2103227,,FOREHIL2,0,1730260597,1730260597,11:56:37 PM,11:56:37 PM,0
2103227,,PROUOXF3,0,1730260656,1730260656,11:57:36 PM,11:57:36 PM,0
2103227,,PROUOXF1,0,1730260687,1730260687,11:58:07 PM,11:58:07 PM,0
2103227,,PROUFAR3,0,1730260709,1730260709,11:58:29 PM,11:58:29 PM,0
2103227,,PROUFAR1,0,1730260745,1730260745,11:59:05 PM,11:59:05 PM,0
2103227,,BEAVHORI,0,1730260816,1730260816,12:00:16 AM,12:00:16 AM,0
2103227,,BEAVWOND,0,1730260855,1730260855,12:00:55 AM,12:00:55 AM,0
2103227,,BEAVBLYT,0,1730260920,1730260920,12:02:00 AM,12:02:00 AM,0
2103202,,FANCOLL3,0,1730230500,1730230500,03:35:00 PM,03:35:00 PM,0
2103202,,OXFOROE2,0,1730230550,1730230550,03:35:50 PM,03:35:50 PM,0
2103202,,OXFOHIG4,,,,,,
2103202,,OXFOHIG2,,,,,,
2103202,,MORNOXF2,0,1730230685,1730230685,03:38:05 PM,03:38:05 PM,0
2103202,,MORNOXF4,0,1730230708,1730230708,03:38:28 PM,03:38:28 PM,0
2103202,,MORNCON2,0,1730230749,1730230749,03:39:09 PM,03:39:09 PM,0
2103202,,MORNMOR4,0,1730230775,1730230775,03:39:35 PM,03:39:35 PM,0
2103202,,MORNSAL2,0,1730230800,1730230800,03:40:00 PM,03:40:00 PM,0
2103202,,MORNCURR,0,1730230832,1730230832,03:40:32 PM,03:40:32 PM,0
2103202,,MORNGLAS,0,1730230893,1730230893,03:41:33 PM,03:41:33 PM,0
2103202,,QUEBMORN,0,1730230928,1730230928,03:42:08 PM,03:42:08 PM,0
2103202,,QUEBELI2,0,1730230999,1730230999,03:43:19 PM,03:43:19 PM,0
2103202,,QUEBLOR2,0,1730231031,1730231031,03:43:51 PM,03:43:51 PM,0
2103202,,QUEBDUFF,0,1730231048,1730231048,03:44:08 PM,03:44:08 PM,0
2103202,,DUNDQUE2,0,1730231100,1730231100,03:45:00 PM,03:45:00 PM,0
2103202,,DUNDONT2,0,1730231160,1730231160,03:46:00 PM,03:46:00 PM,0
2103202,,DUNDREC2,0,1730231216,1730231216,03:46:56 PM,03:46:56 PM,0
2103202,,DUNDENGL,0,1730231275,1730231275,03:47:55 PM,03:47:55 PM,0
2103202,,DUNDELIZ,0,1730231337,1730231337,03:48:57 PM,03:48:57 PM,0
2103202,,DUNDADE2,0,1730231400,1730231400,03:50:00 PM,03:50:00 PM,0
2103202,,DUNDWIL2,0,1730231444,1730231444,03:50:44 PM,03:50:44 PM,0
2103202,,DUNDMAI2,0,1730231506,1730231506,03:51:46 PM,03:51:46 PM,0
2103202,,DUNDCOL2,0,1730231569,1730231569,03:52:49 PM,03:52:49 PM,0
2103202,,DUNDWAT2,0,1730231633,1730231633,03:53:53 PM,03:53:53 PM,0
2103202,,DUNDWEL2,0,1730231700,1730231700,03:55:00 PM,03:55:00 PM,0
2103202,,QUEECLAR,0,1730231829,1730231829,03:57:09 PM,03:57:09 PM,0
2103202,,QUEERIC2,0,1730231880,1730231880,03:58:00 PM,03:58:00 PM,0
2103202,,QUEERIC2,0,1730231880,1730231880,03:58:00 PM,03:58:00 PM,0
2103202,,QUENRIDO,0,1730231969,1730231969,03:59:29 PM,03:59:29 PM,0
2103202,,RIVEWIL2,0,1730232058,1730232058,04:00:58 PM,04:00:58 PM,0
2103202,,RIVEWHA4,0,1730232118,1730232118,04:01:58 PM,04:01:58 PM,0
2103202,,RIVEMTPL,0,1730232170,1730232170,04:02:50 PM,04:02:50 PM,0
2103202,,WOODRIVE,0,1730232218,1730232218,04:03:38 PM,04:03:38 PM,0
2103202,,WOODEDI1,0,1730232287,1730232287,04:04:47 PM,04:04:47 PM,0
2103202,,WOODCAM1,0,1730232318,1730232318,04:05:18 PM,04:05:18 PM,0
2103202,,PLATOXF1,0,1730232370,1730232370,04:06:10 PM,04:06:10 PM,0
2103202,,CHERPLA2,0,1730232408,1730232408,04:06:48 PM,04:06:48 PM,0
2103202,,CHERCHC4,0,1730232440,1730232440,04:07:20 PM,04:07:20 PM,0
2103202,,CHERCHBL,0,1730232481,1730232481,04:08:01 PM,04:08:01 PM,0
2103202,,CHEROXF2,0,1730232540,1730232540,04:09:00 PM,04:09:00 PM,0
2103202,,BEAVOXF2,0,1730232637,1730232637,04:10:37 PM,04:10:37 PM,0
2103202,,PROUBEA2,0,1730232711,1730232711,04:11:51 PM,04:11:51 PM,0
2103202,,FOREHIL2,0,1730232757,1730232757,04:12:37 PM,04:12:37 PM,0
2103202,,PROUOXF3,0,1730232816,1730232816,04:13:36 PM,04:13:36 PM,0
2103202,,PROUOXF1,0,1730232847,1730232847,04:14:07 PM,04:14:07 PM,0
2103202,,PROUFAR3,0,1730232869,1730232869,04:14:29 PM,04:14:29 PM,0
2103202,,PROUFAR1,0,1730232905,1730232905,04:15:05 PM,04:15:05 PM,0
2103202,,BEAVHORI,0,1730232976,1730232976,04:16:16 PM,04:16:16 PM,0
2103202,,BEAVWOND,0,1730233015,1730233015,04:16:55 PM,04:16:55 PM,0
2103202,,BEAVBLYT,0,1730233080,1730233080,04:18:00 PM,04:18:00 PM,0
2103212,,FANCOLL3,0,1730237460,1730237460,05:31:00 PM,05:31:00 PM,0
2103212,,OXFOROE2,0,1730237535,1730237535,05:32:15 PM,05:32:15 PM,0
2103212,,OXFOHIG4,,,,,,
2103212,,OXFOHIG2,,,,,,
2103212,,MORNOXF2,0,1730237726,1730237726,05:35:26 PM,05:35:26 PM,0
2103212,,MORNOXF4,0,1730237757,1730237757,05:35:57 PM,05:35:57 PM,0
2103212,,MORNCON2,0,1730237812,1730237812,05:36:52 PM,05:36:52 PM,0
2103212,,MORNMOR4,0,1730237847,1730237847,05:37:27 PM,05:37:27 PM,0
2103212,,MORNSAL2,0,1730237880,1730237880,05:38:00 PM,05:38:00 PM,0
2103212,,MORNCURR,0,1730237912,1730237912,05:38:32 PM,05:38:32 PM,0
2103212,,MORNGLAS,0,1730237973,1730237973,05:39:33 PM,05:39:33 PM,0
2103212,,QUEBMORN,0,1730238008,1730238008,05:40:08 PM,05:40:08 PM,0
2103212,,QUEBELI2,0,1730238079,1730238079,05:41:19 PM,05:41:19 PM,0
2103212,,QUEBLOR2,0,1730238111,1730238111,05:41:51 PM,05:41:51 PM,0
2103212,,QUEBDUFF,0,1730238128,1730238128,05:42:08 PM,05:42:08 PM,0
2103212,,DUNDQUE2,0,1730238180,1730238180,05:43:00 PM,05:43:00 PM,0
2103212,,DUNDONT2,0,1730238240,1730238240,05:44:00 PM,05:44:00 PM,0
2103212,,DUNDREC2,0,1730238296,1730238296,05:44:56 PM,05:44:56 PM,0
2103212,,DUNDENGL,0,1730238355,1730238355,05:45:55 PM,05:45:55 PM,0
2103212,,DUNDELIZ,0,1730238417,1730238417,05:46:57 PM,05:46:57 PM,0
2103212,,DUNDADE2,0,1730238480,1730238480,05:48:00 PM,05:48:00 PM,0
2103212,,DUNDWIL2,0,1730238533,1730238533,05:48:53 PM,05:48:53 PM,0
2103212,,DUNDMAI2,0,1730238608,1730238608,05:50:08 PM,05:50:08 PM,0
2103212,,DUNDCOL2,0,1730238684,1730238684,05:51:24 PM,05:51:24 PM,0
2103212,,DUNDWAT2,0,1730238761,1730238761,05:52:41 PM,05:52:41 PM,0
2103212,,DUNDWEL2,0,1730238840,1730238840,05:54:00 PM,05:54:00 PM,0
2103212,,QUEECLAR,0,1730238969,1730238969,05:56:09 PM,05:56:09 PM,0
2103212,,QUEERIC2,0,1730239020,1730239020,05:57:00 PM,05:57:00 PM,0
2103212,,QUEERIC2,0,1730239020,1730239020,05:57:00 PM,05:57:00 PM,0
2103212,,QUENRIDO,0,1730239117,1730239117,05:58:37 PM,05:58:37 PM,0
2103212,,RIVEWIL2,0,1730239214,1730239214,06:00:14 PM,06:00:14 PM,0
2103212,,RIVEWHA4,0,1730239279,1730239279,06:01:19 PM,06:01:19 PM,0
2103212,,RIVEMTPL,0,1730239335,1730239335,06:02:15 PM,06:02:15 PM,0
2103212,,WOODRIVE,0,1730239387,1730239387,06:03:07 PM,06:03:07 PM,0
2103212,,WOODEDI1,0,1730239462,1730239462,06:04:22 PM,06:04:22 PM,0
2103212,,WOODCAM1,0,1730239496,1730239496,06:04:56 PM,06:04:56 PM,0
2103212,,PLATOXF1,0,1730239553,1730239553,06:05:53 PM,06:05:53 PM,0
2103212,,CHERPLA2,0,1730239595,1730239595,06:06:35 PM,06:06:35 PM,0
2103212,,CHERCHC4,0,1730239630,1730239630,06:07:10 PM,06:07:10 PM,0
2103212,,CHERCHBL,0,1730239675,1730239675,06:07:55 PM,06:07:55 PM,0
2103212,,CHEROXF2,0,1730239740,1730239740,06:09:00 PM,06:09:00 PM,0
2103212,,BEAVOXF2,0,1730239837,1730239837,06:10:37 PM,06:10:37 PM,0
2103212,,PROUBEA2,0,1730239911,1730239911,06:11:51 PM,06:11:51 PM,0
2103212,,FOREHIL2,0,1730239957,1730239957,06:12:37 PM,06:12:37 PM,0
2103212,,PROUOXF3,0,1730240016,1730240016,06:13:36 PM,06:13:36 PM,0
2103212,,PROUOXF1,0,1730240047,1730240047,06:14:07 PM,06:14:07 PM,0
2103212,,PROUFAR3,0,1730240069,1730240069,06:14:29 PM,06:14:29 PM,0
2103212,,PROUFAR1,0,1730240105,1730240105,06:15:05 PM,06:15:05 PM,0
2103212,,BEAVHORI,0,1730240176,1730240176,06:16:16 PM,06:16:16 PM,0
2103212,,BEAVWOND,0,1730240215,1730240215,06:16:55 PM,06:16:55 PM,0
2103212,,BEAVBLYT,0,1730240280,1730240280,06:18:00 PM,06:18:00 PM,0
2103206,,FANCOLL3,0,1730233860,1730233860,04:31:00 PM,04:31:00 PM,0
2103206,,OXFOROE2,0,1730233935,1730233935,04:32:15 PM,04:32:15 PM,0
2103206,,OXFOHIG4,,,,,,
2103206,,OXFOHIG2,,,,,,
2103206,,MORNOXF2,0,1730234126,1730234126,04:35:26 PM,04:35:26 PM,0
2103206,,MORNOXF4,0,1730234157,1730234157,04:35:57 PM,04:35:57 PM,0
2103206,,MORNCON2,0,1730234212,1730234212,04:36:52 PM,04:36:52 PM,0
2103206,,MORNMOR4,0,1730234247,1730234247,04:37:27 PM,04:37:27 PM,0
2103206,,MORNSAL2,0,1730234280,1730234280,04:38:00 PM,04:38:00 PM,0
2103206,,MORNCURR,0,1730234312,1730234312,04:38:32 PM,04:38:32 PM,0
2103206,,MORNGLAS,0,1730234373,1730234373,04:39:33 PM,04:39:33 PM,0
2103206,,QUEBMORN,0,1730234408,1730234408,04:40:08 PM,04:40:08 PM,0
2103206,,QUEBELI2,0,1730234479,1730234479,04:41:19 PM,04:41:19 PM,0
2103206,,QUEBLOR2,0,1730234511,1730234511,04:41:51 PM,04:41:51 PM,0
2103206,,QUEBDUFF,0,1730234528,1730234528,04:42:08 PM,04:42:08 PM,0
2103206,,DUNDQUE2,0,1730234580,1730234580,04:43:00 PM,04:43:00 PM,0
2103206,,DUNDONT2,0,1730234640,1730234640,04:44:00 PM,04:44:00 PM,0
2103206,,DUNDREC2,0,1730234696,1730234696,04:44:56 PM,04:44:56 PM,0
2103206,,DUNDENGL,0,1730234755,1730234755,04:45:55 PM,04:45:55 PM,0
2103206,,DUNDELIZ,0,1730234817,1730234817,04:46:57 PM,04:46:57 PM,0
2103206,,DUNDADE2,0,1730234880,1730234880,04:48:00 PM,04:48:00 PM,0
2103206,,DUNDWIL2,0,1730234933,1730234933,04:48:53 PM,04:48:53 PM,0
2103206,,DUNDMAI2,0,1730235008,1730235008,04:50:08 PM,04:50:08 PM,0
2103206,,DUNDCOL2,0,1730235084,1730235084,04:51:24 PM,04:51:24 PM,0
2103206,,DUNDWAT2,0,1730235161,1730235161,04:52:41 PM,04:52:41 PM,0
2103206,,DUNDWEL2,0,1730235240,1730235240,04:54:00 PM,04:54:00 PM,0
2103206,,QUEECLAR,0,1730235369,1730235369,04:56:09 PM,04:56:09 PM,0
2103206,,QUEERIC2,0,1730235420,1730235420,04:57:00 PM,04:57:00 PM,0
2103206,,QUEERIC2,0,1730235420,1730235420,04:57:00 PM,04:57:00 PM,0
2103206,,QUENRIDO,0,1730235517,1730235517,04:58:37 PM,04:58:37 PM,0
2103206,,RIVEWIL2,0,1730235614,1730235614,05:00:14 PM,05:00:14 PM,0
2103206,,RIVEWHA4,0,1730235679,1730235679,05:01:19 PM,05:01:19 PM,0
2103206,,RIVEMTPL,0,1730235735,1730235735,05:02:15 PM,05:02:15 PM,0
2103206,,WOODRIVE,0,1730235787,1730235787,05:03:07 PM,05:03:07 PM,0
2103206,,WOODEDI1,0,1730235862,1730235862,05:04:22 PM,05:04:22 PM,0
2103206,,WOODCAM1,0,1730235896,1730235896,05:04:56 PM,05:04:56 PM,0
2103206,,PLATOXF1,0,1730235953,1730235953,05:05:53 PM,05:05:53 PM,0
2103206,,CHERPLA2,0,1730235995,1730235995,05:06:35 PM,05:06:35 PM,0
2103206,,CHERCHC4,0,1730236030,1730236030,05:07:10 PM,05:07:10 PM,0
2103206,,CHERCHBL,0,1730236075,1730236075,05:07:55 PM,05:07:55 PM,0
2103206,,CHEROXF2,0,1730236140,1730236140,05:09:00 PM,05:09:00 PM,0
2103206,,BEAVOXF2,0,1730236237,1730236237,05:10:37 PM,05:10:37 PM,0
2103206,,PROUBEA2,0,1730236311,1730236311,05:11:51 PM,05:11:51 PM,0
2103206,,FOREHIL2,0,1730236357,1730236357,05:12:37 PM,05:12:37 PM,0
2103206,,PROUOXF3,0,1730236416,1730236416,05:13:36 PM,05:13:36 PM,0
2103206,,PROUOXF1,0,1730236447,1730236447,05:14:07 PM,05:14:07 PM,0
2103206,,PROUFAR3,0,1730236469,1730236469,05:14:29 PM,05:14:29 PM,0
2103206,,PROUFAR1,0,1730236505,1730236505,05:15:05 PM,05:15:05 PM,0
2103206,,BEAVHORI,0,1730236576,1730236576,05:16:16 PM,05:16:16 PM,0
2103206,,BEAVWOND,0,1730236615,1730236615,05:16:55 PM,05:16:55 PM,0
2103206,,BEAVBLYT,0,1730236680,1730236680,05:18:00 PM,05:18:00 PM,0
2104769,,WHITOMA2,0,1730230080,1730230080,03:28:00 PM,03:28:00 PM,0
2104769,,BRADWEL2,,,,,,
2104769,,BRADJAL2,0,1730230202,1730230202,03:30:02 PM,03:30:02 PM,0
2104769,,BRADERN1,0,1730230278,1730230278,03:31:18 PM,03:31:18 PM,0
2104769,,BRADERN2,0,1730230313,1730230313,03:31:53 PM,03:31:53 PM,0
2104769,,BRADJAL3,0,1730230351,1730230351,03:32:31 PM,03:32:31 PM,0
2104769,,WHITBRA1,0,1730230440,1730230440,03:34:00 PM,03:34:00 PM,0
2104769,,WHITDOW2,0,1730230462,1730230462,03:34:22 PM,03:34:22 PM,0
2104769,,WHITEXE2,0,1730230488,1730230488,03:34:48 PM,03:34:48 PM,0
2104769,,WHITEXE3,0,1730230512,1730230512,03:35:12 PM,03:35:12 PM,0
2104769,,EXETWHIT,0,1730230538,1730230538,03:35:38 PM,03:35:38 PM,0
2104769,,EXETBRE2,0,1730230568,1730230568,03:36:08 PM,03:36:08 PM,0
2104769,,EXETMEA2,0,1730230633,1730230633,03:37:13 PM,03:37:13 PM,0
2104769,,EXETMEA3,0,1730230680,1730230680,03:38:00 PM,03:38:00 PM,0
2104769,,EXETWON1,0,1730230765,1730230765,03:39:25 PM,03:39:25 PM,0
2104769,,WHARSAVO,0,1730230839,1730230839,03:40:39 PM,03:40:39 PM,0
2104769,,WHARSAV1,0,1730230879,1730230879,03:41:19 PM,03:41:19 PM,0
2104769,,WHARCAMP,0,1730230920,1730230920,03:42:00 PM,03:42:00 PM,0
2104769,,CAMPMARI,0,1730230972,1730230972,03:42:52 PM,03:42:52 PM,0
2104769,,CAMPSUNR,0,1730230998,1730230998,03:43:18 PM,03:43:18 PM,0
2104769,,SUNRHOWA,0,1730231050,1730231050,03:44:10 PM,03:44:10 PM,0
2104769,,SUNRCOLT,0,1730231100,1730231100,03:45:00 PM,03:45:00 PM,0
2104770,,WHITOMA2,0,1730232480,1730232480,04:08:00 PM,04:08:00 PM,0
2104770,,BRADWEL2,,,,,,
2104770,,BRADJAL2,0,1730232602,1730232602,04:10:02 PM,04:10:02 PM,0
2104770,,BRADERN1,0,1730232678,1730232678,04:11:18 PM,04:11:18 PM,0
2104770,,BRADERN2,0,1730232713,1730232713,04:11:53 PM,04:11:53 PM,0
2104770,,BRADJAL3,0,1730232751,1730232751,04:12:31 PM,04:12:31 PM,0
2104770,,WHITBRA1,0,1730232840,1730232840,04:14:00 PM,04:14:00 PM,0
2104770,,WHITDOW2,0,1730232862,1730232862,04:14:22 PM,04:14:22 PM,0
2104770,,WHITEXE2,0,1730232888,1730232888,04:14:48 PM,04:14:48 PM,0
2104770,,WHITEXE3,0,1730232912,1730232912,04:15:12 PM,04:15:12 PM,0
2104770,,EXETWHIT,0,1730232938,1730232938,04:15:38 PM,04:15:38 PM,0
2104770,,EXETBRE2,0,1730232968,1730232968,04:16:08 PM,04:16:08 PM,0
2104770,,EXETMEA2,0,1730233033,1730233033,04:17:13 PM,04:17:13 PM,0
2104770,,EXETMEA3,0,1730233080,1730233080,04:18:00 PM,04:18:00 PM,0
2104770,,EXETWON1,0,1730233165,1730233165,04:19:25 PM,04:19:25 PM,0
2104770,,WHARSAVO,0,1730233239,1730233239,04:20:39 PM,04:20:39 PM,0
2104770,,WHARSAV1,0,1730233279,1730233279,04:21:19 PM,04:21:19 PM,0
2104770,,WHARCAMP,0,1730233320,1730233320,04:22:00 PM,04:22:00 PM,0
2104770,,CAMPMARI,0,1730233372,1730233372,04:22:52 PM,04:22:52 PM,0
2104770,,CAMPSUNR,0,1730233398,1730233398,04:23:18 PM,04:23:18 PM,0
2104770,,SUNRHOWA,0,1730233450,1730233450,04:24:10 PM,04:24:10 PM,0
2104770,,SUNRCOLT,0,1730233500,1730233500,04:25:00 PM,04:25:00 PM,0
2104771,,WHITOMA2,0,1730234880,1730234880,04:48:00 PM,04:48:00 PM,0
2104771,,BRADWEL2,,,,,,
2104771,,BRADJAL2,0,1730235002,1730235002,04:50:02 PM,04:50:02 PM,0
2104771,,BRADERN1,0,1730235078,1730235078,04:51:18 PM,04:51:18 PM,0
2104771,,BRADERN2,0,1730235113,1730235113,04:51:53 PM,04:51:53 PM,0
2104771,,BRADJAL3,0,1730235151,1730235151,04:52:31 PM,04:52:31 PM,0
2104771,,WHITBRA1,0,1730235240,1730235240,04:54:00 PM,04:54:00 PM,0
2104771,,WHITDOW2,0,1730235262,1730235262,04:54:22 PM,04:54:22 PM,0
2104771,,WHITEXE2,0,1730235288,1730235288,04:54:48 PM,04:54:48 PM,0
2104771,,WHITEXE3,0,1730235312,1730235312,04:55:12 PM,04:55:12 PM,0
2104771,,EXETWHIT,0,1730235338,1730235338,04:55:38 PM,04:55:38 PM,0
2104771,,EXETBRE2,0,1730235368,1730235368,04:56:08 PM,04:56:08 PM,0
2104771,,EXETMEA2,0,1730235433,1730235433,04:57:13 PM,04:57:13 PM,0
2104771,,EXETMEA3,0,1730235480,1730235480,04:58:00 PM,04:58:00 PM,0
2104771,,EXETWON1,0,1730235565,1730235565,04:59:25 PM,04:59:25 PM,0
2104771,,WHARSAVO,0,1730235639,1730235639,05:00:39 PM,05:00:39 PM,0
2104771,,WHARSAV1,0,1730235679,1730235679,05:01:19 PM,05:01:19 PM,0
2104771,,WHARCAMP,0,1730235720,1730235720,05:02:00 PM,05:02:00 PM,0
2104771,,CAMPMARI,0,1730235772,1730235772,05:02:52 PM,05:02:52 PM,0
2104771,,CAMPSUNR,0,1730235798,1730235798,05:03:18 PM,05:03:18 PM,0
2104771,,SUNRHOWA,0,1730235850,1730235850,05:04:10 PM,05:04:10 PM,0
2104771,,SUNRCOLT,0,1730235900,1730235900,05:05:00 PM,05:05:00 PM,0
2104772,,WHITOMA2,0,1730237280,1730237280,05:28:00 PM,05:28:00 PM,0
2104772,,BRADWEL2,,,,,,
2104772,,BRADJAL2,0,1730237402,1730237402,05:30:02 PM,05:30:02 PM,0
2104772,,BRADERN1,0,1730237478,1730237478,05:31:18 PM,05:31:18 PM,0
2104772,,BRADERN2,0,1730237513,1730237513,05:31:53 PM,05:31:53 PM,0
2104772,,BRADJAL3,0,1730237551,1730237551,05:32:31 PM,05:32:31 PM,0
2104772,,WHITBRA1,0,1730237640,1730237640,05:34:00 PM,05:34:00 PM,0
2104772,,WHITDOW2,0,1730237662,1730237662,05:34:22 PM,05:34:22 PM,0
2104772,,WHITEXE2,0,1730237688,1730237688,05:34:48 PM,05:34:48 PM,0
2104772,,WHITEXE3,0,1730237712,1730237712,05:35:12 PM,05:35:12 PM,0
2104772,,EXETWHIT,0,1730237738,1730237738,05:35:38 PM,05:35:38 PM,0
2104772,,EXETBRE2,0,1730237768,1730237768,05:36:08 PM,05:36:08 PM,0
2104772,,EXETMEA2,0,1730237833,1730237833,05:37:13 PM,05:37:13 PM,0
2104772,,EXETMEA3,0,1730237880,1730237880,05:38:00 PM,05:38:00 PM,0
2104772,,EXETWON1,0,1730237965,1730237965,05:39:25 PM,05:39:25 PM,0
2104772,,WHARSAVO,0,1730238039,1730238039,05:40:39 PM,05:40:39 PM,0
2104772,,WHARSAV1,0,1730238079,1730238079,05:41:19 PM,05:41:19 PM,0
2104772,,WHARCAMP,0,1730238120,1730238120,05:42:00 PM,05:42:00 PM,0
2104772,,CAMPMARI,0,1730238172,1730238172,05:42:52 PM,05:42:52 PM,0
2104772,,CAMPSUNR,0,1730238198,1730238198,05:43:18 PM,05:43:18 PM,0
2104772,,SUNRHOWA,0,1730238250,1730238250,05:44:10 PM,05:44:10 PM,0
2104772,,SUNRCOLT,0,1730238300,1730238300,05:45:00 PM,05:45:00 PM,0
2104773,,WHITOMA2,0,1730239680,1730239680,06:08:00 PM,06:08:00 PM,0
2104773,,BRADWEL2,,,,,,
2104773,,BRADJAL2,0,1730239802,1730239802,06:10:02 PM,06:10:02 PM,0
2104773,,BRADERN1,0,1730239878,1730239878,06:11:18 PM,06:11:18 PM,0
2104773,,BRADERN2,0,1730239913,1730239913,06:11:53 PM,06:11:53 PM,0
2104773,,BRADJAL3,0,1730239951,1730239951,06:12:31 PM,06:12:31 PM,0
2104773,,WHITBRA1,0,1730240040,1730240040,06:14:00 PM,06:14:00 PM,0
2104773,,WHITDOW2,0,1730240062,1730240062,06:14:22 PM,06:14:22 PM,0
2104773,,WHITEXE2,0,1730240088,1730240088,06:14:48 PM,06:14:48 PM,0
2104773,,WHITEXE3,0,1730240112,1730240112,06:15:12 PM,06:15:12 PM,0
2104773,,EXETWHIT,0,1730240138,1730240138,06:15:38 PM,06:15:38 PM,0
2104773,,EXETBRE2,0,1730240168,1730240168,06:16:08 PM,06:16:08 PM,0
2104773,,EXETMEA2,0,1730240233,1730240233,06:17:13 PM,06:17:13 PM,0
2104773,,EXETMEA3,0,1730240280,1730240280,06:18:00 PM,06:18:00 PM,0
2104773,,EXETWON1,0,1730240365,1730240365,06:19:25 PM,06:19:25 PM,0
2104773,,WHARSAVO,0,1730240439,1730240439,06:20:39 PM,06:20:39 PM,0
2104773,,WHARSAV1,0,1730240479,1730240479,06:21:19 PM,06:21:19 PM,0
2104773,,WHARCAMP,0,1730240520,1730240520,06:22:00 PM,06:22:00 PM,0
2104773,,CAMPMARI,0,1730240572,1730240572,06:22:52 PM,06:22:52 PM,0
2104773,,CAMPSUNR,0,1730240598,1730240598,06:23:18 PM,06:23:18 PM,0
2104773,,SUNRHOWA,0,1730240650,1730240650,06:24:10 PM,06:24:10 PM,0
2104773,,SUNRCOLT,0,1730240700,1730240700,06:25:00 PM,06:25:00 PM,0
2104774,,WHITOMA2,0,1730242080,1730242080,06:48:00 PM,06:48:00 PM,0
2104774,,BRADWEL2,,,,,,
2104774,,BRADJAL2,0,1730242202,1730242202,06:50:02 PM,06:50:02 PM,0
2104774,,BRADERN1,0,1730242278,1730242278,06:51:18 PM,06:51:18 PM,0
2104774,,BRADERN2,0,1730242313,1730242313,06:51:53 PM,06:51:53 PM,0
2104774,,BRADJAL3,0,1730242351,1730242351,06:52:31 PM,06:52:31 PM,0
2104774,,WHITBRA1,0,1730242440,1730242440,06:54:00 PM,06:54:00 PM,0
2104774,,WHITDOW2,0,1730242462,1730242462,06:54:22 PM,06:54:22 PM,0
2104774,,WHITEXE2,0,1730242488,1730242488,06:54:48 PM,06:54:48 PM,0
2104774,,WHITEXE3,0,1730242512,1730242512,06:55:12 PM,06:55:12 PM,0
2104774,,EXETWHIT,0,1730242538,1730242538,06:55:38 PM,06:55:38 PM,0
2104774,,EXETBRE2,0,1730242568,1730242568,06:56:08 PM,06:56:08 PM,0
2104774,,EXETMEA2,0,1730242633,1730242633,06:57:13 PM,06:57:13 PM,0
2104774,,EXETMEA3,0,1730242680,1730242680,06:58:00 PM,06:58:00 PM,0
2104774,,EXETWON1,0,1730242765,1730242765,06:59:25 PM,06:59:25 PM,0
2104774,,WHARSAVO,0,1730242839,1730242839,07:00:39 PM,07:00:39 PM,0
2104774,,WHARSAV1,0,1730242879,1730242879,07:01:19 PM,07:01:19 PM,0
2104774,,WHARCAMP,0,1730242920,1730242920,07:02:00 PM,07:02:00 PM,0
2104774,,CAMPMARI,0,1730242972,1730242972,07:02:52 PM,07:02:52 PM,0
2104774,,CAMPSUNR,0,1730242998,1730242998,07:03:18 PM,07:03:18 PM,0
2104774,,SUNRHOWA,0,1730243050,1730243050,07:04:10 PM,07:04:10 PM,0
2104774,,SUNRCOLT,0,1730243100,1730243100,07:05:00 PM,07:05:00 PM,0
2104811,,CHEEGLOB,0,1730229960,1730229960,03:26:00 PM,03:26:00 PM,0
2104811,,WILTMIDP,0,1730230196,1730230196,03:29:56 PM,03:29:56 PM,0
2104811,,WILTPMI4,0,1730230222,1730230222,03:30:22 PM,03:30:22 PM,0
2104811,,WILTPMI2,0,1730230258,1730230258,03:30:58 PM,03:30:58 PM,0
2104811,,WILTSIS2,0,1730230295,1730230295,03:31:35 PM,03:31:35 PM,0
2104811,,WILTSIS4,0,1730230320,1730230320,03:32:00 PM,03:32:00 PM,0
2104811,,SISEWIG2,0,1730230340,1730230340,03:32:20 PM,03:32:20 PM,0
2104811,,SISEGVA2,0,1730230381,1730230381,03:33:01 PM,03:33:01 PM,0
2104811,,ROXBCAS2,0,1730230414,1730230414,03:33:34 PM,03:33:34 PM,0
2104811,,ROXBWEL2,0,1730230440,1730230440,03:34:00 PM,03:34:00 PM,0
2104811,,WELLEXE1,0,1730230620,1730230620,03:37:00 PM,03:37:00 PM,0
2104811,,WELLDEAR,,,,,,
2104811,,WHITOMA2,0,1730230800,1730230800,03:40:00 PM,03:40:00 PM,0
2104810,,CHEEGLOB,0,1730232360,1730232360,04:06:00 PM,04:06:00 PM,0
2104810,,WILTMIDP,0,1730232596,1730232596,04:09:56 PM,04:09:56 PM,0
2104810,,WILTPMI4,0,1730232622,1730232622,04:10:22 PM,04:10:22 PM,0
2104810,,WILTPMI2,0,1730232658,1730232658,04:10:58 PM,04:10:58 PM,0
2104810,,WILTSIS2,0,1730232695,1730232695,04:11:35 PM,04:11:35 PM,0
2104810,,WILTSIS4,0,1730232720,1730232720,04:12:00 PM,04:12:00 PM,0
2104810,,SISEWIG2,0,1730232740,1730232740,04:12:20 PM,04:12:20 PM,0
2104810,,SISEGVA2,0,1730232781,1730232781,04:13:01 PM,04:13:01 PM,0
2104810,,ROXBCAS2,0,1730232814,1730232814,04:13:34 PM,04:13:34 PM,0
2104810,,ROXBWEL2,0,1730232840,1730232840,04:14:00 PM,04:14:00 PM,0
2104810,,WELLEXE1,0,1730233020,1730233020,04:17:00 PM,04:17:00 PM,0
2104810,,WELLDEAR,,,,,,
2104810,,WHITOMA2,0,1730233200,1730233200,04:20:00 PM,04:20:00 PM,0
2104809,,CHEEGLOB,0,1730234760,1730234760,04:46:00 PM,04:46:00 PM,0
2104809,,WILTMIDP,0,1730234996,1730234996,04:49:56 PM,04:49:56 PM,0
2104809,,WILTPMI4,0,1730235022,1730235022,04:50:22 PM,04:50:22 PM,0
2104809,,WILTPMI2,0,1730235058,1730235058,04:50:58 PM,04:50:58 PM,0
2104809,,WILTSIS2,0,1730235095,1730235095,04:51:35 PM,04:51:35 PM,0
2104809,,WILTSIS4,0,1730235120,1730235120,04:52:00 PM,04:52:00 PM,0
2104809,,SISEWIG2,0,1730235140,1730235140,04:52:20 PM,04:52:20 PM,0
2104809,,SISEGVA2,0,1730235181,1730235181,04:53:01 PM,04:53:01 PM,0
2104809,,ROXBCAS2,0,1730235214,1730235214,04:53:34 PM,04:53:34 PM,0
2104809,,ROXBWEL2,0,1730235240,1730235240,04:54:00 PM,04:54:00 PM,0
2104809,,WELLEXE1,0,1730235420,1730235420,04:57:00 PM,04:57:00 PM,0
2104809,,WELLDEAR,,,,,,
2104809,,WHITOMA2,0,1730235600,1730235600,05:00:00 PM,05:00:00 PM,0
2104808,,CHEEGLOB,0,1730237160,1730237160,05:26:00 PM,05:26:00 PM,0
2104808,,WILTMIDP,0,1730237396,1730237396,05:29:56 PM,05:29:56 PM,0
2104808,,WILTPMI4,0,1730237422,1730237422,05:30:22 PM,05:30:22 PM,0
2104808,,WILTPMI2,0,1730237458,1730237458,05:30:58 PM,05:30:58 PM,0
2104808,,WILTSIS2,0,1730237495,1730237495,05:31:35 PM,05:31:35 PM,0
2104808,,WILTSIS4,0,1730237520,1730237520,05:32:00 PM,05:32:00 PM,0
2104808,,SISEWIG2,0,1730237540,1730237540,05:32:20 PM,05:32:20 PM,0
2104808,,SISEGVA2,0,1730237581,1730237581,05:33:01 PM,05:33:01 PM,0
2104808,,ROXBCAS2,0,1730237614,1730237614,05:33:34 PM,05:33:34 PM,0
2104808,,ROXBWEL2,0,1730237640,1730237640,05:34:00 PM,05:34:00 PM,0
2104808,,WELLEXE1,0,1730237820,1730237820,05:37:00 PM,05:37:00 PM,0
2104808,,WELLDEAR,,,,,,
2104808,,WHITOMA2,0,1730238000,1730238000,05:40:00 PM,05:40:00 PM,0
2104807,,CHEEGLOB,0,1730239560,1730239560,06:06:00 PM,06:06:00 PM,0
2104807,,WILTMIDP,0,1730239796,1730239796,06:09:56 PM,06:09:56 PM,0
2104807,,WILTPMI4,0,1730239822,1730239822,06:10:22 PM,06:10:22 PM,0
2104807,,WILTPMI2,0,1730239858,1730239858,06:10:58 PM,06:10:58 PM,0
2104807,,WILTSIS2,0,1730239895,1730239895,06:11:35 PM,06:11:35 PM,0
2104807,,WILTSIS4,0,1730239920,1730239920,06:12:00 PM,06:12:00 PM,0
2104807,,SISEWIG2,0,1730239940,1730239940,06:12:20 PM,06:12:20 PM,0
2104807,,SISEGVA2,0,1730239981,1730239981,06:13:01 PM,06:13:01 PM,0
2104807,,ROXBCAS2,0,1730240014,1730240014,06:13:34 PM,06:13:34 PM,0
2104807,,ROXBWEL2,0,1730240040,1730240040,06:14:00 PM,06:14:00 PM,0
2104807,,WELLEXE1,0,1730240220,1730240220,06:17:00 PM,06:17:00 PM,0
2104807,,WELLDEAR,,,,,,
2104807,,WHITOMA2,0,1730240400,1730240400,06:20:00 PM,06:20:00 PM,0
2104806,,CHEEGLOB,0,1730241660,1730241660,06:41:00 PM,06:41:00 PM,0
2104806,,WILTMIDP,0,1730241896,1730241896,06:44:56 PM,06:44:56 PM,0
2104806,,WILTPMI4,0,1730241922,1730241922,06:45:22 PM,06:45:22 PM,0
2104806,,WILTPMI2,0,1730241958,1730241958,06:45:58 PM,06:45:58 PM,0
2104806,,WILTSIS2,0,1730241995,1730241995,06:46:35 PM,06:46:35 PM,0
2104806,,WILTSIS4,0,1730242020,1730242020,06:47:00 PM,06:47:00 PM,0
2104806,,SISEWIG2,0,1730242040,1730242040,06:47:20 PM,06:47:20 PM,0
2104806,,SISEGVA2,0,1730242081,1730242081,06:48:01 PM,06:48:01 PM,0
2104806,,ROXBCAS2,0,1730242114,1730242114,06:48:34 PM,06:48:34 PM,0
2104806,,ROXBWEL2,0,1730242140,1730242140,06:49:00 PM,06:49:00 PM,0
2104806,,WELLEXE1,0,1730242320,1730242320,06:52:00 PM,06:52:00 PM,0
2104806,,WELLDEAR,,,,,,
2104806,,WHITOMA2,0,1730242500,1730242500,06:55:00 PM,06:55:00 PM,0
2106342,,WHITOMA1,0,1730231100,1730231100,03:45:00 PM,03:45:00 PM,0
2106342,,WELLSDA4,,,,,,
2106342,,WELLCOM1,0,1730231545,1730231545,03:52:25 PM,03:52:25 PM,0
2106342,,WELLBAS1,0,1730231580,1730231580,03:53:00 PM,03:53:00 PM,0
2106342,,GRANHIG2,0,1730231876,1730231876,03:57:56 PM,03:57:56 PM,0
2106342,,RICHHOT3,0,1730232096,1730232096,04:01:36 PM,04:01:36 PM,0
2106342,,RICHKIN1,0,1730232175,1730232175,04:02:55 PM,04:02:55 PM,0
2106342,,RICHQUEE,0,1730232240,1730232240,04:04:00 PM,04:04:00 PM,0
2106342,,RICHOXF1,0,1730232540,1730232540,04:09:00 PM,04:09:00 PM,0
2106342,,RICHGRO1,0,1730232614,1730232614,04:10:14 PM,04:10:14 PM,0
2106342,,RICHUNI1,0,1730232782,1730232782,04:13:02 PM,04:13:02 PM,0
2106342,,RICHWIN1,0,1730232986,1730232986,04:16:26 PM,04:16:26 PM,0
2106342,,MASOSTO4,0,1730233200,1730233200,04:20:00 PM,04:20:00 PM,0
2106380,,WHITOMA1,0,1730236500,1730236500,05:15:00 PM,05:15:00 PM,0
2106380,,WELLSDA4,,,,,,
2106380,,WELLCOM1,0,1730237057,1730237057,05:24:17 PM,05:24:17 PM,0
2106380,,WELLBAS1,0,1730237100,1730237100,05:25:00 PM,05:25:00 PM,0
2106380,,GRANHIG2,0,1730237477,1730237477,05:31:17 PM,05:31:17 PM,0
2106380,,RICHHOT3,0,1730237757,1730237757,05:35:57 PM,05:35:57 PM,0
2106380,,RICHKIN1,0,1730237858,1730237858,05:37:38 PM,05:37:38 PM,0
2106380,,RICHQUEE,0,1730237940,1730237940,05:39:00 PM,05:39:00 PM,0
2106380,,RICHOXF1,0,1730238360,1730238360,05:46:00 PM,05:46:00 PM,0
2106380,,RICHGRO1,0,1730238454,1730238454,05:47:34 PM,05:47:34 PM,0
2106380,,RICHUNI1,0,1730238668,1730238668,05:51:08 PM,05:51:08 PM,0
2106380,,RICHWIN1,0,1730238928,1730238928,05:55:28 PM,05:55:28 PM,0
2106380,,MASOSTO4,0,1730239200,1730239200,06:00:00 PM,06:00:00 PM,0
2106379,,WHITOMA1,0,1730229300,1730229300,03:15:00 PM,03:15:00 PM,0
2106379,,WELLSDA4,,,,,,
2106379,,WELLCOM1,0,1730229745,1730229745,03:22:25 PM,03:22:25 PM,0
2106379,,WELLBAS1,0,1730229780,1730229780,03:23:00 PM,03:23:00 PM,0
2106379,,GRANHIG2,0,1730230076,1730230076,03:27:56 PM,03:27:56 PM,0
2106379,,RICHHOT3,0,1730230296,1730230296,03:31:36 PM,03:31:36 PM,0
2106379,,RICHKIN1,0,1730230375,1730230375,03:32:55 PM,03:32:55 PM,0
2106379,,RICHQUEE,0,1730230440,1730230440,03:34:00 PM,03:34:00 PM,0
2106379,,RICHOXF1,0,1730230740,1730230740,03:39:00 PM,03:39:00 PM,0
2106379,,RICHGRO1,0,1730230814,1730230814,03:40:14 PM,03:40:14 PM,0
2106379,,RICHUNI1,0,1730230982,1730230982,03:43:02 PM,03:43:02 PM,0
2106379,,RICHWIN1,0,1730231186,1730231186,03:46:26 PM,03:46:26 PM,0
2106379,,MASOSTO4,0,1730231400,1730231400,03:50:00 PM,03:50:00 PM,0
2106340,,WHITOMA1,0,1730233800,1730233800,04:30:00 PM,04:30:00 PM,0
2106340,,WELLSDA4,,,,,,
2106340,,WELLCOM1,0,1730234357,1730234357,04:39:17 PM,04:39:17 PM,0
2106340,,WELLBAS1,0,1730234400,1730234400,04:40:00 PM,04:40:00 PM,0
2106340,,GRANHIG2,0,1730234777,1730234777,04:46:17 PM,04:46:17 PM,0
2106340,,RICHHOT3,0,1730235057,1730235057,04:50:57 PM,04:50:57 PM,0
2106340,,RICHKIN1,0,1730235158,1730235158,04:52:38 PM,04:52:38 PM,0
2106340,,RICHQUEE,0,1730235240,1730235240,04:54:00 PM,04:54:00 PM,0
2106340,,RICHOXF1,0,1730235660,1730235660,05:01:00 PM,05:01:00 PM,0
2106340,,RICHGRO1,0,1730235754,1730235754,05:02:34 PM,05:02:34 PM,0
2106340,,RICHUNI1,0,1730235968,1730235968,05:06:08 PM,05:06:08 PM,0
2106340,,RICHWIN1,0,1730236228,1730236228,05:10:28 PM,05:10:28 PM,0
2106340,,MASOSTO4,0,1730236500,1730236500,05:15:00 PM,05:15:00 PM,0
2106360,,WHITOMA1,0,1730239200,1730239200,06:00:00 PM,06:00:00 PM,0
2106360,,WELLSDA4,,,,,,
2106360,,WELLCOM1,0,1730239757,1730239757,06:09:17 PM,06:09:17 PM,0
2106360,,WELLBAS1,0,1730239800,1730239800,06:10:00 PM,06:10:00 PM,0
2106360,,GRANHIG2,0,1730240174,1730240174,06:16:14 PM,06:16:14 PM,0
2106360,,RICHHOT3,0,1730240451,1730240451,06:20:51 PM,06:20:51 PM,0
2106360,,RICHKIN1,0,1730240551,1730240551,06:22:31 PM,06:22:31 PM,0
2106360,,RICHQUEE,0,1730240640,1730240640,06:24:00 PM,06:24:00 PM,0
2106343,,WHITOMA1,0,1730230200,1730230200,03:30:00 PM,03:30:00 PM,0
2106343,,WELLSDA4,,,,,,
2106343,,WELLCOM1,0,1730230645,1730230645,03:37:25 PM,03:37:25 PM,0
2106343,,WELLBAS1,0,1730230680,1730230680,03:38:00 PM,03:38:00 PM,0
2106343,,GRANHIG2,0,1730230976,1730230976,03:42:56 PM,03:42:56 PM,0
2106343,,RICHHOT3,0,1730231196,1730231196,03:46:36 PM,03:46:36 PM,0
2106343,,RICHKIN1,0,1730231275,1730231275,03:47:55 PM,03:47:55 PM,0
2106343,,RICHQUEE,0,1730231340,1730231340,03:49:00 PM,03:49:00 PM,0
2106343,,RICHOXF1,0,1730231640,1730231640,03:54:00 PM,03:54:00 PM,0
2106343,,RICHGRO1,0,1730231714,1730231714,03:55:14 PM,03:55:14 PM,0
2106343,,RICHUNI1,0,1730231882,1730231882,03:58:02 PM,03:58:02 PM,0
2106343,,RICHWIN1,0,1730232086,1730232086,04:01:26 PM,04:01:26 PM,0
2106343,,MASOSTO4,0,1730232300,1730232300,04:05:00 PM,04:05:00 PM,0
2106338,,WHITOMA1,0,1730235600,1730235600,05:00:00 PM,05:00:00 PM,0
2106338,,WELLSDA4,,,,,,
2106338,,WELLCOM1,0,1730236157,1730236157,05:09:17 PM,05:09:17 PM,0
2106338,,WELLBAS1,0,1730236200,1730236200,05:10:00 PM,05:10:00 PM,0
2106338,,GRANHIG2,0,1730236577,1730236577,05:16:17 PM,05:16:17 PM,0
2106338,,RICHHOT3,0,1730236857,1730236857,05:20:57 PM,05:20:57 PM,0
2106338,,RICHKIN1,0,1730236958,1730236958,05:22:38 PM,05:22:38 PM,0
2106338,,RICHQUEE,0,1730237040,1730237040,05:24:00 PM,05:24:00 PM,0
2106338,,RICHOXF1,0,1730237460,1730237460,05:31:00 PM,05:31:00 PM,0
2106338,,RICHGRO1,0,1730237554,1730237554,05:32:34 PM,05:32:34 PM,0
2106338,,RICHUNI1,0,1730237768,1730237768,05:36:08 PM,05:36:08 PM,0
2106338,,RICHWIN1,0,1730238028,1730238028,05:40:28 PM,05:40:28 PM,0
2106338,,MASOSTO4,0,1730238300,1730238300,05:45:00 PM,05:45:00 PM,0
2106382,,WHITOMA1,0,1730242500,1730242500,06:55:00 PM,06:55:00 PM,0
2106382,,WELLSDA4,,,,,,
2106382,,WELLCOM1,0,1730242945,1730242945,07:02:25 PM,07:02:25 PM,0
2106382,,WELLBAS1,0,1730242980,1730242980,07:03:00 PM,07:03:00 PM,0
2106382,,GRANHIG2,0,1730243249,1730243249,07:07:29 PM,07:07:29 PM,0
2106382,,RICHHOT3,0,1730243449,1730243449,07:10:49 PM,07:10:49 PM,0
2106382,,RICHKIN1,0,1730243521,1730243521,07:12:01 PM,07:12:01 PM,0
2106382,,RICHQUEE,0,1730243580,1730243580,07:13:00 PM,07:13:00 PM,0
2106382,,RICHOXF1,0,1730243760,1730243760,07:16:00 PM,07:16:00 PM,0
2106382,,RICHGRO1,0,1730243814,1730243814,07:16:54 PM,07:16:54 PM,0
2106382,,RICHUNI1,0,1730243936,1730243936,07:18:56 PM,07:18:56 PM,0
2106382,,RICHWIN1,0,1730244085,1730244085,07:21:25 PM,07:21:25 PM,0
2106382,,MASOSTO4,0,1730244240,1730244240,07:24:00 PM,07:24:00 PM,0
2106385,,WHITOMA1,0,1730247300,1730247300,08:15:00 PM,08:15:00 PM,0
2106385,,WELLSDA4,,,,,,
2106385,,WELLCOM1,0,1730247745,1730247745,08:22:25 PM,08:22:25 PM,0
2106385,,WELLBAS1,0,1730247780,1730247780,08:23:00 PM,08:23:00 PM,0
2106385,,GRANHIG2,0,1730248049,1730248049,08:27:29 PM,08:27:29 PM,0
2106385,,RICHHOT3,0,1730248249,1730248249,08:30:49 PM,08:30:49 PM,0
2106385,,RICHKIN1,0,1730248321,1730248321,08:32:01 PM,08:32:01 PM,0
2106385,,RICHQUEE,0,1730248380,1730248380,08:33:00 PM,08:33:00 PM,0
2106385,,RICHOXF1,0,1730248560,1730248560,08:36:00 PM,08:36:00 PM,0
2106385,,RICHGRO1,0,1730248614,1730248614,08:36:54 PM,08:36:54 PM,0
2106385,,RICHUNI1,0,1730248736,1730248736,08:38:56 PM,08:38:56 PM,0
2106385,,RICHWIN1,0,1730248885,1730248885,08:41:25 PM,08:41:25 PM,0
2106385,,MASOSTO4,0,1730249040,1730249040,08:44:00 PM,08:44:00 PM,0
2106341,,WHITOMA1,0,1730232000,1730232000,04:00:00 PM,04:00:00 PM,0
2106341,,WELLSDA4,,,,,,
2106341,,WELLCOM1,0,1730232557,1730232557,04:09:17 PM,04:09:17 PM,0
2106341,,WELLBAS1,0,1730232600,1730232600,04:10:00 PM,04:10:00 PM,0
2106341,,GRANHIG2,0,1730232977,1730232977,04:16:17 PM,04:16:17 PM,0
2106341,,RICHHOT3,0,1730233257,1730233257,04:20:57 PM,04:20:57 PM,0
2106341,,RICHKIN1,0,1730233358,1730233358,04:22:38 PM,04:22:38 PM,0
2106341,,RICHQUEE,0,1730233440,1730233440,04:24:00 PM,04:24:00 PM,0
2106341,,RICHOXF1,0,1730233860,1730233860,04:31:00 PM,04:31:00 PM,0
2106341,,RICHGRO1,0,1730233954,1730233954,04:32:34 PM,04:32:34 PM,0
2106341,,RICHUNI1,0,1730234168,1730234168,04:36:08 PM,04:36:08 PM,0
2106341,,RICHWIN1,0,1730234428,1730234428,04:40:28 PM,04:40:28 PM,0
2106341,,MASOSTO4,0,1730234700,1730234700,04:45:00 PM,04:45:00 PM,0
2106337,,WHITOMA1,0,1730237400,1730237400,05:30:00 PM,05:30:00 PM,0
2106337,,WELLSDA4,,,,,,
2106337,,WELLCOM1,0,1730237957,1730237957,05:39:17 PM,05:39:17 PM,0
2106337,,WELLBAS1,0,1730238000,1730238000,05:40:00 PM,05:40:00 PM,0
2106337,,GRANHIG2,0,1730238374,1730238374,05:46:14 PM,05:46:14 PM,0
2106337,,RICHHOT3,0,1730238651,1730238651,05:50:51 PM,05:50:51 PM,0
2106337,,RICHKIN1,0,1730238751,1730238751,05:52:31 PM,05:52:31 PM,0
2106337,,RICHQUEE,0,1730238840,1730238840,05:54:00 PM,05:54:00 PM,0
2106381,,WHITOMA1,0,1730232900,1730232900,04:15:00 PM,04:15:00 PM,0
2106381,,WELLSDA4,,,,,,
2106381,,WELLCOM1,0,1730233457,1730233457,04:24:17 PM,04:24:17 PM,0
2106381,,WELLBAS1,0,1730233500,1730233500,04:25:00 PM,04:25:00 PM,0
2106381,,GRANHIG2,0,1730233877,1730233877,04:31:17 PM,04:31:17 PM,0
2106381,,RICHHOT3,0,1730234157,1730234157,04:35:57 PM,04:35:57 PM,0
2106381,,RICHKIN1,0,1730234258,1730234258,04:37:38 PM,04:37:38 PM,0
2106381,,RICHQUEE,0,1730234340,1730234340,04:39:00 PM,04:39:00 PM,0
2106381,,RICHOXF1,0,1730234760,1730234760,04:46:00 PM,04:46:00 PM,0
2106381,,RICHGRO1,0,1730234854,1730234854,04:47:34 PM,04:47:34 PM,0
2106381,,RICHUNI1,0,1730235068,1730235068,04:51:08 PM,04:51:08 PM,0
2106381,,RICHWIN1,0,1730235328,1730235328,04:55:28 PM,04:55:28 PM,0
2106381,,MASOSTO4,0,1730235600,1730235600,05:00:00 PM,05:00:00 PM,0
2106336,,WHITOMA1,0,1730238300,1730238300,05:45:00 PM,05:45:00 PM,0
2106336,,WELLSDA4,,,,,,
2106336,,WELLCOM1,0,1730238857,1730238857,05:54:17 PM,05:54:17 PM,0
2106336,,WELLBAS1,0,1730238900,1730238900,05:55:00 PM,05:55:00 PM,0
2106336,,GRANHIG2,0,1730239277,1730239277,06:01:17 PM,06:01:17 PM,0
2106336,,RICHHOT3,0,1730239557,1730239557,06:05:57 PM,06:05:57 PM,0
2106336,,RICHKIN1,0,1730239658,1730239658,06:07:38 PM,06:07:38 PM,0
2106336,,RICHQUEE,0,1730239740,1730239740,06:09:00 PM,06:09:00 PM,0
2106336,,RICHOXF1,0,1730240160,1730240160,06:16:00 PM,06:16:00 PM,0
2106336,,RICHGRO1,0,1730240254,1730240254,06:17:34 PM,06:17:34 PM,0
2106336,,RICHUNI1,0,1730240468,1730240468,06:21:08 PM,06:21:08 PM,0
2106336,,RICHWIN1,0,1730240728,1730240728,06:25:28 PM,06:25:28 PM,0
2106336,,MASOSTO4,0,1730241000,1730241000,06:30:00 PM,06:30:00 PM,0
2106383,,WHITOMA1,0,1730244000,1730244000,07:20:00 PM,07:20:00 PM,0
2106383,,WELLSDA4,,,,,,
2106383,,WELLCOM1,0,1730244445,1730244445,07:27:25 PM,07:27:25 PM,0
2106383,,WELLBAS1,0,1730244480,1730244480,07:28:00 PM,07:28:00 PM,0
2106383,,GRANHIG2,0,1730244749,1730244749,07:32:29 PM,07:32:29 PM,0
2106383,,RICHHOT3,0,1730244949,1730244949,07:35:49 PM,07:35:49 PM,0
2106383,,RICHKIN1,0,1730245021,1730245021,07:37:01 PM,07:37:01 PM,0
2106383,,RICHQUEE,0,1730245080,1730245080,07:38:00 PM,07:38:00 PM,0
2106383,,RICHOXF1,0,1730245260,1730245260,07:41:00 PM,07:41:00 PM,0
2106383,,RICHGRO1,0,1730245314,1730245314,07:41:54 PM,07:41:54 PM,0
2106383,,RICHUNI1,0,1730245436,1730245436,07:43:56 PM,07:43:56 PM,0
2106383,,RICHWIN1,0,1730245585,1730245585,07:46:25 PM,07:46:25 PM,0
2106383,,MASOSTO4,0,1730245740,1730245740,07:49:00 PM,07:49:00 PM,0
2106386,,WHITOMA1,0,1730249100,1730249100,08:45:00 PM,08:45:00 PM,0
2106386,,WELLSDA4,,,,,,
2106386,,WELLCOM1,0,1730249545,1730249545,08:52:25 PM,08:52:25 PM,0
2106386,,WELLBAS1,0,1730249580,1730249580,08:53:00 PM,08:53:00 PM,0
2106386,,GRANHIG2,0,1730249849,1730249849,08:57:29 PM,08:57:29 PM,0
2106386,,RICHHOT3,0,1730250049,1730250049,09:00:49 PM,09:00:49 PM,0
2106386,,RICHKIN1,0,1730250121,1730250121,09:02:01 PM,09:02:01 PM,0
2106386,,RICHQUEE,0,1730250180,1730250180,09:03:00 PM,09:03:00 PM,0
2106386,,RICHOXF1,0,1730250360,1730250360,09:06:00 PM,09:06:00 PM,0
2106386,,RICHGRO1,0,1730250414,1730250414,09:06:54 PM,09:06:54 PM,0
2106386,,RICHUNI1,0,1730250536,1730250536,09:08:56 PM,09:08:56 PM,0
2106386,,RICHWIN1,0,1730250685,1730250685,09:11:25 PM,09:11:25 PM,0
2106386,,MASOSTO4,0,1730250840,1730250840,09:14:00 PM,09:14:00 PM,0
2106339,,WHITOMA1,0,1730234700,1730234700,04:45:00 PM,04:45:00 PM,0
2106339,,WELLSDA4,,,,,,
2106339,,WELLCOM1,0,1730235257,1730235257,04:54:17 PM,04:54:17 PM,0
2106339,,WELLBAS1,0,1730235300,1730235300,04:55:00 PM,04:55:00 PM,0
2106339,,GRANHIG2,0,1730235677,1730235677,05:01:17 PM,05:01:17 PM,0
2106339,,RICHHOT3,0,1730235957,1730235957,05:05:57 PM,05:05:57 PM,0
2106339,,RICHKIN1,0,1730236058,1730236058,05:07:38 PM,05:07:38 PM,0
2106339,,RICHQUEE,0,1730236140,1730236140,05:09:00 PM,05:09:00 PM,0
2106339,,RICHOXF1,0,1730236560,1730236560,05:16:00 PM,05:16:00 PM,0
2106339,,RICHGRO1,0,1730236654,1730236654,05:17:34 PM,05:17:34 PM,0
2106339,,RICHUNI1,0,1730236868,1730236868,05:21:08 PM,05:21:08 PM,0
2106339,,RICHWIN1,0,1730237128,1730237128,05:25:28 PM,05:25:28 PM,0
2106339,,MASOSTO4,0,1730237400,1730237400,05:30:00 PM,05:30:00 PM,0
2106335,,WHITOMA1,0,1730241000,1730241000,06:30:00 PM,06:30:00 PM,0
2106335,,WELLSDA4,,,,,,
2106335,,WELLCOM1,0,1730241445,1730241445,06:37:25 PM,06:37:25 PM,0
2106335,,WELLBAS1,0,1730241480,1730241480,06:38:00 PM,06:38:00 PM,0
2106335,,GRANHIG2,0,1730241749,1730241749,06:42:29 PM,06:42:29 PM,0
2106335,,RICHHOT3,0,1730241949,1730241949,06:45:49 PM,06:45:49 PM,0
2106335,,RICHKIN1,0,1730242021,1730242021,06:47:01 PM,06:47:01 PM,0
2106335,,RICHQUEE,0,1730242080,1730242080,06:48:00 PM,06:48:00 PM,0
2106335,,RICHOXF1,0,1730242260,1730242260,06:51:00 PM,06:51:00 PM,0
2106335,,RICHGRO1,0,1730242314,1730242314,06:51:54 PM,06:51:54 PM,0
2106335,,RICHUNI1,0,1730242436,1730242436,06:53:56 PM,06:53:56 PM,0
2106335,,RICHWIN1,0,1730242585,1730242585,06:56:25 PM,06:56:25 PM,0
2106335,,MASOSTO4,0,1730242740,1730242740,06:59:00 PM,06:59:00 PM,0
2106384,,WHITOMA1,0,1730245500,1730245500,07:45:00 PM,07:45:00 PM,0
2106384,,WELLSDA4,,,,,,
2106384,,WELLCOM1,0,1730245945,1730245945,07:52:25 PM,07:52:25 PM,0
2106384,,WELLBAS1,0,1730245980,1730245980,07:53:00 PM,07:53:00 PM,0
2106384,,GRANHIG2,0,1730246249,1730246249,07:57:29 PM,07:57:29 PM,0
2106384,,RICHHOT3,0,1730246449,1730246449,08:00:49 PM,08:00:49 PM,0
2106384,,RICHKIN1,0,1730246521,1730246521,08:02:01 PM,08:02:01 PM,0
2106384,,RICHQUEE,0,1730246580,1730246580,08:03:00 PM,08:03:00 PM,0
2106384,,RICHOXF1,0,1730246760,1730246760,08:06:00 PM,08:06:00 PM,0
2106384,,RICHGRO1,0,1730246814,1730246814,08:06:54 PM,08:06:54 PM,0
2106384,,RICHUNI1,0,1730246936,1730246936,08:08:56 PM,08:08:56 PM,0
2106384,,RICHWIN1,0,1730247085,1730247085,08:11:25 PM,08:11:25 PM,0
2106384,,MASOSTO4,0,1730247240,1730247240,08:14:00 PM,08:14:00 PM,0
2106387,,WHITOMA1,0,1730250900,1730250900,09:15:00 PM,09:15:00 PM,0
2106387,,WELLSDA4,,,,,,
2106387,,WELLCOM1,0,1730251290,1730251290,09:21:30 PM,09:21:30 PM,0
2106387,,WELLBAS1,0,1730251320,1730251320,09:22:00 PM,09:22:00 PM,0
2106387,,GRANHIG2,0,1730251560,1730251560,09:26:00 PM,09:26:00 PM,0
2106387,,RICHHOT3,0,1730251738,1730251738,09:28:58 PM,09:28:58 PM,0
2106387,,RICHKIN1,0,1730251802,1730251802,09:30:02 PM,09:30:02 PM,0
2106387,,RICHQUEE,0,1730251860,1730251860,09:31:00 PM,09:31:00 PM,0
2104820,,CHEEGLOB,0,1730256240,1730256240,10:44:00 PM,10:44:00 PM,0
2104820,,WILTMIDP,0,1730256476,1730256476,10:47:56 PM,10:47:56 PM,0
2104820,,WILTPMI4,0,1730256502,1730256502,10:48:22 PM,10:48:22 PM,0
2104820,,WILTPMI2,0,1730256538,1730256538,10:48:58 PM,10:48:58 PM,0
2104820,,WILTSIS2,0,1730256575,1730256575,10:49:35 PM,10:49:35 PM,0
2104820,,WILTSIS4,0,1730256600,1730256600,10:50:00 PM,10:50:00 PM,0
2104820,,SISEWIG2,0,1730256620,1730256620,10:50:20 PM,10:50:20 PM,0
2104820,,SISEGVA2,0,1730256661,1730256661,10:51:01 PM,10:51:01 PM,0
2104820,,ROXBCAS2,0,1730256694,1730256694,10:51:34 PM,10:51:34 PM,0
2104820,,ROXBWEL2,0,1730256720,1730256720,10:52:00 PM,10:52:00 PM,0
2104820,,WELLEXE1,0,1730256900,1730256900,10:55:00 PM,10:55:00 PM,0
2104820,,WELLDEAR,,,,,,
2104820,,WHITOMA2,0,1730257080,1730257080,10:58:00 PM,10:58:00 PM,0
2104821,,CHEEGLOB,0,1730258340,1730258340,11:19:00 PM,11:19:00 PM,0
2104821,,WILTMIDP,0,1730258576,1730258576,11:22:56 PM,11:22:56 PM,0
2104821,,WILTPMI4,0,1730258602,1730258602,11:23:22 PM,11:23:22 PM,0
2104821,,WILTPMI2,0,1730258638,1730258638,11:23:58 PM,11:23:58 PM,0
2104821,,WILTSIS2,0,1730258675,1730258675,11:24:35 PM,11:24:35 PM,0
2104821,,WILTSIS4,0,1730258700,1730258700,11:25:00 PM,11:25:00 PM,0
2104821,,SISEWIG2,0,1730258720,1730258720,11:25:20 PM,11:25:20 PM,0
2104821,,SISEGVA2,0,1730258761,1730258761,11:26:01 PM,11:26:01 PM,0
2104821,,ROXBCAS2,0,1730258794,1730258794,11:26:34 PM,11:26:34 PM,0
2104821,,ROXBWEL2,0,1730258820,1730258820,11:27:00 PM,11:27:00 PM,0
2104821,,WELLEXE1,0,1730259000,1730259000,11:30:00 PM,11:30:00 PM,0
2104821,,WELLDEAR,,,,,,
2104821,,WHITOMA2,0,1730259180,1730259180,11:33:00 PM,11:33:00 PM,0
2106617,,FANCOLL1,0,1730230740,1730230740,03:39:00 PM,03:39:00 PM,0
2106617,,OXFOHIG2,,,,,,
2106617,,OXFOGAM2,0,1730231096,1730231096,03:44:56 PM,03:44:56 PM,0
2106617,,OXFOADE2,0,1730231220,1730231220,03:47:00 PM,03:47:00 PM,0
2106617,,OXFORIC2,0,1730231460,1730231460,03:51:00 PM,03:51:00 PM,0
2106617,,OXFOFERN,0,1730231632,1730231632,03:53:52 PM,03:53:52 PM,0
2106617,,OXFOPLAT,0,1730231730,1730231730,03:55:30 PM,03:55:30 PM,0
2106617,,OXFOPRO2,0,1730231946,1730231946,03:59:06 PM,03:59:06 PM,0
2106617,,OXFOWON2,0,1730232017,1730232017,04:00:17 PM,04:00:17 PM,0
2106617,,CAPUOXFO,0,1730232180,1730232180,04:03:00 PM,04:03:00 PM,0
2106571,,CAPUOXFO,0,1730232600,1730232600,04:10:00 PM,04:10:00 PM,0
2106571,,OXFOWON1,0,1730232715,1730232715,04:11:55 PM,04:11:55 PM,0
2106571,,OXFOPRO1,0,1730232808,1730232808,04:13:28 PM,04:13:28 PM,0
2106571,,OXFOBRI1,0,1730233030,1730233030,04:17:10 PM,04:17:10 PM,0
2106571,,OXFOWHA1,0,1730233140,1730233140,04:19:00 PM,04:19:00 PM,0
2106571,,OXFORIC1,0,1730233320,1730233320,04:22:00 PM,04:22:00 PM,0
2106571,,OXFOADE1,0,1730233490,1730233490,04:24:50 PM,04:24:50 PM,0
2106571,,OXFOGAM1,0,1730233593,1730233593,04:26:33 PM,04:26:33 PM,0
2106571,,OXFOHIG3,,,,,,
2106571,,FANCOLL1,0,1730233920,1730233920,04:32:00 PM,04:32:00 PM,0
2106621,,FANCOLL1,0,1730234280,1730234280,04:38:00 PM,04:38:00 PM,0
2106621,,OXFOHIG2,,,,,,
2106621,,OXFOGAM2,0,1730234682,1730234682,04:44:42 PM,04:44:42 PM,0
2106621,,OXFOADE2,0,1730234820,1730234820,04:47:00 PM,04:47:00 PM,0
2106621,,OXFORIC2,0,1730235060,1730235060,04:51:00 PM,04:51:00 PM,0
2106621,,OXFOFERN,0,1730235261,1730235261,04:54:21 PM,04:54:21 PM,0
2106621,,OXFOPLAT,0,1730235376,1730235376,04:56:16 PM,04:56:16 PM,0
2106621,,OXFOPRO2,0,1730235628,1730235628,05:00:28 PM,05:00:28 PM,0
2106621,,OXFOWON2,0,1730235711,1730235711,05:01:51 PM,05:01:51 PM,0
2106621,,CAPUOXFO,0,1730235900,1730235900,05:05:00 PM,05:05:00 PM,0
2106575,,CAPUOXFO,0,1730236200,1730236200,05:10:00 PM,05:10:00 PM,0
2106575,,OXFOWON1,0,1730236315,1730236315,05:11:55 PM,05:11:55 PM,0
2106575,,OXFOPRO1,0,1730236408,1730236408,05:13:28 PM,05:13:28 PM,0
2106575,,OXFOBRI1,0,1730236630,1730236630,05:17:10 PM,05:17:10 PM,0
2106575,,OXFOWHA1,0,1730236740,1730236740,05:19:00 PM,05:19:00 PM,0
2106575,,OXFORIC1,0,1730236920,1730236920,05:22:00 PM,05:22:00 PM,0
2106575,,OXFOADE1,0,1730237090,1730237090,05:24:50 PM,05:24:50 PM,0
2106575,,OXFOGAM1,0,1730237193,1730237193,05:26:33 PM,05:26:33 PM,0
2106575,,OXFOHIG3,,,,,,
2106575,,FANCOLL1,0,1730237520,1730237520,05:32:00 PM,05:32:00 PM,0
2106625,,FANCOLL1,0,1730237880,1730237880,05:38:00 PM,05:38:00 PM,0
2106625,,OXFOHIG2,,,,,,
2106625,,OXFOGAM2,0,1730238282,1730238282,05:44:42 PM,05:44:42 PM,0
2106625,,OXFOADE2,0,1730238420,1730238420,05:47:00 PM,05:47:00 PM,0
2106625,,OXFORIC2,0,1730238660,1730238660,05:51:00 PM,05:51:00 PM,0
2106625,,OXFOFERN,0,1730238861,1730238861,05:54:21 PM,05:54:21 PM,0
2106625,,OXFOPLAT,0,1730238976,1730238976,05:56:16 PM,05:56:16 PM,0
2106625,,OXFOPRO2,0,1730239228,1730239228,06:00:28 PM,06:00:28 PM,0
2106625,,OXFOWON2,0,1730239311,1730239311,06:01:51 PM,06:01:51 PM,0
2106625,,CAPUOXFO,0,1730239500,1730239500,06:05:00 PM,06:05:00 PM,0
2106579,,CAPUOXFO,0,1730239680,1730239680,06:08:00 PM,06:08:00 PM,0
2106579,,OXFOWON1,0,1730239782,1730239782,06:09:42 PM,06:09:42 PM,0
2106579,,OXFOPRO1,0,1730239865,1730239865,06:11:05 PM,06:11:05 PM,0
2106579,,OXFOBRI1,0,1730240062,1730240062,06:14:22 PM,06:14:22 PM,0
2106579,,OXFOWHA1,0,1730240160,1730240160,06:16:00 PM,06:16:00 PM,0
2106579,,OXFORIC1,0,1730240340,1730240340,06:19:00 PM,06:19:00 PM,0
2106579,,OXFOADE1,0,1730240493,1730240493,06:21:33 PM,06:21:33 PM,0
2106579,,OXFOGAM1,0,1730240586,1730240586,06:23:06 PM,06:23:06 PM,0
2106579,,OXFOHIG3,,,,,,
2106579,,FANCOLL1,0,1730240880,1730240880,06:28:00 PM,06:28:00 PM,0
2106628,,FANCOLL1,0,1730241000,1730241000,06:30:00 PM,06:30:00 PM,0
2106628,,OXFOHIG2,,,,,,
2106628,,OXFOGAM2,0,1730241312,1730241312,06:35:12 PM,06:35:12 PM,0
2106628,,OXFOADE2,0,1730241420,1730241420,06:37:00 PM,06:37:00 PM,0
2106628,,OXFORIC2,0,1730241600,1730241600,06:40:00 PM,06:40:00 PM,0
2106628,,OXFOFERN,0,1730241743,1730241743,06:42:23 PM,06:42:23 PM,0
2106628,,OXFOPLAT,0,1730241825,1730241825,06:43:45 PM,06:43:45 PM,0
2106628,,OXFOPRO2,0,1730242005,1730242005,06:46:45 PM,06:46:45 PM,0
2106628,,OXFOWON2,0,1730242064,1730242064,06:47:44 PM,06:47:44 PM,0
2106628,,CAPUOXFO,0,1730242200,1730242200,06:50:00 PM,06:50:00 PM,0
2106582,,CAPUOXFO,0,1730242380,1730242380,06:53:00 PM,06:53:00 PM,0
2106582,,OXFOWON1,0,1730242482,1730242482,06:54:42 PM,06:54:42 PM,0
2106582,,OXFOPRO1,0,1730242565,1730242565,06:56:05 PM,06:56:05 PM,0
2106582,,OXFOBRI1,0,1730242762,1730242762,06:59:22 PM,06:59:22 PM,0
2106582,,OXFOWHA1,0,1730242860,1730242860,07:01:00 PM,07:01:00 PM,0
2106582,,OXFORIC1,0,1730243040,1730243040,07:04:00 PM,07:04:00 PM,0
2106582,,OXFOADE1,0,1730243193,1730243193,07:06:33 PM,07:06:33 PM,0
2106582,,OXFOGAM1,0,1730243286,1730243286,07:08:06 PM,07:08:06 PM,0
2106582,,OXFOHIG3,,,,,,
2106582,,FANCOLL1,0,1730243580,1730243580,07:13:00 PM,07:13:00 PM,0
2106631,,FANCOLL1,0,1730243880,1730243880,07:18:00 PM,07:18:00 PM,0
2106631,,OXFOHIG2,,,,,,
2106631,,OXFOGAM2,0,1730244192,1730244192,07:23:12 PM,07:23:12 PM,0
2106631,,OXFOADE2,0,1730244300,1730244300,07:25:00 PM,07:25:00 PM,0
2106631,,OXFORIC2,0,1730244480,1730244480,07:28:00 PM,07:28:00 PM,0
2106631,,OXFOFERN,0,1730244623,1730244623,07:30:23 PM,07:30:23 PM,0
2106631,,OXFOPLAT,0,1730244705,1730244705,07:31:45 PM,07:31:45 PM,0
2106631,,OXFOPRO2,0,1730244885,1730244885,07:34:45 PM,07:34:45 PM,0
2106631,,OXFOWON2,0,1730244944,1730244944,07:35:44 PM,07:35:44 PM,0
2106631,,CAPUOXFO,0,1730245080,1730245080,07:38:00 PM,07:38:00 PM,0
2106585,,CAPUOXFO,0,1730245260,1730245260,07:41:00 PM,07:41:00 PM,0
2106585,,OXFOWON1,0,1730245362,1730245362,07:42:42 PM,07:42:42 PM,0
2106585,,OXFOPRO1,0,1730245445,1730245445,07:44:05 PM,07:44:05 PM,0
2106585,,OXFOBRI1,0,1730245642,1730245642,07:47:22 PM,07:47:22 PM,0
2106585,,OXFOWHA1,0,1730245740,1730245740,07:49:00 PM,07:49:00 PM,0
2106585,,OXFORIC1,0,1730245920,1730245920,07:52:00 PM,07:52:00 PM,0
2106585,,OXFOADE1,0,1730246073,1730246073,07:54:33 PM,07:54:33 PM,0
2106585,,OXFOGAM1,0,1730246166,1730246166,07:56:06 PM,07:56:06 PM,0
2106585,,OXFOHIG3,,,,,,
2106585,,FANCOLL1,0,1730246460,1730246460,08:01:00 PM,08:01:00 PM,0
2106568,,CAPUOXFO,0,1730229900,1730229900,03:25:00 PM,03:25:00 PM,0
2106568,,OXFOWON1,0,1730230015,1730230015,03:26:55 PM,03:26:55 PM,0
2106568,,OXFOPRO1,0,1730230108,1730230108,03:28:28 PM,03:28:28 PM,0
2106568,,OXFOBRI1,0,1730230330,1730230330,03:32:10 PM,03:32:10 PM,0
2106568,,OXFOWHA1,0,1730230440,1730230440,03:34:00 PM,03:34:00 PM,0
2106568,,OXFORIC1,0,1730230620,1730230620,03:37:00 PM,03:37:00 PM,0
2106568,,OXFOADE1,0,1730230790,1730230790,03:39:50 PM,03:39:50 PM,0
2106568,,OXFOGAM1,0,1730230893,1730230893,03:41:33 PM,03:41:33 PM,0
2106568,,OXFOHIG3,,,,,,
2106568,,FANCOLL1,0,1730231220,1730231220,03:47:00 PM,03:47:00 PM,0
2106618,,FANCOLL1,0,1730231580,1730231580,03:53:00 PM,03:53:00 PM,0
2106618,,OXFOHIG2,,,,,,
2106618,,OXFOGAM2,0,1730231982,1730231982,03:59:42 PM,03:59:42 PM,0
2106618,,OXFOADE2,0,1730232120,1730232120,04:02:00 PM,04:02:00 PM,0
2106618,,OXFORIC2,0,1730232360,1730232360,04:06:00 PM,04:06:00 PM,0
2106618,,OXFOFERN,0,1730232561,1730232561,04:09:21 PM,04:09:21 PM,0
2106618,,OXFOPLAT,0,1730232676,1730232676,04:11:16 PM,04:11:16 PM,0
2106618,,OXFOPRO2,0,1730232928,1730232928,04:15:28 PM,04:15:28 PM,0
2106618,,OXFOWON2,0,1730233011,1730233011,04:16:51 PM,04:16:51 PM,0
2106618,,CAPUOXFO,0,1730233200,1730233200,04:20:00 PM,04:20:00 PM,0
2106572,,CAPUOXFO,0,1730233500,1730233500,04:25:00 PM,04:25:00 PM,0
2106572,,OXFOWON1,0,1730233615,1730233615,04:26:55 PM,04:26:55 PM,0
2106572,,OXFOPRO1,0,1730233708,1730233708,04:28:28 PM,04:28:28 PM,0
2106572,,OXFOBRI1,0,1730233930,1730233930,04:32:10 PM,04:32:10 PM,0
2106572,,OXFOWHA1,0,1730234040,1730234040,04:34:00 PM,04:34:00 PM,0
2106572,,OXFORIC1,0,1730234220,1730234220,04:37:00 PM,04:37:00 PM,0
2106572,,OXFOADE1,0,1730234390,1730234390,04:39:50 PM,04:39:50 PM,0
2106572,,OXFOGAM1,0,1730234493,1730234493,04:41:33 PM,04:41:33 PM,0
2106572,,OXFOHIG3,,,,,,
2106572,,FANCOLL1,0,1730234820,1730234820,04:47:00 PM,04:47:00 PM,0
2106622,,FANCOLL1,0,1730235180,1730235180,04:53:00 PM,04:53:00 PM,0
2106622,,OXFOHIG2,,,,,,
2106622,,OXFOGAM2,0,1730235582,1730235582,04:59:42 PM,04:59:42 PM,0
2106622,,OXFOADE2,0,1730235720,1730235720,05:02:00 PM,05:02:00 PM,0
2106622,,OXFORIC2,0,1730235960,1730235960,05:06:00 PM,05:06:00 PM,0
2106622,,OXFOFERN,0,1730236161,1730236161,05:09:21 PM,05:09:21 PM,0
2106622,,OXFOPLAT,0,1730236276,1730236276,05:11:16 PM,05:11:16 PM,0
2106622,,OXFOPRO2,0,1730236528,1730236528,05:15:28 PM,05:15:28 PM,0
2106622,,OXFOWON2,0,1730236611,1730236611,05:16:51 PM,05:16:51 PM,0
2106622,,CAPUOXFO,0,1730236800,1730236800,05:20:00 PM,05:20:00 PM,0
2106576,,CAPUOXFO,0,1730237100,1730237100,05:25:00 PM,05:25:00 PM,0
2106576,,OXFOWON1,0,1730237215,1730237215,05:26:55 PM,05:26:55 PM,0
2106576,,OXFOPRO1,0,1730237308,1730237308,05:28:28 PM,05:28:28 PM,0
2106576,,OXFOBRI1,0,1730237530,1730237530,05:32:10 PM,05:32:10 PM,0
2106576,,OXFOWHA1,0,1730237640,1730237640,05:34:00 PM,05:34:00 PM,0
2106576,,OXFORIC1,0,1730237820,1730237820,05:37:00 PM,05:37:00 PM,0
2106576,,OXFOADE1,0,1730237990,1730237990,05:39:50 PM,05:39:50 PM,0
2106576,,OXFOGAM1,0,1730238093,1730238093,05:41:33 PM,05:41:33 PM,0
2106576,,OXFOHIG3,,,,,,
2106576,,FANCOLL1,0,1730238420,1730238420,05:47:00 PM,05:47:00 PM,0
2106626,,FANCOLL1,0,1730239020,1730239020,05:57:00 PM,05:57:00 PM,0
2106626,,OXFOHIG2,,,,,,
2106626,,OXFOGAM2,0,1730239332,1730239332,06:02:12 PM,06:02:12 PM,0
2106626,,OXFOADE2,0,1730239440,1730239440,06:04:00 PM,06:04:00 PM,0
2106626,,OXFORIC2,0,1730239620,1730239620,06:07:00 PM,06:07:00 PM,0
2106626,,OXFOFERN,0,1730239763,1730239763,06:09:23 PM,06:09:23 PM,0
2106626,,OXFOPLAT,0,1730239845,1730239845,06:10:45 PM,06:10:45 PM,0
2106626,,OXFOPRO2,0,1730240025,1730240025,06:13:45 PM,06:13:45 PM,0
2106626,,OXFOWON2,0,1730240084,1730240084,06:14:44 PM,06:14:44 PM,0
2106626,,CAPUOXFO,0,1730240220,1730240220,06:17:00 PM,06:17:00 PM,0
2106580,,CAPUOXFO,0,1730240460,1730240460,06:21:00 PM,06:21:00 PM,0
2106580,,OXFOWON1,0,1730240562,1730240562,06:22:42 PM,06:22:42 PM,0
2106580,,OXFOPRO1,0,1730240645,1730240645,06:24:05 PM,06:24:05 PM,0
2106580,,OXFOBRI1,0,1730240842,1730240842,06:27:22 PM,06:27:22 PM,0
2106580,,OXFOWHA1,0,1730240940,1730240940,06:29:00 PM,06:29:00 PM,0
2106580,,OXFORIC1,0,1730241120,1730241120,06:32:00 PM,06:32:00 PM,0
2106580,,OXFOADE1,0,1730241273,1730241273,06:34:33 PM,06:34:33 PM,0
2106580,,OXFOGAM1,0,1730241366,1730241366,06:36:06 PM,06:36:06 PM,0
2106580,,OXFOHIG3,,,,,,
2106580,,FANCOLL1,0,1730241660,1730241660,06:41:00 PM,06:41:00 PM,0
2106629,,FANCOLL1,0,1730241960,1730241960,06:46:00 PM,06:46:00 PM,0
2106629,,OXFOHIG2,,,,,,
2106629,,OXFOGAM2,0,1730242272,1730242272,06:51:12 PM,06:51:12 PM,0
2106629,,OXFOADE2,0,1730242380,1730242380,06:53:00 PM,06:53:00 PM,0
2106629,,OXFORIC2,0,1730242560,1730242560,06:56:00 PM,06:56:00 PM,0
2106629,,OXFOFERN,0,1730242703,1730242703,06:58:23 PM,06:58:23 PM,0
2106629,,OXFOPLAT,0,1730242785,1730242785,06:59:45 PM,06:59:45 PM,0
2106629,,OXFOPRO2,0,1730242965,1730242965,07:02:45 PM,07:02:45 PM,0
2106629,,OXFOWON2,0,1730243024,1730243024,07:03:44 PM,07:03:44 PM,0
2106629,,CAPUOXFO,0,1730243160,1730243160,07:06:00 PM,07:06:00 PM,0
2106583,,CAPUOXFO,0,1730243340,1730243340,07:09:00 PM,07:09:00 PM,0
2106583,,OXFOWON1,0,1730243442,1730243442,07:10:42 PM,07:10:42 PM,0
2106583,,OXFOPRO1,0,1730243525,1730243525,07:12:05 PM,07:12:05 PM,0
2106583,,OXFOBRI1,0,1730243722,1730243722,07:15:22 PM,07:15:22 PM,0
2106583,,OXFOWHA1,0,1730243820,1730243820,07:17:00 PM,07:17:00 PM,0
2106583,,OXFORIC1,0,1730244000,1730244000,07:20:00 PM,07:20:00 PM,0
2106583,,OXFOADE1,0,1730244153,1730244153,07:22:33 PM,07:22:33 PM,0
2106583,,OXFOGAM1,0,1730244246,1730244246,07:24:06 PM,07:24:06 PM,0
2106583,,OXFOHIG3,,,,,,
2106583,,FANCOLL1,0,1730244540,1730244540,07:29:00 PM,07:29:00 PM,0
2106632,,FANCOLL1,0,1730244840,1730244840,07:34:00 PM,07:34:00 PM,0
2106632,,OXFOHIG2,,,,,,
2106632,,OXFOGAM2,0,1730245152,1730245152,07:39:12 PM,07:39:12 PM,0
2106632,,OXFOADE2,0,1730245260,1730245260,07:41:00 PM,07:41:00 PM,0
2106632,,OXFORIC2,0,1730245440,1730245440,07:44:00 PM,07:44:00 PM,0
2106632,,OXFOFERN,0,1730245583,1730245583,07:46:23 PM,07:46:23 PM,0
2106632,,OXFOPLAT,0,1730245665,1730245665,07:47:45 PM,07:47:45 PM,0
2106632,,OXFOPRO2,0,1730245845,1730245845,07:50:45 PM,07:50:45 PM,0
2106632,,OXFOWON2,0,1730245904,1730245904,07:51:44 PM,07:51:44 PM,0
2106632,,CAPUOXFO,0,1730246040,1730246040,07:54:00 PM,07:54:00 PM,0
2106616,,FANCOLL1,0,1730229840,1730229840,03:24:00 PM,03:24:00 PM,0
2106616,,OXFOHIG2,,,,,,
2106616,,OXFOGAM2,0,1730230196,1730230196,03:29:56 PM,03:29:56 PM,0
2106616,,OXFOADE2,0,1730230320,1730230320,03:32:00 PM,03:32:00 PM,0
2106616,,OXFORIC2,0,1730230560,1730230560,03:36:00 PM,03:36:00 PM,0
2106616,,OXFOFERN,0,1730230732,1730230732,03:38:52 PM,03:38:52 PM,0
2106616,,OXFOPLAT,0,1730230830,1730230830,03:40:30 PM,03:40:30 PM,0
2106616,,OXFOPRO2,0,1730231046,1730231046,03:44:06 PM,03:44:06 PM,0
2106616,,OXFOWON2,0,1730231117,1730231117,03:45:17 PM,03:45:17 PM,0
2106616,,CAPUOXFO,0,1730231280,1730231280,03:48:00 PM,03:48:00 PM,0
2106570,,CAPUOXFO,0,1730231700,1730231700,03:55:00 PM,03:55:00 PM,0
2106570,,OXFOWON1,0,1730231815,1730231815,03:56:55 PM,03:56:55 PM,0
2106570,,OXFOPRO1,0,1730231908,1730231908,03:58:28 PM,03:58:28 PM,0
2106570,,OXFOBRI1,0,1730232130,1730232130,04:02:10 PM,04:02:10 PM,0
2106570,,OXFOWHA1,0,1730232240,1730232240,04:04:00 PM,04:04:00 PM,0
2106570,,OXFORIC1,0,1730232420,1730232420,04:07:00 PM,04:07:00 PM,0
2106570,,OXFOADE1,0,1730232590,1730232590,04:09:50 PM,04:09:50 PM,0
2106570,,OXFOGAM1,0,1730232693,1730232693,04:11:33 PM,04:11:33 PM,0
2106570,,OXFOHIG3,,,,,,
2106570,,FANCOLL1,0,1730233020,1730233020,04:17:00 PM,04:17:00 PM,0
2106620,,FANCOLL1,0,1730233380,1730233380,04:23:00 PM,04:23:00 PM,0
2106620,,OXFOHIG2,,,,,,
2106620,,OXFOGAM2,0,1730233782,1730233782,04:29:42 PM,04:29:42 PM,0
2106620,,OXFOADE2,0,1730233920,1730233920,04:32:00 PM,04:32:00 PM,0
2106620,,OXFORIC2,0,1730234160,1730234160,04:36:00 PM,04:36:00 PM,0
2106620,,OXFOFERN,0,1730234361,1730234361,04:39:21 PM,04:39:21 PM,0
2106620,,OXFOPLAT,0,1730234476,1730234476,04:41:16 PM,04:41:16 PM,0
2106620,,OXFOPRO2,0,1730234728,1730234728,04:45:28 PM,04:45:28 PM,0
2106620,,OXFOWON2,0,1730234811,1730234811,04:46:51 PM,04:46:51 PM,0
2106620,,CAPUOXFO,0,1730235000,1730235000,04:50:00 PM,04:50:00 PM,0
2106574,,CAPUOXFO,0,1730235300,1730235300,04:55:00 PM,04:55:00 PM,0
2106574,,OXFOWON1,0,1730235415,1730235415,04:56:55 PM,04:56:55 PM,0
2106574,,OXFOPRO1,0,1730235508,1730235508,04:58:28 PM,04:58:28 PM,0
2106574,,OXFOBRI1,0,1730235730,1730235730,05:02:10 PM,05:02:10 PM,0
2106574,,OXFOWHA1,0,1730235840,1730235840,05:04:00 PM,05:04:00 PM,0
2106574,,OXFORIC1,0,1730236020,1730236020,05:07:00 PM,05:07:00 PM,0
2106574,,OXFOADE1,0,1730236190,1730236190,05:09:50 PM,05:09:50 PM,0
2106574,,OXFOGAM1,0,1730236293,1730236293,05:11:33 PM,05:11:33 PM,0
2106574,,OXFOHIG3,,,,,,
2106574,,FANCOLL1,0,1730236620,1730236620,05:17:00 PM,05:17:00 PM,0
2106624,,FANCOLL1,0,1730236980,1730236980,05:23:00 PM,05:23:00 PM,0
2106624,,OXFOHIG2,,,,,,
2106624,,OXFOGAM2,0,1730237382,1730237382,05:29:42 PM,05:29:42 PM,0
2106624,,OXFOADE2,0,1730237520,1730237520,05:32:00 PM,05:32:00 PM,0
2106624,,OXFORIC2,0,1730237760,1730237760,05:36:00 PM,05:36:00 PM,0
2106624,,OXFOFERN,0,1730237961,1730237961,05:39:21 PM,05:39:21 PM,0
2106624,,OXFOPLAT,0,1730238076,1730238076,05:41:16 PM,05:41:16 PM,0
2106624,,OXFOPRO2,0,1730238328,1730238328,05:45:28 PM,05:45:28 PM,0
2106624,,OXFOWON2,0,1730238411,1730238411,05:46:51 PM,05:46:51 PM,0
2106624,,CAPUOXFO,0,1730238600,1730238600,05:50:00 PM,05:50:00 PM,0
2106578,,CAPUOXFO,0,1730238720,1730238720,05:52:00 PM,05:52:00 PM,0
2106578,,OXFOWON1,0,1730238822,1730238822,05:53:42 PM,05:53:42 PM,0
2106578,,OXFOPRO1,0,1730238905,1730238905,05:55:05 PM,05:55:05 PM,0
2106578,,OXFOBRI1,0,1730239102,1730239102,05:58:22 PM,05:58:22 PM,0
2106578,,OXFOWHA1,0,1730239200,1730239200,06:00:00 PM,06:00:00 PM,0
2106578,,OXFORIC1,0,1730239380,1730239380,06:03:00 PM,06:03:00 PM,0
2106578,,OXFOADE1,0,1730239533,1730239533,06:05:33 PM,06:05:33 PM,0
2106578,,OXFOGAM1,0,1730239626,1730239626,06:07:06 PM,06:07:06 PM,0
2106578,,OXFOHIG3,,,,,,
2106578,,FANCOLL1,0,1730239920,1730239920,06:12:00 PM,06:12:00 PM,0
2106627,,FANCOLL1,0,1730240040,1730240040,06:14:00 PM,06:14:00 PM,0
2106627,,OXFOHIG2,,,,,,
2106627,,OXFOGAM2,0,1730240352,1730240352,06:19:12 PM,06:19:12 PM,0
2106627,,OXFOADE2,0,1730240460,1730240460,06:21:00 PM,06:21:00 PM,0
2106627,,OXFORIC2,0,1730240640,1730240640,06:24:00 PM,06:24:00 PM,0
2106627,,OXFOFERN,0,1730240783,1730240783,06:26:23 PM,06:26:23 PM,0
2106627,,OXFOPLAT,0,1730240865,1730240865,06:27:45 PM,06:27:45 PM,0
2106627,,OXFOPRO2,0,1730241045,1730241045,06:30:45 PM,06:30:45 PM,0
2106627,,OXFOWON2,0,1730241104,1730241104,06:31:44 PM,06:31:44 PM,0
2106627,,CAPUOXFO,0,1730241240,1730241240,06:34:00 PM,06:34:00 PM,0
2106581,,CAPUOXFO,0,1730241420,1730241420,06:37:00 PM,06:37:00 PM,0
2106581,,OXFOWON1,0,1730241522,1730241522,06:38:42 PM,06:38:42 PM,0
2106581,,OXFOPRO1,0,1730241605,1730241605,06:40:05 PM,06:40:05 PM,0
2106581,,OXFOBRI1,0,1730241802,1730241802,06:43:22 PM,06:43:22 PM,0
2106581,,OXFOWHA1,0,1730241900,1730241900,06:45:00 PM,06:45:00 PM,0
2106581,,OXFORIC1,0,1730242080,1730242080,06:48:00 PM,06:48:00 PM,0
2106581,,OXFOADE1,0,1730242233,1730242233,06:50:33 PM,06:50:33 PM,0
2106581,,OXFOGAM1,0,1730242326,1730242326,06:52:06 PM,06:52:06 PM,0
2106581,,OXFOHIG3,,,,,,
2106581,,FANCOLL1,0,1730242620,1730242620,06:57:00 PM,06:57:00 PM,0
2106630,,FANCOLL1,0,1730242920,1730242920,07:02:00 PM,07:02:00 PM,0
2106630,,OXFOHIG2,,,,,,
2106630,,OXFOGAM2,0,1730243232,1730243232,07:07:12 PM,07:07:12 PM,0
2106630,,OXFOADE2,0,1730243340,1730243340,07:09:00 PM,07:09:00 PM,0
2106630,,OXFORIC2,0,1730243520,1730243520,07:12:00 PM,07:12:00 PM,0
2106630,,OXFOFERN,0,1730243663,1730243663,07:14:23 PM,07:14:23 PM,0
2106630,,OXFOPLAT,0,1730243745,1730243745,07:15:45 PM,07:15:45 PM,0
2106630,,OXFOPRO2,0,1730243925,1730243925,07:18:45 PM,07:18:45 PM,0
2106630,,OXFOWON2,0,1730243984,1730243984,07:19:44 PM,07:19:44 PM,0
2106630,,CAPUOXFO,0,1730244120,1730244120,07:22:00 PM,07:22:00 PM,0
2106584,,CAPUOXFO,0,1730244300,1730244300,07:25:00 PM,07:25:00 PM,0
2106584,,OXFOWON1,0,1730244402,1730244402,07:26:42 PM,07:26:42 PM,0
2106584,,OXFOPRO1,0,1730244485,1730244485,07:28:05 PM,07:28:05 PM,0
2106584,,OXFOBRI1,0,1730244682,1730244682,07:31:22 PM,07:31:22 PM,0
2106584,,OXFOWHA1,0,1730244780,1730244780,07:33:00 PM,07:33:00 PM,0
2106584,,OXFORIC1,0,1730244960,1730244960,07:36:00 PM,07:36:00 PM,0
2106584,,OXFOADE1,0,1730245113,1730245113,07:38:33 PM,07:38:33 PM,0
2106584,,OXFOGAM1,0,1730245206,1730245206,07:40:06 PM,07:40:06 PM,0
2106584,,OXFOHIG3,,,,,,
2106584,,FANCOLL1,0,1730245500,1730245500,07:45:00 PM,07:45:00 PM,0
2106633,,FANCOLL1,0,1730245800,1730245800,07:50:00 PM,07:50:00 PM,0
2106633,,OXFOHIG2,,,,,,
2106633,,OXFOGAM2,0,1730246112,1730246112,07:55:12 PM,07:55:12 PM,0
2106633,,OXFOADE2,0,1730246220,1730246220,07:57:00 PM,07:57:00 PM,0
2106633,,OXFORIC2,0,1730246400,1730246400,08:00:00 PM,08:00:00 PM,0
2106633,,OXFOFERN,0,1730246543,1730246543,08:02:23 PM,08:02:23 PM,0
2106633,,OXFOPLAT,0,1730246625,1730246625,08:03:45 PM,08:03:45 PM,0
2106633,,OXFOPRO2,0,1730246805,1730246805,08:06:45 PM,08:06:45 PM,0
2106633,,OXFOWON2,0,1730246864,1730246864,08:07:44 PM,08:07:44 PM,0
2106633,,CAPUOXFO,0,1730247000,1730247000,08:10:00 PM,08:10:00 PM,0
2106569,,CAPUOXFO,0,1730230800,1730230800,03:40:00 PM,03:40:00 PM,0
2106569,,OXFOWON1,0,1730230915,1730230915,03:41:55 PM,03:41:55 PM,0
2106569,,OXFOPRO1,0,1730231008,1730231008,03:43:28 PM,03:43:28 PM,0
2106569,,OXFOBRI1,0,1730231230,1730231230,03:47:10 PM,03:47:10 PM,0
2106569,,OXFOWHA1,0,1730231340,1730231340,03:49:00 PM,03:49:00 PM,0
2106569,,OXFORIC1,0,1730231520,1730231520,03:52:00 PM,03:52:00 PM,0
2106569,,OXFOADE1,0,1730231690,1730231690,03:54:50 PM,03:54:50 PM,0
2106569,,OXFOGAM1,0,1730231793,1730231793,03:56:33 PM,03:56:33 PM,0
2106569,,OXFOHIG3,,,,,,
2106569,,FANCOLL1,0,1730232120,1730232120,04:02:00 PM,04:02:00 PM,0
2106619,,FANCOLL1,0,1730232480,1730232480,04:08:00 PM,04:08:00 PM,0
2106619,,OXFOHIG2,,,,,,
2106619,,OXFOGAM2,0,1730232882,1730232882,04:14:42 PM,04:14:42 PM,0
2106619,,OXFOADE2,0,1730233020,1730233020,04:17:00 PM,04:17:00 PM,0
2106619,,OXFORIC2,0,1730233260,1730233260,04:21:00 PM,04:21:00 PM,0
2106619,,OXFOFERN,0,1730233461,1730233461,04:24:21 PM,04:24:21 PM,0
2106619,,OXFOPLAT,0,1730233576,1730233576,04:26:16 PM,04:26:16 PM,0
2106619,,OXFOPRO2,0,1730233828,1730233828,04:30:28 PM,04:30:28 PM,0
2106619,,OXFOWON2,0,1730233911,1730233911,04:31:51 PM,04:31:51 PM,0
2106619,,CAPUOXFO,0,1730234100,1730234100,04:35:00 PM,04:35:00 PM,0
2106573,,CAPUOXFO,0,1730234400,1730234400,04:40:00 PM,04:40:00 PM,0
2106573,,OXFOWON1,0,1730234515,1730234515,04:41:55 PM,04:41:55 PM,0
2106573,,OXFOPRO1,0,1730234608,1730234608,04:43:28 PM,04:43:28 PM,0
2106573,,OXFOBRI1,0,1730234830,1730234830,04:47:10 PM,04:47:10 PM,0
2106573,,OXFOWHA1,0,1730234940,1730234940,04:49:00 PM,04:49:00 PM,0
2106573,,OXFORIC1,0,1730235120,1730235120,04:52:00 PM,04:52:00 PM,0
2106573,,OXFOADE1,0,1730235290,1730235290,04:54:50 PM,04:54:50 PM,0
2106573,,OXFOGAM1,0,1730235393,1730235393,04:56:33 PM,04:56:33 PM,0
2106573,,OXFOHIG3,,,,,,
2106573,,FANCOLL1,0,1730235720,1730235720,05:02:00 PM,05:02:00 PM,0
2106623,,FANCOLL1,0,1730236080,1730236080,05:08:00 PM,05:08:00 PM,0
2106623,,OXFOHIG2,,,,,,
2106623,,OXFOGAM2,0,1730236482,1730236482,05:14:42 PM,05:14:42 PM,0
2106623,,OXFOADE2,0,1730236620,1730236620,05:17:00 PM,05:17:00 PM,0
2106623,,OXFORIC2,0,1730236860,1730236860,05:21:00 PM,05:21:00 PM,0
2106623,,OXFOFERN,0,1730237061,1730237061,05:24:21 PM,05:24:21 PM,0
2106623,,OXFOPLAT,0,1730237176,1730237176,05:26:16 PM,05:26:16 PM,0
2106623,,OXFOPRO2,0,1730237428,1730237428,05:30:28 PM,05:30:28 PM,0
2106623,,OXFOWON2,0,1730237511,1730237511,05:31:51 PM,05:31:51 PM,0
2106623,,CAPUOXFO,0,1730237700,1730237700,05:35:00 PM,05:35:00 PM,0
2106577,,CAPUOXFO,0,1730238000,1730238000,05:40:00 PM,05:40:00 PM,0
2106577,,OXFOWON1,0,1730238115,1730238115,05:41:55 PM,05:41:55 PM,0
2106577,,OXFOPRO1,0,1730238208,1730238208,05:43:28 PM,05:43:28 PM,0
2106577,,OXFOBRI1,0,1730238430,1730238430,05:47:10 PM,05:47:10 PM,0
2106577,,OXFOWHA1,0,1730238540,1730238540,05:49:00 PM,05:49:00 PM,0
2106577,,OXFORIC1,0,1730238720,1730238720,05:52:00 PM,05:52:00 PM,0
2106577,,OXFOADE1,0,1730238890,1730238890,05:54:50 PM,05:54:50 PM,0
2106577,,OXFOGAM1,0,1730238993,1730238993,05:56:33 PM,05:56:33 PM,0
2106577,,OXFOHIG3,,,,,,
2106577,,FANCOLL1,0,1730239320,1730239320,06:02:00 PM,06:02:00 PM,0
2107246,,ARGYMAL1,0,1730230380,1730230380,03:33:00 PM,03:33:00 PM,0
2107246,,DUNDBUR2,,,,,,
2107246,,DUNDHIG2,0,1730230860,1730230860,03:41:00 PM,03:41:00 PM,0
2107246,,DUNDEGE2,,,,,,
2107246,,DUNDADE2,0,1730231220,1730231220,03:47:00 PM,03:47:00 PM,0
2107246,,DUNDWEL2,0,1730231400,1730231400,03:50:00 PM,03:50:00 PM,0
2107246,,QUEERIC1,0,1730231460,1730231460,03:51:00 PM,03:51:00 PM,0
2107246,,RIVEWHA2,0,1730231698,1730231698,03:54:58 PM,03:54:58 PM,0
2107246,,WHAROXF1,0,1730231940,1730231940,03:59:00 PM,03:59:00 PM,0
2107246,,WESTESSE,0,1730232019,1730232019,04:00:19 PM,04:00:19 PM,0
2107246,,AZIZWEST,0,1730232299,1730232299,04:04:59 PM,04:04:59 PM,0
2107246,,HUROLAMB,0,1730232425,1730232425,04:07:05 PM,04:07:05 PM,0
2107246,,NATSCI,0,1730232600,1730232600,04:10:00 PM,04:10:00 PM,0
2107226,,NATSCI,0,1730232900,1730232900,04:15:00 PM,04:15:00 PM,0
2107226,,WESTSAR2,0,1730233238,1730233238,04:20:38 PM,04:20:38 PM,0
2107226,,WHARMCDO,0,1730233527,1730233527,04:25:27 PM,04:25:27 PM,0
2107226,,WHAROXF2,0,1730233620,1730233620,04:27:00 PM,04:27:00 PM,0
2107226,,RIVEWHA1,0,1730233822,1730233822,04:30:22 PM,04:30:22 PM,0
2107226,,KINGRICH,0,1730234040,1730234040,04:34:00 PM,04:34:00 PM,0
2107226,,WELLDUN3,0,1730234280,1730234280,04:38:00 PM,04:38:00 PM,0
2107226,,DUNDADE1,0,1730234580,1730234580,04:43:00 PM,04:43:00 PM,0
2107226,,DUNDEGE1,,,,,,
2107226,,DUNDHIG1,0,1730235000,1730235000,04:50:00 PM,04:50:00 PM,0
2107226,,DUNDSASK,0,1730235205,1730235205,04:53:25 PM,04:53:25 PM,0
2107226,,ARGYMAL1,0,1730235480,1730235480,04:58:00 PM,04:58:00 PM,0
2107250,,ARGYMAL1,0,1730235840,1730235840,05:04:00 PM,05:04:00 PM,0
2107250,,DUNDBUR2,,,,,,
2107250,,DUNDHIG2,0,1730236320,1730236320,05:12:00 PM,05:12:00 PM,0
2107250,,DUNDEGE2,,,,,,
2107250,,DUNDADE2,0,1730236680,1730236680,05:18:00 PM,05:18:00 PM,0
2107250,,DUNDWEL2,0,1730236860,1730236860,05:21:00 PM,05:21:00 PM,0
2107250,,QUEERIC1,0,1730236980,1730236980,05:23:00 PM,05:23:00 PM,0
2107250,,RIVEWHA2,0,1730237278,1730237278,05:27:58 PM,05:27:58 PM,0
2107250,,WHAROXF1,0,1730237580,1730237580,05:33:00 PM,05:33:00 PM,0
2107250,,WESTESSE,0,1730237659,1730237659,05:34:19 PM,05:34:19 PM,0
2107250,,AZIZWEST,0,1730237939,1730237939,05:38:59 PM,05:38:59 PM,0
2107250,,HUROLAMB,0,1730238065,1730238065,05:41:05 PM,05:41:05 PM,0
2107250,,NATSCI,0,1730238240,1730238240,05:44:00 PM,05:44:00 PM,0
2107230,,NATSCI,0,1730238480,1730238480,05:48:00 PM,05:48:00 PM,0
2107230,,WESTSAR2,0,1730238818,1730238818,05:53:38 PM,05:53:38 PM,0
2107230,,WHARMCDO,0,1730239107,1730239107,05:58:27 PM,05:58:27 PM,0
2107230,,WHAROXF2,0,1730239200,1730239200,06:00:00 PM,06:00:00 PM,0
2107230,,RIVEWHA1,0,1730239344,1730239344,06:02:24 PM,06:02:24 PM,0
2107230,,KINGRICH,0,1730239500,1730239500,06:05:00 PM,06:05:00 PM,0
2107230,,WELLDUN3,0,1730239680,1730239680,06:08:00 PM,06:08:00 PM,0
2107230,,DUNDADE1,0,1730239860,1730239860,06:11:00 PM,06:11:00 PM,0
2107230,,DUNDEGE1,,,,,,
2107230,,DUNDHIG1,0,1730240160,1730240160,06:16:00 PM,06:16:00 PM,0
2107230,,DUNDSASK,0,1730240314,1730240314,06:18:34 PM,06:18:34 PM,0
2107230,,ARGYMAL1,0,1730240520,1730240520,06:22:00 PM,06:22:00 PM,0
2107225,,NATSCI,0,1730231520,1730231520,03:52:00 PM,03:52:00 PM,0
2107225,,WESTSAR2,0,1730231858,1730231858,03:57:38 PM,03:57:38 PM,0
2107225,,WHARMCDO,0,1730232147,1730232147,04:02:27 PM,04:02:27 PM,0
2107225,,WHAROXF2,0,1730232240,1730232240,04:04:00 PM,04:04:00 PM,0
2107225,,RIVEWHA1,0,1730232442,1730232442,04:07:22 PM,04:07:22 PM,0
2107225,,KINGRICH,0,1730232660,1730232660,04:11:00 PM,04:11:00 PM,0
2107225,,WELLDUN3,0,1730232900,1730232900,04:15:00 PM,04:15:00 PM,0
2107225,,DUNDADE1,0,1730233200,1730233200,04:20:00 PM,04:20:00 PM,0
2107225,,DUNDEGE1,,,,,,
2107225,,DUNDHIG1,0,1730233620,1730233620,04:27:00 PM,04:27:00 PM,0
2107225,,DUNDSASK,0,1730233825,1730233825,04:30:25 PM,04:30:25 PM,0
2107225,,ARGYMAL1,0,1730234100,1730234100,04:35:00 PM,04:35:00 PM,0
2107249,,ARGYMAL1,0,1730234460,1730234460,04:41:00 PM,04:41:00 PM,0
2107249,,DUNDBUR2,,,,,,
2107249,,DUNDHIG2,0,1730234940,1730234940,04:49:00 PM,04:49:00 PM,0
2107249,,DUNDEGE2,,,,,,
2107249,,DUNDADE2,0,1730235300,1730235300,04:55:00 PM,04:55:00 PM,0
2107249,,DUNDWEL2,0,1730235480,1730235480,04:58:00 PM,04:58:00 PM,0
2107249,,QUEERIC1,0,1730235600,1730235600,05:00:00 PM,05:00:00 PM,0
2107249,,RIVEWHA2,0,1730235898,1730235898,05:04:58 PM,05:04:58 PM,0
2107249,,WHAROXF1,0,1730236200,1730236200,05:10:00 PM,05:10:00 PM,0
2107249,,WESTESSE,0,1730236279,1730236279,05:11:19 PM,05:11:19 PM,0
2107249,,AZIZWEST,0,1730236559,1730236559,05:15:59 PM,05:15:59 PM,0
2107249,,HUROLAMB,0,1730236685,1730236685,05:18:05 PM,05:18:05 PM,0
2107249,,NATSCI,0,1730236860,1730236860,05:21:00 PM,05:21:00 PM,0
2107229,,NATSCI,0,1730237100,1730237100,05:25:00 PM,05:25:00 PM,0
2107229,,WESTSAR2,0,1730237438,1730237438,05:30:38 PM,05:30:38 PM,0
2107229,,WHARMCDO,0,1730237727,1730237727,05:35:27 PM,05:35:27 PM,0
2107229,,WHAROXF2,0,1730237820,1730237820,05:37:00 PM,05:37:00 PM,0
2107229,,RIVEWHA1,0,1730238022,1730238022,05:40:22 PM,05:40:22 PM,0
2107229,,KINGRICH,0,1730238240,1730238240,05:44:00 PM,05:44:00 PM,0
2107229,,WELLDUN3,0,1730238480,1730238480,05:48:00 PM,05:48:00 PM,0
2107229,,DUNDADE1,0,1730238780,1730238780,05:53:00 PM,05:53:00 PM,0
2107229,,DUNDEGE1,,,,,,
2107229,,DUNDHIG1,0,1730239200,1730239200,06:00:00 PM,06:00:00 PM,0
2107229,,DUNDSASK,0,1730239354,1730239354,06:02:34 PM,06:02:34 PM,0
2107229,,ARGYMAL1,0,1730239560,1730239560,06:06:00 PM,06:06:00 PM,0
2107247,,ARGYMAL1,0,1730231700,1730231700,03:55:00 PM,03:55:00 PM,0
2107247,,DUNDBUR2,,,,,,
2107247,,DUNDHIG2,0,1730232180,1730232180,04:03:00 PM,04:03:00 PM,0
2107247,,DUNDEGE2,,,,,,
2107247,,DUNDADE2,0,1730232540,1730232540,04:09:00 PM,04:09:00 PM,0
2107247,,DUNDWEL2,0,1730232720,1730232720,04:12:00 PM,04:12:00 PM,0
2107247,,QUEERIC1,0,1730232840,1730232840,04:14:00 PM,04:14:00 PM,0
2107247,,RIVEWHA2,0,1730233138,1730233138,04:18:58 PM,04:18:58 PM,0
2107247,,WHAROXF1,0,1730233440,1730233440,04:24:00 PM,04:24:00 PM,0
2107247,,WESTESSE,0,1730233519,1730233519,04:25:19 PM,04:25:19 PM,0
2107247,,AZIZWEST,0,1730233799,1730233799,04:29:59 PM,04:29:59 PM,0
2107247,,HUROLAMB,0,1730233925,1730233925,04:32:05 PM,04:32:05 PM,0
2107247,,NATSCI,0,1730234100,1730234100,04:35:00 PM,04:35:00 PM,0
2107227,,NATSCI,0,1730234340,1730234340,04:39:00 PM,04:39:00 PM,0
2107227,,WESTSAR2,0,1730234678,1730234678,04:44:38 PM,04:44:38 PM,0
2107227,,WHARMCDO,0,1730234967,1730234967,04:49:27 PM,04:49:27 PM,0
2107227,,WHAROXF2,0,1730235060,1730235060,04:51:00 PM,04:51:00 PM,0
2107227,,RIVEWHA1,0,1730235262,1730235262,04:54:22 PM,04:54:22 PM,0
2107227,,KINGRICH,0,1730235480,1730235480,04:58:00 PM,04:58:00 PM,0
2107227,,WELLDUN3,0,1730235720,1730235720,05:02:00 PM,05:02:00 PM,0
2107227,,DUNDADE1,0,1730236020,1730236020,05:07:00 PM,05:07:00 PM,0
2107227,,DUNDEGE1,,,,,,
2107227,,DUNDHIG1,0,1730236440,1730236440,05:14:00 PM,05:14:00 PM,0
2107227,,DUNDSASK,0,1730236645,1730236645,05:17:25 PM,05:17:25 PM,0
2107227,,ARGYMAL1,0,1730236920,1730236920,05:22:00 PM,05:22:00 PM,0
2107251,,ARGYMAL1,0,1730237220,1730237220,05:27:00 PM,05:27:00 PM,0
2107251,,DUNDBUR2,,,,,,
2107251,,DUNDHIG2,0,1730237700,1730237700,05:35:00 PM,05:35:00 PM,0
2107251,,DUNDEGE2,,,,,,
2107251,,DUNDADE2,0,1730238060,1730238060,05:41:00 PM,05:41:00 PM,0
2107251,,DUNDWEL2,0,1730238240,1730238240,05:44:00 PM,05:44:00 PM,0
2107251,,QUEERIC1,0,1730238360,1730238360,05:46:00 PM,05:46:00 PM,0
2107251,,RIVEWHA2,0,1730238658,1730238658,05:50:58 PM,05:50:58 PM,0
2107251,,WHAROXF1,0,1730238960,1730238960,05:56:00 PM,05:56:00 PM,0
2107251,,WESTESSE,0,1730239039,1730239039,05:57:19 PM,05:57:19 PM,0
2107251,,AZIZWEST,0,1730239319,1730239319,06:01:59 PM,06:01:59 PM,0
2107251,,HUROLAMB,0,1730239445,1730239445,06:04:05 PM,06:04:05 PM,0
2107251,,NATSCI,0,1730239620,1730239620,06:07:00 PM,06:07:00 PM,0
2107224,,NATSCI,0,1730230320,1730230320,03:32:00 PM,03:32:00 PM,0
2107224,,WESTSAR2,0,1730230602,1730230602,03:36:42 PM,03:36:42 PM,0
2107224,,WHARMCDO,0,1730230843,1730230843,03:40:43 PM,03:40:43 PM,0
2107224,,WHAROXF2,0,1730230920,1730230920,03:42:00 PM,03:42:00 PM,0
2107224,,RIVEWHA1,0,1730231093,1730231093,03:44:53 PM,03:44:53 PM,0
2107224,,KINGRICH,0,1730231280,1730231280,03:48:00 PM,03:48:00 PM,0
2107224,,WELLDUN3,0,1730231520,1730231520,03:52:00 PM,03:52:00 PM,0
2107224,,DUNDADE1,0,1730231760,1730231760,03:56:00 PM,03:56:00 PM,0
2107224,,DUNDEGE1,,,,,,
2107224,,DUNDHIG1,0,1730232180,1730232180,04:03:00 PM,04:03:00 PM,0
2107224,,DUNDSASK,0,1730232385,1730232385,04:06:25 PM,04:06:25 PM,0
2107224,,ARGYMAL1,0,1730232660,1730232660,04:11:00 PM,04:11:00 PM,0
2107248,,ARGYMAL1,0,1730233080,1730233080,04:18:00 PM,04:18:00 PM,0
2107248,,DUNDBUR2,,,,,,
2107248,,DUNDHIG2,0,1730233560,1730233560,04:26:00 PM,04:26:00 PM,0
2107248,,DUNDEGE2,,,,,,
2107248,,DUNDADE2,0,1730233920,1730233920,04:32:00 PM,04:32:00 PM,0
2107248,,DUNDWEL2,0,1730234100,1730234100,04:35:00 PM,04:35:00 PM,0
2107248,,QUEERIC1,0,1730234220,1730234220,04:37:00 PM,04:37:00 PM,0
2107248,,RIVEWHA2,0,1730234518,1730234518,04:41:58 PM,04:41:58 PM,0
2107248,,WHAROXF1,0,1730234820,1730234820,04:47:00 PM,04:47:00 PM,0
2107248,,WESTESSE,0,1730234899,1730234899,04:48:19 PM,04:48:19 PM,0
2107248,,AZIZWEST,0,1730235179,1730235179,04:52:59 PM,04:52:59 PM,0
2107248,,HUROLAMB,0,1730235305,1730235305,04:55:05 PM,04:55:05 PM,0
2107248,,NATSCI,0,1730235480,1730235480,04:58:00 PM,04:58:00 PM,0
2107228,,NATSCI,0,1730235720,1730235720,05:02:00 PM,05:02:00 PM,0
2107228,,WESTSAR2,0,1730236058,1730236058,05:07:38 PM,05:07:38 PM,0
2107228,,WHARMCDO,0,1730236347,1730236347,05:12:27 PM,05:12:27 PM,0
2107228,,WHAROXF2,0,1730236440,1730236440,05:14:00 PM,05:14:00 PM,0
2107228,,RIVEWHA1,0,1730236642,1730236642,05:17:22 PM,05:17:22 PM,0
2107228,,KINGRICH,0,1730236860,1730236860,05:21:00 PM,05:21:00 PM,0
2107228,,WELLDUN3,0,1730237100,1730237100,05:25:00 PM,05:25:00 PM,0
2107228,,DUNDADE1,0,1730237400,1730237400,05:30:00 PM,05:30:00 PM,0
2107228,,DUNDEGE1,,,,,,
2107228,,DUNDHIG1,0,1730237820,1730237820,05:37:00 PM,05:37:00 PM,0
2107228,,DUNDSASK,0,1730238025,1730238025,05:40:25 PM,05:40:25 PM,0
2107228,,ARGYMAL1,0,1730238300,1730238300,05:45:00 PM,05:45:00 PM,0
